training accuracy when lambda=0.3
[0.6273535353487188, 0.742040404030771, 0.7682222222270387, 0.7796767676815842, 0.7892727272679108, 0.7982222222125891, 0.8063030303030303, 0.812080808071175, 0.8160000000048165, 0.819494949509399, 0.8230909091053586, 0.8277777777922274, 0.8320202020153855, 0.8334747474843806, 0.8378585858585859, 0.8424848484848485, 0.8449898989802659, 0.8458181818133653, 0.8481818181721851, 0.8508080808032643, 0.8526666666570336, 0.8540808080663584, 0.8546262626407123, 0.8568282828138332, 0.8595353535401701, 0.8589898989802659, 0.8615151515296011, 0.8609292929244764, 0.8621212121212121, 0.8624040404184901, 0.8615959596007762, 0.8620808080856246, 0.8620606060750556, 0.8618787878836044, 0.8636363636508132, 0.8641212121260287, 0.8606868686868687, 0.8624848484848485, 0.8606262626166296, 0.8619191919095588, 0.8613131313179478, 0.8630909090812761, 0.859919191928825, 0.8599595959644125, 0.8586464646560977, 0.8575151515296011, 0.8582222222318553, 0.8577777777681447, 0.8581010100865605, 0.857515151510335]
test accuracy when lambda=0.3
[0.4118, 0.4285, 0.4248, 0.4299, 0.4371, 0.4374, 0.4391, 0.4345, 0.4385, 0.4305, 0.4407, 0.4382, 0.4402, 0.4364, 0.4392, 0.4385, 0.4352, 0.4381, 0.4376, 0.4387, 0.4372, 0.4445, 0.4381, 0.4464, 0.4433, 0.4408, 0.4457, 0.441, 0.4414, 0.4415, 0.4427, 0.4465, 0.44, 0.4406, 0.4404, 0.4422, 0.4429, 0.4428, 0.4449, 0.4441, 0.4412, 0.4473, 0.4439, 0.4404, 0.4428, 0.4418, 0.4448, 0.4442, 0.4438, 0.4458]
training accuracy when lambda=0.4
[0.5720606060557896, 0.6761818181914513, 0.6979999999903669, 0.708989898999532, 0.7182828282780117, 0.7271919191871027, 0.7321010101058266, 0.7354141414285911, 0.7414343434439765, 0.7440606060461564, 0.7471111110966615, 0.7514949495093991, 0.7531919191919192, 0.7562020201972036, 0.7588282828427324, 0.7606060606156937, 0.7653535353631684, 0.7657373737373737, 0.765494949490133, 0.7667878787975119, 0.7699595959740456, 0.7696767676623181, 0.7702222222077726, 0.7701212121308452, 0.7703232323328654, 0.7687070707022542, 0.768646464632015, 0.7707676767580437, 0.77103030302067, 0.7705252525156194, 0.7712121212265708, 0.7675353535257204, 0.7686868686965017, 0.7688888889033385, 0.7694949495093991, 0.7670707070707071, 0.7658989899086229, 0.7631111111111111, 0.7646262626214461, 0.7665858585714089, 0.7652727272823604, 0.7641212121212121, 0.765616161601712, 0.7639393939249444, 0.7628484848388518, 0.7642020202020202, 0.7624646464550134, 0.7594949494804999, 0.7592525252477087, 0.75903030302067]
test accuracy when lambda=0.4
[0.4248, 0.4413, 0.443, 0.4434, 0.4439, 0.448, 0.4506, 0.4502, 0.4448, 0.4498, 0.4586, 0.4474, 0.4523, 0.4545, 0.4552, 0.4584, 0.4528, 0.4477, 0.4582, 0.4597, 0.4622, 0.4581, 0.4566, 0.4554, 0.4539, 0.4536, 0.455, 0.4553, 0.4582, 0.454, 0.4533, 0.4518, 0.4558, 0.4544, 0.4508, 0.4536, 0.4552, 0.4534, 0.4472, 0.4546, 0.4503, 0.4506, 0.4488, 0.4523, 0.4476, 0.4528, 0.4505, 0.4524, 0.4482, 0.4518]
training accuracy when lambda=0.5
[0.22545454545574958, 0.2519595959571877, 0.2605656565632483, 0.2659797979822062, 0.26995959596200425, 0.27486868687591165, 0.279232323229915, 0.28478787879028705, 0.28632323232443646, 0.29111111111231525, 0.2944040404112652, 0.30058585858826686, 0.3043434343386178, 0.3063434343458426, 0.3128282828306911, 0.3180606060618102, 0.32490909091390746, 0.3272727272799521, 0.3338585858658107, 0.34218181818422644, 0.3468484848436683, 0.3547272727248645, 0.3584242424266507, 0.3653535353559436, 0.3715555555603721, 0.3799393939418022, 0.3836565656541574, 0.39284848484126006, 0.39745454545454545, 0.40371717171958, 0.40999999999518344, 0.41575757576480055, 0.4245858585834503, 0.42804040403799576, 0.4336969696897449, 0.4386868686796439, 0.44545454544732066, 0.44816161616161615, 0.45545454544732067, 0.4597373737349655, 0.46030303029339725, 0.4671111111038863, 0.46878787879028705, 0.4744040404040404, 0.47761616161134507, 0.4812929293073789, 0.4849898989826742, 0.4874545454569537, 0.4890707070658905, 0.4917979798124294]
test accuracy when lambda=0.5
[0.4388, 0.4524, 0.4617, 0.4687, 0.4671, 0.4704, 0.4812, 0.4766, 0.4785, 0.4813, 0.481, 0.4729, 0.4811, 0.4806, 0.4871, 0.4834, 0.4877, 0.489, 0.4869, 0.4833, 0.4835, 0.4853, 0.4793, 0.4766, 0.4817, 0.4769, 0.4824, 0.4794, 0.4779, 0.4717, 0.4754, 0.4777, 0.4719, 0.4772, 0.4695, 0.4666, 0.4715, 0.4699, 0.4709, 0.4672, 0.4727, 0.4711, 0.4668, 0.4739, 0.4616, 0.4683, 0.4666, 0.4603, 0.4669, 0.4608]
training accuracy when lambda=0.6
[0.2241212121212121, 0.2584646464598299, 0.26933333333453746, 0.2780606060618102, 0.286020202020202, 0.2903232323232323, 0.29729292928811274, 0.3015757575733493, 0.3081414141462307, 0.3149494949494949, 0.31979797980038804, 0.32646464646464646, 0.33309090908609257, 0.33965656565656566, 0.3476767676671346, 0.35595959596682075, 0.3660606060606061, 0.3734141414069166, 0.3823434343386178, 0.3916767676743594, 0.40351515151033496, 0.41331313130831476, 0.4237575757575758, 0.43355555554833075, 0.4426464646488729, 0.4529090909018661, 0.46389898991343953, 0.47179797980038807, 0.48286868687109513, 0.4893333333261085, 0.4988888888816641, 0.5089696969648805, 0.5150303030447526, 0.5205454545502711, 0.5269090909139075, 0.5364848484992981, 0.5450101010245506, 0.5499393939442104, 0.5509292929341094, 0.5612121212024881, 0.5626868686772356, 0.5690101010149176, 0.5739999999951835, 0.5794343434487931, 0.5826666666714833, 0.5880202020250186, 0.5898989898941733, 0.5953131313083148, 0.5967474747330251, 0.6031919191822861]
test accuracy when lambda=0.6
[0.4379, 0.4684, 0.4739, 0.4929, 0.5, 0.4961, 0.514, 0.5075, 0.5019, 0.5078, 0.5119, 0.5061, 0.509, 0.5084, 0.5135, 0.5037, 0.5083, 0.5102, 0.4992, 0.5016, 0.4993, 0.5039, 0.4968, 0.4926, 0.49, 0.4899, 0.4906, 0.4912, 0.4884, 0.4851, 0.4876, 0.482, 0.4808, 0.4827, 0.4807, 0.4815, 0.4798, 0.4802, 0.4791, 0.4778, 0.4822, 0.4769, 0.4769, 0.4792, 0.4708, 0.476, 0.4797, 0.4703, 0.4753, 0.4743]
training accuracy when lambda=0.7
[0.22379797979918392, 0.2637979797955715, 0.27862626263107915, 0.29052525253247735, 0.29840404039922386, 0.3075555555700052, 0.31725252525734177, 0.3237171717219883, 0.3328282828282828, 0.3407474747426582, 0.3465252525276608, 0.35717171716690066, 0.3659595959644125, 0.37789898990380644, 0.38721212121693777, 0.3992323232275067, 0.4119393939442105, 0.42351515151996805, 0.43989898990019405, 0.45165656567101525, 0.4668484848388518, 0.47791919191196713, 0.4928484848533014, 0.505515151510335, 0.5214747474891971, 0.5293737373737374, 0.5442626262481767, 0.5541212121308452, 0.5655959595887348, 0.5789696969745135, 0.586383838398288, 0.5959595959499628, 0.6052121212121212, 0.6138383838311591, 0.6196363636411801, 0.6314949494949494, 0.636525252520436, 0.6422222222222222, 0.6492323232275067, 0.6593535353390857, 0.6592121212217543, 0.6698585858634024, 0.6722222222174057, 0.6765050505146836, 0.6823636363540033, 0.6844646464742795, 0.6902222222318553, 0.695414141418958, 0.6969696969745135, 0.7026666666811163]
test accuracy when lambda=0.7
[0.4515, 0.4889, 0.5018, 0.5044, 0.527, 0.5358, 0.5359, 0.5414, 0.5443, 0.5366, 0.5452, 0.5432, 0.5442, 0.5419, 0.5304, 0.536, 0.5366, 0.5291, 0.5214, 0.5258, 0.5196, 0.5193, 0.5085, 0.5111, 0.5131, 0.5092, 0.4989, 0.5034, 0.4963, 0.498, 0.4939, 0.4953, 0.4874, 0.4901, 0.4875, 0.4915, 0.4915, 0.4864, 0.4864, 0.4863, 0.4843, 0.4845, 0.4835, 0.4793, 0.4798, 0.4867, 0.4759, 0.4798, 0.4793, 0.4809]
training accuracy when lambda=0.8
[0.22204040404522057, 0.26894949495671977, 0.28943434343675173, 0.3056161616137533, 0.31806060606301434, 0.33010101010582665, 0.3370303030254865, 0.3473939393951435, 0.3580202020226103, 0.3679595959620042, 0.3782424242472408, 0.3875151515223763, 0.39838383838865493, 0.413414141428591, 0.4255555555555556, 0.44008080807599154, 0.45705050504328026, 0.4692323232275067, 0.48852525252525253, 0.5023636363540033, 0.522424242438692, 0.5369696969648804, 0.5573737373641043, 0.5703434343362095, 0.5848282828379159, 0.6011111111135193, 0.6116767676719511, 0.6243636363540033, 0.6381414141462307, 0.6500202020346516, 0.6615757575853907, 0.6725252525252525, 0.6830101010245506, 0.6893939394035725, 0.6975959596007761, 0.705555555550739, 0.7149494949398619, 0.7201616161760658, 0.7306262626214461, 0.7342626262674428, 0.7416363636267306, 0.7478787878932375, 0.7510707070707071, 0.7586666666666667, 0.7619797979653483, 0.7698181818181818, 0.7713737373641043, 0.7791515151515152, 0.7751515151418821, 0.7819393939538436]
test accuracy when lambda=0.8
[0.4669, 0.4994, 0.5228, 0.5492, 0.5678, 0.5754, 0.5766, 0.5827, 0.5781, 0.5715, 0.5741, 0.5765, 0.5679, 0.5683, 0.5615, 0.554, 0.5475, 0.543, 0.5402, 0.5343, 0.5315, 0.5289, 0.515, 0.5116, 0.5141, 0.506, 0.4996, 0.5, 0.5055, 0.497, 0.4867, 0.4945, 0.4905, 0.491, 0.4927, 0.4915, 0.4788, 0.4888, 0.4832, 0.4859, 0.4788, 0.4834, 0.485, 0.4899, 0.4882, 0.485, 0.4808, 0.4785, 0.4789, 0.4785]
