[  115   263   316   340   414   433   653   658   742   816   864  1159
  1205  1465  1502  1652  2249  2386  2406  2442  2455  2696  2698  2839
  3159  3180  3304  3490  3535  3557  3693  3810  3819  4212  4234  4266
  4391  4556  4648  4971  5272  5277  5407  5721  5751  5812  5900  5954
  6501  6570  6853  6905  7049  7074  7126  7142  7167  7370  7453  7579
  7705  7793  7805  7883  7999  8017  8135  8213  8214  8276  8282  9090
  9165  9429  9525  9546  9604  9686  9719 10053 10114 10177 10303 10382
 10401 10575 10905 11072 11170 11174 11524 11745 11846 12247 12261 12361
 12396 12844 12963 12983 13332 13680 13725 14060 14067 14124 14242 14301
 14417 14630 14804 14900 14997 15238 15277 15468 15704 15738 15784 16147
 16202 16254 16290 16394 16621 16793 17034 17063 17246 17288 17333 17394
 17682 17864 18085 18114 18613 18643 18668 18697 18830 19034 19084 19093
 19454 19538 19655 20067 20397 20613 20738 21053 21091 21117 21248 21317
 21372 21382 21519 21579 21632 21759 22177 22356 22440 22465 22734 22936
 23116 23183 23540 23966 24266 24552 24568 24628 24937 24944 25198 25200
 25357 25550 25788 25792 26022 26374 26473 26575 27474 27650 27670 27778
 28161 28276 28346 28391 28805 28878 29340 29484 29590 29641 30023 30642
 30934 31141 31227 31275 31691 31699 31747 31924 32791 32812 32954 32999
 33394 33585 33669 33687 33824 34066 34143 34196 34685 34762 34773 34837
 34897 34923 35161 35434 35493 35561 35593 35733 36028 36102 36531 36623
 36671 36717 36909 37147 37162 37270 37497 37509 37573 37629 37709 37811
 37831 38402 38502 38898 38996 39069 39158 39551 39739 39931 39946 40079
 40088 40192 40443 40461 40510 40602 40762 41061 41344 41366 41519 42571
 42649 42791 42816 43094 43111 43272 43395 43473 43599 44153 44170 44244
 44364 44495 44525 44590 44795 44817 44899 44909 44974 45106 45114 45463
 45656 45940 45998 46020 46093 46132 46152 46212 46519 46763 46852 46933
 47054 47223 47272 47298 47580 47598 47936 48033 48208 48245 48445 48978
 49364]
[   46    65    96   112   201   225   233   268   439   458   580   817
   827   866   929   955  1070  1331  1398  1546  1547  1565  1731  1734
  1807  1856  1887  2134  2138  2437  2536  2551  2608  2705  2773  2803
  2904  2998  3037  3047  3050  3072  3106  3260  3358  3509  3629  3702
  3747  3790  3804  3817  3854  3987  4065  4519  4524  4595  4607  4759
  4793  4883  4947  4969  4970  5153  5207  5306  5461  5614  5833  5918
  6211  6308  6405  6442  6671  6805  6900  7008  7011  7078  7454  7465
  7628  7663  7697  7784  7934  7978  8046  8049  8515  8721  8953  9005
  9124  9152  9177  9272  9299  9309  9314  9431  9491  9559  9660  9680
  9755  9759 10101 10104 10227 10254 10257 10348 10478 10649 10738 10861
 10867 10889 11005 11024 11349 11365 11568 11593 11711 11804 11942 11974
 12039 12057 12236 12402 12718 12726 12732 12770 12779 12876 12894 12909
 13026 13116 13343 13369 13379 13396 13597 13619 13629 13638 13649 13712
 13827 13986 14051 14210 14276 14363 14376 14389 14397 14621 14643 14650
 15006 15400 15649 15900 16015 16045 16068 16373 16405 16424 16502 16574
 16657 16814 16836 16850 16956 17135 17297 17373 17407 17482 18017 18266
 18275 18331 18471 18557 18559 18646 18805 18935 18947 19050 19094 19112
 19143 19206 19257 19284 19286 19305 19522 19588 19634 19850 19880 19887
 19911 20160 20173 20267 20303 20343 20618 20645 20662 20684 20688 20704
 21153 21161 21215 21242 21276 21289 21298 21371 21490 21562 21785 21830
 22056 22163 22247 22272 22284 22624 22647 22852 22928 23069 23102 23146
 23167 23530 23595 23694 23725 23794 23799 23869 23892 23954 24008 24045
 24082 24091 24193 24202 24222 24256 24302 24468 24517 24718 24736 24769
 24793 24818 24955 25287 25324 25394 25665 25827 25959 26045 26094 26123
 26137 26230 26258 26523 26534 26569 26597 26662 26991 27020 27063 27163
 27168 27410 27446 27518 27525 27752 27757 27932 27956 28004 28074 28095
 28163 28271 28455 28500 28568 28696 28735 28779 28800 28881 28930 28973
 29001 29010 29027 29137 29196 29289 29489 29671 29683 29798 29847 30180
 30198 30241 30472 30785 30811 30851 31338 31506 31524 31645 31719 31886
 31996 32142 32272 32333 32350 32411 32503 32545 32640 32714 32986 33358
 33400 33491 33714 33769 33779 33828 33899 33929 33938 34133 34322 34343
 34347 34366 34431 34477 34509 34638 34694 34775 34859 34941 35042 35145
 35170 35249 35261 35423 35613 35661 35761 35841 35871 36009 36033 36078
 36182 36272 36510 36890 36984 37013 37017 37054 37058 37282 37548 37596
 37892 37904 38085 38104 38279 38405 38492 38590 38656 38732 38746 38816
 38997 39262 39376 39545 39788 39810 39861 39870 39961 40121 40233 40258
 40351 40410 40478 40485 40611 40753 40759 40990 41006 41065 41126 41174
 41257 41260 41329 41513 41587 41703 41707 41886 41982 41990 42082 42087
 42202 42301 42328 42359 42449 42486 42806 42815 42887 42942 42964 43022
 43214 43382 43499 43596 43708 43979 44021 44095 44210 44218 44312 44433
 44515 44520 44526 44551 44575 44580 44638 44794 44811 44952 45026 45036
 45051 45098 45235 45261 45279 45384 45388 45540 45872 45942 45947 45961
 46055 46244 46447 46568 46674 46716 46912 46925 47029 47053 47066 47192
 47458 47496 47547 47610 47630 47895 48082 48129 48307 48416 48662 48677
 48698 48920 48944 49093 49096 49165 49472]
[]
[  228   238   257  1491  1648  1792  2290  2395  2961  3035  3146  3424
  3565  3724  4167  4488  4744  5108  5158  5890  6143  6294  6326  6329
  6417  6679  6864  6981  7190  7470  7604  7767  7823  7907  8025  8079
  8427  8589  8711  8859  8903  9010  9076  9392  9398  9399  9520 10284
 10312 10326 10329 10342 10719 10756 10777 10916 10929 11011 11107 11147
 11211 11253 11298 11414 11558 11625 11684 11970 12324 12369 12462 12730
 12864 12941 12968 13121 13367 13656 13801 14080 14094 14103 14260 14500
 14545 14723 14778 14865 14901 15078 15692 16250 16635 17103 17138 17199
 17323 17369 17925 17962 18271 18413 18434 18468 18470 18662 18883 18888
 19222 19409 19481 19825 19852 20063 20174 20315 20406 20727 20847 22758
 23049 23207 23449 23474 23992 23996 24040 24167 24241 24255 24479 24513
 24621 24709 24800 25029 25041 25400 25691 25918 26013 26095 26142 26520
 26681 26779 26969 27039 27054 27310 27601 27622 27707 27793 28370 28468
 28523 28564 28679 28684 28712 28859 29161 29282 29302 29314 29531 29943
 30356 30409 30453 30461 30465 30717 30736 30986 31019 31470 31512 31724
 31811 31909 31951 31983 32055 32062 32097 32455 32499 32557 32644 32673
 32715 32764 32802 32906 32947 33053 33462 33487 33592 33604 33609 33854
 33953 34047 34073 34086 34100 34252 34483 34485 34676 34692 34770 34831
 34886 34887 35184 35674 35736 35807 35829 35835 36236 36300 36585 36594
 36729 36805 37075 37242 37252 37310 37327 37336 37442 37609 37693 37898
 38039 38064 38174 38301 38360 38684 38706 39166 39456 39817 39945 40381
 40514 40522 40737 41163 41336 41649 41661 41824 41985 42108 42198 42263
 42312 42392 42399 42427 42592 42883 42978 43014 43041 43120 43325 43479
 43737 43837 43960 44020 44679 44762 44824 44904 44973 45059 45492 45507
 45536 45902 46110 46375 46408 46575 46581 46649 46711 46892 47179 47448
 47588 47636 47824 48026 48055 48238 48564 48895 49228]
[]
[  228   238   247   257   423   529   628   676   848   911   962  1124
  1180  1281  1298  1475  1491  1648  1828  1880  1885  1897  2040  2090
  2106  2179  2356  2395  2408  2542  2665  2680  2762  2821  2938  2990
  3035  3044  3068  3082  3146  3313  3329  3339  3359  3424  3471  3542
  3549  3565  3635  3724  3823  3834  3884  4010  4206  4335  4491  4494
  4565  4600  4657  4677  4678  4744  4770  4773  4991  5071  5158  5336
  5458  5618  5748  5750  5780  5890  5974  6294  6326  6417  6424  6635
  6808  6810  6915  6981  7056  7090  7092  7166  7190  7247  7435  7530
  7652  7665  7708  7726  7795  7820  7823  7907  7936  7971  8079  8097
  8169  8418  8589  8668  8705  8711  8859  8983  9076  9264  9398  9399
  9721  9872  9969 10039 10088 10319 10329 10469 10486 10777 10916 10959
 11147 11211 11235 11253 11298 11350 11419 11421 11604 11625 11684 11707
 11743 11753 11821 11868 11970 12000 12208 12323 12324 12369 12444 12462
 12491 12497 12504 12606 12730 12747 12968 13108 13128 13227 13331 13336
 13467 13656 14018 14023 14029 14080 14094 14103 14154 14246 14257 14260
 14465 14500 14507 14540 14545 14599 14744 14901 14979 15020 15078 15290
 15404 15492 15658 15687 15696 15737 15826 15880 16081 16103 16125 16148
 16167 16250 16276 16300 16380 16410 16586 16596 16635 16785 16815 17062
 17103 17138 17156 17199 17323 17349 17369 17431 17476 17540 17629 17706
 17751 17900 17991 18001 18405 18434 18468 18577 18637 18662 18815 18957
 19009 19137 19163 19222 19247 19409 19481 19671 19758 19825 19868 20063
 20174 20214 20315 20325 20406 20417 20475 20482 20523 20780 20847 20850
 20887 20890 21072 21529 21585 21611 21640 21733 21854 22001 22273 22473
 22497 22758 22832 22991 23034 23078 23079 23113 23140 23449 23492 23501
 23761 23883 23915 23964 23996 24040 24132 24167 24192 24251 24298 24316
 24483 24617 24709 24800 24804 24887 24916 25006 25029 25041 25208 25325
 25339 25691 25767 25771 25810 25910 25918 26013 26064 26089 26095 26102
 26104 26142 26318 26418 26434 26520 26671 26681 26779 26864 26969 27054
 27196 27310 27350 27448 27596 27784 27809 27953 28115 28131 28263 28362
 28370 28371 28541 28564 28609 28706 28712 28737 28767 28801 29100 29161
 29162 29186 29282 29321 29472 29724 29757 30011 30207 30406 30430 30453
 30461 30464 30465 30518 30717 30776 30819 30986 30993 31038 31156 31207
 31217 31230 31356 31420 31445 31470 31472 31512 31565 31672 31724 31811
 31861 31949 31970 32055 32062 32099 32143 32155 32440 32446 32472 32499
 32557 32644 32667 32721 32906 32947 32956 33053 33124 33183 33263 33284
 33315 33472 33487 33489 33648 33659 33722 33763 33806 33872 34047 34065
 34073 34086 34100 34183 34252 34335 34349 34350 34447 34483 34616 34692
 34709 34770 34807 34831 34932 34967 35184 35232 35386 35420 35476 35598
 35674 35790 35835 36260 36300 36403 36488 36525 36529 36584 36585 36599
 36600 36633 36676 36715 36805 36814 36828 36884 36947 37075 37097 37198
 37242 37285 37310 37327 37336 37442 37513 37613 37639 38039 38129 38174
 38255 38360 38385 38503 38505 38506 38684 38706 38772 38774 38792 38984
 39091 39133 39456 39490 39607 39730 39938 39945 40022 40033 40180 40222
 40259 40284 40381 40439 40477 40522 40565 40681 40704 41022 41095 41134
 41145 41163 41281 41319 41337 41646 41661 41699 41735 41834 41855 41937
 41985 41989 42088 42108 42212 42263 42356 42392 42399 42427 42440 42562
 42592 42613 42625 42661 42745 42910 42922 43014 43158 43396 43406 43415
 43523 43615 43726 43837 43996 44020 44263 44412 44431 44512 44679 44705
 44762 44777 44824 44828 44973 45024 45052 45427 45440 45507 45524 45567
 45626 45627 45639 45902 45926 45943 46575 46747 46770 46894 46959 46975
 46987 46995 47000 47002 47007 47179 47206 47480 47641 47824 47918 48026
 48084 48270 48344 48429 48564 48727 48778 48782 48799 48895 49171 49172
 49192 49228]
[]
[    7    35    43   133   171   255   419   511   618   740   788   799
   927  1116  1126  1357  1568  1725  1841  1877  1886  1901  1916  2060
  2084  2229  2320  2342  2382  2431  2462  2522  2592  2812  2818  2956
  3058  3113  3247  3254  3368  3389  3581  3620  3752  3903  3985  3990
  4042  4142  4151  4180  4211  4217  4221  4248  4320  4465  4513  4541
  4548  4645  4839  4854  5110  5139  5219  5226  5267  5270  5386  5399
  5447  5485  5513  5516  5546  5569  5608  5719  5732  5769  5853  5882
  5891  5938  6004  6092  6221  6225  6229  6305  6401  6428  6454  6476
  6506  6539  6618  6676  6695  6700  6729  6763  6772  6899  6925  6931
  6962  7048  7112  7203  7490  7493  7727  7732  7861  7876  7972  7984
  8048  8060  8155  8228  8232  8233  8277  8326  8523  8535  8568  8574
  8639  8730  8790  8797  8807  8819  8981  9116  9143  9179  9350  9393
  9455  9695  9862  9943  9980 10029 10207 10230 10273 10444 10522 10722
 10778 10891 11040 11110 11165 11302 11320 11361 11461 11496 11560 11735
 11862 11924 12107 12316 12348 12410 12452 12492 12512 12537 12600 12616
 12640 12719 12722 12839 12861 12862 12903 12969 12977 13048 13242 13248
 13251 13317 13357 13514 13753 13820 13943 13954 14053 14075 14111 14268
 14282 14283 14513 14535 14611 14774 14829 14965 15026 15139 15170 15175
 15233 15301 15323 15571 15645 15660 15663 15697 15716 15791 16006 16032
 16063 16297 16314 16334 16387 16455 16494 16496 16682 16769 16772 16833
 16897 17086 17147 17200 17231 17234 17296 17321 17343 17491 17573 17624
 17635 17648 17689 17728 17796 17834 17868 17912 18109 18150 18256 18384
 18395 18472 18500 18639 18741 18811 18865 18924 19003 19065 19106 19217
 19231 19243 19319 19398 19446 19598 19617 19679 19855 19971 20027 20040
 20165 20372 20548 20570 20639 20668 20707 20895 20972 21030 21054 21062
 21120 21183 21192 21211 21376 21377 21378 21394 21491 21528 21560 21619
 21650 21771 21812 21822 21890 21958 21995 22039 22095 22112 22211 22288
 22367 22382 22435 22444 22538 22558 22706 22898 22904 22950 22968 23010
 23029 23068 23072 23094 23095 23324 23347 23353 23435 23436 23503 23552
 23661 23726 23770 23808 23810 24288 24544 24570 24666 24731 24827 25078
 25087 25113 25114 25154 25155 25334 25388 25531 25588 25636 25695 25770
 25823 25844 25933 25986 26000 26052 26078 26235 26345 26399 26427 26550
 26580 26622 26637 26643 26699 26701 26710 26823 26872 26880 26910 26940
 26949 27043 27050 27118 27307 27374 27423 27552 27626 27746 27764 27859
 27972 28097 28236 28262 28298 28347 28405 28429 28445 28474 28511 28522
 28593 28660 28723 29025 29155 29193 29201 29234 29258 29312 29318 29328
 29370 29613 29672 29687 29690 29703 29787 29877 29883 29896 30244 30250
 30305 30367 30512 30563 30615 30658 31004 31046 31150 31155 31173 31200
 31340 31468 31599 31686 31709 31831 31915 31959 31973 32069 32093 32109
 32258 32268 32303 32330 32398 32449 32541 32743 32852 32916 33056 33142
 33179 33342 33425 33512 33529 33601 33674 33798 33802 33812 33842 33904
 33908 33911 33924 33926 33959 34050 34117 34230 34231 34239 34545 34560
 34673 34751 34799 34855 34915 34955 35023 35100 35221 35427 35450 35614
 35817 35838 35939 35985 36040 36050 36167 36221 36224 36285 36404 36460
 36470 36646 36788 36830 36835 36874 36892 36932 36936 37053 37104 37159
 37186 37292 37316 37346 37520 37567 37585 37612 37683 37768 37804 37891
 37910 37951 38001 38018 38076 38122 38140 38196 38306 38324 38341 38370
 38400 38418 38423 38468 38750 38863 38874 38878 38926 39016 39301 39333
 39402 39416 39418 39626 39670 39802 39908 40046 40057 40170 40188 40206
 40294 40311 40370 40418 40435 40501 40504 40592 40910 40942 40944 41086
 41100 41249 41254 41273 41328 41348 41428 41605 41903 41919 41936 41947
 42065 42176 42204 42386 42390 42512 42654 42701 42703 42841 42875 42886
 43018 43137 43155 43193 43215 43284 43397 43456 43460 43504 43563 43569
 43643 43667 43908 43909 44001 44168 44178 44203 44224 44280 44356 44415
 44619 44657 45027 45028 45104 45113 45255 45272 45377 45432 45494 45555
 45562 45672 45709 45710 45776 45894 45932 46095 46122 46265 46331 46399
 46584 46589 46607 46745 46836 46891 47001 47127 47359 47452 47469 47523
 47759 47780 47806 47865 47943 47956 47971 47976 47984 48007 48042 48113
 48196 48289 48294 48348 48531 48570 48651 48674 48715 48773 48775 48833
 48979 49109 49143 49230 49276 49310 49351]
[ 3105  4935  9429 10041 10283 10983 16856 17007 19203 19942 25360 31287
 35519 39874 41500 41797 42086]
[   45    72    76   105   139   201   204   213   218   225   268   277
   289   294   318   362   403   440   458   490   536   589   612   674
   701   866   876   879   881   928   970  1042  1093  1094  1162  1177
  1208  1221  1267  1293  1378  1539  1573  1608  1609  1684  1814  1898
  1910  1932  1961  2002  2051  2115  2155  2287  2305  2313  2331  2335
  2405  2428  2459  2553  2571  2578  2616  2640  2649  2778  2857  2863
  2864  2884  2933  2982  2995  3020  3072  3102  3104  3112  3158  3176
  3206  3244  3251  3337  3360  3397  3526  3566  3571  3634  3645  3649
  3703  3705  3734  3825  3849  3943  3964  4007  4076  4252  4254  4284
  4303  4314  4321  4334  4353  4396  4467  4516  4525  4545  4581  4590
  4602  4608  4624  4643  4649  4784  4868  4873  4921  4928  4929  4965
  4970  4989  5026  5097  5116  5154  5186  5225  5245  5261  5280  5338
  5380  5411  5460  5511  5586  5619  5633  5720  5775  5791  5832  5886
  5915  6028  6082  6117  6168  6173  6210  6307  6354  6361  6457  6464
  6511  6517  6563  6595  6597  6664  6829  6904  6942  6974  7000  7075
  7103  7253  7266  7287  7367  7404  7460  7576  7616  7628  7663  7704
  7719  7763  7784  7896  7900  8070  8115  8130  8138  8207  8212  8227
  8240  8246  8267  8311  8345  8433  8445  8471  8482  8502  8559  8605
  8667  8670  8674  8719  8733  8738  8752  8798  8808  8820  8857  8946
  9001  9007  9159  9177  9210  9265  9452  9559  9565  9612  9615  9774
  9794  9887 10066 10070 10100 10131 10148 10277 10304 10305 10355 10523
 10527 10540 10577 10617 10623 10648 10669 10705 10758 10792 10797 10821
 10860 10862 10934 11026 11053 11080 11125 11267 11292 11374 11377 11395
 11413 11440 11480 11483 11485 11606 11624 11660 11783 11923 11935 11973
 11981 12039 12070 12135 12221 12435 12487 12508 12516 12532 12533 12579
 12586 12610 12677 12699 12704 12705 12717 12732 12791 12797 12825 12914
 12929 12933 13043 13068 13077 13085 13090 13138 13222 13255 13349 13377
 13398 13447 13526 13534 13538 13631 13655 13712 13770 13779 13821 13869
 13940 13969 14097 14210 14216 14228 14236 14476 14651 14800 14860 14914
 14920 14941 14959 14987 15015 15016 15053 15106 15123 15145 15165 15305
 15308 15332 15337 15376 15407 15438 15450 15477 15550 15598 15623 15669
 15695 15712 15798 15813 15843 15854 15879 15883 15929 15987 16023 16025
 16092 16109 16127 16136 16180 16192 16210 16242 16310 16319 16373 16385
 16493 16528 16554 16595 16598 16608 16766 16775 16790 16816 16869 17044
 17055 17101 17159 17184 17194 17257 17291 17293 17375 17427 17449 17482
 17511 17520 17528 17541 17565 17579 17692 17713 17785 17792 17799 17804
 17837 17888 17911 17981 18021 18168 18247 18261 18372 18445 18530 18589
 18605 18782 18988 18993 19002 19028 19094 19101 19126 19157 19178 19206
 19290 19323 19333 19349 19363 19392 19396 19439 19459 19478 19563 19687
 19887 20021 20042 20065 20101 20105 20303 20378 20383 20386 20391 20404
 20411 20426 20452 20469 20503 20551 20571 20618 20663 20690 20722 20784
 20799 20803 20882 20897 20905 20914 20920 20938 20957 20985 21031 21066
 21075 21115 21224 21242 21301 21308 21333 21370 21386 21391 21407 21438
 21451 21461 21489 21496 21647 21683 21882 21901 21928 21959 21993 21994
 22101 22119 22137 22144 22215 22243 22250 22311 22324 22347 22455 22460
 22581 22621 22649 22683 22690 22773 22783 22792 22824 22837 22875 22906
 22920 22947 22954 22977 23006 23089 23109 23122 23123 23153 23186 23208
 23231 23292 23296 23311 23314 23318 23332 23337 23363 23375 23412 23564
 23595 23622 23646 23682 23715 23757 23844 23912 23917 23993 24008 24026
 24050 24137 24330 24355 24404 24468 24481 24488 24572 24574 24673 24750
 24755 24793 24818 24919 25105 25119 25131 25276 25315 25324 25389 25450
 25540 25579 25650 25713 25726 25729 25794 25796 25802 25819 25854 25864
 25887 25994 26027 26039 26045 26103 26167 26328 26350 26365 26366 26421
 26546 26557 26603 26635 26677 26720 26771 26843 26874 26918 26972 26983
 27022 27063 27082 27169 27308 27340 27412 27426 27449 27504 27545 27553
 27557 27843 27873 27889 27922 27988 28118 28244 28259 28297 28333 28393
 28395 28404 28471 28528 28591 28592 28668 28708 28719 28779 28797 28802
 28820 28848 28853 28862 28897 28932 28973 29001 29230 29271 29352 29367
 29482 29503 29598 29653 29656 29660 29662 29868 29871 29876 29903 29939
 29955 29961 30001 30060 30094 30106 30180 30183 30213 30307 30334 30335
 30379 30440 30458 30472 30537 30546 30588 30619 30630 30641 30678 30753
 30774 30792 30798 30807 31007 31018 31096 31223 31300 31325 31327 31366
 31370 31383 31453 31494 31517 31633 31652 31798 31823 31835 31853 31929
 31969 31978 32014 32114 32235 32276 32280 32410 32507 32513 32628 32808
 32845 32857 33143 33274 33358 33435 33442 33446 33491 33518 33545 33550
 33552 33591 33622 33729 33785 33830 33897 34005 34102 34109 34133 34141
 34155 34218 34219 34276 34550 34585 34611 34615 34662 34738 34892 35039
 35153 35167 35168 35205 35246 35312 35376 35529 35612 35662 35673 35686
 35695 35709 35792 35910 35913 36014 36088 36144 36189 36328 36365 36384
 36438 36469 36565 36596 36613 36637 36681 36718 36725 36745 36831 37006
 37013 37030 37037 37070 37082 37090 37120 37230 37367 37453 37477 37565
 37589 37697 37817 37830 37833 37852 37888 37903 38105 38115 38182 38206
 38265 38331 38398 38405 38536 38545 38642 38657 38770 38788 38824 39099
 39125 39186 39193 39300 39321 39329 39350 39371 39433 39445 39447 39481
 39482 39635 39645 39657 39684 39703 39725 39752 39760 39788 39804 39868
 39870 39894 40017 40038 40075 40167 40336 40383 40408 40426 40480 40558
 40611 40724 40753 40775 40779 40842 40848 40865 40882 40936 40946 40959
 40961 40976 40994 41016 41102 41113 41118 41186 41248 41257 41289 41309
 41339 41386 41427 41446 41450 41484 41493 41497 41513 41533 41553 41587
 41665 41707 41713 41723 41756 41762 41916 41922 41986 42004 42018 42032
 42042 42064 42134 42136 42140 42177 42258 42279 42301 42311 42455 42494
 42612 42662 42704 42767 42777 42785 42803 42845 42911 42929 42946 43026
 43159 43184 43222 43240 43352 43457 43465 43474 43506 43560 43613 43679
 43717 43730 43772 43832 43833 43872 43902 43928 43933 44065 44076 44125
 44129 44159 44167 44208 44212 44241 44309 44317 44368 44376 44411 44433
 44504 44507 44519 44524 44571 44610 44647 44680 44726 44747 45026 45037
 45078 45142 45222 45245 45254 45279 45351 45358 45365 45373 45392 45616
 45647 45674 45694 45715 45720 45731 45811 46054 46138 46149 46162 46193
 46237 46257 46280 46313 46333 46372 46464 46493 46516 46544 46651 46692
 46697 46700 46715 46899 47043 47192 47222 47290 47311 47316 47719 47799
 47817 47833 47866 47895 47969 48030 48077 48150 48165 48198 48414 48432
 48436 48577 48675 48693 48723 48724 48795 48878 48879 48903 48914 49008
 49024 49099 49119 49207 49291 49361 49409 49433]
[0.8153846153846154, 0.685981308411215, 0, 0.313915857605178, 0, 0.549520766773163, 0, 0.8405594405594405, 0.8235294117647058, 0.5539568345323741]
[325, 535, 0, 309, 0, 626, 0, 715, 17, 1112]
