[42816  7445  7447 ...  7790 23609 23708]
[33857 20273 14210 ... 19002 16540 28316]
[13306 23237 33832 ... 38563 34717 35397]
[24036  6285 11684 ... 29588 27235  9454]
[23741 34111 25525 ... 45596 23724 13903]
[18846 24327 42592 ... 16945  2728 23883]
[ 2101 18912 18895 ... 31473 31601  1375]
[ 5000 39301 47001 ... 49233  4349 37829]
[49499 44176 30628 ... 41124 10022  5228]
[27553 20722 40876 ... 28973 38562 20914]
[0.6275, 0.607, 0.4075, 0.2895, 0.397, 0.453, 0.5405, 0.65, 0.6895, 0.5415]
[2000, 2000, 2000, 2000, 2000, 2000, 2000, 2000, 2000, 2000]
