training accuracy when lambda=0.2
[0.59978, 0.73882, 0.7738, 0.789, 0.80186, 0.80866, 0.81598, 0.82236, 0.82634, 0.83172, 0.83272, 0.83776, 0.83942, 0.8422, 0.84546, 0.84846, 0.85106, 0.85164, 0.8546, 0.85322, 0.8557, 0.85654, 0.85706, 0.8578, 0.86116, 0.86102, 0.86238, 0.86228, 0.86368, 0.86246, 0.86292, 0.8642, 0.86528, 0.86306, 0.8646, 0.8654, 0.8659, 0.86754, 0.86638, 0.86348, 0.86334, 0.86516, 0.86544, 0.8672, 0.86088, 0.86534, 0.86262, 0.86436, 0.86332, 0.86262]
test accuracy when lambda=0.2
[0.5102, 0.5269, 0.5328, 0.5346, 0.5415, 0.5402, 0.5373, 0.5409, 0.541, 0.542, 0.5431, 0.5403, 0.5426, 0.542, 0.5503, 0.542, 0.5473, 0.539, 0.5411, 0.5408, 0.5394, 0.5406, 0.5403, 0.5408, 0.5442, 0.5401, 0.5451, 0.5392, 0.5417, 0.5438, 0.5392, 0.5381, 0.541, 0.538, 0.5404, 0.5398, 0.5472, 0.5397, 0.5367, 0.5429, 0.5355, 0.5425, 0.5396, 0.5397, 0.541, 0.5407, 0.5418, 0.537, 0.5403, 0.5397]
training accuracy when lambda=0.25
[0.57686, 0.7216, 0.75414, 0.77022, 0.78222, 0.7899, 0.7949, 0.80224, 0.80564, 0.80932, 0.80954, 0.81788, 0.8189, 0.82346, 0.82432, 0.8259, 0.82604, 0.83032, 0.833, 0.832, 0.8331, 0.83702, 0.8357, 0.83614, 0.83652, 0.8348, 0.83502, 0.84016, 0.83642, 0.83724, 0.83932, 0.84012, 0.83922, 0.83648, 0.83926, 0.83896, 0.83548, 0.83566, 0.8364, 0.83484, 0.83648, 0.83692, 0.83648, 0.83498, 0.83776, 0.8312, 0.831, 0.83188, 0.83178, 0.83162]
test accuracy when lambda=0.25
[0.5036, 0.5251, 0.536, 0.5349, 0.5374, 0.5398, 0.5405, 0.5423, 0.5409, 0.5434, 0.5419, 0.5404, 0.5352, 0.5422, 0.5444, 0.5418, 0.5393, 0.5425, 0.541, 0.5323, 0.5403, 0.5408, 0.5381, 0.5377, 0.5392, 0.5387, 0.5358, 0.5397, 0.5384, 0.5356, 0.5357, 0.534, 0.5354, 0.5348, 0.531, 0.5324, 0.5347, 0.5339, 0.5312, 0.5337, 0.5308, 0.5317, 0.5336, 0.5329, 0.5329, 0.536, 0.5326, 0.5302, 0.5297, 0.5315]
training accuracy when lambda=0.3
[0.558, 0.68912, 0.71418, 0.72948, 0.73974, 0.74688, 0.75356, 0.7577, 0.76028, 0.76544, 0.76924, 0.77246, 0.77324, 0.77686, 0.77848, 0.7791, 0.78166, 0.78374, 0.78438, 0.78844, 0.79024, 0.78824, 0.7913, 0.7905, 0.7905, 0.79298, 0.79246, 0.79208, 0.79376, 0.79276, 0.79186, 0.79126, 0.79316, 0.79322, 0.7909, 0.79056, 0.79112, 0.79312, 0.79174, 0.78898, 0.78818, 0.78614, 0.78724, 0.78536, 0.78642, 0.78622, 0.7846, 0.78736, 0.78562, 0.78514]
test accuracy when lambda=0.3
[0.5067, 0.5119, 0.533, 0.5377, 0.5451, 0.5387, 0.5413, 0.539, 0.543, 0.5476, 0.5429, 0.5414, 0.5433, 0.5375, 0.5421, 0.541, 0.543, 0.5432, 0.5379, 0.5434, 0.5358, 0.5382, 0.5296, 0.5329, 0.5411, 0.5353, 0.5398, 0.5355, 0.5328, 0.5356, 0.532, 0.5294, 0.5369, 0.537, 0.5272, 0.5265, 0.534, 0.5318, 0.5257, 0.5303, 0.5256, 0.5278, 0.5271, 0.5294, 0.5258, 0.5275, 0.5275, 0.5289, 0.5258, 0.5263]
training accuracy when lambda=0.35
[0.51004, 0.61992, 0.64324, 0.65598, 0.66466, 0.67164, 0.67708, 0.6835, 0.6862, 0.69024, 0.69338, 0.6963, 0.6982, 0.7012, 0.70442, 0.70484, 0.7096, 0.71048, 0.71248, 0.7139, 0.7132, 0.71554, 0.71806, 0.71838, 0.71818, 0.71818, 0.71924, 0.72102, 0.72056, 0.71952, 0.72346, 0.71894, 0.7188, 0.71922, 0.72048, 0.72064, 0.71904, 0.71888, 0.7189, 0.71846, 0.71872, 0.71872, 0.71934, 0.71838, 0.71776, 0.71872, 0.71856, 0.71726, 0.71558, 0.71348]
test accuracy when lambda=0.35
[0.4944, 0.5205, 0.5302, 0.5318, 0.5326, 0.5338, 0.5309, 0.5316, 0.5302, 0.53, 0.5339, 0.5356, 0.5338, 0.5356, 0.5305, 0.534, 0.5316, 0.5311, 0.5317, 0.5356, 0.5264, 0.5316, 0.5281, 0.5285, 0.5269, 0.5276, 0.528, 0.5281, 0.523, 0.5244, 0.5216, 0.5185, 0.5239, 0.5252, 0.5218, 0.5242, 0.5228, 0.519, 0.521, 0.516, 0.5201, 0.521, 0.514, 0.5147, 0.5167, 0.5187, 0.5154, 0.5186, 0.517, 0.511]
training accuracy when lambda=0.4
[0.43532, 0.52768, 0.54522, 0.55782, 0.56444, 0.57098, 0.57432, 0.5778, 0.58152, 0.58376, 0.58868, 0.5912, 0.59404, 0.59696, 0.60012, 0.60396, 0.60424, 0.60884, 0.61014, 0.61418, 0.6149, 0.61882, 0.61908, 0.62316, 0.62314, 0.62672, 0.62758, 0.62756, 0.63036, 0.63042, 0.63158, 0.6328, 0.63236, 0.63286, 0.63752, 0.63518, 0.63724, 0.63608, 0.6381, 0.63964, 0.63806, 0.64336, 0.63836, 0.64042, 0.63744, 0.64088, 0.63924, 0.64358, 0.64034, 0.64332]
test accuracy when lambda=0.4
[0.4936, 0.5196, 0.52, 0.5235, 0.5299, 0.5298, 0.5296, 0.5316, 0.5286, 0.534, 0.5348, 0.5306, 0.5301, 0.5341, 0.5271, 0.5328, 0.5289, 0.5295, 0.5259, 0.5293, 0.5318, 0.5275, 0.524, 0.5228, 0.5215, 0.5207, 0.523, 0.5193, 0.5216, 0.5154, 0.5154, 0.515, 0.5144, 0.5158, 0.5107, 0.5131, 0.5119, 0.513, 0.5103, 0.5108, 0.509, 0.5081, 0.5053, 0.5104, 0.5044, 0.5019, 0.5007, 0.5054, 0.5045, 0.5054]
training accuracy when lambda=0.45
[0.35216, 0.41406, 0.42668, 0.4334, 0.43922, 0.44412, 0.44734, 0.45254, 0.45622, 0.45954, 0.46348, 0.46416, 0.47234, 0.47532, 0.4801, 0.48442, 0.48744, 0.49312, 0.49756, 0.50106, 0.50716, 0.51168, 0.51476, 0.5202, 0.52102, 0.52714, 0.53194, 0.53286, 0.53902, 0.54178, 0.54736, 0.5499, 0.55252, 0.55274, 0.55674, 0.55816, 0.55774, 0.56072, 0.56506, 0.56734, 0.56812, 0.56608, 0.5706, 0.57438, 0.57372, 0.57462, 0.57676, 0.57778, 0.58096, 0.58308]
test accuracy when lambda=0.45
[0.4839, 0.5182, 0.5249, 0.5338, 0.5289, 0.5357, 0.5313, 0.5318, 0.5376, 0.5345, 0.5356, 0.5305, 0.5252, 0.5276, 0.5208, 0.5238, 0.5286, 0.5179, 0.5238, 0.515, 0.5164, 0.5137, 0.5175, 0.5145, 0.5102, 0.5087, 0.5152, 0.5089, 0.5041, 0.5099, 0.5133, 0.5089, 0.5056, 0.5036, 0.5019, 0.5025, 0.503, 0.5053, 0.5054, 0.5034, 0.5007, 0.5019, 0.4998, 0.5042, 0.4994, 0.4984, 0.4992, 0.5012, 0.5015, 0.4979]
training accuracy when lambda=0.5
[0.10118, 0.106, 0.10938, 0.11228, 0.11586, 0.11962, 0.12316, 0.12642, 0.13228, 0.13552, 0.14132, 0.14476, 0.15122, 0.1593, 0.16762, 0.17508, 0.18388, 0.19452, 0.20444, 0.21488, 0.22434, 0.23474, 0.24758, 0.25602, 0.26704, 0.277, 0.28774, 0.29772, 0.30212, 0.31432, 0.32194, 0.33206, 0.34232, 0.3408, 0.35036, 0.35802, 0.3654, 0.37258, 0.37688, 0.38686, 0.38804, 0.3936, 0.39754, 0.405, 0.40972, 0.41354, 0.4184, 0.41716, 0.42476, 0.43014]
test accuracy when lambda=0.5
[0.4828, 0.5049, 0.5157, 0.5238, 0.5186, 0.5222, 0.5189, 0.5253, 0.5214, 0.5202, 0.522, 0.5225, 0.5099, 0.5135, 0.5141, 0.5078, 0.5069, 0.5059, 0.5072, 0.5012, 0.5, 0.4896, 0.494, 0.4922, 0.4871, 0.4905, 0.486, 0.4828, 0.4841, 0.483, 0.4807, 0.4787, 0.4837, 0.4782, 0.4704, 0.4772, 0.4798, 0.4766, 0.475, 0.4718, 0.4783, 0.4733, 0.4718, 0.4755, 0.4731, 0.4781, 0.4748, 0.4757, 0.4737, 0.4752]
training accuracy when lambda=0.55
[0.10148, 0.10418, 0.10872, 0.11072, 0.11418, 0.11884, 0.12176, 0.12746, 0.13264, 0.1373, 0.14394, 0.15128, 0.15958, 0.16774, 0.1788, 0.18892, 0.20378, 0.21384, 0.22806, 0.23986, 0.25696, 0.26978, 0.2843, 0.29716, 0.30876, 0.3219, 0.33414, 0.34376, 0.35452, 0.3696, 0.37726, 0.38572, 0.39468, 0.40056, 0.41304, 0.4222, 0.42278, 0.4314, 0.4389, 0.44422, 0.4508, 0.45712, 0.46408, 0.46852, 0.47294, 0.47708, 0.48556, 0.4918, 0.49114, 0.49698]
test accuracy when lambda=0.55
[0.4792, 0.492, 0.5009, 0.5135, 0.5249, 0.5202, 0.5188, 0.521, 0.5184, 0.5147, 0.5196, 0.5171, 0.5089, 0.5088, 0.5042, 0.5, 0.505, 0.497, 0.4958, 0.4885, 0.4868, 0.4817, 0.4801, 0.4768, 0.4752, 0.4737, 0.4783, 0.4703, 0.4658, 0.4679, 0.4607, 0.4598, 0.4678, 0.4647, 0.4617, 0.4581, 0.465, 0.4589, 0.4573, 0.4582, 0.4539, 0.4601, 0.4572, 0.4544, 0.457, 0.4623, 0.4606, 0.454, 0.4599, 0.4581]
training accuracy when lambda=0.6
[0.1033, 0.10678, 0.10842, 0.11232, 0.11684, 0.1217, 0.12716, 0.13388, 0.1392, 0.14498, 0.1536, 0.16504, 0.17762, 0.19016, 0.20556, 0.2204, 0.23838, 0.25816, 0.27252, 0.29116, 0.30474, 0.32186, 0.34028, 0.3508, 0.36696, 0.38056, 0.3966, 0.40446, 0.4168, 0.4274, 0.43732, 0.4475, 0.45456, 0.46738, 0.47736, 0.48232, 0.49074, 0.4993, 0.50008, 0.50966, 0.5158, 0.522, 0.52594, 0.5337, 0.53998, 0.5443, 0.54586, 0.55242, 0.55912, 0.56226]
test accuracy when lambda=0.6
[0.4767, 0.4964, 0.5008, 0.5104, 0.5129, 0.4987, 0.5094, 0.5057, 0.5104, 0.5043, 0.5018, 0.497, 0.4944, 0.4845, 0.4846, 0.4797, 0.4725, 0.4688, 0.4654, 0.461, 0.4588, 0.456, 0.4547, 0.4481, 0.4533, 0.4401, 0.4449, 0.4431, 0.4412, 0.4475, 0.437, 0.4368, 0.4448, 0.4387, 0.4385, 0.4353, 0.441, 0.4373, 0.4389, 0.4353, 0.4396, 0.4419, 0.4398, 0.4374, 0.4405, 0.4401, 0.4332, 0.4369, 0.4323, 0.4315]
training accuracy when lambda=0.65
[0.10092, 0.10398, 0.1086, 0.11032, 0.11584, 0.12192, 0.12756, 0.1344, 0.14352, 0.15184, 0.16382, 0.1757, 0.19026, 0.20638, 0.22658, 0.24552, 0.26692, 0.2855, 0.30472, 0.32478, 0.34484, 0.36544, 0.38406, 0.39978, 0.41634, 0.43374, 0.44598, 0.45922, 0.46836, 0.4814, 0.48976, 0.50498, 0.51298, 0.5252, 0.5341, 0.5408, 0.54786, 0.55742, 0.56158, 0.57038, 0.57874, 0.57976, 0.58516, 0.59172, 0.5979, 0.60438, 0.60858, 0.61614, 0.6171, 0.6258]
test accuracy when lambda=0.65
[0.4379, 0.4732, 0.4901, 0.4958, 0.5052, 0.5013, 0.5104, 0.5038, 0.5013, 0.489, 0.4928, 0.4762, 0.4743, 0.4651, 0.4525, 0.4545, 0.451, 0.4434, 0.4338, 0.4293, 0.4251, 0.4133, 0.4172, 0.4085, 0.4191, 0.4105, 0.4098, 0.3992, 0.4057, 0.4049, 0.4007, 0.4019, 0.4067, 0.3996, 0.406, 0.4068, 0.4035, 0.4083, 0.4011, 0.4073, 0.4041, 0.4101, 0.4098, 0.4069, 0.4084, 0.4049, 0.3986, 0.403, 0.4108, 0.4037]
training accuracy when lambda=0.7
[0.10126, 0.10288, 0.1071, 0.1111, 0.11794, 0.12196, 0.13104, 0.13986, 0.15048, 0.16298, 0.18054, 0.20094, 0.22042, 0.24604, 0.2683, 0.2934, 0.31554, 0.33778, 0.36594, 0.38374, 0.40348, 0.424, 0.44424, 0.461, 0.47644, 0.48682, 0.50344, 0.51968, 0.5313, 0.53976, 0.55082, 0.56108, 0.57688, 0.5804, 0.58838, 0.5977, 0.60734, 0.61436, 0.6206, 0.62664, 0.63324, 0.64072, 0.64188, 0.64698, 0.65268, 0.65986, 0.6622, 0.6706, 0.67062, 0.67964]
test accuracy when lambda=0.7
[0.431, 0.4619, 0.478, 0.4896, 0.4965, 0.4946, 0.4919, 0.4837, 0.4816, 0.4711, 0.4595, 0.4564, 0.4396, 0.4345, 0.4204, 0.407, 0.41, 0.3952, 0.3822, 0.3859, 0.3781, 0.3733, 0.3855, 0.3792, 0.3783, 0.3771, 0.3693, 0.3707, 0.3743, 0.374, 0.3852, 0.3647, 0.3754, 0.3737, 0.3729, 0.3725, 0.3706, 0.3723, 0.376, 0.3768, 0.3811, 0.372, 0.3759, 0.3765, 0.3778, 0.3752, 0.376, 0.3775, 0.3684, 0.3786]
training accuracy when lambda=0.75
[0.09892, 0.10322, 0.10568, 0.11056, 0.11682, 0.1232, 0.13176, 0.14284, 0.15744, 0.17374, 0.19608, 0.21786, 0.24416, 0.27178, 0.29616, 0.3211, 0.34834, 0.37618, 0.39882, 0.42034, 0.44662, 0.46492, 0.48388, 0.5039, 0.51744, 0.52892, 0.5434, 0.55902, 0.57098, 0.5842, 0.59464, 0.60332, 0.6153, 0.62584, 0.63174, 0.63944, 0.6498, 0.65186, 0.66024, 0.66746, 0.66996, 0.68046, 0.6867, 0.69214, 0.69676, 0.69912, 0.70564, 0.70746, 0.71566, 0.71558]
test accuracy when lambda=0.75
[0.4029, 0.4461, 0.4535, 0.4683, 0.479, 0.4647, 0.4698, 0.4588, 0.4438, 0.4352, 0.4255, 0.4081, 0.3945, 0.3936, 0.3837, 0.3737, 0.3616, 0.3548, 0.3432, 0.3409, 0.3431, 0.3354, 0.3339, 0.3225, 0.3272, 0.3265, 0.3323, 0.328, 0.3229, 0.3303, 0.323, 0.3223, 0.3248, 0.3227, 0.3241, 0.3317, 0.3316, 0.3387, 0.3289, 0.3257, 0.3303, 0.33, 0.331, 0.3338, 0.3364, 0.333, 0.3312, 0.3322, 0.3375, 0.3339]
training accuracy when lambda=0.8
[0.10018, 0.10346, 0.10444, 0.11074, 0.11544, 0.1234, 0.1351, 0.14646, 0.16378, 0.1862, 0.20826, 0.23746, 0.2634, 0.29172, 0.31998, 0.3484, 0.37872, 0.40358, 0.42892, 0.45306, 0.47794, 0.493, 0.51922, 0.53404, 0.55066, 0.5686, 0.5793, 0.59426, 0.60668, 0.61846, 0.63048, 0.64068, 0.65276, 0.6569, 0.6685, 0.67514, 0.68712, 0.69358, 0.69616, 0.70632, 0.71168, 0.7154, 0.72072, 0.72758, 0.7305, 0.74038, 0.73842, 0.74562, 0.74852, 0.75036]
test accuracy when lambda=0.8
[0.3456, 0.4256, 0.4393, 0.4432, 0.4612, 0.4458, 0.4431, 0.42, 0.4148, 0.3938, 0.3681, 0.3537, 0.3422, 0.3285, 0.3176, 0.316, 0.3014, 0.2878, 0.2934, 0.2858, 0.2815, 0.2784, 0.283, 0.2779, 0.2832, 0.2824, 0.2778, 0.2812, 0.2788, 0.2862, 0.2851, 0.2961, 0.2851, 0.2867, 0.2878, 0.2871, 0.2796, 0.286, 0.2854, 0.2907, 0.2974, 0.293, 0.29, 0.2927, 0.2864, 0.2917, 0.2851, 0.298, 0.2968, 0.3003]
training accuracy when lambda=0.85
[0.09836, 0.10186, 0.10414, 0.11022, 0.11428, 0.12274, 0.13416, 0.14864, 0.16838, 0.19052, 0.21412, 0.24368, 0.2705, 0.29938, 0.3273, 0.35736, 0.3874, 0.41264, 0.43944, 0.46612, 0.48576, 0.50872, 0.52808, 0.54642, 0.56492, 0.58136, 0.59682, 0.61116, 0.6237, 0.63518, 0.64596, 0.65994, 0.66748, 0.68012, 0.68556, 0.69696, 0.70564, 0.71252, 0.71462, 0.72602, 0.73194, 0.73832, 0.74076, 0.7497, 0.75048, 0.75784, 0.7631, 0.76732, 0.77244, 0.7753]
test accuracy when lambda=0.85
[0.3066, 0.3608, 0.4078, 0.4104, 0.4106, 0.4116, 0.3982, 0.391, 0.3633, 0.348, 0.3287, 0.304, 0.2776, 0.2781, 0.2564, 0.2544, 0.2481, 0.2434, 0.2407, 0.2363, 0.2309, 0.2256, 0.2238, 0.2283, 0.2271, 0.2299, 0.2235, 0.2241, 0.2248, 0.2227, 0.2296, 0.2319, 0.2302, 0.2301, 0.2257, 0.2335, 0.2322, 0.2319, 0.2392, 0.2325, 0.2327, 0.2379, 0.2384, 0.2406, 0.2328, 0.2395, 0.24, 0.2404, 0.237, 0.2454]
training accuracy when lambda=0.9
[0.09986, 0.1014, 0.10162, 0.10606, 0.11262, 0.11904, 0.12874, 0.14486, 0.16598, 0.18986, 0.21828, 0.24396, 0.27202, 0.3032, 0.33572, 0.36466, 0.39852, 0.42634, 0.45168, 0.47564, 0.50424, 0.52124, 0.54624, 0.56812, 0.58288, 0.60262, 0.61586, 0.6291, 0.64288, 0.65414, 0.66818, 0.67526, 0.6892, 0.70224, 0.70426, 0.7156, 0.72666, 0.73306, 0.73978, 0.74362, 0.75478, 0.75442, 0.76464, 0.76742, 0.77152, 0.78078, 0.78284, 0.78794, 0.78844, 0.79512]
test accuracy when lambda=0.9
[0.2321, 0.3093, 0.3467, 0.3182, 0.3623, 0.3611, 0.3457, 0.3336, 0.2899, 0.2739, 0.2581, 0.2269, 0.2248, 0.2111, 0.1933, 0.1942, 0.195, 0.1919, 0.19, 0.1864, 0.1869, 0.1793, 0.1784, 0.1829, 0.1822, 0.1845, 0.1812, 0.1823, 0.1795, 0.1894, 0.1855, 0.1782, 0.1823, 0.182, 0.1886, 0.191, 0.19, 0.1872, 0.1905, 0.1886, 0.1929, 0.1958, 0.1907, 0.1978, 0.1891, 0.1938, 0.1983, 0.1909, 0.1998, 0.2003]
training accuracy when lambda=0.95
[0.09866, 0.09948, 0.10366, 0.1, 0.10478, 0.10612, 0.10738, 0.11272, 0.12016, 0.12952, 0.14378, 0.1618, 0.1795, 0.20136, 0.22778, 0.25292, 0.283, 0.3086, 0.33986, 0.36336, 0.39728, 0.41448, 0.44398, 0.46818, 0.4862, 0.51014, 0.5283, 0.5477, 0.5646, 0.58016, 0.5948, 0.60808, 0.62102, 0.63382, 0.64336, 0.65506, 0.66878, 0.67582, 0.68556, 0.69328, 0.701, 0.7037, 0.7159, 0.71816, 0.72616, 0.73464, 0.74124, 0.74564, 0.74892, 0.75764]
test accuracy when lambda=0.95
[0.14, 0.1048, 0.1526, 0.1737, 0.2046, 0.2052, 0.2319, 0.2224, 0.2071, 0.1942, 0.18, 0.1777, 0.1582, 0.1545, 0.1486, 0.1344, 0.1355, 0.1387, 0.1325, 0.1287, 0.1317, 0.1325, 0.1289, 0.124, 0.1298, 0.1332, 0.1252, 0.1271, 0.1299, 0.1295, 0.1357, 0.1277, 0.131, 0.1273, 0.126, 0.1339, 0.1303, 0.1298, 0.1371, 0.1349, 0.1359, 0.1392, 0.1354, 0.1331, 0.1277, 0.1342, 0.1411, 0.1385, 0.1347, 0.1411]
