[array([36177, 44785, 12649, 39069, 15520, 19942, 47981, 48241, 13543,
       48503, 26975, 29259, 10983, 49469, 47211, 26650, 13453, 42086,
       23172, 26084, 34257, 47148, 13916, 20765,  4935, 37964, 38128,
       17007, 18033, 25951, 17983, 23576,  1371,  4554, 16339, 20299,
       48881, 38347, 49254, 31052, 21256, 30405, 38995, 35255,  9334,
       26402, 41500, 30952, 39950, 23970, 45498, 41021,  9032, 48392,
        3105, 17928, 10377, 31624, 16303, 18579, 25360, 24760, 39280,
       43999, 33064,  5755, 34193, 46209, 47349, 32250, 19545, 28879,
        9069, 21082, 12624, 29030, 21323, 36084, 25907, 35932, 30113,
       48731, 19203, 17608, 27991, 18479, 19477, 47065,   667, 41522,
       47505, 44714, 24516, 23071, 35519, 17555, 44949, 22947,  2096,
       34054, 39675, 20921, 35862,  6655, 34266, 27360,   964, 17960,
       46525, 29082, 18269,  4237,  4534, 13564, 47804, 46004, 30531,
       46028,  1047, 20859, 16856, 41797, 29592, 19625, 18875,  3392,
       16994, 47794,  8385, 44345, 20731, 11221, 12287, 20546,  3501,
       38875, 13875, 40194, 20898, 36583, 19159, 23018, 15994, 33822,
       21681,  2250, 11795, 24438, 11794,  1989, 23665,  6664,   189,
       10005, 24733, 23641, 31287,  1386, 25628, 11468, 28274, 31990,
       43272,  2257, 26792, 18762, 18531, 17853, 17077, 37863, 39229,
        2174, 41425, 13238, 14718, 15888,  2775, 24339,  3535, 31658,
       24166, 39696,  1784, 17158, 49236, 39071,  3871, 30788, 30789,
       10826, 25299, 36183, 19873,  5298, 33687, 46719, 21145, 43419,
       17445, 40257, 12289, 13446, 44393, 37620, 37304, 20363, 45754,
       15297, 24934, 10236,  1545, 40628, 34935, 41453, 36111, 36809,
       29835, 47520,  4816, 30624, 40115,  6742,  1245, 36423, 41765,
        6797, 28687,  9253, 16841, 19530, 28755, 10041, 32643, 35209,
       44506, 18366, 42047, 12374, 11563, 40247,  1496,   805, 13457,
       45933, 34288, 48387, 38866, 13484, 47776, 26408, 32297, 45982,
       45101, 42295, 46176, 27753, 41166, 26394, 13541, 19404, 37082,
       34131, 38720, 23613,   324,  3723, 43548, 39561, 24207, 34984,
       42185,  5148, 47857, 32757, 45953, 23916, 35128, 44876, 23138,
       10602, 15210, 21080, 20698, 25470,  7302, 41848, 33296,  1467,
       20852, 37927, 12918, 36364, 40127, 29109, 12956, 44369, 41654,
        8973, 13034, 24835,  6910, 13052, 25707, 44446,  8946, 36130,
       40128,  7422,  1132, 41790, 44222,  7946, 30232, 17217, 36674,
       25275, 43212, 48114, 47184, 40211, 25136,  8165, 12743, 29766,
       33538, 36569,  8246, 12768,    47, 29681, 44260, 28791, 19068,
       24091, 38058, 31673, 28478, 28148,  9636, 38188, 47558,  9603,
       38654, 21729, 46561, 13230,  9921, 31597, 25753, 28397, 25991,
        1982, 48942,  1849, 48713, 27829, 28219, 21903, 38481,  5047,
        6189, 20142, 18588, 39153, 16220, 22192, 12553, 43936, 44019,
       24315, 12683, 33992, 47879, 26530, 26186, 13444, 26269, 33435,
       32809, 48353, 32775, 11489, 32761, 25725, 13074, 33751,  4807,
       33157, 45975,  5053, 11564, 19511, 12286,  4669, 19749, 25925,
       45739, 39475, 24655, 13588, 24983,  3708, 41718, 45451, 12788,
       12484,  4944,  4244, 19462, 41744,  9464, 16479, 16459, 44492,
       36060, 18998, 21411, 37731, 20151, 16175,  9381, 21546, 28551,
         191, 21588, 19055, 24041, 31360,  2114,   220, 40823, 21921,
       28258, 15555, 44715, 40879, 35442, 15527, 49456,  6348, 21159,
       20927, 40273, 43242, 36708, 44238, 29904, 46983,  8118, 29817,
       40382, 44270, 40185,  7513,  1363,  8428,  1071,  7357, 36450,
       29480, 44336, 37810,  7161, 16821, 18918, 17422,   106, 40588,
       36353, 47333, 31608, 18056, 15515, 22550, 13963,  6000, 49246,
         350, 42518, 41054, 35002, 11054, 10358,  2893, 23065, 37988,
       32394, 28059, 14498, 10863,   787, 14431, 37122, 14739, 42593,
       14293, 48696,  5328,  5337, 19213, 27842,  2558, 13840,  2573,
       37146, 44038, 26848, 35257, 36795,  3665, 43187, 34389, 20443,
       44329, 36401, 24971, 44182, 38117, 36411,  1219, 23629, 12837,
       33562,   755, 13609, 45588, 25071, 12738, 14040, 48420, 14137,
       38290, 25059, 44249, 36524, 36532, 12972, 14390, 20126, 20092,
       48854, 33863, 35262, 48846, 15881, 35895, 15866, 15634, 22357,
       37213, 35323, 22282, 15469, 22223, 48706, 48672, 22718, 44905,
        3096, 45552, 16746, 20956, 43074,   626, 24870, 20982, 42368,
       45385, 21160, 44444, 34999, 42953, 48937, 21422, 41905, 23597,
       13813, 48271, 47952,  6766, 25886, 19402, 11405, 41365,  4790,
        5880, 10588, 31986, 47345, 46702,   139, 32599,  6922, 39994,
       25663, 49461, 39519, 45790, 31247, 11981,   184, 47605, 27979,
       10283,  9990, 32783, 45931,  6312, 26219, 27645,  5196, 18414,
       39874, 41032,  9552, 11055, 31342, 32887, 26432,  9439,  7043,
       10704,  6131, 47290,  8441,   548, 29606, 29626, 17305, 10971,
       18776,  8442,   561, 38006,  5529, 26951,  5465, 32450, 30171,
       49496, 41289, 45705, 12464, 29283, 12307, 29509, 18893, 10872,
       29123, 47226, 22579, 14487, 42580, 23055, 48689, 42396, 17707,
       10215, 10303, 14183, 14181, 14577, 44062, 14601, 37516, 23218,
       38165, 32381, 34657, 48519, 34679, 46297, 14760, 48512,  2795,
       22983, 27580, 22807, 39231,  5549, 45126, 27060, 18398, 39707,
       49269, 23200, 10621, 25213, 31769, 30935, 29035, 29042, 18927,
        8892,  7113, 16848, 36396, 49073, 16908, 46885,  1387, 20294,
       43296, 36495, 36539, 36561, 47130,  8152, 49486, 20530, 29845,
       37886, 20492, 20441, 40302, 38264,  7836, 20630, 28903, 21167,
       28858,  6206, 31728, 18480,  9945, 28203, 35515,  2298, 39863,
       49437,  2177, 40816, 31410, 28417, 15967, 21677,  6640,  9395,
       47401, 28627,  6771,  9231,  6833, 38452, 18996, 21284, 16397,
       31074,  1003, 31067, 27848, 45184, 42525, 39501,   710,  3938,
       25092, 33178, 12983,  4914, 19386, 45681, 11381,  5345,  4360,
       12992, 19764, 25877, 12711, 34314, 47977, 25315, 33936, 12505,
       25490, 41651, 34053, 11682, 25478, 25023, 25563, 26894, 34116,
       11752, 18178, 37432, 13617, 11788,  3687, 25436, 25459,  4847,
       11557, 34395, 39235, 49353, 13896, 41308, 23894, 19790, 33755,
       11068, 45629, 26771, 11156, 11143,  5430, 33740, 41897, 19603,
       45280, 21915,  6832, 49006, 38594,  9653, 29181, 38565,  8838,
       38435, 30780, 19486, 35545,  6455, 35387, 29444,  5160, 37764,
       36211,  8646, 11583, 12214, 11687, 22194, 33721, 28136, 29373,
       29358, 12897,  9773,  5044, 13433,  7170, 31015, 28363, 13365,
       28965,  9429, 24739, 48902, 17948,  6725, 21486, 32977, 25893,
       31295, 25854, 29018, 21357, 44522, 21414, 37737, 18611, 18617,
       40683, 38456,  6661, 31107,  4002, 29157, 37746, 36948, 25783,
       28438, 40777, 36938,  6876, 44592, 20095, 31317, 37710, 16780,
       43781, 40663, 19730, 47360, 16051, 21632,  2151,  1121, 30617,
       10573, 18363, 32553, 43892,  3033, 30289, 26665, 12712, 32139,
        2984, 30374, 47697, 23038, 23036, 27355, 41754, 48612, 36429,
        8201, 38082, 10555, 27476, 38822, 36572, 46207, 41179, 14074,
       19835, 30160, 20408,  1153, 25308,  3298, 23596, 18321, 14314,
       23484, 11203, 26720, 12685, 29995, 32542, 10871, 23334, 34726,
        7724,   390, 39629, 43752, 36876, 15165, 39047, 43173, 15084,
       18737,  6009, 30586, 13553,  2649,   427, 39198, 11509, 34097,
       22526, 15189, 45582, 10345, 11518, 26397, 35133,    62, 42620,
       43622,  8533, 11450, 11460, 35074,  5934, 29616,  6161, 32008,
       48100,   549, 29577, 24208, 30619, 39315,  4261, 44226, 12237,
       45528, 20743, 30049, 44406, 25229,  4255, 12386, 29722,  8678,
       33206, 20600, 39310, 41818,  8341, 36377, 29782,  7064, 29202,
       12564, 30904,  1380, 36336,  4196, 12993, 29853, 16726, 13005,
        8282,  4680,  1213,  8057,  7224, 48070,  8551,  3353,  4737,
       32045, 11392, 22935, 38756,  2856, 35011, 35012,  2798,  2797,
       22773,  3612, 41046, 22720, 10426, 22683, 11482, 35142, 15082,
        2686, 11504,  2615, 41010,  5228, 48692, 14780, 47834, 11045,
        3318, 46125, 11073, 34405, 45169, 26964, 42288, 27004, 45274,
        5858, 10910, 47750, 41164, 14533, 41124, 34814, 39520, 32140,
       34890, 46249, 27333, 10884, 22434, 27697, 34091, 45884, 35779,
       28453,  2082, 46598, 21606, 25962, 25932, 33826, 16173,  6555,
       31235, 21447,  9173, 21317,  4763, 33744, 44463, 40659, 24778,
       31061, 39345, 48242,  2157, 26144, 38568, 39465, 10204, 22401,
       27827, 35289, 27847, 24314, 35331,  2444, 22239, 11576, 46427,
        6370,  6376,  9827, 26246, 42698, 42722,  9771, 31495, 15722,
       28310, 24428, 16551,  2146, 49499,   771, 17450, 18502, 18520,
       17444, 19279, 17924, 18419, 20247, 19565, 37169, 19516, 49248,
       19550, 17893, 37123,   569,   445,   820,   309, 20259, 38752,
       38099, 21235, 29656, 30475, 20611, 17457, 22208, 45839, 22557,
       31355, 17078, 48474,   863, 29651, 34036, 27698,  7926,  1267,
       31890,  6074, 24605, 25987,  4931,  3613, 27854, 30853, 36596,
       34262, 46232, 29631, 20816, 37578, 23848, 33598, 41593,  8346,
       42977, 30837, 38008, 32995,  4804, 21262, 17134, 47989, 17872,
        5251, 33946,  4879, 41221, 33861, 48972, 38466, 33586, 33187,
       31349, 48747, 35299, 14221,  9462, 18199, 16948, 43429, 15226,
       31326,  9160, 47311,  6279, 44815, 42619,  5167, 27781, 13103,
       26351, 38348, 17413, 17409,  5136, 40928, 26374, 43545,  7667,
        8086, 39458, 20252, 47892, 23933, 18191, 10763, 17932, 22264,
       15431,  6983, 19774, 17027, 11836,  3848, 22306, 31299, 29800,
       14334, 33805, 41881, 18678, 19303, 22352, 47772, 41209, 33782,
       48426, 40015, 14213, 10927, 38369, 32827, 38166, 23956, 12828,
       29635, 39937, 27917, 25166,  7178, 15709, 27372, 31179, 14702,
        6756,  2949,  5429,  2283, 41745,  5366,  6724, 12261, 31375,
       29460,  3014, 20090, 31956, 48897, 10428, 38518, 10093, 27416,
       41268, 44130, 13263, 48080, 37289, 47682,  8563,  5378, 15042,
        7345,  5877, 13334, 25500, 45333, 28840, 49259, 37511,    76,
       31205,  8791, 13584, 28124, 23814,  1097, 33404, 36700, 15607,
       26796,  2329, 17150, 23147, 37218, 24081, 46465, 35600, 45200,
       12421, 25255,   936,  4346, 23297,   522, 25344, 47190, 15908,
       14015, 10474, 15907,  3422,  2783, 18823,   308, 18083, 28517,
       30653, 35625, 18078, 37611, 29019,  7315, 38541, 43077, 36305,
       25433, 15991, 39655, 24819, 44807, 37948, 38043,  8654, 37308,
        9291, 42456, 35657, 14825, 17645, 46689,  1492, 12555, 29410,
       41473, 10488, 46824, 15935, 20253, 27064, 20120, 35005, 15802,
       43715, 44138, 22381, 23524, 41470,  6641, 46290, 21773, 16806,
       13659, 29064, 12040, 42912, 33594, 32117, 35513, 48158, 15669,
        8339, 27218, 33227, 39057,  6061, 29518, 28162, 13490,  8780,
        2894, 31258, 48598, 25776, 33570,  5791,  9376, 12181, 20162,
       17503, 37843, 12076, 39200, 21475,  1811, 12784, 33020, 47277,
        4336, 42992, 46874, 37191, 42867, 39401,  1667, 45879, 24187,
       12648, 47141,  7534, 45369, 39178, 38982, 25485,   111, 34025,
       15394, 40061, 42669, 33467, 27178,  9968,   160, 39727,  8301,
        8299, 24279, 47494, 27131, 37381, 18518,  3174, 38416,  1698,
       43976, 19504, 45115,  9971, 20815,  8922, 31001, 23651, 38011,
       22829, 45164, 33788, 18644, 37501, 44250, 40340, 20506, 28880,
       19974, 31339, 15211, 36774, 23680,  1419, 41245, 33931, 47589,
       27894, 44088, 26414,  3366, 45461, 39998,  3452, 17046, 22881,
       27817, 28805, 47777, 44937, 31419, 37537,  1370,  7760, 17028,
        9649, 40978, 40241,  7968,  3322,  1379, 48679, 23840, 11343,
       41952,  6971, 41979, 33784,  7671, 26786,  5431, 20385, 20773,
         377, 46586, 43582, 32736, 13324, 30128, 44089, 49306, 39923,
       48676, 37902,  9063,  5287, 14895, 49159, 21786, 39725,  9138,
       46914,  7822,  3806, 44155,  4298, 36959,  3800, 36615, 45087,
       33419, 27867, 46238, 30547, 48536, 21761, 48009, 14449, 14239,
       12074, 29130, 33369, 20395, 20601, 32384, 23852, 36192,  1707,
       16521, 20006, 29388, 10022, 15173, 11139, 29380, 29697, 16545,
       24439, 12961, 45654, 17550, 21859, 26984, 24022, 34283, 27640,
       36541, 40240, 48646, 32186,  7086, 46303,   615,  4235, 27828,
         898, 40849, 46652, 10310, 36023, 29426, 37322, 34121, 14694,
        9102, 27391,  1207, 38511, 46876, 14122, 18061, 17698,  6921,
       36933, 23753, 46555,  1220,   854, 30071,  6727, 34104, 38519,
       16004, 29462, 22775, 31711,  6369,  4429, 49432, 16080, 40896,
       29316, 32444, 31208, 48656,  5988,  5382,  8722, 23115, 10074,
        8766, 40876, 18594, 47374, 33544, 49266,  9807, 18743, 16253,
       48924, 41637, 39342,  5920, 39205, 41827, 18307,  2206, 18869,
       39110, 20150,  3089, 40886, 47513, 33432, 17178, 10044, 48309,
       21906,  7373, 40961, 49128,  6928, 13243, 10946, 33167, 34515,
       46108,  3649, 35633,  1868, 49003, 25282, 16731, 10877, 42269,
       44176, 15195,  7680,  5700, 41530, 18934, 30328,  9001, 32345,
        3488, 21084, 44065,   261, 26278, 23485, 26433,  3895,  9724,
       20282, 49045, 31855, 24801,   221, 16970, 34634, 21039, 32828,
       27136, 10187, 17986, 45157, 41526, 38975,  8108, 14851, 15196,
        9518, 21012,  1385, 16674, 38889, 40668, 19475, 32773, 30951,
       45253, 37881, 29045, 24879,  2455, 40380, 32910, 27997, 24762,
        7564, 48707,  7563, 28475, 34773, 45752, 25612, 17933, 18514,
        8477, 45317, 10239,  2327, 26678,  6709, 24126,  8016, 36662,
        8965, 47302, 36669,  4169, 41477, 23508,  5034, 32105,  9440,
        9818, 20959, 10185, 18701, 23301, 46446,  4714,  4334,  9251,
       35321, 14720,  9175,  4156, 43320,  5817, 37691, 24829,  4700,
       16163, 15081, 18370, 10924, 33997,  6711,   895, 17524, 40670,
       19138,  1049,  1142, 27035, 38079,  9129, 43865,   243,  2858,
       40271, 17255, 27924,  5172, 44793, 40890,  7863,  7824, 30944,
       18665, 49164,  9292, 29394, 47660, 29396,  9877,   933, 34885,
         307, 32480, 24515,  6888,   441, 15886,  9506, 42196, 20758,
       31049,  7622, 12662,  6784, 12812, 25539, 47518, 22669, 11237,
       44125, 48077, 23525, 36672, 38277, 47754, 19029, 30738, 28108,
       39939, 15789,  6907, 47473, 30648,  7630, 27574, 43103, 15752,
       44580, 27427, 39946, 34174, 26263, 38355, 48020, 16894, 18868,
       40420, 25976, 43178, 49378, 13989, 30433, 47574, 47607, 36116,
        6077, 18681, 10242, 20300, 15560, 17667, 46361, 22978, 11832,
       37165, 48769,  8864,  8304, 46432, 41948, 30020, 40689, 11975,
       24318, 36179, 39895, 33943, 36880, 40155, 10245, 27159,  2905,
       40933, 22889, 38053, 12093, 15399, 27168, 26065,  7049, 35185,
       14185,  7570,  5712, 41829, 22577, 10313, 38057, 35460, 27237,
       36906, 13498, 22843,  7713, 16644, 11305, 40181, 30628, 16005,
        8924, 45481,  2899, 13114, 45175, 25454, 41456, 25215, 22709,
       10580, 42253, 10540,  5742, 19507,  7538,  5472,  2658, 24657,
        1324, 47353, 27749, 34818, 27676, 14047,  2403,   730, 37046,
       27570, 21049, 17082, 21043, 44063,  3971, 49343, 37217,  2622,
        5415, 24254, 46838, 36397, 38321, 21798,  2566, 28246, 49193,
       32925, 25270, 49280, 21164, 13452, 41043, 36205, 46307, 26787,
       45545, 10219, 19982, 33747, 32359, 38663,  2776, 27722, 27536,
       15258, 49160, 32653,  8103, 48121, 46283, 42530, 26544, 24450,
       10887, 23119]), array([23970,  4237, 32297, 47211, 16821, 11795, 15555, 37964, 38347,
       44785, 39675, 19942, 41021, 46525, 11563, 49469, 11468, 23576,
       29109, 41797, 26402, 17928, 42086, 12711, 47065, 25951, 12649,
       48392,  9069, 25360, 44260,   667, 12289, 18579, 17007, 16994,
       24516, 18269, 13916, 39153, 48881, 22192, 13446,  9334, 40115,
       21256, 11221, 13453, 15881, 47349, 10983, 39950, 45975, 12374,
       13564, 40879, 48353, 21323,  1047, 47148, 12287, 24760, 35209,
        6742, 21145,  1496, 47505, 31052, 24438,  9636, 30113, 32809,
       24934, 49254, 18479,  6910, 39071, 39069, 43419, 28274, 17960,
       25628, 10236, 29592, 21681, 46028,   964, 45451, 18033, 41522,
       15888, 28755,  3687, 26084,  1363, 41500, 35255, 40588, 13457,
       35257, 12286, 13875, 11794,  3535, 35519, 13543, 19625, 16339,
       14431, 26650, 26975, 48241, 36353, 20921, 40247, 23172, 47794,
       20126, 39696, 28879, 20898, 35862, 40194, 32773,  3105, 20546,
       31287, 36084,  2257, 42580, 20731, 49236, 24166, 20765, 38128,
        6655, 29283,  1132, 41765,  8385, 17608, 16303, 19530, 19545,
       31624, 21082, 36177, 47605, 17555, 33751,  4935, 39229, 41790,
       32542, 16856, 29082, 13238, 15520, 44345, 29030, 33538, 13074,
       17445,  4944, 26269, 15515, 15994, 10041, 10215, 44446, 34193,
       34257, 34054, 46719,  5755, 31673,  1245,  3871, 45184, 19477,
       34389, 30405,  3501, 43296, 23916, 38058, 41425, 19873, 47981,
       45884, 37731, 43212, 49461,  9381,  4534, 37620, 23071,  2775,
       31360, 36060, 22947,  9439, 32761, 10358, 19203, 30171, 48696,
       38995, 17983, 29766, 12683, 12624, 48942, 44506, 29835, 36674,
       25299,   309, 44876, 38866, 34935, 40628, 12307,  3708, 18762,
        4360, 24733, 45982, 35074, 35128,   710, 13813, 48387, 41166,
       15297, 27991, 41054, 40257, 33178, 14718, 14739, 40659, 44905,
       15469, 27360, 10377, 37146, 46561,  1545, 24339, 38290,  9552,
       23665, 23641, 37863,  6664, 35932, 20299, 45588, 47184, 23065,
       36111,  6348, 22807,  9395, 21080, 22550, 21159, 10863, 22223,
       21729, 23018, 33687, 19068,  7946, 26792,  5196, 33822,  2573,
       16780, 10005, 26432, 26394, 39519, 17217, 38565, 48672, 26051,
         548, 34266, 39235,  2177, 25753, 34657, 25275,  3392, 38720,
       26186, 41308, 33936, 12553, 29509,  8246, 11752,  8428, 32757,
        4790, 12484, 13840, 29904, 11055, 45157, 47776, 12918, 41654,
       42047, 42185, 31990, 13541, 44714, 12743, 32643,  5430, 11203,
        1982,  1989,  7513, 31107, 11583, 29259, 30624, 30232, 43272,
       12214,  2114, 13052,  2984,  2096, 20162, 17707, 29018, 32599,
       49159, 36795, 30531, 17077, 20151, 20956,  3033, 40185, 12768,
       48846,  8946,  5047,  8838, 47520, 17853, 41848, 40273, 12738,
       21043, 30952, 42953, 32250, 45931, 47952, 10704, 48158, 43999,
        2157, 23629, 37516, 11482, 31355,  6312,   189, 22983, 16459,
       20630,  6189, 34288, 11460, 25991,  2893, 25907, 29616, 20859,
       11489, 20852, 16175, 39198,   787, 37810, 34314, 30619, 47290,
        6000, 45582, 32139, 49456, 31658,  5148, 24835, 21546, 10588,
       12464, 31728, 48731, 32775, 36561, 25500,  6797, 27829, 21411,
       45498,  9032, 45739, 19386, 45528, 28059, 28397,  4554, 38452,
       41289, 21761, 48114, 33064, 38481, 28219, 18875,  6766, 30202,
       21921, 31890,  3096, 31067, 27848, 23218, 24207, 15210, 47130,
       28627, 19404, 33432, 42593, 33435, 11156, 35442, 18321, 15431,
       44222, 19055, 25663,  2558, 30049, 29722,  4804, 25478, 46702,
        5465, 29681, 24655, 11981,  6876, 12237, 34097, 18737, 48706,
       18918, 44715,  1386, 25490, 18056, 24208, 47277, 29626, 45953,
       43936, 35299, 38188,   139, 46004,  6724, 19402, 29606, 12956,
       37988, 44949,  2798,  8165, 24091, 39280, 17450, 29651,  5337,
       19462, 24314, 24870, 47558, 38654, 38117, 32186,   805, 31608,
       31495, 40380, 48503, 27979, 36583, 36569, 47879, 40382, 44369,
       22239, 26894, 14780,  3723, 11381, 39994, 33296, 29042, 22357,
       29035, 40127, 40128, 27580, 36429, 28903, 48972, 36423, 21167,
       47804,  8441, 45754, 47360, 14334, 26771, 22194, 11564, 23138,
       10971,  1784, 31410, 28148, 44062, 28136, 28258,  7680, 13963,
       13230, 26720, 36809, 20259,  4669, 20492, 38875,  7170, 21903,
       41453, 15084, 25308,  7422, 29817, 37213, 18927, 34679,  8152,
       27476, 43074,   626,  7315, 25436,  1371, 36401, 48937, 25470,
       28687, 32887, 14293, 44226, 34999, 24819, 19213, 18588, 46209,
       28478, 36959, 18531, 27894, 18520,   350,  5053, 40978, 47345,
       31247, 46249, 37082, 10826, 42368, 47857, 40823, 49128,  5328,
       46513,  6833,  7224, 47697, 41179, 44065, 35323, 41827, 37217,
        5228, 32381, 46983,    47,  5880, 44592, 13005, 23038, 39345,
       16397, 19511,  4807, 22935, 19764, 20743, 29123, 48420, 13433,
         220, 34131, 37737, 44329, 29410, 29373, 41897,  9464, 44336,
       37927, 20142, 17134, 48854,  1849, 29202,  2795, 20443, 13034,
       39501, 13444,  9603, 16220, 22718, 25783, 13484, 35515, 39231,
        7357, 39057, 43781, 15709,  3848, 15634, 29656,  8346,  4816,
       15527, 36364, 41593,  1071, 15907, 37289, 30944, 42912, 44393,
        5431,  6725, 11788, 30289,  7570, 31208, 36183, 31326,  4847,
          62, 47333, 11557, 31061,  9253, 23297, 23200, 30160, 11518,
       20363, 22352,   106, 24315,  6640, 23848, 45933,  7713, 11143,
       11054,  1219, 23613, 35387, 31769,  7836,  3800, 21915, 36524,
       21475, 35657, 30586, 14040, 41744, 29157, 26351, 29444, 48689,
       27698, 25877,  8922, 48692,  1707, 46361, 14760, 12788, 25773,
       27753, 46176, 17893, 10283, 10303, 40211, 48070, 45126, 14601,
       12983,  4879, 34116, 17150, 33586, 40302,   243, 32553,  2649,
       33562, 13609,  7178, 13617,  2174, 45280, 27372, 17409, 27391,
       17457,  7161, 46885, 15189, 39401, 48009, 28965, 48713, 38752,
        6832, 18480, 28417, 48519, 14183,  4715, 18414, 28124,  8201,
       41754,  6771, 38568, 45101, 35012, 41745, 32340, 10022, 28438,
       18366, 32450, 43622, 26408, 38928, 48656,  8973, 13334, 25315,
       44249, 29845, 39561, 33998, 16908,  4002, 38435, 15866, 26848,
        2151, 45629, 39874, 22720, 11405,  8057, 31317, 32394, 39937,
        7043,  2146, 22881, 30935,  7064, 16173, 20927, 44019, 36450,
       20982, 21486, 36669,  1003, 21588, 49496,  8533, 10426, 46207,
       36708, 28203, 41209, 21677, 10872, 14015,  5298, 28310, 32977,
        9231, 47705, 48512,  4914, 22577, 22557, 27333, 10242, 27645,
       43548, 41032, 22282, 48953, 22208, 40928, 14533, 36541, 21422,
       14498, 28551, 20600, 47892, 39786, 12712,   771, 19603, 17645,
       25932, 45552, 38006,   569,   561, 23753, 17524, 19790, 42698,
        6928,  9945, 23597, 29480, 30433, 29782, 44182, 19504, 30128,
       43892,  3938, 42525, 42456, 24739, 19159,  9771, 43976, 31763,
       25136, 18363, 24187, 25213, 45169, 48271, 19486, 42620, 47777,
        1467, 21773, 41881,  2283, 31375, 20294, 30788, 20092, 34053,
        4244, 16841, 10540, 37881, 39629, 46108, 16848, 10555, 39458,
         191, 12421, 18518, 11392, 41046, 38822, 12505,  9429, 13896,
       43187, 36933,  7724,  2017, 14137, 42518, 10044, 39863, 41245,
       48612, 37432, 18776, 38355, 16726, 44937, 42295, 18061,  9653,
       20816, 15607, 41829, 41718, 21160, 45274, 12992,  4808, 15752,
       41905, 19835, 17267,  4680, 48077, 37218, 21039, 40340, 37886,
        6921, 13452, 19749, 17082, 17178, 45333, 39047, 39520,  9534,
       17872, 12837, 21284,  9968, 20144, 17078, 44038, 42722, 37764,
       14825, 45681, 41477, 37948, 25344,  5529, 49259,  8646, 35133,
        2856, 23055,  3318, 24778, 35011,  5382, 49246,  2858, 33598,
       47374, 36205, 49437, 26093,  6376,  9251, 45790, 24971, 27035,
          76, 47750, 49266, 29358, 27416,  5366, 33187, 33992, 35289,
       27867, 24041, 47682, 23933, 27842, 46238,  6131, 36411, 47401,
        8442,   261, 28791, 25563, 28858, 28880, 32480, 29019, 47977,
        3014, 49269,  3298, 30617, 36023, 25092, 31235,  5345,  8086,
       46303, 31295, 25023, 25886, 26951, 25229, 49486, 36662, 30789,
       22264, 34726, 31342, 36532, 33755, 22381, 31299, 45705,  9138,
       23525,  2797, 14895, 44270,  9827, 35625, 38369, 25282, 13490,
       37165, 35185,  5877,  5859,  5287, 21447, 40420, 29388, 15394,
       29380, 25725, 20120, 29181,  1153, 20095, 13365, 20090, 15081,
        3917, 27640,  5251, 19279,  8551,  7302, 11045, 36774, 18178,
        2783,  2444, 24081, 41124, 35361, 33157, 14390, 35331, 10877,
       38099, 35600, 31258, 24318,  2905,  5495, 31074, 47660, 49353,
       23814, 23829, 40886,  3353, 17932,   730, 27827, 32821, 32827,
        7024, 14181,  6756, 37710, 19372,  3665, 16731, 24829, 31956,
       25893, 25071, 24790,  1097, 34984,  2615,  4372, 38594,  8282,
       26144, 45087, 34405, 18678, 10621, 43807, 36130,  4763,  9921,
       37304, 12181, 44238,  5172, 10602, 27060, 22775, 12074, 27120,
       33826, 36211, 24605,  8108, 42042, 11682, 48242, 35142, 18893,
        4931,  8341, 20385, 15967, 44444, 22434, 47574, 42682, 11450,
       26665, 31349, 33570, 45329, 22526,  5754,   549, 46297, 10313,
       25459, 15669, 27917, 40155, 43676, 14577, 10074,  4346, 33946,
       38982, 46432, 38238, 40933, 38264,   403, 44406, 18398, 10219,
       38456,  8780, 24495,  8654, 44250, 18996, 16479, 33740, 46914,
        1380, 40285, 38756, 19138, 15226, 33594, 15196, 15165, 40619,
        7822, 47589, 25498, 33784, 15722, 35002, 18191, 40061, 15802,
       45200, 33404, 40240, 21786, 27981,  7534, 21012, 42619, 31791,
       22773, 17305, 22829, 42396, 44117, 36116, 29995, 12322, 45814,
         863, 29903, 20611, 46465, 20601, 31986, 32008,  4737, 17255,
       26246,   531, 36021, 22579, 20441, 30547, 30585, 43173, 47834,
       11068, 21606, 48309, 36938,  8892, 25925, 10763, 34283,  9291,
       36539, 21414, 36517, 21357, 30853, 36495, 37123, 21262, 44088,
       21235, 22306, 44089, 11687, 30613, 36377, 43715,  5044, 32117,
       23524, 20395, 19770,  7345,  1811, 48474, 23809, 17924, 10474,
       32783, 44522, 32819,  1204, 41268, 46427,   308, 17444,  4196,
       14239, 32995, 23956, 16970,  4156, 44492,   755, 23508, 23487,
       28840, 35895, 44125, 47302, 10573,   522,  7373,  5312,   519,
       20253, 13103, 41651, 29394, 44328, 13243,  6206, 35779,   221,
       19980, 37843, 13263, 33931, 16806, 17158, 48219, 39575, 26596,
       45385, 39315, 26796, 46521,  1492, 33861, 16521, 17046,  9971,
        5803,  8804, 34174, 34262, 26530, 26374, 32925,  5791, 29045,
        5160, 32345, 41818,  2327,  2329, 12961, 42009, 29635, 29697,
        8339, 12662, 48100, 32045, 12639, 29800,  8301, 31015, 11237,
        2082, 42951, 30904,  2686,  5549, 11504,  7538, 30328, 45096,
       31855, 30020, 42310, 11576, 13553, 13588,  3060, 33412,  2658,
       43582, 49248, 27131,  7113, 15211, 33643, 27016, 16004,   441,
         445,  2298, 33721, 15908, 46586, 27570, 45253, 28517, 41365,
       14221, 33020, 28108, 41164, 40670, 27986, 27854, 41010, 33206,
       27847, 27817, 40763, 14441,  6922,  7667, 48208, 20698, 20736,
        6369,  6607,  2250, 38165,  6370, 25707, 24022,  8942,  3649,
       38379,  7808,  6009, 37629, 17933, 34890,  3422, 25485, 23119,
        3895, 23147, 20408,  1387, 17986,  6279, 20506, 19303, 38208,
       24302, 47385,  1379, 37501,  6258, 18370, 19053, 34885, 36596,
        6455, 39200, 36672, 39205, 19597, 18975,  9129,  3327, 48924,
       37831, 21700,  6161,  9649, 18869, 47499, 18617, 36876, 24857,
       49073,  3488,  9160, 18502,  6074, 21317,  9371, 45654, 25854,
         933, 39178, 37122, 18514, 32891, 47226, 19546, 28363, 10428,
       28162,  3490,  1220, 25962, 32828, 32736, 14122, 14714, 10310,
       27136, 44463, 27355,  4392,  3452, 35177,  8593, 18998, 33419,
       38392, 45265, 27536,  8563, 33353, 27586, 40683,  5741, 43545,
       47989, 38345, 40890, 35262, 40961, 14604,  5700, 24279, 15082,
        6711, 34311, 19774, 12040, 22683, 11980,  8118, 11836, 30475,
       11832,   898, 36301, 31597, 36396, 42669, 22401,  9376, 30837,
        7563, 48902, 10871, 31179, 21798, 10884, 10924, 44996,  1959,
        5415,  8016,  5429, 11171, 47838, 22169, 37067, 43103,  7340,
       47311, 12261, 19974,  2533, 32359, 13294, 29254, 37746, 23401,
       23334,  6661,  3746, 32196, 29518, 32140, 12993, 29577, 47754,
       29631, 12396, 22981,  6641, 49006, 12555, 29853, 47772, 37511,
       23036, 12648, 37611, 35996,  9462, 23115, 42159, 12972, 39725,
       34395, 18188, 18199, 48598,  3309, 26397, 27064, 18594, 18078,
       15886, 25215, 16059,  3414, 24983, 34461, 25059, 27004, 26984,
       17422, 48676, 39923,  4235,  4255, 25433,  3322, 16557, 48703,
       26433, 39236,  9788, 43752, 40015, 25454, 34814, 31711, 41979,
       39475, 34091, 46437, 33681,  9001, 40976,  7824,  1251,  8743,
       31643, 12897, 38321,  8766, 33863, 39465, 30575,  1049, 14720,
       16748, 49398, 19730,  9518, 28475, 13856, 42253,  8299,  5858,
       31911, 25374,   307, 45352, 33782, 23887, 32910, 23894, 34773,
       46232,  3612, 47141,  3366, 12685, 27997, 41456, 36179, 38348,
       28638,  5472, 39655, 34426, 14487, 26314, 36076,  5988,  2949,
       30616,  9787, 40849, 43242, 42977, 15935, 15277,  9773, 32434,
        9292, 29102, 31276, 40181, 47494, 49378, 24568, 32384, 11073,
       17503, 18743, 10910, 25976, 24801, 27144, 22036,  2899, 18823,
       49031, 49164, 15597, 43991, 44580,  9063, 37847, 33997, 33369,
       21374, 15042, 17698,  9322, 10256, 49160, 10500, 29547, 26219,
        7926, 40816, 11555,  5378, 34642, 47518, 27574, 40655, 39727,
        5920, 41637, 24439, 32489, 30951, 15180, 20247, 19982,  8791,
       16910, 48426, 29646, 39733,  6983, 20266, 45461, 45839, 32033,
       20552, 29714, 25539, 38975, 29396, 29460, 37691, 34515,  1385,
       43381, 35005, 17948, 11509, 43266, 26195, 39408,  7564, 43718,
       42867, 11415, 31344,  9877, 11307, 47032, 30780,  1006,  6479,
       42992, 17413, 25935, 11139, 11103, 36906, 21864, 48679,  7671,
       46628, 43178, 36948, 30738, 48897, 30648, 20632, 37473,   507,
       42288, 29986, 30005, 46446, 34036, 30071, 46290, 20815, 36192,
       30108, 12093, 12076, 22709,   111, 31786, 36267, 41768,  6907,
       34104, 21084,  6555, 36397, 45752, 34121,  9999, 34634, 29195,
        5069, 38082, 19565,  4570,  3522,   377, 41332,  4461, 13989,
        4298, 38277, 18083, 45164,  4458, 15173, 38043, 15195,  8580,
       41473, 16017, 38416, 24428,  9128, 49306, 47607,  7273, 45545,
       16163, 10345, 35321, 38166, 47473, 45481, 14380,  1708,  5712,
        3862, 27722, 19475, 48536, 19516, 10354, 27427, 16253,  8678,
       18868, 49218, 23594, 27178, 10204, 20006, 10185, 48747,  4714,
       28805, 13584, 27218, 23596, 38518, 44165, 16558, 16529, 38519,
        3958, 18794, 38541, 32382,   820, 40282, 49045, 40297, 27697,
        5364, 25987, 21164, 27749, 24498, 30603, 18611, 15789,  5167,
       25975, 24381, 27781, 34840,  9724,  2637, 17782, 27828, 46076,
       39998, 16141, 45429, 21859,  8092, 45717, 21906, 17378,  4429,
        8742, 21632, 10245, 27062, 31040, 33467, 31334,  6077, 16051,
       45208, 19069, 45264, 15538, 47358, 16080, 46307,  1419, 15018,
       48769, 38663, 40777, 14851, 31125, 44815, 39171, 15161,  1370,
       11843,   465, 46483,  2206, 13735, 28637, 34555, 33943, 28631,
       10488,  3034, 37578,  3738, 34529,  8477, 43453, 20988, 46283,
       28453, 26506]), array([40247, 46028, 20765, 36084, 47349, 18269, 39950, 32297,  9069,
       16303, 29109, 24516, 37964, 16994, 41522, 11563, 39069, 10236,
        9334, 10983, 17007, 18579, 48881, 23970, 14431, 20859, 24733,
       20921, 34054, 19530, 24166, 28258, 19404,   667, 15515,  3501,
       35128, 41745, 26084, 24760, 45884, 41308, 44369, 20299, 37863,
       47211, 25951, 13875, 47184, 10704, 19203, 19942, 34257, 22947,
       13916, 43419,  4935,  9552, 17608, 21903, 40588, 25360, 26975,
        5755, 29606, 31052, 36177, 21256, 12374, 36111, 49236, 38995,
       49254, 49469, 47065, 36583, 33538, 18033, 21729, 21681, 47148,
       13564, 17960, 12649, 38347, 13446, 17983,  3535, 48942, 45498,
       28755, 12711,  6876, 44345,   787, 11221, 15888, 12624, 29157,
       40194, 21145, 12289, 12553, 25628,  6312, 44714, 21082, 23018,
       38128, 24339, 15520, 47505, 41021, 30586, 15555, 29082, 23576,
        2775, 28274, 34193, 31624, 22223, 41166, 40302, 13052,  9381,
       25907,  8246, 48696, 47981, 39675, 10041, 16856, 10358, 35932,
       35257,  4237, 28397, 26432, 30113, 35442, 13541, 20546, 13543,
       42086, 29592, 42185,  1245, 26402, 10005, 46004, 41797,  2096,
       46525, 47879, 31990, 48731, 39874, 31287, 41500,  3105, 47794,
       20126, 17928,  7302, 37731, 13238, 41765,  4554, 34935, 48392,
       29766,  1496, 18875, 28879, 45184, 12286, 12287, 14183, 26792,
        3723, 36429, 33064, 40257, 42953, 17853, 18479, 48241, 30952,
       36674, 43074,  3708,  3392, 38866, 17445, 47345,   350,  8428,
       44260,  4196, 20898, 10377, 26186, 20852, 41848, 37988, 11392,
        6833, 34131,  2114, 20731,   964, 10863, 34657,  5337, 31658,
       11055, 44329, 16397, 17217, 38058, 11518, 21546,  8385, 24655,
       11795, 11794, 44785, 21159, 35519, 41054, 42047, 21080, 17077,
       26269, 19402,  6664, 35255, 19462, 35209, 30619, 45588, 13457,
       24438, 39561, 24819,    47, 45982, 45975, 23172, 13074, 28551,
       45754, 39235, 24870, 32809, 23071, 16459, 31247, 32761,  4790,
       44222, 24934, 19068, 19055, 33296, 48114,  4534,  6189, 26394,
       23065,  6206, 30624, 18762, 12956, 18737, 22282, 45451, 30531,
       31769, 35862, 48503, 22357,  2893, 39696,  6910, 48612,  2795,
        4804, 38452, 46719, 20151, 21411, 16175, 16173, 19873,  4914,
       41425, 21323, 30232,  6348, 15297, 45953, 47776, 19625,  4944,
       25500, 48672, 23138, 46249, 10826, 41897, 34266,   189, 27360,
       34679, 41453,  1371, 29259,  3687, 39153,   309, 48353, 11405,
       42518, 11482,  9636, 32250,  9032, 36364, 36353, 12743, 29904,
        2984, 13453, 23933,  8946, 34097, 39071, 12768,  6742, 20956,
       17555, 40115,  6655, 32643, 22550,  6797, 30788, 32139, 11752,
       26650, 29817, 11460, 45552, 36423, 11468, 40628, 11489,  2558,
       38720, 21167, 40185,  7024, 19511, 16908, 45739, 31360, 15994,
       36411,  3033,  5298, 15210, 33751,  2257,   106, 24207, 16339,
       47520,  3298, 31673, 23038, 20162, 48846, 20142,  3871, 44062,
       20095,  7513, 39458,  9439, 47558, 48070, 25478, 34999,  1047,
       20443, 41790,  3096, 38290, 33822, 25753, 44444, 25299, 15881,
       41209, 29626, 22239, 11203, 33178, 20982, 49461, 29681, 36795,
       43212, 27698, 44715,  5196, 37927, 15469, 41289, 23916, 29509,
       34389, 39198, 20294, 44446, 36561, 43296,  1784,  1363,  4002,
       49496, 15084, 38188,  6000, 12992,   139, 10588, 40659, 21761,
       45931, 13365, 25459, 36569,  1545,  8973, 25308, 32757,   548,
       24835, 41179, 29651,  9395, 48387, 42593, 48242, 33687, 32773,
       40127,  8922, 28627,  5328,  2177, 38117,   569, 15866, 45582,
       17450,  7422, 19159, 28965, 44905, 42580, 11981, 38435, 48854,
       15431, 40879, 40211, 40382, 48656, 27991,  1989, 12683, 14780,
       47605, 26219,  4816,  1467, 33432,  4807, 19386, 13484, 14739,
        5754, 23613, 35323, 27979, 12918, 10215, 22720, 18191,  8165,
       23200, 28687, 47333, 19545, 37737, 16780, 27753, 38565, 25436,
       25275, 16821, 37810, 38568, 15527, 37213, 22192, 47277, 29444,
        5148, 29030,  7946, 11564, 11156, 11557,  5047, 46702, 22807,
        6922, 13840, 32599, 20600, 44492, 31608, 30405, 44249, 11143,
       22981, 11687, 11381, 13034, 48902, 34314, 21043, 20927, 25663,
       24315, 44876, 35133,  8346, 48713, 19790, 19764, 48271, 36060,
       10426, 12464, 30789, 28219, 39786,  2017, 21921, 43676, 30171,
       38654, 37146,  1386, 48536, 32381, 49246, 14533, 17457, 38875,
        4669, 43272, 35657, 18927, 42295, 25315,  9771, 28880, 48158,
        7680, 18366, 14498, 25991,  2174, 30328, 47857, 39231,  4879,
       27848, 41654, 45087,  2157,  2146, 29845, 42525, 38481, 14293,
       19835, 26720, 46513, 44949,  4847,  6074, 36708, 35895, 26894,
       20743, 22881, 18056, 34288, 29835, 29616, 28478,   710, 41245,
       48512,   771, 34174, 18531, 29722, 18321, 31208, 20816, 38006,
       13490, 42368,  4680, 26530, 18414,  6832, 46983, 13433,  6724,
       18520, 37948, 39345,  9251, 28438, 32553, 26408, 35074, 43807,
       48703, 35002, 37304, 25893,  7161, 43936,  3353, 39401,  7357,
        7178, 32542, 20259,  7315, 27391, 16220, 37620, 47804, 24208,
       25932, 13813, 47777,  3848, 31410, 15907, 17305,  8533, 11237,
       18918,  1849, 26351, 17178,  7273,  1219, 36809,  8152, 32450,
        4235, 15967, 10283, 19477, 32186, 28310,  1132, 19546, 20492,
       37082, 31067,   243, 45126, 23665,   191, 11788,  2686, 14718,
        2797, 27894,  5345, 14760, 39280, 39057, 39229, 29018, 25229,
       12738,   626, 12484, 32887, 28903, 29042, 23629, 33998, 28148,
       25490, 33992, 21486, 22194, 21422,  5429, 21475,   561, 32775,
        2649, 23641,  5430, 45333, 27829,  9063, 24778, 44182, 43781,
       29181, 31317, 34395, 44336, 23482, 28124,  5382, 10872, 38208,
       42912, 24599, 49159, 42270, 17667,  4244, 22983, 37217, 25783,
       38594, 16841, 24081, 13444, 23524,   220, 48706, 28059,  7170,
       27827, 43999, 42456, 26051, 18480, 36662, 11054, 21317, 13230,
        2573, 45101, 18518, 34984, 24971,  8441, 10971, 37289,  4360,
       36541,   308, 33020, 35011, 29635,  5472, 13103, 25470, 12505,
       47772, 40683, 33570, 27867, 12093, 29283, 46297, 24091, 12972,
       36396, 35262, 46561, 35515, 31061,  8057, 13334, 11583, 13963,
       15634,  2856, 42620, 15709, 45329, 30547, 31326, 47374, 49248,
       46238,  8201, 19213,    62, 39315, 37123, 23218, 49456,  5880,
       30049, 33412, 14601, 31495, 33435, 26951, 21915, 17413, 34053,
       39994, 15802,  8646, 28858, 47697, 31763, 46432,  4346, 20092,
       31890, 12307, 16551, 19029, 29656, 24041, 47892, 22718, 17078,
       26848, 38456, 45705,  7373,  8341, 33598, 14334, 18893, 27333,
       24739, 27060, 18419, 23848, 40763, 33206, 20211, 17645, 19053,
        1868, 22208,  2206, 49128, 33157, 29358, 26144, 41818, 33404,
       16746,  8016, 18588,  9921, 41827, 29410, 17409, 19486, 14825,
       10313, 14487, 41905, 39519,  5858, 35142, 34116, 48519, 41881,
        7760, 37122, 25092, 17503,  8838, 16644, 13553,   403, 35361,
       41754, 39465, 40619,  7667, 17524, 32359, 23829, 30904, 29480,
       45280, 33562, 28203, 30780,  1982, 31728,  3938, 29394, 29380,
       27476, 16479,  7040, 32033, 44393, 20630, 48924, 36205, 11415,
        9429, 47226,  2615, 41164, 40823, 33755, 23956,   261,  2250,
       48420, 29035, 26796, 13989, 25877, 32995, 48937, 15789, 21235,
       48309, 21039, 17986, 27580,  5364, 36401, 44238,  9534, 11682,
       49006, 23055, 20363, 33740, 45528, 31107,  6455, 15607, 11171,
       47750, 25136,  3309, 41046, 36450, 26771, 34121, 48972,  9253,
       13005, 27645,  6376,  7064, 49073, 37764, 14239, 48689, 39937,
       45169,  5877,  9464, 42698,  7822,  4715, 39501, 22352, 15908,
       29995,  5378, 48692, 21160, 47952,  9291, 42722, 45164, 32117,
        5495, 13856,  3327, 27917, 34642, 37881, 40380, 40128, 17933,
       32736, 31355,  3665, 23487, 32394, 43453,  5044,  5287,  9376,
       10022,  3800, 30893,  5053, 23597,  3318, 28417, 18996, 36938,
       35600, 47401, 42659,  8563,  6766, 30617, 17422, 39520, 12181,
       30616, 10303, 30160,  1153, 25059, 24314, 46209, 43622, 27136,
       13452,  5549, 47302, 44506, 25344, 13609, 46885,  6640,  6771,
       12237, 12214, 24790, 22775, 21677,  2658, 47130,  6131, 15081,
       30433, 27355, 15226, 30738, 13243, 21588, 10555, 30935, 29202,
       23297, 32345,  2899, 36023, 49432, 16726,  5228, 36524, 37691,
       31791, 20441,  1387,  2151, 37516, 20385,  1003, 33586, 34726,
       37432, 37746, 34890, 44226, 25854, 16059, 44328, 32008, 38264,
       17707, 15042, 11139, 33721, 29373, 26093, 10540, 40061, 23887,
        2858, 22557, 23334, 42009, 30128, 46427,  9945, 46207,  2783,
       46914, 36532, 15722, 47141, 14040, 37511, 25213, 31179, 40420,
       44522, 34634, 49486,  5160,  4737,  8086, 32340, 38099, 11509,
        2444, 20253, 17134, 48100, 25707, 41032, 32434, 12983, 41029,
       45606, 14577, 38822, 41477,  6711, 33681, 15195, 25987,  7224,
        4763, 17082, 25498, 36876,  6725, 46176, 22169, 47838, 31597,
       17150,   730, 32977, 38756,  8442, 20408,   805, 33861, 31235,
        2283,  1024, 48676, 45933, 36192, 45681, 39510, 45752, 43187,
       16149, 25765, 35173,   549, 47360,  1097,  9160, 25071, 14137,
        1071, 45157,  5988, 19730, 33936, 23119,  5465, 43892, 30648,
       19820,  7836, 36301, 40015, 40273, 20698, 24187, 36183, 49182,
       31711, 32045, 29045, 45274, 11980, 34842, 40978, 16529, 39200,
       22381, 24829,   755, 41651, 13617, 10621, 29697, 36211, 43103,
       18776, 33187, 14441, 46108,   377, 39575, 43242, 18594, 12555,
       17378, 45629,  1667, 18160, 42623, 22264,  1380, 26665, 48164,
       23401,  8942, 18398, 36116,  5312, 28108,  5366, 38982, 25215,
       31344,  5431, 46125,  9968, 49306, 49269, 17285,  9129, 49259,
       18678, 17267, 40297, 38082,  3895, 15211, 38355, 10877, 39863,
       20247, 27372,  7340,  6109, 44089, 15165,  6061, 27416, 33594,
       44019, 41744,  7570, 25485, 49437,  7713, 16731, 19774, 10488,
       10474, 41829, 31986, 27427, 44165, 10910, 25725, 15669,  6641,
       25682, 21012,  6617, 46307, 40928,  6983, 48897, 45879, 47754,
        7043, 23753, 33863,  6370, 11045, 25886, 12788,  6279, 33784,
       11836, 27828, 25925,  7212, 30202, 23814, 19603, 48009, 31349,
       26321, 48077, 16970, 41948, 14724, 47395, 26195, 49353, 19303,
       42042,  8118, 19071, 36959, 43548, 18998,  8282, 14714,  3014,
       19138,  5684,    76,  9115, 15277, 13584,  1912, 47032,  4931,
       33826, 17782, 33744, 32910,   933, 47190, 44937, 43545,  5859,
        9971, 12648, 28791,  1204, 18823, 36539, 20395,  4372, 38752,
       43266, 31855, 29518,  9231, 44270, 38165, 30613, 42619, 25023,
       20773, 40155, 45839, 22935,  1251, 27033, 22526,  6661, 29782,
       44592, 36377, 28136, 17893, 24318,  9462, 21284, 30475, 27781,
       12685,  3414, 15991, 40181, 41365, 15394, 20601,  8339, 44406,
       32037,  3488, 27749, 21084, 39629,  1419, 31299, 18363, 11953,
       35289,  9827, 45481, 17550, 37218, 10428, 46361, 16948, 15082,
       18502, 19974, 48646, 39047,  9788, 36702,  2082, 40670,  4714,
       29388, 35012, 28517,  7724, 10310,  4392, 43715, 14380, 49280,
        4458, 41593, 20144, 13178, 35177, 45253,  9724, 26246, 35309,
        8580, 44088,  6161, 42253, 19572,   519, 23894,  2798, 47977,
       43582, 22401, 33467, 45814, 24762, 45851, 22889, 30585, 45790,
       33419, 33493,  7808, 35779, 31956, 48208, 22829, 18644,  6756,
       22579,  5934,  3322, 21798, 18514,  6907, 18199, 31015, 42867,
        3366, 35387, 23596, 23036, 42992, 32891, 47290, 32540,  2637,
       44125, 34659, 30944, 19770, 20120, 23525, 19504, 20611,  7671,
       31295, 47494,  6479, 35996, 30289,  8299, 19982,  7538,  4255,
       18869, 18178,  2327, 23147, 18188, 37710, 37165, 24279, 29177,
       15752, 26964, 27847, 48747, 40363,   522, 28416, 40340, 24609,
       39236, 38928, 26760, 15196, 14449, 40305, 38627, 17028,  1385,
       17779, 41637, 24495, 14060,   465, 10763, 48474, 28403, 10046,
       46689, 14731, 11576,  9603, 28211, 10871, 15018,  3422, 13294,
       29046, 27004, 16848, 31375, 49398, 10927, 12837, 29254, 41456,
       27051, 14181, 39475,  3917, 41268, 14122, 17046, 10219, 16738,
       27035, 28363, 39178, 10573, 10074,   221, 36774, 10204, 36076,
       37501, 45208, 45200,   898, 29019, 37067, 46437, 21773, 29986,
       18370,  7345, 16975, 25143, 35460, 40655, 26397, 11073, 20188,
       38543, 17444, 25433, 47660,  3649,  2624, 11068, 33643, 33946,
       21606, 34009,  4499, 18582, 15189, 40816, 12993, 13588, 25530,
       14015,  4156, 30006, 38348, 27842, 29581, 42288, 47607, 35331,
       25563, 24605, 38392,  4700, 23484, 34025, 27854, 11832, 21447,
       11843, 15173, 18743,  1959, 49031, 10884, 25374, 43178, 27676,
       41332, 13896, 10590, 19980, 22306, 43991, 10602, 36434, 49266,
       38970, 47989, 19550,  9518, 12421, 24794,  9173, 28631, 23594,
       29123, 49218, 28840, 17872, 35513, 16004, 37843, 39171, 19749,
       32140, 37278, 17955,  5251, 15935, 37847, 16806, 19069,  1049,
       22434, 46628, 24983,  1492, 39739,  2905, 28805, 25773,  6888,
       26596, 10056, 39923, 18974, 30853,  4186, 12261, 45352, 34814,
        2776, 35625, 34460,  5817, 36933, 38011, 19516, 43654, 10044,
       32827, 24801,  7962, 14604, 24857, 41718, 11504, 10345,  9138,
       26939, 34405, 27640, 26433,  6928, 25612, 28638, 38043, 46652,
        3060, 24302, 34104,  2533, 40886, 33931, 11555, 27092,  2329,
       16141, 38008, 11044, 18794, 32384, 34262, 48121, 31268, 29577,
       34091, 29195, 30020, 11103,  3971, 27697, 31074, 20506, 39946,
       19279, 30418, 10479, 46431, 31276,  8678, 44065, 14390, 28453,
       29903,   445, 42669, 38631, 41473,  7564,  9653, 42396, 29316,
        4808, 22683, 16350, 24126, 21786, 25976, 14047, 36130, 13140,
       16521, 12854, 39205, 46483, 24381, 12386, 27997, 35185,  5700,
       16567, 16894, 16910,  7563, 12288, 27981, 14720, 32821, 32239,
       33369,  9292, 32480, 47473, 19406, 35299,  3522, 12828, 47816,
       14002, 25935, 35321, 10924,   557, 25539, 33653, 21457, 17948,
       18611, 21414, 46538, 21385, 21374, 21357, 13114, 43173, 24068,
       31786, 36428, 20282, 10854, 19597, 38519, 31334,  6009, 48802,
       47834, 31125, 26506, 10245, 38416, 12712, 10239, 40777, 47518,
        8892, 37308,  7035, 48673, 34960, 43976, 29426, 48728, 23115,
        7113,  7534, 46615, 10185,  3470, 10242, 44130, 19372, 37744,
       23031,   853, 26314, 37537, 25845, 35469, 37495, 31681, 37473,
       47765, 44038, 16913, 37169, 19438, 20266, 45643, 27574,  5791,
        9649, 31419,   441, 14895,  5920,  8965, 46465, 49358, 21799,
       23331, 12076, 22773, 28501, 32783, 47499,  3732, 13407, 13505,
       36669, 21632,  3190,  6130,  3738,  8804, 33353,  5742, 23419,
       26786, 46156, 17924, 28143, 14206, 36397, 14307, 40241, 29813,
       18016, 40285, 38975, 42710,  8791, 22344, 18061, 18065, 33194,
       12396, 25282, 32828,   390,  4429, 12322,  9128,  5731, 14702,
        5529, 33734, 40717, 40961,  6607, 34036, 27722, 38166, 26984,
       39727, 40933, 37886, 44463, 39725,  8551, 25623, 15886, 39712,
       17241, 11450, 28989, 21262, 11816,  4336,  6921, 46303,  1811,
       27692, 24626, 38079, 19990, 14456, 45385,  7086, 29102, 44548,
       12541, 16051, 40353,  3519, 34461, 31001, 22577, 45654, 41802,
        2949,  2365, 11262,  2330, 39194,  7679, 22669, 30951, 39052,
       37311, 27586]), array([30113, 40588, 38995, 23038, 17983, 12289,  4935, 25360, 28879,
         964, 25951, 23576, 41797,  4237, 25907, 37964, 13916, 47065,
       34935, 44260, 12649, 45184, 12624, 13238,  6655, 32297, 35519,
       20898, 16994, 17608, 35255, 26402, 48696, 41500, 38875, 13875,
       40115,  4534, 39069, 24760, 39675, 24516, 10236, 47505, 16303,
        2775, 30171, 24207,  1496, 47349, 42086, 10005, 31052, 42047,
       11563, 47211, 11794, 18579, 29766, 34257, 34193, 15515, 39950,
       15555, 36111, 18269, 10983, 11392, 29109, 20921, 41453, 36084,
       10863, 21080, 10704, 41522, 42953, 30952,  9552,  9334,  1245,
       49254, 12287, 44345, 20731, 48392, 36177, 12374, 17928, 36674,
       48114, 37810, 21159, 21729, 40194, 16339, 29592, 31658,   667,
        3871,  3687, 39994, 49469, 23970,  3535,  3501, 24166, 39696,
       39229, 24733, 25628,  2795, 15520, 47794, 31624,  5337, 11221,
       40628, 13052, 26269, 46028, 22239, 38452, 13543, 41021, 13541,
        5755, 21323, 48503, 39071, 31990, 17217, 39561, 11518, 11482,
       42185, 18479, 15469,  1849, 39280, 38347, 27991, 13446, 48353,
       27360,   189, 48519, 14431, 16459, 12286, 13564, 41790, 41308,
       38117, 16821, 18033, 28258, 28274, 38720, 31673, 12768, 15888,
       19203, 29444, 22947, 45982, 45975, 22550, 35128,  5298, 47981,
       21903, 30624,  6664, 35862,  6876, 29082, 26084, 44714, 23018,
       34679,  2686, 47750,  2984, 30232, 25753,  3392,  4944, 34054,
       34131,  3723, 49461, 46719, 29606, 46525, 47148, 26394, 21681,
       44329,   139, 36429, 43419,  9439, 36569,  9381,  9251, 20126,
       28627, 26432, 48881, 19625, 10377, 42580,  8246, 19402, 19404,
        2114, 20765, 19462, 36561, 16175, 33687, 34266, 39153, 23172,
       48612,  1047, 25308, 26975, 33296, 34389,  1371, 37731, 19942,
       24339, 48731, 23071, 20859, 21082, 35932, 21145, 17555, 17457,
       21256, 20852, 21411, 21486, 18875, 37863, 32542, 26186, 48942,
       35257, 16856, 49246, 20546,  1363, 32809, 49236, 25991, 48846,
       17007, 36423, 40247, 44062,  8946, 28397, 46702, 13074,  8441,
       12918, 29509, 31360, 44222, 44446, 45754, 44715,  7422,  7357,
       48387,    76, 42295,  6206, 44785,  6742,  6771,  7302,  6910,
       29681, 41054, 11489, 13453,  9069, 40127, 27979, 15297, 47520,
       47857, 43296, 29904, 40382, 31728, 47333, 31769, 47776, 47184,
       15527, 30405, 43074, 14183, 10826, 20299,  9636, 44393, 20443,
       36364, 44369, 29042, 28965,  8385,  2096,  9032, 20600, 20982,
       39345, 45739,  6832, 47804, 25299, 24934, 24835, 33064,  3105,
       24438, 33020, 34097, 29722, 46983, 34314, 32887, 21167,  4554,
       23138, 46238,  5382, 46004, 34999, 45931, 35209, 43212, 22223,
       21921, 35442,  6189, 29283, 46561, 10041, 36353, 25478, 19159,
       12464, 26792, 37988, 31287, 17853, 11687, 10971, 38058, 26894,
       18588,  1545, 15084, 14780, 13034,   309, 18762, 14533, 12553,
         350, 36583, 13584, 10358, 12738, 19790, 42912, 41166, 19213,
       31495, 19511, 19477, 42593, 10872, 42525, 11795, 38481, 19530,
       13490, 13230,  3708, 38594,  4196, 23641, 23629, 23613, 17305,
       13457, 23933, 14739, 13553, 15907, 15994, 39198, 33404, 25092,
        1467, 33538, 24870,  1387,  2797,  2893,  3096,  1386, 24655,
       39047, 33822,  2573,  3422, 13896, 23956, 17450, 20151,  4790,
       37737, 11405,  6922, 18531, 37620, 11203, 18927, 44444,  6833,
       19055, 11055,  8428, 37146, 19386,  8838,  9534, 20294, 43272,
       19068, 18321,  6797, 11557,  4804,  5047, 12555, 47952, 38128,
       38082,  5549, 45953, 48241,  5880,  1219,  6000, 17960, 41848,
       45705, 45588,  1784,  6348, 35657, 23218,   787, 38654, 32186,
       29656, 27580, 29394, 30531, 31410, 32643, 26051, 29835, 32761,
       28059, 30619, 27698, 32757, 31247, 25663, 31608, 31597, 27894,
          47, 30788, 28755, 32139, 26650, 48672, 38435, 31061, 17077,
       48158, 17445, 23916, 35323, 16908, 43781,   626, 27060, 30893,
        7024, 33751, 44905, 44592,  2174, 44492, 32995, 17645,   106,
       18056, 24314, 48713, 48937, 33936, 40302, 48703,  8118, 10588,
       26408, 42620, 12972, 15210, 41209, 41179, 40015, 14760,   243,
       35074, 40185, 40211, 13840, 40659, 22881, 14498, 14015, 40273,
       13617, 48420, 41425,   710, 31107, 16746, 38866, 11460, 45087,
       48972, 11583, 31295, 41881, 16220, 41745, 15866, 41654, 12307,
       12505, 31355, 28148, 16841, 11468, 14334, 47558, 30547,  1097,
       47345, 26796, 24778, 36060, 29817,  3033, 33178, 33435, 19873,
        4360, 47879, 21043,  3895, 24819, 47277,   561, 49269, 45498,
        2257,  4914,  6725, 29259, 25490, 32394, 46249, 21160, 47605,
       36411, 21422,  6312, 45451, 36795, 42518, 15967, 23487, 22192,
       41827, 29626, 11156,  4244, 22282, 28310, 32599, 28478, 34288,
       11054,  4807, 15908, 27333, 27372, 29616, 20092,  4816, 47226,
        4002, 25500, 49496, 14137, 27753, 48854, 13813, 25459, 27848,
        3014, 35002, 25436, 13444, 47360, 20095, 29845, 13005, 12743,
       25275, 12711, 12683, 10877, 32381, 29651, 12484,   191,  3938,
       28219, 31763,  2558,  2444,  8442, 38188, 18366, 44328, 43807,
        8973,  8922,  8892, 33998, 33992, 38290, 32345, 45884, 16780,
       37881, 28903,  5858, 26720, 37122,  5988, 33598, 37213, 44238,
       44249, 21761, 45582, 37948,  7373,  9253, 30789, 17178, 42722,
       25877,  1132, 16848, 10219, 10215, 26951, 48656, 21546, 43103,
        5328,  1982, 45274, 32250, 18480, 44876, 37432, 38565, 36959,
        5429,  2017, 38568,  9464, 37304, 40128, 20247, 18178, 26219,
       14718, 20492, 36192, 18414, 18520, 37927, 35600, 21447, 36532,
       19820,   805, 36876,  1380, 35387, 19835, 21915, 22264,  1003,
       32773, 15081, 32033, 32775, 27476, 17409, 19545, 48689, 35133,
       39458, 20144, 48706, 27645, 21235, 18737, 33206, 40380, 48070,
        7836,  7946,  8016,  2146, 29030,  8152, 24315, 45101,  8341,
        9429, 25783, 43266,  9945, 23848, 23814, 28551, 48309, 43999,
       29202,  2283,  6370, 30049, 29995, 25315, 49159,  3848, 46885,
        4255, 33432,  4680,  5148,  5228, 46108, 49128,  5472, 30586,
         548, 48009, 45681, 30617, 42368, 11237, 44165, 41744, 27829,
       23055, 13103, 41905, 41765, 27867, 41754, 49006, 11752, 34460,
       34395, 41456, 23200, 11564, 12956, 41818, 12648, 11504, 40420,
       40879, 13334, 19546, 41032, 36933, 12992,  5700,  5934, 37123,
       39727, 15277, 37217,  6131, 45552,  6279, 19486, 13365,  4763,
       40928,   377, 40297, 36211, 47772, 30160, 32450,  2899, 30202,
        3452, 13963, 20162, 19764, 49259, 20142, 47892, 14604,  4261,
       36669, 26665, 49456, 13484, 26848, 46297, 19774, 47130, 18893,
       39057, 41289, 30935, 43548, 17267, 16173, 43453, 11981,  9827,
       31855, 17078, 43187,  1959, 31986, 16948,  1385, 10303, 10426,
       38756,  1868, 16726, 11143, 11171, 28363, 16397, 43676,  9129,
       28858, 43936, 45157, 37516, 29181, 11381, 44937,  7161,  1153,
       48077, 18398,  7570, 37764, 28108, 15709, 12237,  8057, 20816,
       44336, 15881, 44270,  8346, 48512,  8533,  2082, 17550, 39401,
       45126,  2649, 32553, 22381, 22357, 20927, 24041, 24091, 33369,
       25932,   403, 21677, 21475, 33412, 35779, 33157, 33562, 25707,
       22526, 20956, 35895, 22983, 32821, 23065, 34657, 34726,  6756,
        6766, 29157, 18191, 40257,  7043, 49353, 18061,  7513, 37691,
        7667,  2177,  7822, 44506,  2157, 29045, 17707, 38165, 34984,
       45329,  6479, 38321, 25563,  5196,  5251, 27854, 37067,    62,
        5431, 37289, 29380, 45333,  5859, 29373, 14293, 45752, 18823,
        6074,  6161, 45528,  6376, 21588, 22775, 44182, 28203, 28136,
       39235, 11045, 23147, 35177, 39315, 40061, 31179, 35011, 15634,
       39475, 11788, 15394, 41897, 23524, 36130, 15226, 22557, 15173,
       39786, 41651, 12421, 39231, 32045, 28517, 23119, 44065,  8646,
       30904, 14601, 43715, 34053,  9231, 17082,  4847,  9395, 49073,
       28687, 38822, 48242, 31067, 42992, 34174, 26093, 10555, 35185,
       10763, 42623, 25773, 35515, 49248,  2783, 36116, 25213, 29697,
       25433, 36662, 20441, 46914, 25229, 25136, 20552, 48902,  3327,
       36377, 20259, 19603, 47290,  2615,  4372, 47302, 20363, 49486,
       15722, 23597, 48646, 31235, 36450, 30780, 31299, 29123, 15752,
        9291, 37847, 31326, 10044,  4737,  9771, 10283, 15802, 47374,
        7170, 10540, 20395, 25192, 47401,  9968, 42698,   569,  7178,
       36401,  6661, 16644,  1989,  6641, 10924, 22169,  1419,  4156,
        7273,  3298, 18518, 32891, 23665, 25925,  8282, 12093, 28438,
        9921, 18918, 27355,  7713,  1071, 26397, 34741, 23036, 38099,
       13243,  4669, 13294, 37886,   730,   755, 29480, 36023, 46513,
       19504, 33931, 22720, 25765, 17667, 17524,  4879, 22935, 34890,
        8165,  8299, 40683, 13856,  5364, 45790,  8563, 37165, 17150,
       29177, 24081, 12396, 34025,  2858, 26246, 10185, 19029, 23894,
       31375, 34634, 14577,  3800, 49437, 47754, 28124, 38456, 17872,
       12788, 44038, 21317,  7040,  5430, 26771, 25854, 20743, 32847,
       33740,  9971, 33467, 34116, 35289, 35321, 30289, 43622, 32008,
       32736, 28880, 35444, 30328, 44089, 24208, 17422, 16567, 17134,
       11262, 31890, 12322, 15042, 39863, 39937,  2856, 14825, 41365,
       14724, 12854, 27722, 40155, 25470, 40181, 25498, 41010, 13433,
       20773, 22981, 22718, 36183,  2637,   221, 22889, 14060, 41164,
       20385, 15165, 12214, 10428, 48271, 10621, 23753, 31125, 10910,
       26530,  3309, 15935, 29903, 28417, 31344, 11450, 27570, 11682,
       41952, 15431, 39575, 47838, 41829,   771,  2949, 39739, 23401,
       39465, 29018, 40619,  4392, 32340, 49218,  6724, 21164, 25071,
        4458, 48924,  4235,  5366, 38006, 45280, 44522,   307, 45933,
       19303, 18678, 17893, 46209, 24971, 18363,  2327, 36809, 21039,
        6907, 46427, 46207, 24794, 38208, 45481, 30616,  4346, 45654,
       49432, 39501, 31208, 33643, 15607, 49266, 36708, 34121, 16551,
         445, 44949, 27016, 20090, 35625,  3353,  2250, 47494, 19980,
        1912, 39200, 45200, 34262, 22352, 27120,  4186, 36702, 11103,
       16253, 18776,  8201, 49031, 37082,  1667, 14487,  5312, 25987,
        4700, 40978, 46303, 12993, 48474, 20815,  4715, 40849, 40823,
       48802, 40763, 40670, 27842, 30128, 41948, 48536, 19731, 37473,
       18868, 18869, 33755, 47660, 23334, 18996,  5803, 19730,  5754,
       19749, 14895, 25612, 35012, 19071,  5529, 49280, 21357, 39874,
       30433, 36396, 43545, 47141, 26144, 17046, 33946,  3665, 35299,
       17444, 48164, 16806,  8086, 17986, 38355, 30738, 17413, 43320,
       44406, 21864,  7315, 21012, 31956, 20120, 24495, 22194, 24302,
       29019, 33353,  7345, 48100, 24318, 49398,  8339, 16738, 25215,
       41593, 28211, 27692, 19053, 31354, 12386, 44548,  7760, 23297,
        5817, 18974, 46689, 37511, 45643, 42009,  7534, 39629,  3490,
       11836,  9128, 43654, 31317, 26321, 20253,  7724, 12076, 38011,
       48673, 38879, 24829, 12897, 30006, 13452, 33194,   220, 40890,
       46307,  4931, 38345, 17503, 27827, 22807, 14181, 48692,  8190,
       30475, 13989, 20698, 29035, 38348,  8791, 25485, 29410, 17285,
       36205, 12837, 19406, 33826, 32819,  8580,  3732,  5378, 36541,
       46176, 41245, 27574,   898, 45606,  9603, 39052, 10313, 48747,
       27035, 35262, 15991, 11073, 16910, 10590, 18188, 15886,  6455,
       16970, 37831, 33681, 48598, 34283, 23829, 23809,  9702, 45164,
       19982, 42619, 19974, 21606,  6109, 30642, 26596, 28631,  6640,
       10345, 35309, 47473, 10602, 23998, 25374, 25344, 24739, 16529,
       42196, 35142, 28416, 24022,  9518,  9462,  7224, 10093,  2658,
       15560, 28791,  7212, 35361, 32783, 38975, 29046, 34842, 46432,
       44125, 10479, 10581, 46437, 43178, 10573, 41029, 27917, 42951,
       10204, 30837, 45037, 13588, 13609,  7035, 24568, 33782, 23840,
        5160,  5172,  7064, 48121, 43242,  5044, 40886,  5465,  5345,
       34091, 33594, 31349, 49179, 45814, 23482,   549, 29635,  9173,
       33653, 47607, 30613, 47834, 25454,  7538,  9322,  3488, 11816,
       28805,  3034, 49157, 45851,  7340, 45352,  9001, 47777, 29254,
       24609, 44088, 25497, 24857,  3322,  6711, 10884, 48426,  8576,
        9653,  9649, 43976, 48219, 32910, 41477, 25893, 43892, 11068,
        7808, 33586,  5495,  7671, 14380, 22829, 16479, 16521, 38928,
       40353, 22683, 16674, 37311, 18975, 17141, 38543,   863, 14694,
        1049, 27781, 35751, 18644, 32196, 18582, 26939, 22709, 38364,
       27828, 27136, 32074, 21798, 17782, 18743, 32359, 19138, 20506,
       19565, 48897, 32384, 31791, 21053, 20630, 27586, 39520, 26414,
       15189, 16051, 38519, 49306,  8942, 24126, 24187, 23525, 44226,
       38369, 15211,  9102, 38264,  8551, 11843,  1267, 38392,  8593,
       27391, 25935, 42710, 31911, 42659, 38970, 25886, 10871, 43173,
       16017,   137,  9788, 43582, 11305, 42270, 42253, 11415, 15597,
       11484, 11555, 23594, 17158,   308, 44926, 38008,   465, 46125,
        5006, 24983, 25023,  4808, 19572, 25059, 46652,  4025, 32382,
        2533, 29426, 47190, 49163, 30283,  2567, 47395, 32480, 47589,
        2905, 33187, 36267, 30005, 26392, 20758, 36524, 21284, 33570,
       30585, 48707, 17955, 33784, 30752, 21786,  1204, 44807,  7263,
       18043, 12261,  7086, 18083, 33744,  6983, 27004, 33734, 29195,
       24599, 21632,   324, 18502,  2329, 29358,  5877, 45839, 19039,
        5698, 17924, 31342, 11980, 23115, 27725, 41031, 41268, 41473,
       12983, 27981, 14714, 40305,   427, 25976, 14702, 49358, 34960,
       34311, 38518, 18048,  5791,  5920, 39236, 36700,  9115, 42530,
       10927, 24068, 28475, 37401,  6009,  8804, 29782, 11509, 45468,
        2298,   261,  3612, 15669, 31786, 22434, 45529, 45545, 22579,
        3808, 35005, 45680,  8743, 30853, 16059,  9371,  5684, 27416,
       41323, 32977, 41332, 10488, 46483, 46446, 28638, 13544, 10074,
        5053, 46361, 42970, 42977, 28637, 16343, 19516, 10245, 31074,
       24047, 27427,  5365, 29316,  1024,  9376, 19770, 37278, 39178,
       38627, 29388,  9724, 17023, 48208, 17003, 29396, 19134,  9570,
       37191, 26786,  5404, 23807, 12639,  3649, 40961, 14047, 13114,
        7824, 25725,  7926, 23484, 35633, 39725, 24440, 20211,  2151,
       47499, 32090,  3190, 37710, 45199, 47416, 24381, 11975, 24571,
       14040, 29986,  2206, 22873, 41046, 27997,  2776, 36216, 27749,
       44996,  2624, 15082, 47697, 34885,  7564, 20601, 33788, 39923,
        6921, 13140, 18199, 33861, 27640, 26984, 36076, 21542, 11576,
       45369, 36495,  3470, 25530, 39510, 20282, 17750, 27131, 18503,
       29853,  3366, 25682, 23887, 36428, 45253, 47385, 31643,  9063,
       16557,  1207, 16558, 12908, 32698,  6928, 44207,  7563,  5287,
       32827, 16545, 38238, 21414, 26964, 14720, 34036, 49114, 13178,
       33863, 27051, 37322, 10181, 24279, 22208, 32117,  1251, 32828,
       27144, 38982, 38752, 32037, 21906,  5742, 45175, 45169, 37746,
       37495,  6778, 32210, 25776,  5579,  9440, 37501,  9506, 38379,
       32105, 22669,  2013, 14600, 17265, 17933, 38166,   557,  8489,
       19279, 37843, 14441, 18514, 30648, 26703, 19842, 31815, 11044,
       25143, 21084, 25463,   519, 12712, 26678, 10853, 36301, 46668,
       10716, 42682, 47682,  4499, 46538, 23331, 34814,  2798, 15953,
       15195, 49045,  3862, 31711,  3119, 15344, 26367, 28162, 36370,
       34840, 49164, 31258, 41637,  1818, 28403, 36539,  3060, 42288,
        3738,  1427, 28453, 31170, 32489, 25539, 22577, 30253, 10515,
       22306, 14002]), array([   47,    62,   106,   139,   189,   191,   243,   261,   308,
         309,   350,   377,   465,   548,   549,   561,   569,   626,
         667,   710,   730,   755,   787,   805,   898,   964,  1003,
        1047,  1071,  1097,  1132,  1153,  1219,  1245,  1251,  1363,
        1371,  1380,  1385,  1386,  1387,  1419,  1467,  1496,  1545,
        1784,  1849,  1868,  1912,  1959,  1982,  2017,  2082,  2096,
        2114,  2146,  2151,  2157,  2174,  2177,  2257,  2329,  2444,
        2533,  2558,  2573,  2615,  2637,  2649,  2686,  2775,  2783,
        2795,  2797,  2856,  2899,  2984,  3014,  3033,  3060,  3096,
        3105,  3298,  3309,  3322,  3327,  3353,  3392,  3422,  3452,
        3501,  3535,  3687,  3708,  3723,  3738,  3800,  3848,  3871,
        3938,  4002,  4196,  4235,  4237,  4244,  4255,  4346,  4360,
        4499,  4534,  4554,  4669,  4680,  4763,  4790,  4804,  4807,
        4816,  4847,  4879,  4914,  4935,  4944,  5044,  5047,  5148,
        5172,  5228,  5298,  5328,  5337,  5364,  5378,  5382,  5404,
        5429,  5431,  5472,  5495,  5549,  5754,  5755,  5803,  5817,
        5858,  5877,  5880,  5934,  5988,  6000,  6109,  6131,  6161,
        6189,  6206,  6312,  6348,  6369,  6370,  6376,  6455,  6640,
        6641,  6655,  6661,  6664,  6711,  6724,  6725,  6742,  6766,
        6771,  6797,  6832,  6833,  6876,  6910,  6922,  6928,  7024,
        7040,  7043,  7212,  7224,  7273,  7302,  7315,  7357,  7373,
        7422,  7513,  7570,  7667,  7724,  7836,  7946,  8016,  8057,
        8086,  8118,  8165,  8190,  8201,  8246,  8282,  8341,  8346,
        8385,  8428,  8441,  8442,  8533,  8563,  8580,  8646,  8838,
        8922,  8946,  8973,  9032,  9063,  9069,  9115,  9129,  9231,
        9251,  9253,  9322,  9334,  9371,  9376,  9381,  9395,  9429,
        9439,  9462,  9534,  9552,  9603,  9636,  9649,  9724,  9771,
        9788,  9827,  9921,  9945,  9968,  9971, 10005, 10041, 10044,
       10056, 10185, 10215, 10219, 10236, 10283, 10303, 10358, 10377,
       10426, 10474, 10555, 10573, 10588, 10621, 10704, 10763, 10826,
       10863, 10872, 10877, 10884, 10910, 10971, 10983, 11044, 11054,
       11055, 11073, 11139, 11143, 11156, 11171, 11203, 11221, 11237,
       11262, 11381, 11392, 11405, 11415, 11450, 11460, 11468, 11482,
       11489, 11518, 11555, 11557, 11563, 11564, 11576, 11583, 11687,
       11752, 11788, 11794, 11795, 11843, 11953, 11981, 12093, 12237,
       12286, 12287, 12288, 12289, 12307, 12374, 12396, 12464, 12484,
       12505, 12553, 12624, 12648, 12649, 12683, 12711, 12738, 12768,
       12918, 12956, 12972, 12983, 12992, 13005, 13034, 13052, 13074,
       13103, 13230, 13238, 13243, 13334, 13365, 13444, 13446, 13452,
       13453, 13457, 13484, 13490, 13541, 13543, 13553, 13564, 13588,
       13735, 13813, 13840, 13856, 13875, 13896, 13916, 13963, 14002,
       14015, 14047, 14060, 14137, 14183, 14293, 14334, 14431, 14498,
       14533, 14577, 14601, 14604, 14718, 14720, 14724, 14731, 14739,
       14760, 14780, 15042, 15081, 15084, 15195, 15210, 15211, 15297,
       15469, 15515, 15520, 15527, 15555, 15607, 15634, 15709, 15722,
       15752, 15802, 15866, 15881, 15888, 15907, 15908, 15967, 15994,
       16059, 16173, 16175, 16220, 16303, 16339, 16397, 16459, 16479,
       16558, 16567, 16644, 16674, 16726, 16746, 16780, 16821, 16841,
       16856, 16908, 16910, 16994, 17007, 17046, 17077, 17082, 17150,
       17178, 17217, 17305, 17409, 17422, 17444, 17445, 17450, 17457,
       17555, 17608, 17645, 17667, 17707, 17782, 17853, 17872, 17893,
       17928, 17960, 17983, 17986, 18033, 18061, 18178, 18191, 18199,
       18269, 18321, 18366, 18414, 18479, 18480, 18518, 18520, 18531,
       18579, 18588, 18737, 18762, 18875, 18893, 18927, 19029, 19053,
       19055, 19068, 19159, 19203, 19213, 19386, 19402, 19404, 19406,
       19462, 19477, 19511, 19530, 19545, 19546, 19625, 19764, 19770,
       19790, 19820, 19835, 19873, 19942, 19980, 20092, 20095, 20120,
       20126, 20142, 20144, 20151, 20162, 20253, 20259, 20266, 20294,
       20299, 20363, 20385, 20441, 20443, 20492, 20546, 20552, 20600,
       20630, 20698, 20731, 20743, 20765, 20773, 20816, 20852, 20859,
       20898, 20921, 20927, 20956, 20982, 21039, 21043, 21080, 21082,
       21145, 21159, 21167, 21256, 21323, 21374, 21411, 21414, 21422,
       21486, 21546, 21588, 21677, 21681, 21729, 21761, 21798, 21903,
       21915, 21921, 22169, 22192, 22194, 22208, 22223, 22239, 22264,
       22282, 22344, 22352, 22381, 22526, 22550, 22557, 22720, 22775,
       22881, 22947, 22983, 23018, 23038, 23065, 23071, 23119, 23138,
       23172, 23200, 23218, 23401, 23487, 23524, 23576, 23597, 23613,
       23629, 23641, 23665, 23753, 23814, 23840, 23887, 23916, 23933,
       23956, 23970, 24022, 24041, 24081, 24126, 24166, 24207, 24208,
       24314, 24315, 24318, 24339, 24381, 24438, 24516, 24609, 24655,
       24733, 24739, 24760, 24778, 24790, 24801, 24819, 24835, 24870,
       24934, 24971, 25071, 25092, 25136, 25213, 25275, 25299, 25308,
       25360, 25433, 25436, 25470, 25478, 25490, 25497, 25498, 25500,
       25563, 25612, 25628, 25663, 25707, 25753, 25765, 25783, 25877,
       25907, 25932, 25951, 25987, 25991, 26051, 26084, 26093, 26186,
       26195, 26219, 26246, 26269, 26321, 26394, 26402, 26408, 26432,
       26650, 26720, 26792, 26894, 26951, 26975, 26984, 27004, 27035,
       27060, 27092, 27136, 27333, 27355, 27360, 27372, 27391, 27427,
       27570, 27580, 27645, 27676, 27698, 27749, 27753, 27781, 27827,
       27829, 27842, 27848, 27867, 27917, 27979, 27991, 28059, 28124,
       28148, 28203, 28211, 28219, 28258, 28274, 28310, 28363, 28397,
       28416, 28417, 28478, 28551, 28627, 28631, 28687, 28755, 28858,
       28879, 28880, 28903, 28965, 29018, 29030, 29042, 29082, 29109,
       29123, 29157, 29177, 29181, 29202, 29259, 29283, 29358, 29373,
       29380, 29388, 29444, 29480, 29509, 29592, 29606, 29616, 29626,
       29651, 29656, 29681, 29697, 29722, 29766, 29817, 29835, 29845,
       29904, 29995, 30049, 30113, 30128, 30160, 30171, 30202, 30232,
       30328, 30405, 30433, 30475, 30531, 30547, 30616, 30619, 30624,
       30704, 30788, 30893, 30904, 30951, 30952, 31052, 31061, 31067,
       31074, 31107, 31170, 31179, 31208, 31247, 31287, 31295, 31299,
       31326, 31354, 31355, 31360, 31375, 31410, 31495, 31597, 31608,
       31624, 31658, 31673, 31728, 31763, 31769, 31791, 31986, 31990,
       32033, 32139, 32186, 32250, 32297, 32345, 32359, 32381, 32382,
       32394, 32542, 32553, 32599, 32643, 32736, 32757, 32761, 32773,
       32775, 32783, 32809, 32819, 32828, 32847, 32887, 32995, 33020,
       33064, 33157, 33178, 33187, 33206, 33296, 33369, 33404, 33412,
       33432, 33467, 33538, 33586, 33598, 33681, 33687, 33740, 33751,
       33755, 33822, 33931, 33936, 33946, 33971, 33992, 33998, 34053,
       34054, 34097, 34116, 34121, 34131, 34174, 34193, 34257, 34266,
       34288, 34314, 34389, 34395, 34634, 34657, 34679, 34726, 34890,
       34935, 34984, 34999, 35002, 35005, 35011, 35074, 35128, 35133,
       35177, 35185, 35209, 35255, 35257, 35299, 35321, 35323, 35361,
       35442, 35515, 35519, 35657, 35862, 35895, 35900, 35932, 35996,
       36004, 36023, 36060, 36084, 36111, 36116, 36130, 36177, 36183,
       36192, 36211, 36216, 36267, 36301, 36353, 36364, 36377, 36396,
       36411, 36423, 36429, 36524, 36532, 36541, 36561, 36569, 36583,
       36662, 36669, 36674, 36795, 36809, 36876, 36938, 36959, 37122,
       37123, 37146, 37213, 37289, 37304, 37311, 37432, 37511, 37516,
       37620, 37691, 37731, 37737, 37764, 37810, 37863, 37881, 37886,
       37927, 37948, 37964, 37988, 38006, 38011, 38058, 38082, 38099,
       38117, 38128, 38188, 38208, 38290, 38347, 38348, 38416, 38435,
       38452, 38456, 38481, 38518, 38543, 38565, 38568, 38594, 38654,
       38720, 38822, 38866, 38875, 38879, 38970, 38975, 38982, 38995,
       39047, 39052, 39057, 39069, 39071, 39153, 39198, 39200, 39229,
       39235, 39280, 39315, 39345, 39401, 39458, 39465, 39520, 39561,
       39575, 39675, 39696, 39750, 39786, 39863, 39874, 39950, 39994,
       40115, 40127, 40128, 40181, 40185, 40194, 40211, 40247, 40257,
       40273, 40297, 40302, 40382, 40588, 40619, 40628, 40655, 40659,
       40670, 40763, 40823, 40879, 40928, 41021, 41029, 41031, 41032,
       41046, 41054, 41166, 41179, 41209, 41245, 41289, 41308, 41425,
       41453, 41456, 41477, 41500, 41522, 41651, 41654, 41744, 41745,
       41765, 41790, 41797, 41818, 41827, 41829, 41848, 41881, 41905,
       41948, 42009, 42047, 42086, 42185, 42253, 42270, 42295, 42310,
       42368, 42518, 42525, 42549, 42580, 42593, 42619, 42620, 42623,
       42659, 42722, 42912, 42953, 42992, 43074, 43077, 43103, 43178,
       43187, 43212, 43266, 43272, 43296, 43320, 43381, 43419, 43453,
       43545, 43548, 43622, 43654, 43676, 43715, 43781, 43807, 43936,
       43999, 44038, 44062, 44088, 44089, 44130, 44165, 44182, 44222,
       44226, 44260, 44328, 44329, 44336, 44345, 44369, 44444, 44446,
       44463, 44492, 44506, 44522, 44592, 44714, 44715, 44785, 44876,
       44905, 44937, 44949, 44996, 45037, 45087, 45101, 45157, 45169,
       45184, 45208, 45253, 45274, 45329, 45333, 45451, 45498, 45552,
       45582, 45588, 45606, 45629, 45680, 45681, 45705, 45739, 45752,
       45754, 45839, 45884, 45931, 45933, 45953, 45975, 45982, 46004,
       46028, 46108, 46209, 46238, 46249, 46297, 46427, 46483, 46513,
       46525, 46561, 46702, 46719, 46885, 46983, 47032, 47065, 47115,
       47130, 47141, 47148, 47184, 47211, 47226, 47277, 47290, 47302,
       47333, 47345, 47349, 47360, 47374, 47385, 47401, 47505, 47520,
       47558, 47568, 47605, 47750, 47772, 47776, 47777, 47794, 47804,
       47857, 47879, 47892, 47952, 47981, 48009, 48077, 48114, 48158,
       48241, 48242, 48271, 48309, 48353, 48365, 48387, 48392, 48420,
       48474, 48503, 48512, 48519, 48612, 48656, 48672, 48689, 48696,
       48703, 48707, 48713, 48731, 48747, 48846, 48854, 48881, 48902,
       48924, 48937, 48942, 48972, 49006, 49031, 49073, 49128, 49159,
       49164, 49236, 49246, 49248, 49254, 49259, 49266, 49353, 49398,
       49437, 49456, 49461, 49469, 49486, 49496]), array([   47,    62,   106,   139,   189,   191,   243,   309,   350,
         377,   548,   549,   561,   569,   626,   667,   710,   730,
         787,   805,   964,  1003,  1047,  1097,  1132,  1153,  1219,
        1245,  1363,  1371,  1380,  1385,  1386,  1387,  1467,  1496,
        1545,  1784,  1849,  1912,  1982,  2017,  2096,  2114,  2146,
        2157,  2174,  2257,  2327,  2444,  2558,  2573,  2637,  2649,
        2686,  2775,  2783,  2795,  2797,  2856,  2893,  2899,  2984,
        3014,  3033,  3096,  3105,  3298,  3309,  3322,  3327,  3353,
        3392,  3452,  3490,  3501,  3535,  3687,  3708,  3723,  3800,
        3871,  3938,  4002,  4156,  4196,  4237,  4244,  4360,  4392,
        4534,  4554,  4669,  4680,  4714,  4790,  4804,  4807,  4816,
        4879,  4914,  4935,  4944,  5047,  5148,  5160,  5228,  5298,
        5337,  5366,  5378,  5382,  5429,  5431,  5472,  5495,  5549,
        5755,  5858,  5859,  5880,  5934,  6000,  6131,  6161,  6189,
        6206,  6312,  6348,  6370,  6376,  6455,  6640,  6655,  6664,
        6711,  6742,  6797,  6832,  6833,  6876,  6910,  7024,  7043,
        7161,  7273,  7302,  7357,  7373,  7422,  7570,  7667,  7724,
        7946,  8016,  8118,  8165,  8201,  8246,  8282,  8341,  8346,
        8385,  8428,  8441,  8442,  8533,  8646,  8838,  8922,  8946,
        8973,  9032,  9069,  9115,  9129,  9231,  9251,  9253,  9334,
        9371,  9376,  9381,  9395,  9439,  9462,  9464,  9534,  9552,
        9636,  9771,  9827,  9945,  9968, 10005, 10041, 10044, 10215,
       10236, 10283, 10303, 10313, 10358, 10377, 10474, 10555, 10588,
       10704, 10763, 10826, 10863, 10872, 10877, 10884, 10971, 10983,
       11054, 11055, 11073, 11103, 11143, 11156, 11171, 11203, 11221,
       11237, 11381, 11392, 11405, 11450, 11460, 11468, 11482, 11489,
       11504, 11518, 11557, 11563, 11583, 11687, 11752, 11788, 11794,
       11795, 11981, 12237, 12286, 12287, 12289, 12307, 12374, 12464,
       12484, 12505, 12553, 12624, 12648, 12649, 12683, 12711, 12738,
       12768, 12918, 12956, 12972, 12992, 13005, 13034, 13052, 13074,
       13103, 13230, 13238, 13243, 13294, 13334, 13365, 13444, 13446,
       13452, 13453, 13457, 13484, 13490, 13541, 13543, 13553, 13564,
       13813, 13840, 13875, 13896, 13916, 13963, 13989, 14015, 14060,
       14137, 14183, 14293, 14334, 14431, 14498, 14533, 14601, 14604,
       14718, 14739, 14760, 14780, 15042, 15081, 15084, 15189, 15210,
       15297, 15469, 15515, 15520, 15527, 15555, 15607, 15709, 15752,
       15866, 15881, 15888, 15907, 15908, 15967, 15994, 16059, 16173,
       16175, 16220, 16303, 16339, 16397, 16459, 16644, 16726, 16746,
       16780, 16821, 16841, 16856, 16908, 16910, 16970, 16994, 17007,
       17046, 17077, 17082, 17150, 17178, 17217, 17305, 17409, 17445,
       17450, 17457, 17555, 17608, 17645, 17707, 17782, 17853, 17893,
       17928, 17960, 17983, 17986, 18033, 18061, 18191, 18269, 18321,
       18414, 18479, 18480, 18518, 18520, 18531, 18579, 18588, 18737,
       18762, 18776, 18875, 18927, 19029, 19053, 19055, 19159, 19203,
       19213, 19386, 19402, 19404, 19406, 19462, 19477, 19511, 19530,
       19625, 19764, 19774, 19790, 19820, 19835, 19873, 19942, 20095,
       20120, 20126, 20142, 20144, 20162, 20253, 20259, 20294, 20299,
       20363, 20441, 20443, 20492, 20546, 20552, 20600, 20698, 20731,
       20743, 20765, 20773, 20816, 20852, 20859, 20898, 20921, 20927,
       20956, 20982, 21012, 21039, 21043, 21080, 21082, 21145, 21159,
       21167, 21256, 21323, 21411, 21422, 21486, 21546, 21677, 21681,
       21729, 21761, 21903, 21915, 21921, 22192, 22194, 22223, 22239,
       22264, 22282, 22352, 22526, 22550, 22557, 22881, 22947, 22983,
       23018, 23036, 23038, 23065, 23071, 23119, 23138, 23172, 23200,
       23218, 23482, 23524, 23576, 23597, 23613, 23629, 23641, 23753,
       23814, 23848, 23916, 23933, 23956, 23970, 24041, 24081, 24126,
       24166, 24207, 24208, 24314, 24315, 24318, 24339, 24381, 24438,
       24516, 24655, 24733, 24760, 24778, 24790, 24801, 24819, 24829,
       24835, 24857, 24870, 24934, 24971, 25071, 25092, 25136, 25213,
       25275, 25299, 25308, 25315, 25360, 25433, 25436, 25470, 25478,
       25490, 25500, 25563, 25612, 25628, 25663, 25707, 25753, 25765,
       25783, 25877, 25907, 25932, 25951, 25991, 26051, 26084, 26093,
       26186, 26219, 26269, 26394, 26402, 26408, 26432, 26650, 26665,
       26720, 26792, 26848, 26894, 26951, 26975, 27004, 27016, 27333,
       27355, 27360, 27391, 27580, 27645, 27698, 27753, 27829, 27842,
       27848, 27854, 27867, 27894, 27979, 27991, 28059, 28124, 28148,
       28203, 28219, 28258, 28274, 28310, 28397, 28438, 28478, 28539,
       28551, 28627, 28755, 28858, 28879, 28965, 29030, 29042, 29082,
       29109, 29157, 29259, 29283, 29373, 29380, 29444, 29509, 29592,
       29606, 29616, 29626, 29651, 29681, 29697, 29722, 29766, 29817,
       29835, 29845, 29904, 29995, 30049, 30113, 30160, 30171, 30202,
       30232, 30328, 30405, 30433, 30475, 30531, 30547, 30586, 30619,
       30624, 30788, 30893, 30904, 30935, 30952, 31052, 31061, 31107,
       31179, 31208, 31247, 31287, 31299, 31326, 31355, 31360, 31375,
       31410, 31495, 31597, 31608, 31624, 31658, 31673, 31728, 31763,
       31769, 31890, 31986, 31990, 32033, 32139, 32186, 32250, 32297,
       32381, 32394, 32450, 32542, 32553, 32599, 32643, 32761, 32773,
       32775, 32809, 32819, 32847, 32887, 32995, 33020, 33064, 33157,
       33178, 33206, 33296, 33353, 33404, 33412, 33432, 33435, 33538,
       33586, 33598, 33681, 33687, 33751, 33822, 33931, 33992, 33998,
       34054, 34097, 34121, 34131, 34174, 34193, 34257, 34266, 34288,
       34314, 34389, 34395, 34657, 34679, 34726, 34935, 34984, 34999,
       35011, 35074, 35128, 35133, 35209, 35255, 35257, 35289, 35299,
       35323, 35387, 35442, 35519, 35657, 35862, 35932, 36023, 36060,
       36084, 36111, 36177, 36183, 36192, 36211, 36353, 36364, 36377,
       36396, 36411, 36423, 36429, 36532, 36561, 36569, 36583, 36662,
       36674, 36795, 36809, 36876, 37122, 37123, 37146, 37213, 37289,
       37304, 37511, 37516, 37620, 37691, 37731, 37737, 37810, 37863,
       37881, 37927, 37948, 37964, 37988, 38006, 38058, 38082, 38099,
       38117, 38128, 38165, 38188, 38347, 38435, 38452, 38481, 38565,
       38594, 38654, 38720, 38866, 38875, 38995, 39047, 39069, 39071,
       39153, 39198, 39229, 39235, 39280, 39315, 39345, 39458, 39465,
       39520, 39561, 39575, 39675, 39696, 39786, 39874, 39950, 39994,
       40061, 40115, 40127, 40128, 40185, 40194, 40211, 40247, 40257,
       40273, 40297, 40302, 40353, 40382, 40588, 40619, 40628, 40659,
       40763, 40823, 40879, 40928, 41021, 41032, 41054, 41164, 41166,
       41179, 41209, 41245, 41289, 41308, 41425, 41453, 41500, 41522,
       41651, 41654, 41744, 41745, 41765, 41790, 41797, 41818, 41827,
       41829, 41848, 41881, 41905, 41952, 42009, 42047, 42086, 42185,
       42295, 42518, 42525, 42580, 42593, 42623, 42722, 42912, 42953,
       43074, 43212, 43266, 43272, 43296, 43320, 43419, 43453, 43676,
       43781, 43936, 43999, 44062, 44088, 44222, 44249, 44260, 44329,
       44345, 44369, 44444, 44446, 44492, 44506, 44714, 44715, 44785,
       44876, 44905, 44937, 44949, 45087, 45101, 45157, 45169, 45184,
       45274, 45329, 45451, 45498, 45528, 45552, 45582, 45588, 45606,
       45629, 45681, 45705, 45739, 45752, 45754, 45884, 45931, 45933,
       45953, 45975, 45982, 46004, 46028, 46209, 46238, 46249, 46297,
       46361, 46525, 46561, 46702, 46719, 46885, 46983, 47065, 47130,
       47148, 47184, 47211, 47226, 47290, 47302, 47333, 47345, 47349,
       47374, 47505, 47520, 47558, 47605, 47750, 47772, 47776, 47777,
       47794, 47804, 47838, 47857, 47879, 47952, 47981, 48009, 48070,
       48114, 48158, 48241, 48242, 48271, 48309, 48353, 48365, 48387,
       48392, 48420, 48503, 48512, 48519, 48612, 48656, 48672, 48676,
       48689, 48696, 48713, 48731, 48747, 48846, 48854, 48881, 48902,
       48924, 48937, 48942, 49006, 49073, 49159, 49163, 49164, 49236,
       49246, 49254, 49259, 49266, 49353, 49437, 49456, 49461, 49469,
       49486]), array([   47,   106,   139,   189,   309,   350,   445,   549,   561,
         569,   626,   667,   787,   964,  1047,  1097,  1132,  1153,
        1219,  1245,  1363,  1371,  1386,  1387,  1419,  1467,  1496,
        1545,  1784,  1849,  1982,  2096,  2114,  2146,  2157,  2177,
        2444,  2558,  2573,  2649,  2686,  2775,  2795,  2797,  2893,
        2899,  2984,  3014,  3096,  3105,  3298,  3392,  3422,  3490,
        3501,  3535,  3723,  3800,  3871,  3938,  4002,  4196,  4237,
        4244,  4261,  4346,  4392,  4534,  4554,  4669,  4680,  4763,
        4790,  4804,  4807,  4816,  4935,  5047,  5298,  5337,  5382,
        5472,  5755,  5858,  5859,  5934,  6189,  6206,  6348,  6455,
        6655,  6664,  6797,  6832,  6833,  6876,  6928,  7024,  7302,
        7357,  7373,  7422,  7946,  8057,  8165,  8246,  8282,  8346,
        8385,  8441,  8442,  8533,  8838,  8922,  8946,  8973,  9032,
        9069,  9231,  9251,  9334,  9381,  9534,  9552,  9771,  9827,
        9968, 10005, 10041, 10215, 10236, 10303, 10377, 10428, 10704,
       10826, 10863, 10872, 10877, 10910, 10924, 10971, 10983, 11055,
       11103, 11143, 11203, 11221, 11392, 11450, 11460, 11468, 11482,
       11489, 11518, 11557, 11563, 11564, 11583, 11682, 11687, 11794,
       11795, 11981, 12286, 12287, 12289, 12307, 12374, 12396, 12464,
       12484, 12505, 12624, 12649, 12711, 12738, 12768, 12918, 12956,
       12992, 13034, 13052, 13074, 13230, 13238, 13444, 13446, 13453,
       13457, 13484, 13490, 13541, 13543, 13553, 13564, 13813, 13840,
       13875, 13896, 13916, 14015, 14060, 14137, 14183, 14293, 14334,
       14380, 14390, 14431, 14498, 14533, 14718, 14739, 14780, 15084,
       15297, 15469, 15515, 15520, 15527, 15555, 15752, 15866, 15881,
       15886, 15888, 15908, 15967, 15994, 16175, 16220, 16303, 16339,
       16459, 16726, 16806, 16821, 16856, 16908, 16994, 17007, 17077,
       17217, 17305, 17409, 17445, 17450, 17457, 17555, 17608, 17707,
       17853, 17928, 17960, 17983, 18033, 18061, 18191, 18269, 18321,
       18366, 18414, 18479, 18480, 18579, 18588, 18737, 18762, 18927,
       19055, 19159, 19203, 19213, 19386, 19402, 19404, 19462, 19511,
       19530, 19625, 19764, 19835, 19873, 19942, 20092, 20095, 20126,
       20142, 20151, 20259, 20294, 20299, 20443, 20492, 20546, 20552,
       20600, 20731, 20743, 20765, 20816, 20852, 20859, 20898, 20921,
       20956, 20982, 21012, 21043, 21053, 21080, 21082, 21145, 21159,
       21160, 21167, 21256, 21323, 21411, 21422, 21447, 21486, 21546,
       21588, 21681, 21729, 21761, 21903, 21921, 22169, 22192, 22223,
       22239, 22282, 22526, 22550, 22557, 22947, 23018, 23065, 23071,
       23119, 23138, 23172, 23200, 23218, 23401, 23524, 23576, 23613,
       23629, 23641, 23814, 23956, 23970, 24081, 24166, 24207, 24315,
       24318, 24339, 24438, 24516, 24655, 24733, 24760, 24778, 24819,
       24870, 24934, 25071, 25092, 25136, 25213, 25299, 25308, 25315,
       25360, 25433, 25436, 25470, 25478, 25500, 25628, 25753, 25783,
       25877, 25907, 25932, 25951, 25991, 26051, 26084, 26186, 26269,
       26394, 26402, 26408, 26432, 26665, 26720, 26792, 26848, 26894,
       26951, 26975, 27060, 27333, 27355, 27360, 27372, 27391, 27580,
       27698, 27753, 27829, 27867, 27979, 27991, 28059, 28219, 28258,
       28274, 28310, 28397, 28478, 28517, 28627, 28755, 28879, 29019,
       29030, 29082, 29109, 29259, 29283, 29444, 29480, 29509, 29592,
       29606, 29616, 29626, 29656, 29722, 29766, 29817, 29835, 29904,
       29995, 30049, 30113, 30171, 30232, 30405, 30531, 30547, 30619,
       30624, 30952, 31052, 31107, 31125, 31179, 31208, 31287, 31299,
       31326, 31360, 31495, 31608, 31624, 31658, 31673, 31990, 32033,
       32139, 32186, 32250, 32297, 32345, 32381, 32553, 32643, 32761,
       32773, 32775, 32809, 32887, 33064, 33157, 33178, 33206, 33296,
       33404, 33412, 33538, 33562, 33681, 33687, 33751, 33822, 33992,
       33998, 34054, 34097, 34131, 34174, 34193, 34257, 34266, 34389,
       34395, 34460, 34679, 34726, 34935, 34999, 35074, 35128, 35209,
       35255, 35257, 35299, 35361, 35442, 35519, 35657, 35895, 35932,
       36060, 36084, 36111, 36116, 36130, 36177, 36192, 36353, 36364,
       36429, 36561, 36569, 36583, 36662, 36674, 36876, 37146, 37213,
       37731, 37810, 37863, 37948, 37964, 37988, 38006, 38058, 38117,
       38128, 38188, 38290, 38347, 38452, 38481, 38565, 38594, 38654,
       38720, 38756, 38866, 38875, 38995, 39047, 39069, 39071, 39153,
       39198, 39229, 39280, 39345, 39401, 39458, 39561, 39675, 39696,
       39739, 39950, 39994, 40115, 40127, 40128, 40185, 40194, 40211,
       40247, 40257, 40273, 40302, 40382, 40420, 40588, 40628, 40659,
       40763, 40928, 41021, 41032, 41054, 41166, 41179, 41209, 41245,
       41308, 41425, 41453, 41500, 41522, 41654, 41745, 41765, 41790,
       41797, 41818, 41829, 41848, 41952, 42047, 42086, 42185, 42295,
       42518, 42525, 42580, 42593, 42912, 42953, 43074, 43212, 43266,
       43272, 43419, 43936, 44062, 44222, 44249, 44260, 44329, 44345,
       44369, 44444, 44446, 44492, 44714, 44715, 44785, 44876, 44937,
       45087, 45101, 45184, 45451, 45498, 45528, 45588, 45681, 45705,
       45717, 45739, 45884, 45931, 45933, 45953, 45975, 45982, 46004,
       46028, 46108, 46249, 46525, 46561, 46702, 46719, 46983, 47065,
       47148, 47184, 47211, 47226, 47290, 47333, 47345, 47349, 47505,
       47558, 47605, 47750, 47776, 47777, 47794, 47804, 47834, 47857,
       47879, 47981, 48114, 48158, 48241, 48242, 48309, 48353, 48387,
       48392, 48420, 48503, 48512, 48519, 48612, 48656, 48672, 48696,
       48713, 48731, 48846, 48881, 48902, 48937, 48942, 49128, 49159,
       49236, 49246, 49248, 49254, 49259, 49353, 49461, 49469]), array([   47,    62,   106,   191,   561,   569,   626,   667,   755,
         787,   964,  1047,  1219,  1245,  1363,  1371,  1386,  1467,
        1496,  1545,  1849,  1982,  2017,  2096,  2114,  2174,  2257,
        2444,  2573,  2637,  2775,  2795,  2797,  2984,  3105,  3327,
        3392,  3501,  3535,  3708,  3848,  3871,  4002,  4237,  4346,
        4534,  4669,  4804,  4807,  4914,  4935,  4944,  5047,  5378,
        5429,  5755,  5880,  6161,  6312,  6655,  6742,  6876,  7422,
        7946,  8165,  8246,  8282,  8341,  8346,  8385,  8922,  8973,
        9032,  9069,  9129,  9334,  9381,  9534,  9552, 10005, 10041,
       10215, 10236, 10358, 10377, 10704, 10826, 10863, 10872, 10971,
       10983, 11054, 11055, 11143, 11221, 11392, 11405, 11468, 11482,
       11518, 11563, 11564, 11583, 11794, 12287, 12289, 12307, 12374,
       12464, 12484, 12505, 12553, 12624, 12649, 12711, 12738, 12918,
       12972, 13034, 13052, 13074, 13238, 13446, 13452, 13453, 13457,
       13541, 13543, 13564, 13840, 13875, 13916, 14137, 14334, 14431,
       14533, 14718, 14739, 15084, 15297, 15469, 15515, 15520, 15527,
       15555, 15881, 15888, 15907, 15967, 16175, 16220, 16303, 16339,
       16780, 16821, 16856, 16908, 16994, 17007, 17077, 17217, 17445,
       17524, 17555, 17608, 17928, 17960, 17983, 17986, 18033, 18191,
       18269, 18479, 18579, 18588, 18762, 18927, 19053, 19055, 19159,
       19203, 19213, 19386, 19404, 19462, 19511, 19530, 19625, 19764,
       19873, 19942, 20126, 20259, 20299, 20443, 20492, 20546, 20731,
       20765, 20852, 20859, 20898, 20921, 21043, 21080, 21082, 21145,
       21167, 21256, 21323, 21411, 21486, 21681, 21729, 21903, 21915,
       21921, 22192, 22223, 22239, 22282, 22550, 22881, 22947, 23018,
       23065, 23071, 23138, 23172, 23218, 23576, 23613, 23916, 23933,
       23970, 24166, 24207, 24339, 24438, 24516, 24655, 24733, 24760,
       24870, 24934, 25299, 25308, 25360, 25436, 25478, 25628, 25753,
       25765, 25951, 25991, 26084, 26269, 26402, 26792, 26848, 26894,
       26975, 27355, 27360, 27570, 27829, 27848, 27979, 27991, 28059,
       28258, 28274, 28310, 28397, 28627, 28755, 28879, 29030, 29082,
       29109, 29202, 29259, 29283, 29444, 29509, 29651, 29766, 29817,
       29904, 29995, 30113, 30171, 30232, 30328, 30405, 30433, 30531,
       30547, 30624, 30952, 31052, 31287, 31326, 31410, 31608, 31673,
       31990, 32139, 32239, 32250, 32297, 32761, 32773, 32809, 33020,
       33064, 33157, 33178, 33432, 33538, 33687, 33751, 33822, 34054,
       34097, 34131, 34174, 34193, 34257, 34266, 34288, 34389, 34657,
       34679, 34935, 34999, 35074, 35128, 35209, 35255, 35257, 35519,
       35657, 35862, 36060, 36084, 36111, 36177, 36429, 36569, 36583,
       36662, 36674, 36876, 37123, 37146, 37213, 37620, 37731, 37810,
       37863, 37964, 37988, 38058, 38099, 38117, 38128, 38347, 38565,
       38594, 38654, 38720, 38995, 39047, 39069, 39071, 39153, 39198,
       39229, 39345, 39561, 39675, 39950, 40115, 40194, 40247, 40588,
       40628, 41021, 41179, 41308, 41425, 41453, 41500, 41522, 41745,
       41790, 41797, 41818, 42047, 42086, 42185, 42580, 43074, 43272,
       43419, 43453, 44062, 44260, 44345, 44369, 44444, 44446, 44492,
       44714, 44715, 44785, 44876, 45157, 45184, 45451, 45552, 45681,
       45739, 45884, 45953, 45982, 46028, 46249, 46525, 46719, 47065,
       47148, 47184, 47211, 47290, 47345, 47349, 47505, 47558, 47750,
       47777, 47794, 47804, 47981, 48114, 48158, 48241, 48353, 48387,
       48392, 48503, 48519, 48612, 48696, 48713, 48731, 48881, 48902,
       48937, 48942, 49159, 49246, 49254, 49353, 49461, 49469, 49496]), array([   47,   243,   667,  1047,  1245,  1371,  1496,  2017,  2444,
        2775,  2797,  3392,  3501,  3535,  4237,  4534,  4935,  5755,
        6876,  9069,  9381,  9552, 10005, 10236, 10358, 10704, 10863,
       10971, 10983, 11055, 11221, 11392, 11482, 11518, 11563, 12287,
       12374, 12624, 12649, 13074, 13446, 13541, 13543, 13564, 13875,
       13916, 14533, 15515, 15555, 15967, 16175, 16303, 16856, 16994,
       17007, 17608, 17928, 17983, 18033, 18579, 19203, 19213, 19386,
       19402, 19530, 19942, 20126, 20294, 20443, 20731, 20859, 20898,
       20921, 21043, 21080, 21082, 21256, 21323, 22239, 22947, 23970,
       24166, 24207, 24438, 24516, 24733, 24760, 24934, 25308, 25360,
       25628, 25753, 25951, 26269, 26394, 26402, 26432, 26792, 27360,
       29082, 29109, 29259, 29766, 29817, 30113, 30171, 30232, 30531,
       31052, 31608, 31990, 32297, 32761, 32809, 34054, 34097, 34193,
       35128, 35209, 35519, 35862, 36084, 36111, 36177, 36429, 36583,
       36674, 37964, 38347, 38995, 39069, 39071, 39153, 39561, 39675,
       39950, 40194, 40247, 40588, 41021, 41308, 41453, 41522, 41745,
       41797, 41818, 42086, 42580, 43212, 43419, 43453, 44260, 44345,
       44714, 44715, 45087, 45184, 46028, 46249, 46525, 46719, 47211,
       47349, 47505, 47794, 48241, 48696, 48713, 48731, 48881, 49236,
       49254, 49469]), array([   47,    62,   243,   350,   626,   667,   787,   964,  1245,
        1363,  1371,  1386,  1496,  1912,  2017,  2096,  2114,  2444,
        2637,  2775,  2984,  3105,  3392,  3501,  3535,  3708,  3871,
        4002,  4237,  4935,  5047,  5337,  5755,  6206,  6655,  6742,
        6833,  6876,  7040,  7422,  8246,  8385,  8973,  9069,  9381,
        9552, 10005, 10215, 10219, 10236, 10358, 10377, 10704, 10826,
       10863, 10971, 10983, 11055, 11221, 11392, 11482, 11489, 11518,
       11563, 11794, 12287, 12289, 12374, 12484, 12624, 12649, 12711,
       12738, 12768, 13446, 13453, 13457, 13541, 13543, 13564, 13840,
       13875, 13916, 14431, 15297, 15515, 15520, 15555, 15888, 15907,
       15967, 16175, 16303, 16856, 16908, 16910, 16994, 17007, 17217,
       17445, 17555, 17608, 17853, 17928, 17960, 17983, 18033, 18269,
       18479, 18579, 18737, 18762, 19203, 19386, 19402, 19462, 19835,
       19942, 20126, 20294, 20299, 20443, 20731, 20743, 20852, 20859,
       20898, 20921, 20927, 21043, 21080, 21145, 21167, 21256, 21323,
       21411, 21681, 21915, 22223, 22239, 22550, 22947, 23065, 23071,
       23172, 23576, 23933, 23970, 24166, 24207, 24318, 24339, 24438,
       24516, 24655, 24760, 24870, 24934, 25308, 25360, 25628, 25753,
       25907, 25951, 25991, 26084, 26186, 26195, 26269, 26394, 26402,
       26432, 26792, 26975, 27360, 27979, 28219, 28258, 28627, 28755,
       28879, 29082, 29109, 29283, 29766, 29817, 30113, 30232, 30531,
       31052, 31360, 31624, 31673, 31990, 32139, 32297, 32761, 32773,
       32809, 33064, 33751, 33822, 34054, 34097, 34131, 34174, 34193,
       34257, 34389, 34679, 35074, 35128, 35209, 35255, 35257, 35442,
       35519, 35657, 35862, 35932, 36084, 36111, 36177, 36429, 36583,
       36674, 37146, 37691, 37731, 37810, 37964, 38058, 38117, 38128,
       38188, 38347, 38435, 38452, 38875, 38995, 39069, 39071, 39153,
       39198, 39345, 39561, 39675, 39950, 40115, 40194, 40211, 40247,
       40588, 40628, 40879, 41021, 41166, 41179, 41308, 41425, 41453,
       41500, 41522, 41745, 41790, 41797, 41818, 42086, 42580, 42953,
       43419, 43453, 43676, 44260, 44345, 44444, 44446, 44714, 44715,
       45184, 45884, 45953, 45982, 46028, 46249, 46525, 46719, 47065,
       47148, 47184, 47211, 47345, 47349, 47505, 47777, 47981, 48241,
       48353, 48387, 48392, 48612, 48672, 48696, 48713, 48731, 48881,
       48902, 49236, 49246, 49254, 49461, 49469])]
