[array([  614, 46703,  9070,  2211,  6475, 46882, 47112, 32326, 15717,
       48124, 10818,  3097, 38130, 35972, 13409,   913, 17915, 33149,
       11363, 43165,  8359, 38024, 21856, 23214, 37961, 32111,  8939,
       14472, 42365, 15115, 17787, 37103, 26906, 40041, 33429, 19110,
        2422,  3323, 43890, 18073,  2086, 31757,  2583, 34199, 25590,
       25859, 11030, 20032, 16672, 32378, 38189, 48919, 49126, 34740,
       43907, 31931, 38538, 14191, 22065, 22934,  6530, 24901, 14294,
       37795, 26087, 10536,  6415, 12150, 14786, 31262, 37469, 46729,
       33794, 11493, 24249, 31311, 12265, 11111, 36914, 48286, 32708,
       17398, 32433, 37924,  6242, 45462, 22396,  7081, 10247, 21337,
       20589,  3960, 11822,  2715,  8912, 14069, 45813, 45093, 46610,
       34291, 14171, 32963, 41458, 21138, 14916, 25181,  1629, 33349,
       47764, 17054, 21240, 45712, 12635, 38669, 48891, 28277,  6474,
       44243, 42109, 37602, 15901,  2135, 34373,  4523, 17753, 48305,
        9148, 12923, 32584, 48269, 29391, 43156, 12681, 20496, 12517,
       12520, 46013,  2168, 35050,  6239, 18069, 41127, 10078,  1127,
       11046, 27225, 21964, 12593, 19896, 26342, 20352,  5744, 34503,
       22848, 29776, 13207,   349, 18415, 38193, 43963, 49001, 25185,
       20820, 25559, 46688, 25584, 34631, 16588, 25625, 17164,  9388,
       10434,  1968, 45244, 18096, 49273,  9225, 11799, 33937, 17269,
       44981, 30313, 10941,  2707,  9346, 22967, 30324, 19909, 10128,
        8285, 18547, 44830,  5325,  6052, 47577,  3111, 38286, 39514,
       33293, 33292,  4090, 40312,    22, 31071,  5155,  7812,  9739,
       40275,  3110, 36208, 42771, 17036,  9159, 38673,  9867,  1167,
        5330,  9879, 35119, 22157, 40168, 14454, 22567,  2930, 39117,
       26343, 18121, 12318, 43646, 15194, 11894, 42982, 41955, 30838,
       41401,  9924, 23984, 45338, 46776, 28530, 27890, 18241, 41087,
       40948,  5688,  2498,  3343, 23459, 36962, 46460,  7922, 22377,
       42854, 41556, 46136, 31547, 13683, 20026,  8123, 10647, 10419,
       22551, 15782,  1408, 46216,  7914,  7913, 46616, 39967, 28950,
       14035, 28229,  3988, 43468, 15748,  8363, 17483, 17418, 22296,
       43661, 14247, 41568, 31929, 37660, 13017, 12028, 43039, 13004,
        9714, 35936, 11108, 33619, 48211,  3794, 45667, 17988, 18677,
       29668, 44564, 18481, 11645,  3493,   954, 35722, 33054,  9312,
        6713,  2280,  3692, 20715, 25947, 25948, 33150,  3440,  9238,
         583, 14988, 40591, 23506, 12463, 32374, 29129, 15556,  1780,
       16831, 23064, 47584, 30860, 41624, 17816, 11945, 36125, 34326,
       47493, 29085,  7770, 42444, 34210,  7589,  5980, 12483, 12503,
       25170,  7516,   859, 38472, 39265,  1753, 37441, 35482,  9588,
       14193, 39385, 23268, 17154, 40695,  2120, 31459, 31539, 44885,
       44708, 35562, 46451, 45512, 28516, 31045, 29059, 45854, 29224,
        2987, 12943, 21738, 29339, 16241, 40362,  4896, 10213, 35172,
       45637, 29583, 28767,  2663, 13042, 22014,  2885, 29794, 13393,
       22125, 45367,  4242, 31412, 41040,   393,  4997,  9648, 38779,
       27708, 12125,  3181, 25942,  6994, 36966, 19802, 11417, 48044,
       25826, 42829, 22602,  1830, 27937, 19951, 38705, 10537, 42959,
       37819, 43256, 26826, 23674, 15261,  1717, 39392,   162,  3237,
       10881, 32098,   844, 14395, 23044, 19713,  5059, 38832, 23902,
        3143, 46452, 43681, 18462, 14633, 25043, 33094, 38319, 25234,
       42447,  8271, 33026,    71, 25617,  1391,  8348, 13315,  9586,
       49355,   146, 13327, 14782, 40773, 32987,   907, 26146, 26135,
       39025,  2913, 42436, 40740, 19122,  3793, 11875, 26410, 30254,
        1728, 44912, 23523, 33955, 45505, 35367, 14763,  1067, 20761,
       21329, 12055,  2777, 38569, 38700,  9410, 18895, 45156, 42132,
       13370,  2080, 20919, 18356, 12101, 24074, 38734, 16497, 38227,
       25968, 25983, 38520, 29784, 37936, 30182,  1249, 29929, 13785,
       20507, 20295, 31365, 46811, 34584, 16150, 13861, 46151, 28605,
       39885,  5268, 31240, 44234, 16224, 17376, 35453,  7896, 36298,
       19905, 22130, 17563, 36628, 28308, 46512, 31556, 15976, 36707,
       15985, 41370, 28407,  4021, 46343, 31570, 17435, 44017, 31590,
       36443,  5774, 22800, 48038, 17774, 27084,  2529, 36104, 34219,
       23197, 19666, 31025, 36159,  3294,  1761, 39339,  4287,  8931,
       39678,  6016,  8889, 14225, 43264, 24969,  2940,  2033,  5848,
       42180, 43799, 17962, 33605, 20561, 33547,  4340, 19311, 31432,
       20540, 44514, 12781, 35053, 10948, 19503,  9957, 35322, 20296,
       42642, 44245, 38356,   801, 42889,  4688, 34325, 12679, 42059,
       44471, 32661, 43008, 17400, 31293, 43592, 41394, 17410, 19621,
       18797, 33707, 10530, 10097, 42100, 35264, 18993, 20050, 32617,
         719, 21622,   183,  6171, 21931, 39499, 36269,  1489, 23304,
       23329, 21830, 37545, 26448, 47382, 48171, 29242, 23654, 29369,
       45682, 45669,  3408, 16415, 23938, 37725, 40463, 36714, 48539,
       27500, 37093, 46673, 39988, 36736, 22244, 28128, 28299,  3974,
       28328, 36560, 47101,  8733, 36476, 39756, 22173, 22161, 47166,
       22716, 13965, 27756, 36996,  4053, 28782, 13734,  6976,  8315,
       24635, 14874, 25102,  3651,  9364, 48926,  4846, 24546,  4855,
       49463,  9613, 16542, 45040, 29842, 29729, 24700,  1640, 45406,
       25800,  3559,  2585, 33267,  3560, 47266, 19889, 10604, 10698,
       15742, 31870,  6602, 42500, 33606, 22789, 24723, 27712,  5076,
       27819, 22340,  3601, 39941, 24995, 36730,  1166,  1018,  2348,
        1155, 22423, 42323, 36746, 43575, 22671, 14847, 24880, 43522,
        4562,     3, 49335, 27319, 11615, 38600, 42076,  7277, 48263,
       18227, 32528, 26248, 11077, 48805,  6251, 32595, 19058, 32946,
       23926, 14398, 37792, 11462, 14434, 26038,  7417,  7438, 43205,
       37467, 22994,  7838, 11428, 42675, 17844, 15553, 23164, 23170,
        7664, 25380, 24582, 27140, 27135, 23275, 25423, 11580, 23340,
       11562, 32313, 11021,  4676,  1270, 18576,  8787, 40807,   461,
       45131,  8554, 28846, 17461,  4165,  9428, 17420, 35491,  2915,
       45697, 36198,  8740, 28816, 34860, 40897, 17149, 44124,  9367,
       34910, 17018, 20487, 35929, 21726, 21498, 35041, 30983, 21884,
       17250,  4197, 21060, 46520,  9698,  1183, 41187, 21050, 10452,
        9569, 21406, 31538, 16355, 29707, 15076, 40490, 32933, 37997,
       15068, 24132, 33846, 48721, 12090, 12767, 29698, 12290, 41303,
       26204, 14317,  7236, 13579, 23858, 23900, 11165, 35065, 48323,
       12191, 11240, 12998, 48455,   134, 48457,  1957, 13473, 11356,
        7194, 29569, 42768,  2763, 11716, 42256, 18491,  5111, 21174,
       24823, 20996,  1008, 33208, 30334, 16961, 16771, 42412, 11919,
       33534,  1023, 33533, 16842, 42451, 25293, 44764, 35583,  3714,
        4247, 38014, 25735, 38658, 38083, 21326, 11541, 38137, 45226,
        5359, 38169, 24478, 18795, 49012, 24629, 33156, 40887, 33193,
       48746, 37550,  5673, 44440, 28688, 46166, 10269, 31333, 30282,
       31305, 47329, 37072, 44151, 28809, 13591, 22869, 15661,  4922,
       27365, 14123, 37194, 10184,  7730, 37284, 20355, 40148, 39448,
       36987, 46330, 22323, 17543,   775, 39940, 31604,  8269, 28320,
        6115, 22468, 28068,  4963, 20105, 17657, 28001, 13776, 43539,
        8612, 41421, 47159, 43501, 17674, 46263, 17377,  1355, 36261,
       31055, 37464, 41131, 29087,  7474, 45891, 15393, 23438, 37535,
       39120, 45864, 13606, 21776, 36090,  5826, 18036, 43154, 34136,
       23326, 27604,  2517, 47758, 26900, 31080, 27112, 15405, 13280,
       36863, 15775, 14905, 34103, 14161, 42299, 39351, 15878, 16768,
       37251,  2340, 34990, 41769, 37398, 16352, 38005, 36614, 38351,
       12780, 39078, 36719, 34906, 34733, 16332, 40674, 40101, 41886,
        1538, 37444, 16186, 14557,  1571, 13623, 40901, 35620, 13480,
       15095, 12159, 17934, 16104, 38072, 35617, 38554, 40612, 40106,
        5531, 39427, 12474, 38230, 41916, 37651, 18315, 40631, 18487,
        2006,  1054, 16473, 14827, 31146, 24028, 19801, 25950, 19722,
       10838, 30230,  4410, 48592, 21106,  7014,   104, 45061, 30147,
       45091, 23002, 32189, 10906, 30942, 32278, 32315, 25683, 21254,
       29994,  7880,  6392,   888, 22732, 27801, 47134, 31851,  3264,
        2581,  6194, 44350, 10140, 31095,  7510, 22196,   673, 31246,
       44535, 10281, 30728, 43965, 30634,  3385, 43948,  6768,  7561,
       30620, 20797, 20825, 43812,  7264, 31591, 30532, 20911,  7185,
        7607, 43558, 27175, 20964, 48428, 20766, 45491, 32271, 32648,
        8961, 25369, 49097, 11525, 22385,  8280, 46730, 32635, 33063,
       33120, 49212, 46497, 21755,  3022, 33249, 42521, 49410,   425,
       49429, 18674, 25055, 22106, 46342, 33463, 11856, 33476, 33205,
       49019, 23368, 29535, 11330, 32684,   510, 32683,  3675, 18983,
       43010, 29573, 21735, 46379, 40002,  3016, 17088, 45424, 16669,
       27107, 22279,  6083, 39773, 40924, 40149, 40939, 39762, 23355,
        5946, 23236, 21359,  7500, 47847, 40885, 21526,  3317, 26982,
       41014,  4273, 46464, 44550, 15959, 36385, 14203, 28036, 28930,
       39825, 37268,  7821, 13278, 14097, 45696, 37168,  9616, 39538,
       29092, 21787, 27376, 45030, 22536,  8166,  8996, 21749,  1441,
       16888,   506,  7725, 37382, 13124, 20912, 20942, 47693, 13205,
       27579, 46706, 29011, 39467, 45987, 30350, 30009, 28160, 47621,
        6021, 47399, 27606, 15558, 31712, 34981, 33939, 14567,  2457,
       41868,  2245, 24465, 15003, 17993, 41839, 19167, 41832, 48875,
       32430, 25670,  6914, 30920, 24283, 32207, 25769, 24153, 25927,
       12558, 41647, 48607, 43361,  4495, 19720, 41974, 18148, 18642,
        2354, 18658, 11954,  3591, 38478,  6477, 42595, 24774, 24761,
       25147, 25152,  4531, 33083,  2293,  2401,  3646, 33010,  6644,
       38214, 32902,  2421,   934, 32875, 18942, 33888, 19759, 28456,
       43819, 14249, 31422, 31416,  2611, 37598, 12701,  7270, 20229,
       10565,  2593, 48419, 39116, 10594, 43746, 31213, 26529, 26061,
       20068, 31112, 34464, 34767, 31925,  4299, 43870, 20088, 34938,
       26210, 25382, 13901, 26244, 23217, 36739, 28111, 49014, 49025,
       27357, 15454,  7478,     5,  8548,  3080,  3085, 15423,  5140,
       15497, 48050, 26599, 14875, 48083, 28235,   233, 46662, 25203,
       47872, 28183, 13918, 14311, 26136,  5020, 27503, 48443,  1553,
       39478, 48816,  5249, 48800,  7146, 14420,  3879, 37163, 39583,
       37926,  7021, 39573, 26004, 38798,  3698, 23903, 23195, 48388,
        8056, 39835, 46986,  7815,  1572, 14327,  7993, 13944, 22605,
       15800, 24484, 47067, 22704, 23873, 47105, 15252, 38584, 36986,
       25639, 48381, 27900, 22815, 18599, 44503, 34817, 41246, 10453,
       43843, 34732, 34693, 43787, 31321, 31601, 34591, 31610, 20030,
       43579, 19931, 43500, 10634, 41377, 43428, 20342, 12957, 35380,
       16964, 40801, 44781, 40880, 17057, 30631, 31204,  9784, 44574,
       30777,  9938, 16033, 30856, 12978, 44469,  5855, 17783, 10727,
        1145, 11285, 42822,   951, 18874, 18857, 33160, 33689, 18077,
         980, 11626, 11696, 18699, 12004,  1002, 42477, 18534, 18400,
       19115, 32532, 41853,   830, 41579, 10834, 34259, 10864, 43335,
       34226,  4424,  5470, 43319, 43312, 19370, 19337, 43228, 32377,
       32452, 17977, 21016, 13265, 35915, 21607,  9414,  2852, 40572,
       35961, 35637, 29930, 16230, 13647, 21482, 13408,  4866, 21209,
        4903, 45411, 35890, 45862,  4107,   524, 44901, 42354, 21629,
       21612, 29453,  5331, 45920, 21201, 40425, 44934, 13267, 45019,
       46081, 22013, 40120, 36382, 28795,   582, 21089, 16308, 28647,
       25257,  2500, 33286, 16114, 28151, 21769, 28499, 36351, 16050,
       19547, 25923, 29434,  3959, 24111, 33411, 38344, 24915, 36006,
       18735, 15007, 22241, 33706, 15905, 14966, 15903, 25331, 33781,
       28835, 28868, 18920, 33797,  3563, 18184, 28957,  1624, 32659,
       28986, 22338, 25564, 38156, 24469, 19121, 32519, 18332, 21840,
       32697, 30288, 25969, 35628, 22831, 22847, 30848, 37451, 35063,
       30024, 26966,  2759, 37408, 17244, 37144, 27073, 35204, 17104,
       30122, 30488, 37357, 30415, 37353, 30200, 27196,  2827, 30396,
       23130, 30247, 35406, 21046, 21070, 26791, 19750,  2729,  1730,
       25982, 25997, 36815, 22570, 23983, 27940, 26073, 21587,  3753,
       31714, 37722, 37712, 15225, 29593, 35896, 20060, 36973, 34676,
       29820, 21389, 36995, 27724,  3779,  2630, 23533, 37010, 17480,
       31346, 29878, 23448, 16019, 24930, 38372, 10502, 43785, 47064,
       47079,  1506, 47182,  7889, 40255, 14358,  7871, 10842,  9035,
       11031,  8008, 13577, 43179, 43175,  6209, 43134,  5342, 40481,
       40482, 47904,  5677,  7489, 47999,  5646, 11336,  1320, 11530,
       43929,  8177, 45733,   537, 45735,  8994,  8933,  9336, 45997,
        8789, 46067, 45136, 45004, 39556, 44878, 10424, 46089,   646,
       39472, 10012,  8650, 46359, 44308, 10158, 44187, 46654, 44114,
       44073,   737, 10346, 46099, 11553, 38919, 13352,  6659,  7145,
       40715,  6505,  5559, 48788, 48533, 49170, 41803, 12764, 14662,
       48609,  5446, 49087,  7013, 12245, 41374, 40586, 38687, 48517,
       41188, 48307,  5462, 13057, 41226, 12921,  7162,   972, 40559,
       13087,  6859, 17615, 17589,  2676, 16003, 44202, 39999, 44230,
       31190, 10173, 44562, 17035, 10120, 44257, 40044, 15942, 30901,
        9907, 15873,   663, 29404, 39717,  4132, 41058,  4748,   540,
       13947, 45267, 17379, 40926, 15750, 13799, 39795, 34759,  9614,
       17510, 20908, 30564, 44717, 39867, 13864, 44668, 30701, 20670,
       41243, 35339, 12470, 41484, 18416,  5693,  1039, 42342,  4842,
       43171, 40428, 32468, 35904, 43151, 18649, 33291, 16345, 42601,
       16523, 32601, 18713,  4488, 35758, 19007, 40546, 11366, 18958,
       32896, 42853, 11526, 16507,  4698, 32103, 42157, 31357, 36440,
       36399, 41683, 41692,  2394, 20123, 43877, 40161, 13706, 13703,
       10497,   832,  2224, 33976, 33965, 38357, 31683, 12066, 42074,
       43536,  5758,  4907, 43510, 13619, 16329, 20046, 21674, 20893,
       45722,  7131, 22628, 22616,  7924,  6291, 27923,  7944, 28015,
       37474, 22466, 26807,  8220,  8243,   357, 39204, 25871, 39251,
       28206,  8377, 22302,   385,  8472, 24377,  8518, 25567, 47301,
       27572, 22809, 15029, 15174, 26651, 37868, 47955, 26904, 26996,
       27000, 23658,  3285, 23711, 15219,   248, 37400, 37730, 23742,
       29395,  7316, 15112, 26180, 47512, 48369,  7156, 23001,  5180,
       23940, 23959, 47686, 24447,    99, 23456, 24653, 39496, 45798,
        8713, 24768, 21887, 29273, 24529, 46154, 29304, 39644, 29353,
       22069, 28927, 46250,  6657,  6469, 49200, 28408, 39414, 46074,
       24912, 42743, 41307,  3388, 18703,  3412, 23780, 41235,    29,
       18748,  1187, 42732, 17501, 48231, 11485, 49497,  2440,  6448,
       23463, 26497,  1201, 25140, 24741, 32769, 32836,  6492, 32872,
       24742, 24717, 18901, 12811, 12836, 42463,  1118, 49142, 24127,
        2248, 49009, 25425, 25457, 24192, 17838, 33999, 42027, 41621,
        4659, 34265, 41636, 34250, 41638, 12580, 41658, 17857, 25820,
        6966,  4606, 42064, 11842, 11893, 17542, 48948, 24042, 12729,
       42316, 33569,  7130, 33613, 49092, 18438,  7048, 24645,  6668,
       42125,  4592, 17646,  6973, 26036, 11899, 19345, 47973, 28764,
        2766, 22035,  9885, 46191, 20667, 46221, 28567, 10000, 22133,
       22179, 10051, 30996, 10070,  8532, 31014, 31026, 28325, 44267,
       28204, 28202, 20324, 10225, 28769,  8316, 46141, 41044, 29495,
       29507, 29562]), array([    3,    22,    71,    85,    99,   104,   134,   146,   162,
         227,   233,   313,   349,   461,   520,   582,   583,   614,
         620,   646,   673,   719,   775,   801,   830,   832,   844,
         859,   888,   907,   913,   951,   954,   980,  1002,  1008,
        1018,  1023,  1054,  1067,  1118,  1127,  1137,  1145,  1155,
        1166,  1167,  1183,  1249,  1270,  1339,  1355,  1391,  1408,
        1441,  1489,  1538,  1571,  1572,  1629,  1640,  1682,  1717,
        1728,  1753,  1761,  1780,  1789,  1830,  1968,  2033,  2080,
        2086,  2120,  2135,  2168,  2211,  2245,  2280,  2293,  2332,
        2340,  2348,  2354,  2394,  2401,  2422,  2457,  2498,  2516,
        2517,  2529,  2581,  2583,  2585,  2611,  2630,  2663,  2692,
        2707,  2715,  2717,  2729,  2759,  2763,  2766,  2777,  2852,
        2875,  2885,  2913,  2915,  2930,  2940,  3016,  3022,  3080,
        3085,  3097,  3110,  3111,  3143,  3181,  3237,  3264,  3271,
        3294,  3323,  3343,  3385,  3388,  3408,  3440,  3493,  3559,
        3560,  3563,  3591,  3601,  3651,  3675,  3692,  3714,  3762,
        3793,  3794,  3811,  3879,  3959,  3960,  3974,  3988,  4053,
        4090,  4094,  4132,  4197,  4242,  4247,  4273,  4286,  4287,
        4299,  4312,  4340,  4410,  4424,  4488,  4495,  4523,  4531,
        4562,  4659,  4676,  4688,  4755,  4846,  4896,  4902,  4903,
        4922,  4963,  4997,  5020,  5059,  5072,  5076,  5111,  5155,
        5180,  5268,  5292,  5325,  5330,  5331,  5359,  5462,  5470,
        5523,  5531,  5559,  5688,  5744,  5758,  5774,  5826,  5848,
        5855,  5980,  6016,  6021,  6052,  6115,  6171,  6194,  6209,
        6215,  6239,  6242,  6357,  6388,  6392,  6415,  6474,  6475,
        6477,  6492,  6530,  6602,  6644,  6666,  6713,  6768,  6859,
        6869,  6914,  6976,  6994,  7013,  7014,  7021,  7081,  7090,
        7236,  7270,  7277,  7417,  7438,  7474,  7478,  7500,  7516,
        7589,  7664,  7692,  7729,  7730,  7748,  7770,  7812,  7821,
        7838,  7871,  7880,  7896,  7913,  7914,  7922,  7944,  7993,
        8008,  8056,  8123,  8166,  8170,  8177,  8243,  8271,  8280,
        8285,  8315,  8348,  8359,  8363,  8377,  8472,  8548,  8554,
        8612,  8650,  8733,  8740,  8787,  8789,  8889,  8912,  8931,
        8933,  8939,  8994,  9070,  9148,  9159,  9225,  9230,  9238,
        9288,  9312,  9336,  9346,  9364,  9388,  9410,  9414,  9428,
        9569,  9586,  9588,  9613,  9616,  9643,  9648,  9689,  9695,
        9698,  9703,  9714,  9739,  9745,  9763,  9784,  9867,  9879,
        9885,  9906,  9907,  9924,  9938,  9957, 10000, 10051, 10078,
       10097, 10128, 10140, 10158, 10173, 10175, 10184, 10213, 10247,
       10269, 10346, 10419, 10423, 10434, 10452, 10453, 10530, 10536,
       10537, 10594, 10604, 10647, 10698, 10727, 10818, 10838, 10881,
       10901, 10906, 10941, 10948, 11020, 11030, 11046, 11077, 11108,
       11111, 11165, 11240, 11330, 11363, 11370, 11417, 11428, 11455,
       11462, 11493, 11525, 11530, 11541, 11553, 11562, 11580, 11615,
       11626, 11645, 11716, 11799, 11800, 11822, 11856, 11875, 11894,
       11945, 12004, 12028, 12055, 12090, 12101, 12125, 12150, 12159,
       12191, 12245, 12265, 12318, 12463, 12470, 12474, 12483, 12503,
       12517, 12520, 12558, 12593, 12635, 12681, 12729, 12764, 12781,
       12923, 12943, 12957, 12978, 13004, 13017, 13023, 13042, 13057,
       13124, 13167, 13183, 13205, 13207, 13265, 13267, 13280, 13315,
       13327, 13352, 13370, 13393, 13408, 13409, 13473, 13489, 13577,
       13579, 13591, 13606, 13619, 13623, 13683, 13734, 13776, 13785,
       13861, 13918, 13955, 14035, 14069, 14097, 14123, 14161, 14171,
       14191, 14193, 14203, 14225, 14247, 14249, 14294, 14317, 14327,
       14358, 14395, 14398, 14434, 14454, 14472, 14557, 14567, 14617,
       14633, 14698, 14763, 14782, 14786, 14827, 14847, 14874, 14875,
       14881, 14905, 14916, 14988, 15007, 15029, 15076, 15112, 15115,
       15174, 15186, 15194, 15225, 15252, 15261, 15285, 15348, 15363,
       15393, 15423, 15454, 15497, 15553, 15556, 15610, 15629, 15661,
       15717, 15742, 15748, 15775, 15782, 15800, 15873, 15878, 15901,
       15942, 15959, 15976, 15985, 16033, 16056, 16104, 16150, 16186,
       16224, 16240, 16241, 16308, 16329, 16332, 16345, 16355, 16473,
       16497, 16507, 16523, 16542, 16585, 16588, 16672, 16768, 16771,
       16831, 16835, 16842, 16888, 16933, 17018, 17035, 17036, 17054,
       17088, 17149, 17154, 17164, 17269, 17376, 17377, 17379, 17398,
       17400, 17410, 17418, 17420, 17435, 17461, 17480, 17483, 17542,
       17543, 17563, 17657, 17674, 17753, 17774, 17783, 17787, 17816,
       17844, 17915, 17934, 17962, 17977, 17988, 18036, 18069, 18073,
       18096, 18121, 18122, 18205, 18227, 18234, 18241, 18315, 18332,
       18356, 18415, 18462, 18481, 18487, 18491, 18534, 18547, 18576,
       18599, 18642, 18674, 18677, 18699, 18795, 18797, 18866, 18874,
       18895, 18913, 18920, 18942, 18958, 18993, 19058, 19110, 19121,
       19122, 19145, 19167, 19265, 19306, 19311, 19345, 19370, 19407,
       19503, 19547, 19621, 19637, 19666, 19670, 19677, 19713, 19720,
       19722, 19759, 19802, 19896, 19905, 19909, 19931, 19951, 19976,
       20026, 20030, 20032, 20050, 20068, 20069, 20073, 20123, 20229,
       20295, 20296, 20311, 20352, 20487, 20496, 20507, 20540, 20561,
       20589, 20659, 20670, 20715, 20761, 20766, 20820, 20891, 20893,
       20908, 20911, 20912, 20919, 20939, 20942, 20964, 21050, 21060,
       21089, 21138, 21174, 21240, 21329, 21337, 21348, 21389, 21400,
       21406, 21498, 21526, 21587, 21607, 21622, 21629, 21644, 21726,
       21734, 21738, 21776, 21787, 21803, 21830, 21840, 21856, 21884,
       21887, 21931, 21936, 21964, 22013, 22014, 22065, 22106, 22125,
       22130, 22157, 22161, 22173, 22244, 22279, 22296, 22302, 22316,
       22377, 22385, 22396, 22466, 22468, 22536, 22551, 22567, 22570,
       22602, 22620, 22628, 22671, 22704, 22716, 22732, 22789, 22800,
       22815, 22821, 22847, 22848, 22869, 22934, 22967, 22994, 23001,
       23002, 23044, 23064, 23164, 23170, 23182, 23197, 23214, 23217,
       23236, 23268, 23275, 23304, 23326, 23329, 23340, 23368, 23443,
       23459, 23506, 23523, 23531, 23654, 23674, 23742, 23743, 23873,
       23900, 23902, 23926, 23938, 23984, 24028, 24074, 24192, 24249,
       24377, 24529, 24546, 24582, 24589, 24629, 24650, 24700, 24723,
       24741, 24761, 24823, 24880, 24901, 24915, 24930, 24969, 24995,
       25043, 25055, 25140, 25170, 25181, 25185, 25234, 25293, 25369,
       25380, 25457, 25559, 25567, 25584, 25590, 25617, 25625, 25639,
       25670, 25683, 25735, 25769, 25800, 25826, 25859, 25942, 25947,
       25948, 25950, 25968, 25969, 25982, 25983, 26036, 26038, 26073,
       26087, 26135, 26146, 26248, 26342, 26343, 26410, 26448, 26599,
       26613, 26791, 26826, 26858, 26900, 26904, 26906, 26966, 27073,
       27084, 27107, 27112, 27135, 27140, 27175, 27196, 27225, 27319,
       27365, 27376, 27500, 27503, 27604, 27606, 27708, 27710, 27724,
       27756, 27819, 27890, 27906, 27937, 28001, 28015, 28068, 28128,
       28144, 28151, 28160, 28183, 28202, 28206, 28229, 28235, 28277,
       28299, 28308, 28317, 28320, 28325, 28328, 28407, 28516, 28530,
       28567, 28605, 28767, 28782, 28795, 28809, 28835, 28846, 28868,
       28927, 28930, 28950, 28957, 28986, 29011, 29059, 29085, 29092,
       29129, 29224, 29242, 29304, 29339, 29369, 29391, 29404, 29434,
       29450, 29513, 29535, 29562, 29573, 29583, 29668, 29670, 29707,
       29729, 29776, 29784, 29794, 29842, 29874, 29929, 29930, 29994,
       30009, 30024, 30147, 30166, 30182, 30230, 30254, 30282, 30301,
       30313, 30324, 30403, 30415, 30503, 30506, 30532, 30564, 30620,
       30631, 30728, 30838, 30860, 30870, 30901, 30911, 30920, 30942,
       30983, 31014, 31025, 31045, 31055, 31071, 31080, 31095, 31146,
       31213, 31226, 31240, 31262, 31293, 31305, 31311, 31333, 31346,
       31365, 31416, 31422, 31432, 31459, 31538, 31539, 31547, 31556,
       31570, 31590, 31591, 31604, 31641, 31712, 31714, 31757, 31845,
       31851, 31870, 31925, 31929, 31931, 32098, 32111, 32189, 32207,
       32271, 32278, 32313, 32315, 32326, 32374, 32377, 32378, 32430,
       32433, 32452, 32495, 32519, 32528, 32532, 32584, 32595, 32617,
       32635, 32661, 32683, 32684, 32708, 32760, 32795, 32875, 32902,
       32933, 32946, 32963, 32987, 33010, 33026, 33054, 33083, 33094,
       33120, 33127, 33149, 33150, 33156, 33160, 33193, 33205, 33208,
       33249, 33267, 33292, 33293, 33320, 33349, 33411, 33429, 33463,
       33533, 33534, 33569, 33605, 33606, 33619, 33639, 33689, 33706,
       33707, 33781, 33794, 33846, 33858, 33870, 33888, 33937, 33939,
       33955, 34103, 34136, 34186, 34199, 34210, 34226, 34250, 34259,
       34265, 34291, 34325, 34326, 34373, 34503, 34558, 34584, 34631,
       34635, 34733, 34740, 34772, 34860, 34906, 34910, 34981, 35041,
       35050, 35053, 35065, 35115, 35119, 35172, 35204, 35322, 35339,
       35367, 35380, 35453, 35482, 35491, 35534, 35562, 35620, 35628,
       35650, 35722, 35793, 35890, 35896, 35915, 35929, 35936, 35972,
       36006, 36090, 36125, 36208, 36261, 36269, 36273, 36385, 36399,
       36443, 36476, 36560, 36614, 36628, 36707, 36719, 36730, 36736,
       36739, 36746, 36914, 36962, 36966, 36987, 36995, 36996, 37010,
       37103, 37168, 37194, 37251, 37268, 37284, 37382, 37395, 37398,
       37400, 37408, 37441, 37447, 37451, 37464, 37467, 37469, 37480,
       37545, 37550, 37598, 37602, 37725, 37741, 37792, 37795, 37819,
       37924, 37936, 37961, 37997, 38014, 38024, 38050, 38072, 38083,
       38130, 38137, 38156, 38169, 38189, 38193, 38227, 38230, 38286,
       38287, 38294, 38319, 38351, 38356, 38372, 38472, 38520, 38538,
       38554, 38569, 38658, 38669, 38673, 38687, 38700, 38705, 38734,
       38779, 38798, 38832, 38919, 39025, 39078, 39117, 39120, 39251,
       39265, 39339, 39351, 39385, 39392, 39427, 39448, 39478, 39496,
       39514, 39538, 39544, 39678, 39756, 39762, 39773, 39822, 39835,
       39867, 39885, 39967, 39988, 40041, 40044, 40101, 40106, 40116,
       40117, 40120, 40149, 40168, 40249, 40275, 40298, 40312, 40362,
       40463, 40481, 40482, 40490, 40523, 40546, 40571, 40572, 40591,
       40612, 40631, 40666, 40674, 40695, 40740, 40773, 40807, 40880,
       40885, 40887, 40897, 40901, 40924, 40939, 40948, 41014, 41040,
       41044, 41058, 41087, 41089, 41127, 41131, 41176, 41187, 41188,
       41226, 41246, 41303, 41307, 41370, 41377, 41394, 41401, 41405,
       41421, 41458, 41556, 41568, 41579, 41580, 41624, 41647, 41658,
       41683, 41728, 41803, 41832, 41839, 41884, 41955, 42027, 42059,
       42074, 42076, 42100, 42109, 42132, 42157, 42180, 42256, 42299,
       42323, 42354, 42365, 42412, 42423, 42436, 42444, 42447, 42477,
       42500, 42521, 42595, 42642, 42675, 42732, 42743, 42768, 42771,
       42822, 42829, 42853, 42854, 42889, 42959, 42982, 43008, 43010,
       43039, 43134, 43154, 43156, 43165, 43167, 43171, 43179, 43205,
       43228, 43256, 43264, 43312, 43319, 43335, 43361, 43366, 43428,
       43522, 43539, 43558, 43575, 43592, 43646, 43661, 43681, 43746,
       43785, 43787, 43799, 43819, 43843, 43890, 43907, 43948, 43963,
       44017, 44039, 44124, 44151, 44187, 44202, 44234, 44243, 44245,
       44308, 44350, 44440, 44471, 44503, 44514, 44564, 44574, 44708,
       44717, 44764, 44781, 44830, 44885, 44901, 44912, 44981, 45004,
       45030, 45040, 45061, 45091, 45093, 45131, 45156, 45244, 45295,
       45319, 45338, 45367, 45406, 45407, 45411, 45462, 45491, 45505,
       45509, 45512, 45637, 45667, 45669, 45697, 45712, 45733, 45735,
       45798, 45813, 45854, 45862, 45864, 45891, 45920, 45997, 46013,
       46099, 46136, 46141, 46151, 46166, 46216, 46221, 46263, 46299,
       46330, 46342, 46343, 46352, 46359, 46451, 46452, 46460, 46464,
       46497, 46512, 46520, 46610, 46616, 46654, 46662, 46673, 46688,
       46703, 46706, 46729, 46730, 46776, 46811, 46840, 46882, 47101,
       47105, 47112, 47134, 47159, 47166, 47182, 47266, 47329, 47361,
       47382, 47387, 47442, 47493, 47577, 47584, 47693, 47728, 47758,
       47764, 47847, 47973, 48038, 48044, 48050, 48124, 48171, 48211,
       48227, 48263, 48269, 48286, 48305, 48323, 48381, 48419, 48443,
       48455, 48462, 48517, 48539, 48573, 48607, 48609, 48721, 48746,
       48805, 48875, 48891, 48919, 48926, 48948, 49001, 49009, 49012,
       49025, 49092, 49126, 49170, 49200, 49273, 49335, 49355, 49410,
       49463]), array([    5,    22,   104,   163,   227,   349,   393,   461,   524,
         582,   583,   614,   620,   646,   719,   775,   801,   830,
         844,   859,   888,   907,   913,   934,   954,   980,  1023,
        1054,  1067,  1118,  1127,  1145,  1155,  1166,  1167,  1183,
        1249,  1270,  1339,  1355,  1391,  1408,  1489,  1538,  1571,
        1629,  1640,  1717,  1728,  1753,  1761,  1780,  1789,  1830,
        1957,  1968,  2033,  2080,  2086,  2120,  2135,  2168,  2211,
        2280,  2293,  2340,  2348,  2354,  2394,  2401,  2422,  2517,
        2529,  2583,  2585,  2611,  2630,  2663,  2707,  2715,  2717,
        2763,  2777,  2852,  2885,  2900,  2913,  2915,  2930,  2940,
        3016,  3022,  3080,  3097,  3110,  3111,  3143,  3237,  3264,
        3294,  3323,  3343,  3385,  3388,  3408,  3440,  3493,  3559,
        3560,  3601,  3651,  3675,  3692,  3793,  3794,  3811,  3879,
        3960,  3974,  3988,  4053,  4090,  4094,  4107,  4132,  4197,
        4242,  4247,  4287,  4299,  4340,  4410,  4488,  4495,  4523,
        4562,  4688,  4846,  4896,  4902,  4903,  4922,  4981,  4982,
        4997,  5020,  5059,  5062,  5111,  5155,  5268,  5325,  5330,
        5331,  5462,  5470,  5523,  5531,  5688,  5744,  5774,  5826,
        5848,  5980,  6016,  6052,  6194,  6209,  6215,  6239,  6242,
        6357,  6388,  6415,  6474,  6475,  6530,  6602,  6713,  6976,
        6994,  7021,  7081,  7270,  7277,  7417,  7474,  7478,  7516,
        7589,  7607,  7664,  7692,  7729,  7730,  7748,  7770,  7812,
        7838,  7896,  7913,  7914,  7922,  7944,  8008,  8123,  8243,
        8269,  8280,  8285,  8348,  8359,  8363,  8377,  8612,  8650,
        8733,  8787,  8889,  8912,  8931,  8939,  8994,  8996,  9070,
        9148,  9159,  9225,  9230,  9238,  9312,  9313,  9346,  9364,
        9388,  9404,  9409,  9428,  9535,  9569,  9586,  9588,  9613,
        9643,  9648,  9698,  9714,  9739,  9745,  9763,  9867,  9879,
        9885,  9924,  9938, 10000, 10012, 10078, 10097, 10120, 10128,
       10140, 10158, 10213, 10247, 10269, 10346, 10419, 10434, 10452,
       10453, 10502, 10536, 10537, 10604, 10647, 10698, 10818, 10838,
       10881, 10901, 10941, 11020, 11030, 11046, 11077, 11108, 11111,
       11165, 11166, 11240, 11330, 11363, 11417, 11428, 11462, 11493,
       11525, 11530, 11541, 11562, 11580, 11615, 11626, 11645, 11716,
       11799, 11822, 11856, 11875, 11894, 11945, 12004, 12028, 12055,
       12101, 12125, 12150, 12159, 12191, 12265, 12290, 12318, 12463,
       12474, 12483, 12503, 12517, 12520, 12558, 12593, 12635, 12681,
       12767, 12780, 12923, 12943, 13004, 13042, 13167, 13207, 13267,
       13278, 13280, 13315, 13327, 13352, 13370, 13393, 13408, 13409,
       13473, 13591, 13606, 13623, 13647, 13683, 13776, 13785, 13861,
       13901, 13918, 13944, 13955, 14035, 14069, 14123, 14161, 14171,
       14191, 14193, 14203, 14225, 14247, 14294, 14317, 14327, 14395,
       14434, 14454, 14472, 14567, 14617, 14633, 14763, 14786, 14827,
       14847, 14874, 14875, 14908, 14916, 14988, 15076, 15115, 15194,
       15225, 15240, 15252, 15261, 15363, 15393, 15454, 15497, 15553,
       15556, 15629, 15661, 15717, 15748, 15775, 15782, 15873, 15901,
       15942, 15959, 15976, 15985, 16056, 16150, 16224, 16241, 16308,
       16332, 16345, 16355, 16497, 16507, 16523, 16585, 16588, 16672,
       16768, 16831, 16842, 16888, 17018, 17035, 17036, 17054, 17088,
       17149, 17154, 17164, 17269, 17376, 17377, 17379, 17398, 17400,
       17418, 17420, 17461, 17480, 17483, 17542, 17543, 17563, 17589,
       17591, 17674, 17753, 17774, 17783, 17787, 17816, 17844, 17915,
       17962, 17977, 17988, 18036, 18069, 18073, 18096, 18121, 18148,
       18227, 18234, 18241, 18332, 18415, 18438, 18462, 18481, 18487,
       18491, 18547, 18576, 18606, 18642, 18674, 18677, 18795, 18797,
       18913, 18942, 18958, 18993, 19058, 19110, 19167, 19219, 19370,
       19407, 19503, 19510, 19621, 19666, 19713, 19720, 19722, 19802,
       19889, 19896, 19905, 19909, 19931, 19951, 19976, 20026, 20032,
       20060, 20068, 20069, 20088, 20178, 20229, 20260, 20295, 20296,
       20342, 20352, 20496, 20507, 20540, 20561, 20589, 20615, 20715,
       20761, 20766, 20820, 20911, 20919, 20939, 20942, 20996, 21016,
       21060, 21089, 21138, 21174, 21240, 21337, 21348, 21389, 21406,
       21526, 21622, 21629, 21726, 21738, 21776, 21803, 21830, 21856,
       21884, 21931, 21964, 22014, 22065, 22125, 22130, 22157, 22173,
       22179, 22196, 22244, 22279, 22296, 22377, 22385, 22396, 22536,
       22551, 22567, 22570, 22602, 22616, 22620, 22704, 22716, 22732,
       22789, 22800, 22815, 22821, 22848, 22864, 22869, 22934, 22967,
       22994, 23044, 23064, 23170, 23197, 23214, 23236, 23268, 23275,
       23304, 23329, 23438, 23459, 23506, 23523, 23533, 23654, 23658,
       23674, 23742, 23743, 23873, 23900, 23926, 23938, 23984, 24028,
       24074, 24249, 24283, 24377, 24465, 24529, 24546, 24582, 24589,
       24629, 24668, 24700, 24723, 24761, 24823, 24880, 24901, 24915,
       24930, 24969, 24995, 25043, 25170, 25181, 25185, 25234, 25257,
       25293, 25369, 25380, 25559, 25564, 25567, 25584, 25590, 25617,
       25625, 25639, 25670, 25769, 25800, 25820, 25826, 25859, 25927,
       25942, 25948, 25968, 25982, 25983, 26087, 26135, 26136, 26146,
       26244, 26248, 26342, 26343, 26410, 26448, 26529, 26599, 26791,
       26826, 26906, 26966, 27073, 27084, 27112, 27135, 27175, 27194,
       27196, 27225, 27247, 27319, 27365, 27376, 27441, 27500, 27503,
       27546, 27597, 27604, 27606, 27708, 27712, 27756, 27819, 27890,
       27906, 27937, 28001, 28015, 28068, 28128, 28144, 28151, 28160,
       28206, 28229, 28277, 28299, 28308, 28320, 28325, 28407, 28516,
       28530, 28567, 28605, 28700, 28767, 28782, 28795, 28809, 28816,
       28835, 28846, 28868, 28927, 28930, 28950, 28957, 28986, 29059,
       29085, 29087, 29129, 29224, 29242, 29304, 29353, 29369, 29391,
       29434, 29450, 29513, 29535, 29562, 29583, 29625, 29668, 29670,
       29707, 29729, 29776, 29784, 29794, 29820, 29842, 29929, 29930,
       29994, 30024, 30147, 30182, 30254, 30282, 30301, 30313, 30324,
       30350, 30403, 30415, 30503, 30532, 30728, 30848, 30860, 30911,
       30920, 30942, 31025, 31045, 31055, 31071, 31146, 31213, 31240,
       31246, 31262, 31293, 31305, 31311, 31321, 31365, 31412, 31432,
       31459, 31538, 31539, 31547, 31556, 31570, 31640, 31641, 31683,
       31712, 31757, 31845, 31851, 31870, 31929, 31931, 32098, 32111,
       32207, 32271, 32278, 32313, 32326, 32374, 32377, 32378, 32430,
       32433, 32519, 32528, 32532, 32584, 32595, 32617, 32635, 32684,
       32708, 32902, 32933, 32946, 32963, 32969, 32987, 33026, 33054,
       33083, 33094, 33127, 33149, 33150, 33156, 33160, 33208, 33267,
       33292, 33293, 33349, 33411, 33429, 33533, 33534, 33569, 33605,
       33619, 33706, 33707, 33781, 33794, 33846, 33937, 33939, 33955,
       34000, 34136, 34189, 34199, 34210, 34250, 34265, 34291, 34325,
       34326, 34373, 34463, 34503, 34558, 34584, 34591, 34631, 34732,
       34733, 34740, 34860, 34906, 34910, 34981, 34990, 35041, 35050,
       35053, 35119, 35264, 35322, 35339, 35367, 35380, 35406, 35453,
       35482, 35562, 35628, 35637, 35650, 35722, 35793, 35896, 35915,
       35929, 35936, 35972, 35973, 36006, 36090, 36125, 36159, 36208,
       36269, 36298, 36399, 36443, 36476, 36560, 36591, 36614, 36628,
       36707, 36719, 36730, 36746, 36914, 36962, 36966, 36987, 36996,
       37010, 37103, 37194, 37251, 37364, 37398, 37408, 37441, 37447,
       37464, 37469, 37545, 37598, 37602, 37651, 37725, 37792, 37795,
       37819, 37924, 37936, 37961, 37997, 38014, 38024, 38072, 38083,
       38130, 38189, 38193, 38286, 38287, 38294, 38319, 38351, 38356,
       38372, 38472, 38538, 38569, 38584, 38658, 38669, 38673, 38687,
       38700, 38705, 38734, 38779, 38787, 38798, 38832, 39025, 39078,
       39116, 39117, 39120, 39251, 39265, 39351, 39385, 39392, 39427,
       39448, 39478, 39496, 39514, 39678, 39697, 39756, 39762, 39773,
       39822, 39885, 39967, 39988, 40041, 40106, 40116, 40149, 40168,
       40275, 40277, 40312, 40362, 40463, 40481, 40546, 40572, 40591,
       40631, 40674, 40695, 40740, 40773, 40807, 40880, 40885, 40897,
       40901, 40924, 40948, 41014, 41040, 41044, 41058, 41087, 41089,
       41127, 41131, 41187, 41226, 41303, 41370, 41394, 41401, 41405,
       41458, 41556, 41568, 41579, 41624, 41636, 41647, 41683, 41803,
       41832, 41839, 41955, 42059, 42076, 42100, 42109, 42132, 42180,
       42256, 42299, 42323, 42354, 42365, 42412, 42436, 42444, 42447,
       42477, 42500, 42521, 42595, 42642, 42675, 42709, 42771, 42807,
       42829, 42854, 42959, 43008, 43010, 43039, 43134, 43154, 43156,
       43165, 43171, 43228, 43256, 43335, 43338, 43361, 43428, 43468,
       43522, 43539, 43558, 43575, 43592, 43646, 43661, 43681, 43746,
       43787, 43799, 43870, 43890, 43907, 43948, 43963, 44017, 44039,
       44234, 44243, 44245, 44440, 44469, 44503, 44514, 44564, 44708,
       44758, 44764, 44781, 44830, 44885, 44981, 45040, 45061, 45091,
       45093, 45131, 45156, 45186, 45244, 45305, 45319, 45338, 45367,
       45407, 45462, 45472, 45491, 45505, 45637, 45667, 45669, 45697,
       45712, 45733, 45813, 45920, 45997, 46013, 46136, 46141, 46151,
       46166, 46216, 46263, 46299, 46330, 46343, 46359, 46379, 46451,
       46452, 46460, 46464, 46512, 46520, 46610, 46616, 46673, 46688,
       46703, 46729, 46776, 46840, 46882, 47067, 47105, 47112, 47134,
       47159, 47166, 47182, 47266, 47329, 47361, 47382, 47442, 47493,
       47577, 47584, 47693, 47758, 47764, 47847, 47904, 47955, 48044,
       48050, 48124, 48171, 48211, 48227, 48263, 48269, 48286, 48305,
       48323, 48443, 48455, 48517, 48607, 48609, 48641, 48721, 48805,
       48875, 48891, 48919, 48926, 49001, 49009, 49025, 49087, 49126,
       49200, 49273, 49335, 49355, 49410, 49463]), array([   22,   349,   520,   582,   583,   614,   620,   801,   844,
         859,   888,   907,   913,   954,   980,  1023,  1054,  1118,
        1127,  1145,  1155,  1166,  1167,  1249,  1270,  1339,  1355,
        1391,  1408,  1489,  1571,  1629,  1728,  1753,  1761,  1780,
        1830,  1957,  1968,  2033,  2080,  2086,  2116,  2120,  2135,
        2168,  2211,  2280,  2340,  2348,  2354,  2394,  2422,  2516,
        2517,  2529,  2583,  2585,  2630,  2663,  2707,  2715,  2729,
        2777,  2852,  2885,  2913,  2915,  2930,  3022,  3080,  3097,
        3110,  3111,  3143,  3237,  3323,  3343,  3385,  3408,  3440,
        3560,  3601,  3675,  3692,  3762,  3793,  3794,  3811,  3879,
        3960,  3974,  3988,  4053,  4090,  4094,  4197,  4242,  4247,
        4287,  4340,  4488,  4495,  4523,  4688,  4846,  4896,  4902,
        4922,  4963,  4997,  5020,  5059,  5111,  5268,  5325,  5330,
        5688,  5744,  5774,  5826,  5980,  6016,  6052,  6194,  6239,
        6242,  6388,  6415,  6474,  6475,  6530,  6602,  6713,  6976,
        7021,  7081,  7474,  7516,  7589,  7730,  7812,  7838,  7896,
        7913,  7914,  7922,  8056,  8123,  8170,  8280,  8285,  8348,
        8359,  8363,  8377,  8612,  8618,  8650,  8740,  8787,  8889,
        8912,  8939,  8994,  9070,  9148,  9159,  9225,  9230,  9238,
        9312,  9346,  9364,  9388,  9428,  9569,  9586,  9588,  9613,
        9643,  9648,  9714,  9739,  9763,  9867,  9879,  9924,  9938,
       10078, 10097, 10128, 10158, 10213, 10247, 10269, 10346, 10419,
       10434, 10452, 10453, 10502, 10536, 10537, 10594, 10604, 10647,
       10698, 10818, 10838, 10881, 10901, 10941, 11020, 11030, 11046,
       11108, 11111, 11165, 11240, 11330, 11363, 11370, 11417, 11428,
       11530, 11541, 11562, 11580, 11615, 11626, 11645, 11716, 11799,
       11822, 11856, 11875, 11894, 11945, 12004, 12028, 12055, 12101,
       12125, 12150, 12191, 12265, 12318, 12463, 12474, 12483, 12503,
       12517, 12520, 12593, 12635, 12681, 12923, 12943, 13004, 13042,
       13205, 13207, 13267, 13278, 13327, 13370, 13393, 13409, 13683,
       13785, 13861, 13944, 14035, 14056, 14069, 14171, 14191, 14193,
       14203, 14225, 14247, 14294, 14317, 14395, 14434, 14454, 14472,
       14567, 14633, 14763, 14786, 14827, 14874, 14916, 14988, 15029,
       15076, 15115, 15194, 15261, 15285, 15363, 15454, 15497, 15553,
       15556, 15629, 15661, 15717, 15748, 15782, 15901, 15976, 15985,
       16224, 16241, 16308, 16332, 16345, 16355, 16497, 16585, 16588,
       16672, 16768, 16831, 17035, 17036, 17054, 17154, 17164, 17269,
       17376, 17398, 17418, 17420, 17435, 17461, 17480, 17483, 17542,
       17543, 17563, 17753, 17774, 17783, 17787, 17816, 17822, 17844,
       17915, 17962, 17977, 17988, 18036, 18069, 18073, 18096, 18121,
       18241, 18332, 18415, 18462, 18481, 18487, 18547, 18576, 18674,
       18677, 18797, 18942, 18993, 19110, 19167, 19407, 19503, 19621,
       19666, 19677, 19720, 19722, 19802, 19889, 19896, 19905, 19909,
       19931, 19951, 20026, 20032, 20068, 20229, 20295, 20296, 20352,
       20496, 20507, 20540, 20561, 20589, 20615, 20715, 20761, 20820,
       20911, 20919, 20942, 21060, 21089, 21138, 21174, 21240, 21337,
       21389, 21406, 21622, 21629, 21644, 21726, 21738, 21787, 21803,
       21830, 21856, 21964, 22013, 22014, 22065, 22125, 22130, 22157,
       22161, 22196, 22296, 22377, 22385, 22396, 22423, 22468, 22536,
       22567, 22570, 22602, 22620, 22704, 22716, 22732, 22800, 22815,
       22848, 22869, 22934, 22967, 23002, 23044, 23064, 23170, 23197,
       23214, 23268, 23275, 23329, 23459, 23506, 23523, 23654, 23674,
       23742, 23743, 23926, 23984, 24028, 24074, 24192, 24249, 24546,
       24589, 24629, 24723, 24823, 24880, 24901, 24969, 25043, 25102,
       25170, 25181, 25185, 25234, 25293, 25369, 25584, 25590, 25617,
       25625, 25639, 25800, 25859, 25942, 25948, 25968, 25983, 26087,
       26146, 26248, 26342, 26410, 26448, 26826, 26900, 26906, 27084,
       27112, 27135, 27196, 27225, 27376, 27500, 27708, 27710, 27801,
       27890, 27937, 28068, 28128, 28151, 28229, 28277, 28299, 28308,
       28320, 28407, 28516, 28530, 28567, 28605, 28767, 28795, 28809,
       28835, 28868, 28950, 29059, 29085, 29129, 29224, 29353, 29369,
       29391, 29434, 29450, 29562, 29583, 29668, 29670, 29707, 29776,
       29794, 29842, 30182, 30254, 30282, 30313, 30324, 30415, 30532,
       30728, 30838, 30860, 30911, 31025, 31055, 31071, 31139, 31146,
       31213, 31262, 31311, 31365, 31432, 31459, 31538, 31539, 31547,
       31570, 31641, 31683, 31712, 31757, 31851, 31870, 31929, 31931,
       32098, 32111, 32207, 32278, 32313, 32315, 32326, 32374, 32378,
       32430, 32433, 32519, 32532, 32584, 32595, 32617, 32635, 32708,
       32902, 32946, 32963, 32987, 33026, 33054, 33149, 33150, 33156,
       33208, 33267, 33292, 33293, 33349, 33411, 33429, 33533, 33534,
       33569, 33605, 33606, 33619, 33686, 33794, 33937, 33955, 34136,
       34199, 34210, 34265, 34291, 34325, 34326, 34373, 34503, 34584,
       34631, 34733, 34740, 34860, 34910, 34990, 35041, 35050, 35053,
       35115, 35119, 35322, 35339, 35367, 35453, 35482, 35722, 35793,
       35890, 35915, 35929, 35936, 35972, 36006, 36125, 36198, 36208,
       36261, 36269, 36273, 36298, 36385, 36399, 36443, 36614, 36730,
       36736, 36746, 36914, 36962, 36987, 37010, 37103, 37251, 37408,
       37441, 37464, 37469, 37651, 37725, 37795, 37819, 37924, 37936,
       37961, 38014, 38024, 38072, 38083, 38130, 38137, 38156, 38189,
       38193, 38227, 38286, 38287, 38294, 38351, 38356, 38372, 38472,
       38520, 38538, 38658, 38669, 38673, 38700, 38705, 38734, 38798,
       38832, 39117, 39251, 39265, 39339, 39385, 39392, 39448, 39478,
       39514, 39678, 39756, 39885, 39988, 40116, 40149, 40168, 40277,
       40312, 40362, 40463, 40572, 40591, 40674, 40695, 40740, 40773,
       40885, 40897, 40901, 40939, 40948, 41014, 41040, 41044, 41127,
       41131, 41303, 41370, 41401, 41443, 41458, 41556, 41568, 41624,
       41636, 41647, 41728, 41832, 41894, 41955, 41974, 42059, 42076,
       42109, 42132, 42180, 42299, 42323, 42354, 42365, 42412, 42436,
       42444, 42447, 42500, 42521, 42642, 42675, 42771, 42854, 42959,
       43008, 43039, 43134, 43154, 43156, 43165, 43171, 43228, 43256,
       43312, 43319, 43575, 43592, 43646, 43661, 43681, 43746, 43870,
       43890, 43907, 43948, 43963, 44017, 44202, 44243, 44245, 44440,
       44503, 44514, 44564, 44708, 44781, 44885, 44981, 45091, 45093,
       45131, 45244, 45338, 45367, 45406, 45462, 45491, 45505, 45637,
       45667, 45669, 45697, 45712, 45733, 45813, 45920, 46013, 46099,
       46136, 46141, 46151, 46166, 46216, 46263, 46299, 46330, 46342,
       46343, 46359, 46451, 46452, 46460, 46512, 46520, 46610, 46616,
       46673, 46688, 46703, 46729, 46730, 46776, 46882, 47105, 47112,
       47159, 47166, 47266, 47361, 47382, 47442, 47493, 47577, 47584,
       47764, 47770, 47847, 48044, 48124, 48171, 48263, 48269, 48286,
       48305, 48323, 48369, 48607, 48641, 48721, 48805, 48852, 48875,
       48891, 48919, 49001, 49025, 49126, 49273, 49355]), array([   22,   349,   583,   614,   620,   646,   801,   830,   844,
         859,   913,   954,  1023,  1054,  1118,  1127,  1145,  1155,
        1166,  1167,  1183,  1270,  1408,  1571,  1629,  1728,  1753,
        1830,  1957,  1968,  2080,  2086,  2120,  2135,  2168,  2211,
        2280,  2348,  2354,  2394,  2401,  2422,  2516,  2517,  2583,
        2585,  2611,  2630,  2707,  2715,  2885,  2913,  3022,  3080,
        3097,  3110,  3111,  3143,  3294,  3323,  3343,  3385,  3408,
        3440,  3692,  3762,  3793,  3794,  3811,  3879,  3960,  3974,
        3988,  4053,  4090,  4094,  4247,  4488,  4523,  4688,  4963,
        4997,  5020,  5059,  5072,  5268,  5325,  5330,  5331,  5688,
        5758,  5826,  5980,  6016,  6052,  6239,  6242,  6415,  6474,
        6475,  6530,  6602,  6713,  6976,  7021,  7081,  7236,  7516,
        7589,  7730,  7913,  7914,  7922,  8008,  8123,  8285,  8348,
        8359,  8363,  8377,  8612,  8650,  8740,  8889,  8912,  8939,
        9070,  9148,  9159,  9225,  9238,  9312,  9346,  9364,  9388,
        9409,  9428,  9569,  9586,  9613,  9648,  9714,  9867,  9879,
        9924, 10078, 10097, 10247, 10269, 10346, 10419, 10434, 10452,
       10536, 10537, 10604, 10818, 10881, 10901, 10941, 11020, 11046,
       11108, 11111, 11165, 11166, 11330, 11363, 11417, 11428, 11541,
       11562, 11580, 11615, 11645, 11716, 11799, 11822, 11856, 11875,
       11945, 12004, 12101, 12150, 12159, 12265, 12318, 12463, 12483,
       12503, 12517, 12520, 12635, 12681, 12923, 12943, 13004, 13042,
       13207, 13409, 13473, 13579, 13683, 13785, 13861, 14035, 14069,
       14097, 14161, 14171, 14191, 14193, 14203, 14225, 14247, 14294,
       14317, 14395, 14454, 14472, 14567, 14617, 14763, 14786, 14827,
       14916, 14988, 15115, 15194, 15454, 15556, 15629, 15717, 15782,
       15901, 15976, 15985, 16241, 16497, 16585, 16588, 16672, 16768,
       16831, 17036, 17054, 17154, 17164, 17269, 17379, 17398, 17418,
       17435, 17461, 17483, 17542, 17543, 17563, 17753, 17774, 17783,
       17787, 17816, 17822, 17915, 17962, 17977, 17988, 18069, 18073,
       18096, 18121, 18148, 18234, 18241, 18332, 18415, 18462, 18481,
       18487, 18547, 18674, 18677, 18797, 18993, 19110, 19167, 19407,
       19503, 19621, 19713, 19720, 19722, 19802, 19889, 19896, 20026,
       20032, 20352, 20496, 20507, 20540, 20589, 20715, 20761, 20820,
       20911, 20919, 20942, 21089, 21174, 21337, 21389, 21406, 21498,
       21526, 21622, 21629, 21726, 21738, 21830, 21856, 21887, 21964,
       22014, 22065, 22125, 22130, 22157, 22196, 22244, 22296, 22396,
       22466, 22468, 22536, 22567, 22570, 22602, 22704, 22800, 22815,
       22848, 22869, 22934, 22994, 23064, 23197, 23214, 23329, 23459,
       23506, 23523, 23674, 23743, 23926, 23984, 24028, 24074, 24249,
       24529, 24546, 24582, 24823, 24880, 24901, 24969, 25170, 25181,
       25234, 25369, 25564, 25584, 25590, 25617, 25625, 25800, 25859,
       25948, 25969, 25983, 26087, 26135, 26146, 26342, 26410, 26448,
       26826, 26906, 26966, 27112, 27135, 27194, 27196, 27225, 27890,
       27906, 27937, 28128, 28160, 28229, 28277, 28299, 28308, 28320,
       28407, 28516, 28530, 28567, 28605, 28809, 28868, 28950, 29059,
       29085, 29129, 29224, 29391, 29434, 29583, 29668, 29670, 29794,
       29930, 30313, 30324, 30532, 30860, 30911, 31025, 31146, 31246,
       31262, 31311, 31365, 31432, 31459, 31539, 31547, 31712, 31757,
       31851, 31870, 31929, 31931, 32098, 32111, 32271, 32278, 32313,
       32315, 32326, 32374, 32377, 32378, 32430, 32433, 32519, 32532,
       32584, 32708, 32946, 32963, 32987, 33083, 33094, 33149, 33150,
       33156, 33160, 33208, 33267, 33292, 33293, 33349, 33411, 33429,
       33619, 33689, 33794, 33937, 33955, 34136, 34199, 34210, 34250,
       34291, 34325, 34326, 34503, 34558, 34733, 34740, 34860, 34910,
       34990, 35041, 35050, 35119, 35322, 35339, 35367, 35453, 35482,
       35562, 35650, 35722, 35915, 35929, 35936, 35972, 36006, 36125,
       36208, 36269, 36399, 36443, 36614, 36628, 36746, 36914, 36962,
       36987, 37010, 37103, 37441, 37464, 37469, 37598, 37795, 37819,
       37924, 37936, 38024, 38072, 38083, 38130, 38189, 38193, 38286,
       38287, 38294, 38372, 38538, 38669, 38673, 38700, 38705, 38734,
       38798, 39117, 39120, 39385, 39392, 39499, 39514, 39678, 39756,
       39885, 39988, 40116, 40120, 40149, 40168, 40277, 40312, 40362,
       40463, 40546, 40572, 40591, 40674, 40695, 40807, 40885, 40897,
       40901, 40948, 41014, 41131, 41226, 41370, 41401, 41443, 41556,
       41568, 41624, 41636, 41728, 41894, 41955, 42059, 42076, 42109,
       42132, 42323, 42365, 42412, 42444, 42447, 42500, 42521, 43008,
       43039, 43134, 43154, 43156, 43165, 43171, 43228, 43236, 43256,
       43312, 43338, 43539, 43592, 43661, 43681, 43746, 43890, 43907,
       43963, 44017, 44243, 44514, 44564, 44708, 44830, 44885, 44981,
       45091, 45093, 45156, 45244, 45338, 45462, 45491, 45505, 45637,
       45667, 45697, 45712, 45733, 45813, 45920, 46013, 46136, 46141,
       46151, 46166, 46216, 46263, 46330, 46342, 46343, 46452, 46460,
       46512, 46520, 46610, 46673, 46688, 46703, 46729, 46776, 46882,
       47112, 47159, 47166, 47266, 47329, 47361, 47382, 47442, 47493,
       47577, 47584, 47764, 48044, 48124, 48171, 48227, 48263, 48286,
       48305, 48323, 48721, 48805, 48875, 48891, 48919, 49001, 49025,
       49126, 49273]), array([   22,   349,   583,   614,   620,   801,   859,   913,   954,
        1054,  1127,  1145,  1155,  1166,  1249,  1339,  1571,  1629,
        1728,  1753,  1761,  1830,  1957,  1968,  2086,  2120,  2135,
        2168,  2211,  2280,  2354,  2394,  2422,  2516,  2583,  2630,
        2707,  2715,  2777,  2852,  2885,  2900,  2913,  2915,  2930,
        3022,  3097,  3111,  3143,  3323,  3343,  3385,  3408,  3440,
        3601,  3692,  3793,  3794,  3879,  3960,  3974,  4053,  4090,
        4287,  4340,  4410,  4488,  4523,  4688,  4997,  5059,  5268,
        5325,  5980,  6016,  6052,  6239,  6242,  6388,  6415,  6474,
        6475,  6530,  6602,  6713,  7021,  7081,  7270,  7474,  7516,
        7589,  7730,  7913,  7914,  8008,  8123,  8170,  8285,  8348,
        8359,  8363,  8377,  8612,  8650,  8740,  8889,  8912,  8939,
        9070,  9148,  9159,  9238,  9346,  9364,  9388,  9428,  9613,
        9648,  9714,  9739,  9867,  9879,  9924, 10000, 10078, 10097,
       10247, 10269, 10419, 10434, 10452, 10536, 10537, 10818, 10838,
       10881, 10941, 11030, 11046, 11108, 11111, 11165, 11240, 11330,
       11363, 11417, 11428, 11562, 11580, 11615, 11645, 11716, 11799,
       11822, 11856, 11894, 11945, 12004, 12047, 12101, 12150, 12191,
       12265, 12318, 12463, 12483, 12503, 12517, 12520, 12593, 12635,
       12681, 12923, 12943, 12978, 13004, 13042, 13207, 13278, 13327,
       13409, 13683, 13785, 13861, 14035, 14069, 14161, 14171, 14191,
       14193, 14203, 14225, 14247, 14294, 14317, 14327, 14395, 14434,
       14454, 14472, 14567, 14633, 14763, 14786, 14827, 14916, 14988,
       15029, 15115, 15194, 15363, 15454, 15556, 15629, 15717, 15748,
       15901, 15985, 16241, 16332, 16355, 16497, 16585, 16588, 16672,
       16768, 16888, 17054, 17154, 17269, 17376, 17379, 17398, 17418,
       17420, 17461, 17483, 17542, 17543, 17563, 17753, 17774, 17783,
       17787, 17816, 17915, 17962, 17977, 17988, 18036, 18073, 18096,
       18121, 18241, 18332, 18415, 18462, 18547, 18795, 18797, 19110,
       19167, 19407, 19503, 19621, 19666, 19720, 19722, 19802, 19889,
       19896, 19905, 19909, 19931, 20026, 20032, 20352, 20496, 20507,
       20540, 20589, 20715, 20761, 20820, 20911, 20942, 21138, 21337,
       21389, 21406, 21498, 21622, 21726, 21830, 21840, 21856, 22014,
       22065, 22130, 22196, 22244, 22296, 22377, 22396, 22567, 22570,
       22602, 22704, 22732, 22800, 22815, 22848, 22869, 22934, 22967,
       22994, 23002, 23044, 23064, 23214, 23268, 23459, 23506, 23523,
       23674, 23742, 23743, 23984, 24028, 24074, 24249, 24283, 24546,
       24582, 24589, 24629, 24823, 24880, 24901, 24969, 25170, 25181,
       25185, 25234, 25369, 25380, 25584, 25590, 25617, 25625, 25800,
       25859, 25927, 25948, 25969, 26087, 26135, 26248, 26342, 26410,
       26448, 26826, 26906, 27084, 27112, 27135, 27175, 27196, 27225,
       27890, 27937, 28128, 28229, 28277, 28308, 28320, 28516, 28530,
       28567, 28767, 28809, 28835, 28868, 28950, 29059, 29085, 29224,
       29369, 29391, 29434, 29668, 29670, 29707, 29794, 30182, 30282,
       30313, 30324, 30415, 30860, 31025, 31045, 31055, 31071, 31262,
       31311, 31432, 31459, 31712, 31757, 31851, 31929, 31931, 32098,
       32111, 32207, 32278, 32313, 32326, 32374, 32378, 32433, 32519,
       32532, 32584, 32708, 32933, 32963, 33054, 33149, 33150, 33208,
       33292, 33293, 33349, 33411, 33429, 33605, 33619, 33781, 33794,
       33846, 33937, 33955, 34199, 34210, 34265, 34291, 34325, 34503,
       34558, 34733, 34740, 34910, 34981, 35050, 35119, 35367, 35453,
       35482, 35650, 35722, 35890, 35929, 35972, 36006, 36125, 36208,
       36269, 36273, 36399, 36443, 36614, 36746, 36914, 36962, 36987,
       37010, 37103, 37464, 37469, 37598, 37795, 37819, 37924, 37936,
       37961, 38024, 38083, 38130, 38189, 38193, 38286, 38294, 38372,
       38538, 38658, 38669, 38673, 38705, 38734, 39117, 39120, 39392,
       39414, 39448, 39514, 39678, 39756, 39885, 40041, 40116, 40149,
       40168, 40277, 40312, 40362, 40546, 40559, 40572, 40591, 40674,
       40695, 40773, 40885, 40897, 40901, 40948, 41014, 41040, 41131,
       41370, 41401, 41556, 41568, 41624, 41647, 41728, 41955, 42059,
       42076, 42109, 42132, 42299, 42323, 42354, 42365, 42412, 42436,
       42444, 42447, 42521, 42642, 42854, 42959, 43008, 43134, 43154,
       43156, 43165, 43171, 43539, 43661, 43746, 43890, 43907, 43948,
       43963, 44017, 44243, 44514, 44535, 44564, 44717, 44830, 44885,
       44981, 45093, 45338, 45462, 45491, 45505, 45637, 45667, 45697,
       45712, 45733, 45813, 45920, 46013, 46136, 46141, 46151, 46166,
       46263, 46330, 46343, 46359, 46452, 46460, 46512, 46610, 46616,
       46673, 46688, 46703, 46729, 46776, 46882, 47112, 47159, 47166,
       47361, 47382, 47442, 47493, 47577, 47584, 47764, 48044, 48124,
       48171, 48263, 48286, 48305, 48607, 48721, 48805, 48875, 48891,
       48919, 49001, 49126, 49273, 49410]), array([   22,   349,   583,   614,   620,   801,   859,   913,   954,
        1054,  1127,  1145,  1155,  1166,  1249,  1270,  1339,  1629,
        1728,  1957,  1968,  2086,  2116,  2120,  2168,  2211,  2280,
        2354,  2394,  2422,  2583,  2715,  2777,  2885,  2913,  2930,
        3080,  3097,  3111,  3143,  3264,  3323,  3343,  3385,  3440,
        3692,  3762,  3793,  3794,  3974,  4053,  4090,  4247,  4488,
        4688,  4997,  5059,  5072,  5268,  5325,  5330,  5826,  5980,
        6016,  6052,  6239,  6242,  6388,  6415,  6474,  6475,  6530,
        6602,  6713,  7021,  7081,  7474,  7516,  7589,  7729,  7730,
        7913,  7914,  7922,  8008,  8123,  8170,  8285,  8348,  8359,
        8363,  8377,  8612,  8650,  8939,  9070,  9148,  9238,  9346,
        9364,  9388,  9409,  9428,  9643,  9648,  9714,  9739,  9867,
        9879,  9924, 10078, 10097, 10247, 10419, 10434, 10453, 10536,
       10537, 10818, 10881, 10941, 11030, 11046, 11108, 11111, 11363,
       11417, 11428, 11562, 11580, 11615, 11645, 11799, 11822, 11856,
       11945, 12101, 12150, 12265, 12318, 12463, 12483, 12503, 12517,
       12593, 12635, 12923, 12943, 13004, 13042, 13207, 13278, 13327,
       13409, 14035, 14069, 14191, 14193, 14225, 14247, 14294, 14395,
       14454, 14472, 14567, 14633, 14763, 14786, 14827, 14916, 14988,
       15076, 15115, 15194, 15454, 15556, 15717, 15901, 16241, 16332,
       16355, 16497, 16585, 16588, 16672, 16768, 16888, 17376, 17398,
       17418, 17461, 17483, 17542, 17563, 17753, 17783, 17787, 17816,
       17915, 17962, 17977, 18073, 18121, 18415, 18547, 18795, 18797,
       19110, 19407, 19503, 19621, 19720, 19722, 19802, 19896, 19905,
       19931, 20032, 20352, 20496, 20507, 20540, 20589, 20715, 20761,
       20820, 20942, 21089, 21174, 21337, 21389, 21406, 21726, 21856,
       22014, 22065, 22125, 22130, 22157, 22377, 22396, 22567, 22815,
       22848, 22869, 22934, 23002, 23044, 23064, 23170, 23214, 23275,
       23459, 23506, 23743, 23926, 23984, 24074, 24249, 24529, 24582,
       24589, 24823, 24880, 24901, 25170, 25181, 25185, 25234, 25369,
       25584, 25590, 25617, 25625, 25800, 25859, 25927, 25948, 25969,
       26087, 26410, 26448, 26826, 26906, 27084, 27112, 27135, 27175,
       27196, 27225, 27890, 27937, 28128, 28229, 28407, 28516, 28567,
       28809, 29059, 29085, 29129, 29224, 29391, 29668, 29794, 30182,
       30313, 30860, 31025, 31055, 31262, 31311, 31365, 31432, 31459,
       31712, 31757, 31851, 31931, 32111, 32207, 32313, 32326, 32374,
       32378, 32433, 32519, 32532, 32584, 32708, 32963, 32987, 33054,
       33149, 33150, 33160, 33208, 33292, 33293, 33411, 33619, 33794,
       33846, 33937, 34199, 34210, 34291, 34325, 34503, 34740, 34860,
       34910, 35050, 35367, 35453, 35482, 35722, 35929, 35972, 36006,
       36125, 36208, 36399, 36443, 36614, 36914, 36962, 37103, 37441,
       37464, 37469, 37792, 37795, 37819, 37924, 38024, 38083, 38130,
       38189, 38193, 38286, 38294, 38372, 38538, 38669, 38673, 38705,
       38734, 39117, 39385, 39392, 39678, 39756, 39885, 39988, 40041,
       40116, 40149, 40168, 40277, 40362, 40572, 40591, 40674, 40773,
       40885, 40901, 40948, 41014, 41040, 41370, 41401, 41568, 41647,
       41955, 42059, 42076, 42109, 42323, 42365, 42444, 42447, 42521,
       42642, 42854, 43154, 43156, 43165, 43539, 43661, 43681, 43746,
       43890, 43907, 43948, 43963, 44243, 44535, 44564, 44885, 44981,
       45093, 45338, 45462, 45505, 45637, 45667, 45697, 45712, 45733,
       45813, 46013, 46141, 46151, 46166, 46263, 46330, 46343, 46359,
       46460, 46512, 46610, 46616, 46688, 46703, 46729, 46730, 46776,
       46882, 47112, 47166, 47361, 47382, 47584, 47764, 48044, 48124,
       48263, 48286, 48305, 48721, 48875, 48891, 48919, 49001, 49126,
       49273]), array([   22,   349,   461,   520,   524,   582,   583,   614,   620,
         660,   775,   801,   844,   859,   907,   913,   954,  1023,
        1054,  1127,  1145,  1155,  1166,  1183,  1249,  1270,  1339,
        1355,  1391,  1408,  1571,  1629,  1717,  1728,  1753,  1830,
        1903,  1957,  1968,  2029,  2033,  2086,  2116,  2120,  2135,
        2168,  2211,  2280,  2293,  2340,  2348,  2354,  2394,  2401,
        2422,  2498,  2516,  2583,  2611,  2630,  2663,  2692,  2707,
        2715,  2717,  2729,  2777,  2852,  2885,  2900,  2913,  2915,
        2930,  2940,  3080,  3097,  3111,  3143,  3263,  3264,  3323,
        3343,  3385,  3408,  3440,  3493,  3559,  3560,  3601,  3675,
        3692,  3762,  3793,  3794,  3811,  3879,  3960,  3974,  3999,
        4053,  4090,  4094,  4242,  4247,  4287,  4299,  4340,  4410,
        4424,  4488,  4562,  4688,  4831,  4896,  4902,  4922,  4963,
        4973,  4997,  5059,  5111,  5268,  5325,  5330,  5331,  5531,
        5688,  5826,  5980,  6016,  6052,  6194,  6239,  6242,  6357,
        6388,  6415,  6474,  6475,  6530,  6602,  6713,  6976,  7021,
        7081,  7090,  7270,  7277,  7474,  7516,  7589,  7655,  7729,
        7730,  7748,  7770,  7913,  7914,  7922,  8056,  8123,  8285,
        8348,  8359,  8363,  8377,  8612,  8618,  8650,  8889,  8912,
        8931,  8939,  8994,  8997,  9070,  9071,  9079,  9148,  9225,
        9230,  9238,  9346,  9364,  9388,  9404,  9409,  9414,  9428,
        9588,  9613,  9643,  9648,  9703,  9714,  9739,  9763,  9867,
        9879,  9885,  9906,  9924,  9938, 10000, 10012, 10078, 10097,
       10158, 10213, 10247, 10346, 10419, 10423, 10434, 10452, 10453,
       10536, 10537, 10698, 10818, 10838, 10881, 10901, 10941, 11020,
       11030, 11046, 11108, 11111, 11330, 11363, 11417, 11428, 11525,
       11530, 11562, 11580, 11615, 11626, 11645, 11716, 11799, 11822,
       11856, 11875, 11894, 11945, 12004, 12028, 12047, 12055, 12101,
       12150, 12159, 12191, 12265, 12318, 12463, 12483, 12503, 12517,
       12520, 12593, 12594, 12635, 12681, 12923, 12943, 12978, 13004,
       13042, 13167, 13207, 13278, 13327, 13409, 13606, 13683, 13776,
       13785, 13861, 13918, 14035, 14056, 14069, 14161, 14171, 14191,
       14193, 14203, 14225, 14247, 14294, 14317, 14395, 14434, 14454,
       14472, 14567, 14633, 14763, 14786, 14827, 14874, 14908, 14916,
       14988, 15029, 15076, 15115, 15194, 15363, 15497, 15556, 15629,
       15717, 15742, 15748, 15782, 15800, 15901, 15985, 16056, 16186,
       16224, 16241, 16332, 16355, 16497, 16585, 16588, 16672, 16728,
       16768, 16831, 16888, 17018, 17035, 17036, 17149, 17154, 17164,
       17269, 17376, 17379, 17398, 17418, 17420, 17461, 17480, 17483,
       17542, 17543, 17563, 17753, 17774, 17783, 17787, 17816, 17844,
       17915, 17934, 17962, 17977, 17988, 18036, 18069, 18073, 18096,
       18121, 18151, 18234, 18241, 18332, 18400, 18415, 18462, 18487,
       18547, 18576, 18606, 18674, 18795, 18797, 18942, 19110, 19145,
       19167, 19311, 19407, 19503, 19621, 19666, 19677, 19720, 19722,
       19802, 19896, 19905, 19909, 19931, 20026, 20032, 20068, 20229,
       20295, 20352, 20496, 20507, 20540, 20561, 20589, 20615, 20659,
       20715, 20761, 20820, 20919, 20942, 21089, 21138, 21174, 21337,
       21389, 21406, 21498, 21622, 21644, 21726, 21734, 21787, 21803,
       21830, 21840, 21856, 21964, 22013, 22065, 22125, 22130, 22133,
       22134, 22296, 22316, 22340, 22377, 22396, 22468, 22536, 22567,
       22570, 22602, 22704, 22732, 22789, 22800, 22815, 22848, 22869,
       22934, 22967, 23002, 23044, 23064, 23170, 23197, 23214, 23268,
       23275, 23438, 23459, 23506, 23523, 23658, 23674, 23742, 23900,
       23926, 23938, 23984, 24028, 24074, 24192, 24249, 24283, 24377,
       24529, 24546, 24582, 24589, 24629, 24650, 24723, 24741, 24823,
       24880, 24901, 24930, 24969, 25170, 25181, 25185, 25234, 25257,
       25293, 25369, 25380, 25567, 25584, 25590, 25617, 25625, 25670,
       25769, 25800, 25859, 25927, 25948, 25968, 25969, 25983, 26087,
       26135, 26146, 26248, 26342, 26410, 26448, 26826, 26858, 26900,
       26906, 27052, 27084, 27112, 27135, 27175, 27196, 27225, 27376,
       27559, 27597, 27890, 27937, 28015, 28128, 28229, 28277, 28299,
       28407, 28516, 28530, 28567, 28767, 28782, 28809, 28835, 28846,
       28950, 28957, 29059, 29085, 29129, 29224, 29304, 29369, 29391,
       29625, 29668, 29670, 29707, 29776, 29794, 29842, 29874, 29930,
       30147, 30182, 30282, 30313, 30324, 30415, 30503, 30736, 30838,
       30860, 31025, 31055, 31071, 31226, 31246, 31262, 31311, 31365,
       31432, 31459, 31539, 31570, 31640, 31641, 31712, 31757, 31851,
       31870, 31931, 32098, 32111, 32207, 32278, 32313, 32315, 32374,
       32377, 32378, 32430, 32519, 32528, 32532, 32584, 32595, 32617,
       32635, 32684, 32708, 32902, 32933, 32963, 32969, 32987, 33054,
       33083, 33094, 33127, 33149, 33150, 33156, 33160, 33208, 33267,
       33292, 33293, 33349, 33411, 33429, 33463, 33533, 33605, 33619,
       33686, 33689, 33707, 33794, 33846, 33937, 33955, 34199, 34210,
       34265, 34291, 34309, 34325, 34326, 34503, 34558, 34584, 34631,
       34732, 34733, 34740, 34860, 34910, 34981, 35050, 35065, 35097,
       35119, 35322, 35339, 35367, 35380, 35453, 35482, 35534, 35722,
       35744, 35793, 35890, 35915, 35929, 35936, 35972, 36006, 36044,
       36090, 36125, 36208, 36261, 36269, 36273, 36399, 36443, 36476,
       36614, 36628, 36770, 36914, 36962, 36987, 37010, 37072, 37103,
       37194, 37251, 37395, 37398, 37441, 37464, 37469, 37550, 37602,
       37725, 37792, 37795, 37819, 37924, 37936, 37961, 37997, 38024,
       38072, 38083, 38130, 38189, 38193, 38286, 38287, 38294, 38344,
       38351, 38356, 38372, 38472, 38538, 38569, 38658, 38669, 38673,
       38705, 38734, 38832, 39117, 39251, 39385, 39392, 39414, 39448,
       39496, 39514, 39678, 39756, 39822, 39885, 39988, 40041, 40101,
       40116, 40149, 40168, 40277, 40312, 40362, 40463, 40546, 40559,
       40572, 40591, 40674, 40773, 40794, 40885, 40897, 40901, 40924,
       40939, 40948, 41014, 41040, 41127, 41131, 41226, 41303, 41307,
       41342, 41370, 41401, 41443, 41556, 41568, 41624, 41647, 41683,
       41728, 41832, 41955, 42059, 42076, 42100, 42109, 42180, 42256,
       42299, 42318, 42323, 42354, 42365, 42412, 42436, 42444, 42447,
       42500, 42521, 42642, 42680, 42807, 42854, 42959, 43008, 43134,
       43154, 43156, 43165, 43171, 43179, 43228, 43236, 43319, 43335,
       43341, 43522, 43539, 43575, 43592, 43661, 43681, 43746, 43890,
       43907, 43948, 43963, 44017, 44234, 44243, 44245, 44503, 44514,
       44535, 44564, 44708, 44830, 44842, 44878, 44885, 44981, 45091,
       45093, 45131, 45295, 45305, 45338, 45406, 45411, 45462, 45491,
       45505, 45589, 45637, 45667, 45669, 45697, 45712, 45733, 45798,
       45813, 45920, 46013, 46099, 46136, 46141, 46151, 46166, 46263,
       46299, 46330, 46342, 46343, 46359, 46451, 46452, 46460, 46512,
       46520, 46610, 46616, 46673, 46688, 46703, 46729, 46730, 46776,
       46882, 47112, 47166, 47266, 47361, 47382, 47442, 47493, 47577,
       47584, 47758, 47764, 47847, 48044, 48124, 48171, 48263, 48286,
       48305, 48428, 48455, 48607, 48641, 48721, 48805, 48852, 48875,
       48891, 48919, 48926, 49001, 49009, 49126, 49212, 49273, 49335,
       49355, 49410, 49463]), array([   22,   233,   349,   461,   520,   582,   583,   614,   620,
         775,   801,   830,   844,   859,   888,   907,   911,   913,
         954,  1008,  1023,  1054,  1127,  1145,  1155,  1166,  1249,
        1270,  1339,  1355,  1391,  1408,  1441,  1571,  1572,  1629,
        1717,  1728,  1753,  1830,  1903,  1957,  1968,  2029,  2033,
        2086,  2116,  2120,  2135,  2168,  2211,  2280,  2293,  2340,
        2354,  2394,  2422,  2498,  2516,  2583,  2585,  2611,  2630,
        2663,  2692,  2707,  2715,  2717,  2729,  2777,  2852,  2885,
        2900,  2913,  2915,  2930,  3022,  3080,  3097,  3111,  3143,
        3323,  3343,  3385,  3408,  3440,  3493,  3559,  3560,  3601,
        3646,  3675,  3692,  3762,  3793,  3794,  3811,  3879,  3960,
        3974,  3999,  4053,  4090,  4094,  4190,  4242,  4247,  4273,
        4287,  4299,  4340,  4410,  4424,  4488,  4676,  4688,  4691,
        4831,  4846,  4896,  4902,  4922,  4963,  4997,  5020,  5059,
        5072,  5268,  5325,  5330,  5331,  5462,  5531,  5688,  5826,
        5835,  5980,  6016,  6018,  6052,  6194,  6239,  6242,  6357,
        6388,  6415,  6474,  6475,  6530,  6602,  6713,  6976,  7013,
        7021,  7081,  7090,  7270,  7277,  7316,  7474,  7510,  7516,
        7589,  7729,  7730,  7748,  7770,  7821,  7913,  7914,  7922,
        8008,  8056,  8123,  8170,  8280,  8285,  8348,  8359,  8363,
        8377,  8612,  8618,  8650,  8889,  8912,  8939,  8994,  9070,
        9071,  9148,  9225,  9230,  9238,  9346,  9364,  9388,  9409,
        9414,  9428,  9588,  9613,  9643,  9648,  9668,  9703,  9714,
        9739,  9763,  9867,  9879,  9885,  9924,  9938, 10000, 10012,
       10078, 10097, 10158, 10213, 10247, 10346, 10419, 10423, 10434,
       10452, 10453, 10530, 10536, 10537, 10594, 10647, 10698, 10818,
       10838, 10881, 10901, 10941, 11020, 11030, 11046, 11108, 11111,
       11165, 11330, 11363, 11417, 11428, 11493, 11525, 11530, 11541,
       11562, 11580, 11615, 11626, 11645, 11716, 11799, 11822, 11856,
       11875, 11894, 11945, 12004, 12028, 12047, 12055, 12101, 12150,
       12159, 12191, 12265, 12290, 12318, 12463, 12483, 12503, 12517,
       12520, 12593, 12594, 12635, 12681, 12923, 12943, 12978, 13004,
       13023, 13042, 13207, 13278, 13327, 13370, 13409, 13579, 13606,
       13683, 13776, 13785, 13861, 13918, 13955, 14035, 14056, 14069,
       14161, 14171, 14191, 14193, 14203, 14225, 14247, 14294, 14308,
       14317, 14327, 14395, 14434, 14454, 14472, 14567, 14763, 14786,
       14827, 14874, 14916, 14930, 14988, 15029, 15076, 15115, 15186,
       15194, 15285, 15454, 15497, 15553, 15556, 15629, 15717, 15748,
       15782, 15800, 15901, 15985, 16056, 16241, 16308, 16332, 16355,
       16497, 16585, 16588, 16672, 16728, 16768, 16831, 16888, 17035,
       17036, 17149, 17154, 17164, 17269, 17376, 17379, 17398, 17418,
       17420, 17461, 17480, 17483, 17540, 17542, 17543, 17563, 17753,
       17774, 17783, 17787, 17816, 17844, 17915, 17962, 17977, 17988,
       18036, 18069, 18073, 18096, 18121, 18151, 18159, 18234, 18241,
       18332, 18400, 18415, 18462, 18491, 18547, 18576, 18599, 18606,
       18674, 18795, 18797, 18942, 19110, 19167, 19311, 19370, 19407,
       19503, 19547, 19621, 19666, 19677, 19720, 19722, 19802, 19896,
       19905, 19909, 19931, 20026, 20032, 20060, 20068, 20229, 20295,
       20352, 20496, 20507, 20540, 20561, 20589, 20659, 20715, 20761,
       20820, 20891, 20911, 20919, 20942, 21089, 21138, 21174, 21240,
       21337, 21389, 21406, 21498, 21612, 21622, 21726, 21803, 21830,
       21840, 21856, 21964, 22013, 22014, 22065, 22125, 22130, 22134,
       22157, 22244, 22296, 22316, 22340, 22377, 22396, 22466, 22468,
       22536, 22567, 22570, 22602, 22620, 22704, 22732, 22781, 22789,
       22800, 22815, 22847, 22848, 22869, 22934, 22967, 23002, 23044,
       23064, 23197, 23214, 23268, 23275, 23291, 23304, 23438, 23459,
       23506, 23523, 23538, 23654, 23674, 23742, 23743, 23900, 23926,
       23938, 23984, 24028, 24065, 24074, 24249, 24283, 24377, 24529,
       24546, 24582, 24589, 24629, 24650, 24723, 24823, 24880, 24901,
       24930, 24969, 25170, 25181, 25185, 25234, 25257, 25293, 25369,
       25380, 25564, 25567, 25584, 25590, 25617, 25625, 25670, 25683,
       25769, 25800, 25859, 25927, 25948, 25968, 25969, 25983, 26087,
       26135, 26146, 26248, 26342, 26410, 26448, 26826, 26858, 26900,
       26906, 27052, 27084, 27112, 27135, 27196, 27225, 27376, 27559,
       27597, 27890, 27937, 27957, 28001, 28015, 28128, 28160, 28229,
       28277, 28299, 28407, 28516, 28530, 28567, 28767, 28809, 28835,
       28846, 28950, 29059, 29085, 29129, 29224, 29304, 29369, 29391,
       29434, 29573, 29625, 29668, 29670, 29707, 29776, 29794, 29842,
       29874, 29930, 30147, 30182, 30282, 30313, 30324, 30415, 30503,
       30506, 30532, 30728, 30736, 30838, 30860, 30983, 31025, 31045,
       31055, 31071, 31226, 31246, 31262, 31311, 31365, 31432, 31459,
       31570, 31640, 31641, 31712, 31757, 31851, 31870, 31931, 32098,
       32111, 32207, 32271, 32278, 32313, 32315, 32374, 32378, 32430,
       32491, 32519, 32528, 32532, 32584, 32595, 32617, 32635, 32684,
       32708, 32902, 32933, 32946, 32963, 32969, 32987, 33054, 33083,
       33094, 33149, 33150, 33156, 33160, 33208, 33267, 33292, 33293,
       33349, 33411, 33429, 33533, 33569, 33605, 33619, 33686, 33689,
       33707, 33794, 33846, 33858, 33937, 33955, 34199, 34210, 34265,
       34291, 34309, 34325, 34326, 34503, 34584, 34631, 34732, 34733,
       34740, 34772, 34860, 34910, 34981, 35050, 35065, 35097, 35119,
       35322, 35339, 35367, 35453, 35482, 35534, 35650, 35722, 35744,
       35793, 35890, 35915, 35929, 35936, 35972, 36006, 36044, 36090,
       36125, 36208, 36269, 36273, 36399, 36443, 36476, 36614, 36628,
       36739, 36746, 36770, 36914, 36962, 36987, 37010, 37072, 37103,
       37194, 37251, 37268, 37284, 37382, 37395, 37398, 37408, 37441,
       37464, 37469, 37550, 37602, 37652, 37725, 37792, 37795, 37819,
       37924, 37936, 37961, 38014, 38024, 38083, 38130, 38137, 38189,
       38193, 38286, 38287, 38294, 38344, 38351, 38356, 38372, 38472,
       38538, 38569, 38658, 38669, 38673, 38705, 38734, 38832, 39078,
       39117, 39251, 39385, 39392, 39414, 39448, 39467, 39478, 39496,
       39514, 39647, 39678, 39756, 39885, 39967, 39988, 40041, 40101,
       40116, 40120, 40149, 40168, 40275, 40277, 40312, 40362, 40546,
       40559, 40572, 40591, 40674, 40740, 40773, 40794, 40885, 40897,
       40901, 40924, 40926, 40939, 40948, 41014, 41040, 41044, 41127,
       41131, 41303, 41342, 41370, 41401, 41443, 41556, 41568, 41624,
       41636, 41647, 41683, 41728, 41955, 42059, 42076, 42100, 42109,
       42180, 42287, 42299, 42354, 42365, 42412, 42436, 42444, 42447,
       42500, 42521, 42642, 42680, 42743, 42768, 42854, 42959, 43008,
       43010, 43134, 43154, 43156, 43165, 43171, 43179, 43228, 43236,
       43319, 43335, 43522, 43539, 43575, 43592, 43661, 43746, 43890,
       43907, 43948, 43963, 44017, 44039, 44187, 44202, 44234, 44243,
       44245, 44503, 44514, 44535, 44564, 44708, 44717, 44781, 44830,
       44842, 44885, 44934, 44981, 45091, 45093, 45131, 45244, 45295,
       45305, 45338, 45367, 45406, 45411, 45462, 45491, 45505, 45637,
       45667, 45669, 45697, 45712, 45733, 45813, 45920, 46013, 46099,
       46136, 46141, 46151, 46166, 46263, 46299, 46330, 46342, 46343,
       46359, 46451, 46452, 46460, 46512, 46520, 46610, 46616, 46673,
       46688, 46703, 46729, 46730, 46776, 46882, 47067, 47112, 47159,
       47166, 47266, 47361, 47382, 47442, 47493, 47577, 47584, 47764,
       47847, 48044, 48124, 48171, 48263, 48269, 48286, 48305, 48428,
       48607, 48609, 48641, 48721, 48746, 48852, 48875, 48891, 48919,
       49001, 49025, 49126, 49212, 49273, 49335, 49355, 49410, 49463]), array([   22,   233,   349,   461,   520,   524,   540,   582,   583,
         614,   620,   660,   775,   801,   830,   844,   859,   888,
         907,   913,   954,  1008,  1018,  1023,  1054,  1127,  1145,
        1155,  1166,  1167,  1183,  1249,  1270,  1339,  1355,  1391,
        1408,  1571,  1629,  1717,  1728,  1753,  1761,  1830,  1903,
        1957,  1968,  2029,  2033,  2086,  2116,  2120,  2135,  2168,
        2211,  2280,  2293,  2332,  2340,  2348,  2354,  2394,  2422,
        2498,  2516,  2583,  2611,  2630,  2663,  2676,  2692,  2707,
        2715,  2717,  2729,  2777,  2852,  2885,  2900,  2913,  2915,
        2930,  3022,  3080,  3097,  3111,  3143,  3323,  3343,  3385,
        3408,  3440,  3493,  3559,  3560,  3601,  3675,  3680,  3692,
        3762,  3793,  3794,  3811,  3879,  3960,  3974,  3999,  4053,
        4090,  4094,  4190,  4242,  4247,  4287,  4299,  4340,  4410,
        4424,  4488,  4562,  4676,  4688,  4831,  4846,  4896,  4902,
        4922,  4963,  4997,  5020,  5059,  5072,  5100,  5111,  5155,
        5268,  5325,  5330,  5331,  5462,  5531,  5688,  5826,  5980,
        6016,  6018,  6052,  6194,  6239,  6242,  6357,  6388,  6415,
        6474,  6475,  6530,  6602,  6713,  6976,  7013,  7021,  7081,
        7090,  7264,  7270,  7316,  7474,  7478,  7510,  7516,  7589,
        7655,  7729,  7730,  7748,  7770,  7812,  7821,  7913,  7914,
        7922,  8008,  8056,  8123,  8170,  8280,  8285,  8348,  8359,
        8363,  8377,  8612,  8618,  8650,  8889,  8912,  8931,  8939,
        8994,  8997,  9070,  9071,  9079,  9148,  9225,  9230,  9238,
        9313,  9346,  9388,  9409,  9414,  9428,  9569,  9586,  9613,
        9643,  9648,  9703,  9714,  9739,  9763,  9867,  9879,  9885,
        9906,  9924,  9938, 10000, 10078, 10097, 10158, 10175, 10213,
       10247, 10269, 10346, 10419, 10423, 10434, 10452, 10453, 10490,
       10536, 10537, 10698, 10818, 10838, 10881, 10941, 11020, 11021,
       11030, 11046, 11108, 11111, 11165, 11330, 11363, 11370, 11417,
       11428, 11493, 11525, 11541, 11562, 11580, 11615, 11626, 11645,
       11716, 11799, 11822, 11856, 11875, 11894, 11945, 12004, 12028,
       12047, 12055, 12101, 12150, 12159, 12191, 12265, 12318, 12463,
       12483, 12503, 12517, 12520, 12593, 12594, 12635, 12681, 12923,
       12943, 12978, 13004, 13023, 13042, 13207, 13278, 13315, 13327,
       13370, 13409, 13579, 13606, 13683, 13776, 13785, 13861, 13918,
       13955, 14035, 14056, 14069, 14161, 14191, 14193, 14203, 14225,
       14247, 14294, 14308, 14317, 14327, 14395, 14434, 14454, 14472,
       14567, 14633, 14763, 14786, 14797, 14827, 14874, 14916, 14930,
       14988, 15029, 15076, 15115, 15181, 15194, 15363, 15454, 15497,
       15553, 15556, 15629, 15717, 15782, 15800, 15878, 15901, 15985,
       16056, 16241, 16332, 16355, 16497, 16585, 16588, 16672, 16728,
       16768, 16831, 16888, 17018, 17035, 17036, 17149, 17154, 17164,
       17269, 17376, 17379, 17398, 17400, 17418, 17420, 17461, 17480,
       17483, 17540, 17542, 17543, 17563, 17753, 17774, 17783, 17787,
       17816, 17844, 17915, 17962, 17977, 17988, 18036, 18073, 18096,
       18121, 18151, 18159, 18234, 18241, 18400, 18415, 18462, 18487,
       18491, 18547, 18576, 18585, 18674, 18795, 18797, 18866, 18895,
       18912, 18942, 19110, 19167, 19311, 19370, 19407, 19503, 19547,
       19621, 19666, 19677, 19720, 19722, 19802, 19896, 19905, 19909,
       19931, 19951, 20026, 20032, 20060, 20229, 20295, 20324, 20352,
       20496, 20507, 20540, 20561, 20589, 20659, 20715, 20761, 20820,
       20911, 20919, 20942, 21089, 21106, 21138, 21174, 21337, 21389,
       21406, 21498, 21612, 21622, 21629, 21644, 21726, 21787, 21830,
       21840, 21856, 21964, 22014, 22065, 22125, 22130, 22134, 22157,
       22244, 22296, 22316, 22340, 22377, 22396, 22466, 22567, 22570,
       22602, 22704, 22732, 22781, 22789, 22800, 22815, 22848, 22869,
       22934, 22967, 23002, 23044, 23064, 23197, 23214, 23268, 23275,
       23291, 23304, 23438, 23459, 23506, 23523, 23538, 23654, 23658,
       23674, 23742, 23743, 23900, 23926, 23938, 23984, 24028, 24074,
       24153, 24192, 24249, 24283, 24377, 24465, 24529, 24582, 24589,
       24723, 24741, 24823, 24880, 24882, 24901, 24930, 24969, 25043,
       25170, 25181, 25185, 25234, 25257, 25293, 25369, 25380, 25564,
       25567, 25584, 25590, 25617, 25625, 25670, 25683, 25769, 25800,
       25859, 25927, 25948, 25968, 25969, 25983, 26087, 26135, 26146,
       26248, 26342, 26410, 26448, 26826, 26858, 26900, 26906, 27052,
       27084, 27112, 27135, 27175, 27196, 27225, 27376, 27559, 27597,
       27801, 27890, 27937, 28015, 28128, 28160, 28229, 28277, 28308,
       28407, 28516, 28530, 28567, 28701, 28767, 28809, 28835, 28846,
       28950, 29059, 29085, 29129, 29224, 29304, 29369, 29391, 29434,
       29625, 29668, 29670, 29707, 29776, 29794, 29842, 29930, 30147,
       30182, 30282, 30313, 30324, 30396, 30415, 30503, 30506, 30532,
       30728, 30736, 30860, 30983, 30985, 31025, 31045, 31055, 31071,
       31226, 31246, 31262, 31311, 31365, 31432, 31459, 31539, 31570,
       31640, 31641, 31712, 31757, 31851, 31870, 31931, 32098, 32111,
       32207, 32271, 32278, 32313, 32315, 32326, 32374, 32378, 32430,
       32433, 32491, 32519, 32528, 32532, 32584, 32617, 32635, 32684,
       32708, 32902, 32933, 32946, 32963, 32969, 32987, 33054, 33083,
       33094, 33149, 33150, 33156, 33160, 33208, 33267, 33292, 33293,
       33349, 33411, 33429, 33533, 33605, 33619, 33707, 33781, 33794,
       33846, 33937, 33955, 34199, 34210, 34291, 34309, 34325, 34326,
       34503, 34584, 34631, 34732, 34733, 34740, 34860, 34910, 35050,
       35065, 35097, 35119, 35332, 35339, 35367, 35453, 35482, 35562,
       35650, 35722, 35793, 35890, 35915, 35929, 35936, 35972, 36006,
       36090, 36125, 36208, 36269, 36399, 36443, 36476, 36614, 36746,
       36770, 36914, 36962, 36987, 37010, 37072, 37103, 37194, 37268,
       37284, 37395, 37398, 37408, 37441, 37464, 37469, 37550, 37598,
       37602, 37651, 37792, 37795, 37819, 37924, 37936, 37961, 38014,
       38024, 38083, 38130, 38137, 38189, 38193, 38286, 38287, 38294,
       38344, 38351, 38356, 38372, 38472, 38538, 38569, 38658, 38669,
       38673, 38705, 38734, 38798, 38832, 39078, 39117, 39351, 39385,
       39392, 39414, 39448, 39467, 39478, 39496, 39514, 39678, 39756,
       39885, 39967, 39988, 40041, 40116, 40120, 40149, 40168, 40249,
       40275, 40277, 40362, 40463, 40546, 40559, 40571, 40572, 40591,
       40674, 40740, 40773, 40794, 40885, 40897, 40901, 40924, 40926,
       40939, 40948, 41014, 41040, 41117, 41127, 41131, 41303, 41307,
       41342, 41370, 41401, 41443, 41556, 41568, 41579, 41624, 41636,
       41647, 41683, 41728, 41955, 41974, 42059, 42076, 42100, 42109,
       42180, 42287, 42299, 42331, 42342, 42354, 42365, 42412, 42444,
       42447, 42500, 42521, 42642, 42675, 42680, 42743, 42854, 42959,
       43008, 43010, 43134, 43154, 43156, 43165, 43171, 43228, 43236,
       43319, 43335, 43341, 43522, 43539, 43558, 43575, 43592, 43661,
       43746, 43890, 43907, 43948, 43959, 43963, 44017, 44039, 44202,
       44234, 44243, 44245, 44503, 44514, 44535, 44564, 44574, 44668,
       44708, 44781, 44830, 44885, 44912, 44981, 45091, 45093, 45131,
       45295, 45305, 45338, 45406, 45411, 45462, 45491, 45505, 45637,
       45667, 45669, 45697, 45712, 45733, 45813, 45920, 46013, 46099,
       46136, 46141, 46151, 46166, 46263, 46330, 46343, 46359, 46451,
       46452, 46460, 46512, 46520, 46610, 46616, 46654, 46673, 46688,
       46703, 46729, 46730, 46776, 46882, 47067, 47101, 47112, 47159,
       47166, 47266, 47361, 47382, 47418, 47442, 47493, 47577, 47584,
       47764, 47847, 48044, 48124, 48171, 48211, 48263, 48286, 48305,
       48419, 48428, 48455, 48607, 48609, 48641, 48721, 48746, 48852,
       48875, 48891, 48919, 48926, 49001, 49025, 49126, 49200, 49212,
       49258, 49273, 49355, 49410, 49463])]
