training accuracy when lambda=0.8
[0.12119191919312333, 0.13125252525312733, 0.13737373737433944, 0.144727272729681, 0.15006060606241226, 0.1548282828288849, 0.1657979798052046, 0.1723030303066427, 0.18458585858585858, 0.19725252525613765, 0.2165656565668607, 0.23369696969937798, 0.25450505050685673, 0.2758181818190849, 0.2955353535281287, 0.3195757575805741, 0.3402828282840324, 0.36107070707552363, 0.38357575757575757, 0.40337373738096216, 0.4264444444468527, 0.4438383838407921, 0.4638989898941734, 0.48272727274172234, 0.49672727272486444, 0.5157777777801861, 0.5333939393843063, 0.549797979790755, 0.5626060605964275, 0.5790101009956514, 0.5916969696873366, 0.6052323232371398, 0.616363636378086, 0.6267676767773098, 0.636444444458894, 0.6471313131457628, 0.6571919191822861, 0.6662020202116533, 0.6747676767532271, 0.6865858585906751, 0.6904646464501969, 0.7031313131168635, 0.7067878787926953, 0.7122626262722593, 0.7192525252621583, 0.7253131313131314, 0.7357373737470068, 0.7367272727128231, 0.7478787878739713, 0.7486868687013183]
test accuracy when lambda=0.8
[0.3869, 0.3923, 0.4168, 0.4199, 0.4223, 0.429, 0.4227, 0.4241, 0.4196, 0.4048, 0.3953, 0.3848, 0.3876, 0.3479, 0.3491, 0.3361, 0.33, 0.3222, 0.3137, 0.2939, 0.2991, 0.2885, 0.293, 0.278, 0.2807, 0.2809, 0.2741, 0.2673, 0.2665, 0.2665, 0.2584, 0.2638, 0.2613, 0.2556, 0.2642, 0.2543, 0.2581, 0.2586, 0.2584, 0.2525, 0.2572, 0.2578, 0.2573, 0.2558, 0.2548, 0.2553, 0.2477, 0.2519, 0.2557, 0.2588]
training accuracy when lambda=0.85
[0.11741414141504451, 0.13052525252705874, 0.136707070709479, 0.14313131313251726, 0.14799999999759172, 0.15448484848545055, 0.1624040404076528, 0.17224242424332734, 0.18672727272907894, 0.20070707070947896, 0.22226262626322832, 0.2422222222228243, 0.26290909091149917, 0.28965656565415737, 0.3144848484872568, 0.3377575757527592, 0.3617575757623923, 0.3872121212048964, 0.40925252525975003, 0.42818181819626777, 0.45264646464646463, 0.4710303030327113, 0.4916565656565657, 0.5069696969745136, 0.5259393939418022, 0.5471313131216801, 0.5625050505002339, 0.5800000000144496, 0.5921212121356617, 0.6071717171572676, 0.6230909090860925, 0.6340000000144496, 0.6483232323328654, 0.6598787878836044, 0.6714141414237745, 0.681414141418958, 0.6907070707022541, 0.698686868672419, 0.7123232323280488, 0.7199797979653484, 0.7255959596055926, 0.7354747474843806, 0.7401010100865605, 0.7511111111111111, 0.756060606050973, 0.763959595959596, 0.7713535353583519, 0.7787272727320893, 0.7813333333285168, 0.7849696969745135]
test accuracy when lambda=0.85
[0.3583, 0.3733, 0.4045, 0.4254, 0.4285, 0.4366, 0.4282, 0.4242, 0.4157, 0.4068, 0.3794, 0.3774, 0.3536, 0.3286, 0.3207, 0.304, 0.3072, 0.2866, 0.2842, 0.2796, 0.2762, 0.2763, 0.2592, 0.2612, 0.2555, 0.2518, 0.2459, 0.2447, 0.2467, 0.2446, 0.2438, 0.2408, 0.2324, 0.2353, 0.2345, 0.2339, 0.2364, 0.236, 0.2309, 0.2288, 0.2277, 0.2331, 0.231, 0.2291, 0.2317, 0.2306, 0.2352, 0.2349, 0.233, 0.2223]
training accuracy when lambda=0.9
[0.11731313131553958, 0.12476767676767676, 0.13474747474928095, 0.13775757576118816, 0.1425858585930834, 0.15020202020442847, 0.15709090909151116, 0.16808080808261427, 0.1799191919228043, 0.1937373737379758, 0.21282828282888488, 0.23193939394059807, 0.2542828282840324, 0.27713131313612965, 0.302868686869891, 0.32488888889611367, 0.3503030303078468, 0.37743434343916, 0.40107070706348225, 0.4186464646416481, 0.4454545454497289, 0.46527272726791075, 0.48640404039922386, 0.5078787878787879, 0.5270707070634822, 0.5467070706974376, 0.563050505050505, 0.5784040404040404, 0.5955959595911431, 0.613373737388187, 0.6248686868735034, 0.6376363636267306, 0.6505252525300691, 0.6636565656421161, 0.6753333333477829, 0.6891515151466986, 0.69943434343916, 0.7105858585762255, 0.7191515151370655, 0.727919191928825, 0.7358585858489528, 0.7448888888840723, 0.7494747474891971, 0.7592525252573418, 0.768929292938926, 0.7690505050360554, 0.7808686868590538, 0.7841010101010101, 0.7904444444396279, 0.7931515151563316]
test accuracy when lambda=0.9
[0.3071, 0.3715, 0.3822, 0.4231, 0.4298, 0.4263, 0.4292, 0.4277, 0.4189, 0.4087, 0.3746, 0.3594, 0.3482, 0.3148, 0.3089, 0.3025, 0.2712, 0.2797, 0.2665, 0.2561, 0.2465, 0.2337, 0.23, 0.2259, 0.2302, 0.2273, 0.2167, 0.2101, 0.2199, 0.22, 0.2072, 0.2113, 0.2057, 0.2175, 0.2164, 0.214, 0.21, 0.2083, 0.2152, 0.2088, 0.2119, 0.2107, 0.2084, 0.2041, 0.2093, 0.2114, 0.2098, 0.2085, 0.2089, 0.205]
training accuracy when lambda=0.95
[0.10973737373737373, 0.11965656565716773, 0.12470707070947898, 0.1300000000018062, 0.13537373737554356, 0.14262626262806882, 0.1481818181830223, 0.1552121212157336, 0.16468686868807283, 0.1781010101082349, 0.19036363636724876, 0.21193939394059808, 0.23113131312890486, 0.2537979798052046, 0.2752525252573418, 0.3009292929317012, 0.3227676767688809, 0.3463636363612281, 0.36846464645742166, 0.3899797979942476, 0.41250505050264225, 0.4374343434247104, 0.4541414141438224, 0.47432323232804885, 0.49529292928811275, 0.5120606060678309, 0.5305454545502711, 0.5521212121236204, 0.56230303031748, 0.5783232323184158, 0.5952727272823604, 0.6102020201923871, 0.6230303030230783, 0.6367272727320893, 0.6481212121260287, 0.6565858586003082, 0.6698585858682189, 0.6824040404040405, 0.6908080807936312, 0.7044040403992239, 0.7083030303126634, 0.7181010101058266, 0.7291919192063688, 0.7349898989754494, 0.7400606060557895, 0.7509494949398619, 0.7535959596055927, 0.7614343434295269, 0.769515151510335, 0.7716969697114193]
test accuracy when lambda=0.95
[0.2628, 0.3257, 0.3526, 0.3689, 0.3889, 0.4001, 0.423, 0.4163, 0.3866, 0.3744, 0.3576, 0.3281, 0.3104, 0.2816, 0.2645, 0.2658, 0.2527, 0.2249, 0.2294, 0.2225, 0.2092, 0.2156, 0.211, 0.2061, 0.2061, 0.2015, 0.2, 0.196, 0.1984, 0.1867, 0.1895, 0.1874, 0.1764, 0.1805, 0.1849, 0.1821, 0.1871, 0.1769, 0.1785, 0.176, 0.1786, 0.1772, 0.1829, 0.1741, 0.1786, 0.1713, 0.1802, 0.1722, 0.1758, 0.1808]
