training accuracy when lambda=0.3
[0.6704242424097928, 0.7680404040355875, 0.7880808080856246, 0.802, 0.8127676767628602, 0.8163838383693888, 0.8246060606108772, 0.8312121212121212, 0.836000000009633, 0.8390909091053587, 0.8414343434343434, 0.8469696969600639, 0.8487070706974377, 0.8513737373689209, 0.8529090909139074, 0.8587272727272727, 0.8604040404184901, 0.863393939398756, 0.8645858585954916, 0.8672727272630942, 0.8690303030447526, 0.8700606060750556, 0.8723434343386178, 0.8733333333381499, 0.8737373737518234, 0.8761010101154597, 0.8767070707215203, 0.8753737373689209, 0.8738181818037322, 0.8762424242279746, 0.8732525252428922, 0.8782828282780117, 0.876444444458894, 0.8759595959740456, 0.8747878787782457, 0.87496969697933, 0.8734343434247104, 0.8720808080759915, 0.8741818181866348, 0.8735151515199681, 0.8725252525397021, 0.871050505040872, 0.871454545459362, 0.8702222222318553, 0.8699191919143754, 0.867393939398756, 0.8672727272582776, 0.8668282828282828, 0.8655353535498032, 0.8655959596007762]
test accuracy when lambda=0.3
[0.3834, 0.3877, 0.3811, 0.3903, 0.3962, 0.3981, 0.3949, 0.3956, 0.3937, 0.3992, 0.4, 0.3972, 0.4006, 0.3948, 0.3961, 0.3952, 0.3967, 0.3982, 0.3989, 0.3989, 0.3977, 0.3996, 0.3997, 0.3962, 0.3936, 0.3942, 0.3986, 0.395, 0.3966, 0.3941, 0.3971, 0.3957, 0.3948, 0.3978, 0.3933, 0.3955, 0.395, 0.3921, 0.3982, 0.3946, 0.3966, 0.3974, 0.3956, 0.3933, 0.3962, 0.3936, 0.3935, 0.3941, 0.3948, 0.3995]
training accuracy when lambda=0.4
[0.5991515151611482, 0.6892727272871769, 0.7078787878739713, 0.7170707070851566, 0.7264040404136735, 0.7345454545454545, 0.7381414141269645, 0.7436565656710152, 0.747616161601712, 0.7518181818085488, 0.7528080808032642, 0.7574747474891971, 0.7599393939393939, 0.7615353535498032, 0.7636363636267306, 0.7648282828138332, 0.768101010091377, 0.7696565656565657, 0.7696363636508132, 0.7695757575902071, 0.7720202020153855, 0.7721818181962677, 0.7720606060702392, 0.7715151515055184, 0.7717979798124294, 0.7717373737421903, 0.7704040404088569, 0.7720606060702392, 0.7688282828282829, 0.7683838383838384, 0.7678181818326314, 0.7667070706974376, 0.7661010101154597, 0.7631313131313131, 0.7630505050553216, 0.7640404040404041, 0.7602222222270387, 0.7603030303030303, 0.7620000000048165, 0.756565656551207, 0.758464646469463, 0.7555151515199681, 0.7543232323087827, 0.7532929292929293, 0.7505656565704731, 0.7515151515199681, 0.7488282828330993, 0.7465656565801062, 0.7458787878739713, 0.7461818181818182]
test accuracy when lambda=0.4
[0.3852, 0.3906, 0.3927, 0.3911, 0.391, 0.3902, 0.394, 0.4009, 0.3924, 0.394, 0.398, 0.3945, 0.3981, 0.4014, 0.3964, 0.4018, 0.3999, 0.3955, 0.3973, 0.4, 0.4004, 0.4014, 0.3982, 0.3957, 0.3955, 0.3954, 0.3962, 0.3983, 0.3954, 0.3954, 0.389, 0.3899, 0.3901, 0.3971, 0.3864, 0.3924, 0.3913, 0.392, 0.3901, 0.3924, 0.39, 0.3866, 0.3942, 0.3906, 0.3883, 0.3896, 0.3896, 0.3879, 0.3924, 0.3867]
training accuracy when lambda=0.5
[0.1283838383847415, 0.13397979798040005, 0.13761616161796783, 0.13921212121573362, 0.14012121212241627, 0.14319191919432747, 0.14606060606060606, 0.14652525252705872, 0.15058585858706272, 0.1520404040410061, 0.15440404040524452, 0.1583030303066427, 0.16094949495130115, 0.16371717172078412, 0.16735353535473949, 0.1712525252537294, 0.17830303030062203, 0.18258585858646065, 0.18971717171837585, 0.19577777778500258, 0.20389898990621472, 0.21034343434343433, 0.21804040404762884, 0.22866666667389146, 0.2347878787878788, 0.24321212121934602, 0.2537373737379758, 0.2607474747450665, 0.267898989900194, 0.2729494949506991, 0.28305050505411744, 0.29159595959836787, 0.3004646464646465, 0.3082222222174057, 0.3124646464658506, 0.318303030300622, 0.32666666666666666, 0.33096969696969697, 0.33880808080326424, 0.34595959595959597, 0.3491919191846944, 0.3549696969745135, 0.3586060606084689, 0.36270707070466246, 0.36642424242905897, 0.3726262626334874, 0.3768686868735034, 0.3804040403968156, 0.38410101010582665, 0.38955555555796384]
test accuracy when lambda=0.5
[0.3834, 0.3922, 0.3909, 0.3994, 0.4018, 0.4026, 0.4027, 0.4064, 0.404, 0.4078, 0.406, 0.4041, 0.4084, 0.4059, 0.4039, 0.4097, 0.4028, 0.4033, 0.4013, 0.4041, 0.4026, 0.4048, 0.398, 0.4013, 0.4039, 0.396, 0.3997, 0.3983, 0.3962, 0.3953, 0.3965, 0.3952, 0.3922, 0.3936, 0.3947, 0.3909, 0.3932, 0.3892, 0.3853, 0.3926, 0.387, 0.388, 0.3901, 0.3885, 0.3848, 0.3893, 0.3888, 0.3882, 0.388, 0.3837]
training accuracy when lambda=0.6
[0.12567676767917593, 0.1328080808116932, 0.1362828282837314, 0.13814141414141415, 0.14212121212301831, 0.14634343434433744, 0.1476969696969697, 0.15208080808171118, 0.1553333333339354, 0.16026262626322832, 0.16727272727332934, 0.1711111111120142, 0.17854545454665868, 0.1871919191919192, 0.1945858585930834, 0.20686868687109514, 0.21907070707431947, 0.22935353536076017, 0.24187878787637962, 0.25787878788119617, 0.2728888888888889, 0.2878181818205901, 0.29725252524770873, 0.31248484848244024, 0.3254545454557496, 0.33915151515151515, 0.3502626262638304, 0.3618181818157736, 0.3746262626190378, 0.38278787878306225, 0.39650505051950014, 0.40567676767917593, 0.4136767676839925, 0.42234343435788396, 0.42931313131794785, 0.4413535353559436, 0.44521212121693776, 0.45416161617606576, 0.4587676767724933, 0.46135353535594364, 0.4711717171693089, 0.47878787878787876, 0.48638383838624666, 0.48882828282828283, 0.4951313131337214, 0.4991111111038863, 0.5032525252477087, 0.5079393939345774, 0.5155757575902072, 0.5140606060606061]
test accuracy when lambda=0.6
[0.3946, 0.4026, 0.4027, 0.4006, 0.4052, 0.4074, 0.415, 0.4076, 0.4098, 0.4066, 0.4064, 0.4111, 0.4059, 0.4073, 0.408, 0.4013, 0.3986, 0.4008, 0.3969, 0.3952, 0.392, 0.3892, 0.3936, 0.3913, 0.3866, 0.3845, 0.3862, 0.3784, 0.377, 0.3808, 0.3786, 0.3797, 0.3777, 0.377, 0.3792, 0.3816, 0.3798, 0.3762, 0.3777, 0.3752, 0.3731, 0.3722, 0.3755, 0.3774, 0.3782, 0.3799, 0.3749, 0.3686, 0.3744, 0.3741]
training accuracy when lambda=0.7
[0.1241616161628203, 0.13418181818422645, 0.1382828282837314, 0.141878787879992, 0.14270707070887692, 0.1486464646488729, 0.15276767677128916, 0.1586262626268647, 0.16375757575757577, 0.17290909091149917, 0.17925252525312732, 0.19175757575998403, 0.20757575757936997, 0.2220808080844205, 0.24155555556278036, 0.26195959595959595, 0.28052525252284427, 0.30056565656084006, 0.3212525252537294, 0.3414747474723392, 0.3593535353583519, 0.38284848485330136, 0.4012525252597501, 0.41773737373737374, 0.435515151510335, 0.448040404040404, 0.4625252525252525, 0.4797777777922274, 0.48874747476192437, 0.503393939398756, 0.517494949490133, 0.5264040404064487, 0.5339999999927751, 0.54246464645983, 0.550080808071175, 0.5608686868542373, 0.5720202020153855, 0.580989898989899, 0.5840808080832164, 0.592545454540638, 0.5952323232226902, 0.6010303030158535, 0.6094141414141414, 0.6193939393843063, 0.6222222222270387, 0.6262424242376077, 0.6310505050456885, 0.6330909090836843, 0.641010101000468, 0.6433535353535353]
test accuracy when lambda=0.7
[0.3861, 0.3903, 0.4013, 0.406, 0.4138, 0.4132, 0.4055, 0.41, 0.4106, 0.4077, 0.4108, 0.4053, 0.4066, 0.3973, 0.389, 0.389, 0.3839, 0.3806, 0.3713, 0.3678, 0.3668, 0.3689, 0.3634, 0.3566, 0.3587, 0.3557, 0.357, 0.352, 0.3529, 0.352, 0.3436, 0.353, 0.3494, 0.3541, 0.3388, 0.3518, 0.3518, 0.3496, 0.3417, 0.3477, 0.3499, 0.3509, 0.3475, 0.3466, 0.3481, 0.3511, 0.3479, 0.3519, 0.3488, 0.3522]
training accuracy when lambda=0.8
[0.12311111111201421, 0.13292929293290534, 0.13537373737464048, 0.14161616161676369, 0.14545454545544856, 0.15022222222583462, 0.15553535353535353, 0.1640808080844205, 0.17539393939454145, 0.18981818181938595, 0.2064848484860526, 0.22783838383958796, 0.2501010101010101, 0.27315151515874, 0.30086868686868684, 0.3258585858634024, 0.35127272727754383, 0.3728080808080808, 0.40145454545695375, 0.42244444445166923, 0.4442828282876448, 0.46193939394421046, 0.4852525252669749, 0.5035959596031844, 0.5214545454473206, 0.5318989899038065, 0.5520404040331792, 0.5646262626166295, 0.5808888888888889, 0.5901818181770017, 0.6017575757431262, 0.6113333333237002, 0.6233939393939394, 0.6311515151611482, 0.6391919191967357, 0.6498989898941734, 0.6564646464790961, 0.6671515151466986, 0.6687474747474748, 0.6779999999855504, 0.6869292929196599, 0.6917777777777778, 0.6971515151515152, 0.7067070707022541, 0.7070909090909091, 0.7113939393794898, 0.7188686868614621, 0.7220808080952577, 0.7232727272679107, 0.7292929292929293]
test accuracy when lambda=0.8
[0.3691, 0.3934, 0.4008, 0.4056, 0.4189, 0.4123, 0.4097, 0.4149, 0.4085, 0.4074, 0.3964, 0.3795, 0.3726, 0.3776, 0.3572, 0.3562, 0.3384, 0.3402, 0.3293, 0.335, 0.3224, 0.3324, 0.3238, 0.3128, 0.3248, 0.3196, 0.3205, 0.3162, 0.3093, 0.3084, 0.3165, 0.3161, 0.3156, 0.3095, 0.3156, 0.3051, 0.316, 0.3118, 0.3142, 0.3163, 0.3179, 0.3122, 0.3085, 0.3249, 0.3162, 0.3085, 0.3179, 0.32, 0.3111, 0.3182]
