[array([29667, 37329, 13554,  2002, 33520,  3825, 47121, 21786, 23827,
       26648, 41642, 11934, 32764, 36177, 36182, 38211, 47396,  4629,
        5660, 43354, 22046, 22029, 22010, 15409,  3877, 28189, 13508,
       39280, 23674, 18265, 45081, 13519,  2652, 32697, 26741, 35460,
        9559,  8701,  5350, 26443, 28587, 40978, 46675, 24139, 42746,
       32872, 21489, 32879, 16208, 12057, 15105, 39614, 24245, 15102,
       21539,  2338,  5707,  5338, 15439, 26558, 40084, 18978, 46324,
        6684, 28500, 19771, 26516,  7740, 31915, 37224, 36230, 38262,
       21557, 16251, 29957, 18856, 43625, 28082, 11637, 33740, 27294,
       35702,  2249, 18191, 16718, 11652, 37848, 44064,  7950, 47314,
        4049, 47354, 19311, 41807, 32461, 40254, 27338, 22775, 27452,
       40272, 39687, 22714,   377, 16787, 27406, 33697, 13294,  2385,
       13210, 30208, 35856, 22606,  5542, 16937, 13054, 22447, 22146,
       37462, 45809, 22143, 15383, 26975, 22131, 32095, 15239, 30446,
       22087, 45581,  2595, 22077,  6623, 19180, 32559, 16558, 18096,
       22408, 34192,  2491,  7832, 23308, 44685, 27907, 37404,  8628,
       35584, 40368,  4445,  8471,  2139, 35576,  4455, 41702, 15507,
        7903, 42222, 36887, 43530, 39763,  3435, 15753, 13946, 24802,
       33364,  2992, 29046, 44841, 46739, 31033,  7190, 24733, 46155,
       36434, 35153, 33054, 12232, 17751,  5267, 38457,  8783, 21104,
       26040, 21022, 46000, 44508, 17663,   967, 36554, 12543,  1597,
       34842, 41455, 25027, 46793,  3121, 18566, 42839, 25002, 25855,
        1655, 15051, 25758, 14698, 46795, 20770, 25233, 46053,  9361,
       14962, 42060, 41184, 18645, 44365, 38697, 34324, 38804, 24503,
       26191, 25478,  4811,  1823,  8078, 43912, 37034, 33267,  8758,
       45243, 34780, 34407,     7, 12402, 12118, 26277, 30974, 18326,
       41402, 38881, 34773, 46135, 10038, 46849, 16036,  8331, 36343,
       38718,  2909,  1502,  5183,  1808, 10921,  7667, 33409, 13873,
       21235,  8315, 12390, 17872,  1302, 29542, 22544, 14131, 22719,
        7529, 22286, 29344, 27863, 42544, 43194,  2194,   713, 22333,
        6429,  4281, 13267, 29436,  4361, 10683, 10478,  4327, 17915,
       20289, 29385,  5122, 17923,   804,  5474, 44242, 22494,  2224,
       11458, 22655, 20382, 40256, 20215, 27757, 27734, 46698, 29275,
       42807,  7655, 13646, 14240, 28919, 46646, 45424, 35365, 21658,
        4655, 10932, 42729, 21218,  1799, 42811, 14243,  7729, 31801,
        1901, 18014, 29910, 17358, 11016, 13719, 10040, 28705, 47237,
       31817,  8753, 33911, 29955,   778, 43276, 28968, 15048, 44898,
       27983, 42843,  2138, 14017, 22166, 14190, 34836, 38011, 29756,
       39928, 33812, 45184, 20826, 13739, 38049,  6222, 35457,  4906,
       21904, 29760, 10882, 16998, 29099, 32014, 28187,  5400, 38534,
       28134, 43710, 13962, 29931, 32058, 32873, 11968, 37206, 26479,
        5940,  8384, 35812, 33464, 16347,   168, 43896, 30685, 36290,
       16121,  2838, 16119, 12134,  1071, 12154,  3785, 16361,  6597,
       19173, 40890,  8450, 37412, 36065, 26856, 37275, 33559, 37387,
       19114, 37376, 30528,  6653, 26713, 37316, 11841, 39428, 33415,
       32987, 10177, 12360, 42115,  5854, 12467, 25569, 15760, 33179,
       42136,  6915,  9377, 25298, 36670, 25370,  8230, 15667, 36600,
       25067, 36795, 40808, 44586, 36375, 18348, 24651, 14634, 30827,
       15951, 46027, 44380, 12270, 24827,  6834, 25870, 36482,  3423,
       25825, 36840, 41286,   834,  5506, 34181, 33621, 46412, 42434,
       41288, 44689, 30339, 30219, 11698, 46972, 34598,  4142, 34608,
       14460, 27357, 40914,  2444, 32471, 13082,  9643, 42239, 29040,
       23128, 30843,  2424, 40919, 36892, 18363, 32254,  9041, 44216,
       42018, 24516, 20160, 14610, 10864, 44932, 30270, 20798, 29155,
        6201, 10846, 31668, 39596, 43222, 28892, 27682, 12670, 17520,
       31732, 36393, 46234, 31724, 28923, 10901, 17540,  9125,  3552,
       24603, 30813, 27689, 31718, 12650, 25797,  9921, 45987, 38499,
       20086, 34819, 37002, 41745, 22558, 32547,  3377, 24938,  6151,
       45128, 34619, 43195, 42137, 34033, 31451, 30212, 37758, 44373,
       20246, 42144, 25281, 29497,  3165,   921,  8236, 38785,  9162,
       20298, 14164, 16815, 37743, 14757, 20270,   806, 25333,  6969,
       40735, 27576, 24970,  1646,  3971,  5896, 29251,  8158, 27372,
       37819, 29273, 14391,  5055, 20628,  5230,  7181,  7413,  2374,
       27594, 35003,  3128, 20559, 20543, 20541, 41762, 39887, 36706,
        7186, 34011, 39982, 23150, 21238, 47281, 35424, 21814, 35625,
       12949, 17129, 11932, 23885, 43645,  9745, 19691, 15217,  4630,
        1346,  4640, 40476, 11109, 16665, 26542, 35360, 32810, 26514,
       18939, 45514, 17136, 14541, 11884,  6647, 46396, 44680, 41885,
        8460,  6413,  8473, 22105, 17035, 39052, 41699, 12985, 16618,
       41895, 23580, 35532,  5623, 14875, 46597,   250,  8981, 40211,
        4008, 40159, 11223, 21946, 40502, 27847,  1115, 21453, 42462,
       28653, 21474, 42324, 47246, 21594, 19993, 47154, 28687, 26389,
       16168, 21486,   759, 18838, 31828, 24311, 30697, 33752,  5983,
       16712,  2859,  9519, 15303, 19577, 15361,  8948,  7898, 13690,
       47112,  1080, 35647, 38921, 24100, 40227, 14571,  6304, 35311,
       12842, 18472, 20068, 46977, 10363,  5986,  1159, 30948, 18471,
       30888, 39710,   721, 14486, 10160, 31461, 34386, 34658, 18810,
        5430, 18189, 14844,   869, 14814, 45054, 20200, 41158, 34719,
        5327, 31266, 44908, 20239,   737, 20011, 42979, 39327, 14447,
       29700, 31145, 41211, 30198, 41148,  5955, 34445,  3192, 11657,
       47172, 32425, 46447, 13118, 27310, 43917, 42489, 22934, 27383,
       37719, 42516, 45984, 22815,  7904, 27461, 13278, 42558, 24594,
        6471, 26033, 33741, 26016, 46014, 24101,  4355, 22400, 46559,
       44765,  4479, 23205,  9484, 27218,  8490, 36268, 24075,  7018,
       16279, 37237, 32803, 44632, 23898, 40474, 26697,  2675, 42381,
       32880, 26791, 23673, 16178, 26854, 33440, 45831, 42414, 40396,
       32562, 36313, 37485, 41983, 35977, 27109, 27161, 15540,  4039,
       44976, 12633, 40677, 21330, 13803, 12361, 28133,   595, 10899,
       29033, 10871, 31677,  8817, 20715, 45346,  3258,   652, 29260,
       10810,  5059, 29628, 46841, 44251, 41418, 34950, 25446, 25585,
       38699,  8854, 36653, 38680, 39883, 31594, 15702,  5133, 43732,
       12014, 13706, 28427, 35346, 13664, 43432, 35318, 17150, 45491,
       25707, 41639,  6962, 13720,  6867, 31854, 42778, 25633, 41594,
       40002, 25741, 36498, 39383,  2959, 45915, 12282, 46030, 46029,
        3393,  3060,  5790, 30834, 43064, 18851, 24161, 25506, 25615,
       12077, 12793,  2828, 34338, 14576, 36709,  3618, 42262, 25076,
       30729, 30895, 36618, 18484, 44258,  8045, 22102, 13498, 39012,
       30030, 30022,  4577, 13612, 19880,  1975, 21548, 28659,  7716,
       43657, 41587, 28754, 28774, 13827, 35182, 20949, 10636, 38816,
       38660, 29391, 34960, 38800, 28025, 22493, 13338, 30141, 11972,
       46352, 23698, 23672, 42391, 19128, 12978, 39265, 36025,  7989,
       30383, 23381, 36257, 23368, 27170, 35907, 30285, 22990, 22855,
       22817,  2289, 27678, 43809, 27709, 37846, 45161, 41870, 30986,
        9395, 17772,  9860,  6027, 14782, 16429,  9578,    34,  6953,
       15434,  9558,  9840, 15782, 43367, 33470, 44515, 39943,  6732,
       33455, 33960, 31806, 43274, 33930, 31118,  9817,  6282, 32536,
       39591, 31520, 32500,   411, 40312, 17685, 16888, 30424,  3602,
        2019, 44598, 38467, 21833, 12082, 18229, 24273,  4004, 16060,
        7907,  2379, 31499, 34597,  4156, 17098, 10117,  6729,  7233,
       28983, 12735, 21819, 36256, 25921,  6127, 36913, 45531, 39369,
       20435, 18914,  8308, 22678, 18988, 10912, 24640, 16027, 20527,
       19055]), array([37848, 37329, 42746, 14698, 41158,   168, 29931, 10921, 13554,
       33697,  8628, 36290, 38049, 22029, 18978,  5474, 44841, 44380,
       29910,  7740,  8783, 37376, 37387,  4049, 37404, 28189, 34407,
       39763,  2194, 16361, 47121, 27907, 27109, 35702, 18856, 16119,
       16121, 42222, 11698, 40368, 10882,  2992, 19577, 36554, 32764,
       36182, 22146, 22143, 21104,  8230, 34598, 16251, 13082, 14240,
       29957, 44064, 38262, 16036, 17663, 47314, 11637, 25758,  7190,
       34192, 46053, 33621, 21786, 46324, 30974, 32879, 42136, 46849,
       46795, 40890, 35576,  8078, 40914, 23308, 32095, 21658, 35153,
       13739,  5707, 24516, 19180, 12232, 13690, 36434, 43625,  5506,
       16718, 46793, 30697,  2491, 25478, 22714, 21474, 41184, 29046,
       12154, 36375, 44365, 44685,  5542, 41455, 40084, 28500, 21489,
       16937, 26741, 25855, 23381, 28587, 37462, 22775, 20770,  1597,
       36177, 28082, 12057, 15507, 46675,  8758, 43222, 18645,  4281,
       45081, 35360, 13873, 20160, 33179, 23674, 43912, 18191, 46135,
       33364, 26443, 12118, 23580,  6623,  3435, 44598, 18265, 25027,
        7832, 36892, 27452, 22408, 12402, 15383, 45581, 35812,  6429,
        7950, 18566, 30208,  1071, 15409, 38697, 23827, 18326,  2838,
       13962,  5267,  8753, 11934,  3121, 40808, 41745, 28653, 46155,
       46739,     7,  7729,  2909, 10864, 43530,  1823, 38457, 28919,
       32461, 32697,  5183, 26648, 24139, 41807, 42558, 26975,  5338,
       20086, 24075, 15239, 26516, 10683, 38881,  7667, 10038, 29344,
       15753, 24802, 41402,  1808, 35856, 18014,  4327, 39280, 14017,
        3825, 21557, 21539, 45243,  4906, 24970, 29385,  9361, 18348,
       21022, 41702, 32471, 40254, 39614, 25569, 25002, 28427, 36600,
       46646, 12014, 31817, 18096,  3877, 29542, 24733, 17872,   377,
        8236, 40159, 30729,  5350,  2249, 42807, 25298,  5055, 33415,
       13210, 37206, 33409, 14190, 36670, 14243, 42811,  5122,  2338,
       24651, 30685, 36887, 39440, 21235, 41699, 44508,  2139, 35365,
       43194,  3165, 36840, 29436, 17751, 24827,  5059, 25370, 11458,
       11016, 20382, 22855,  1799, 15760,  4479,  1080, 43276, 12467,
       43354, 10846, 43710, 19993,  6201, 45809, 10040, 30446, 20628,
        6684, 28134, 13508, 16208, 22131, 22105, 38211, 14757, 40677,
       22087, 16347, 29955, 28968,  4629, 27357,  4455, 43917,  8450,
       41642,  3423,  1655,  4355, 15105, 22447, 15217,  4361, 30339,
       28774,  6471, 28705, 20298, 11841, 42434,   713, 22558, 31915,
       22333,  6597, 38680, 28687, 31668, 32559, 34773, 27406, 34780,
        7903, 31594, 34619, 22400,  4640, 13519,  1901,   595, 16787,
        8471, 21904,   804, 36230,  5854, 23128, 47154, 46000, 46597,
       25825,  8315,  4142, 32872, 20826, 44216, 46014, 29099, 47354,
       32880, 37743, 36498, 24503, 44242, 42489, 17136, 35625, 14610,
       18363,   967, 28187, 24245, 36343, 47396, 26697, 32803, 16558,
       44680,  4811, 36313, 13267, 36065, 39928, 13278,  7907,  2828,
       19771,  9643, 22494, 19311, 19173, 20715, 36482, 23673, 35460,
       39596, 24938, 30948,  3060, 46698, 18939, 31033, 27161, 44932,
       13646, 29040, 40978, 33464, 12949, 20068, 24100, 24782, 44632,
       39687, 24311,  2444, 39710, 34181, 28659, 35647, 31008,  9559,
        1302, 18838, 27372, 20541, 18851, 33740, 33930, 28482,  2424,
       33520, 36795, 31801, 41211, 12650, 40272, 10760, 32577, 31724,
       14391, 25633, 35185,  8490,  5660, 43064, 29667, 22606, 15048,
       42115, 29628, 21486,  6413, 15439, 39327, 37412, 46972, 33054,
        8701, 38718, 15051, 26389,   250, 41148, 46559, 22815,  6151,
       16168, 22655,  6732, 34906, 15951,  6027,  6222, 46412, 46570,
       12543, 32810, 10848,  5940, 14634, 16712, 21946, 16815, 35003,
       45424, 46396, 27678, 25870, 42239, 29813,  1975, 32873, 42137,
       25333, 22166, 27689, 14164, 15102, 26479, 25067,  5327, 25233,
       34658, 21218, 40227, 37034, 37224, 12390, 30827, 15361,  1159,
        2367, 37275, 42381, 17915, 17923, 42060, 38804,  5400, 40396,
        6282, 38534, 13369,  5430, 22719, 32425, 22102, 19433, 18471,
        3552, 16998,  3971, 14541, 40211, 47237, 10363, 13664, 21238,
        6647, 14718,  3618, 45984, 12804, 18472, 27294, 30270,  5983,
       36268,  8158, 40002, 27338,  2675, 18496, 34836, 44586, 35424,
       12270,   778, 33812, 10932, 16665, 16389, 27983,  8331, 47246,
       14460, 25741, 12423, 38785,  9745, 47281, 27310, 33911, 38921,
       23672, 44908,  6915, 26856, 24603, 44689, 10177, 20270,  1502,
        2138, 43195, 37002, 39369,  4039,    34,  6953, 21594,  9558,
       22167, 12360, 23368, 10901,  7655,  9484,  4630, 47172, 13719,
       35584,  2002, 16178, 11932, 26791, 26033,  7421,  7529, 35346,
       31828, 20215, 33559, 34011, 35532,  9817, 31732, 20527, 39982,
       43896, 24161, 13498, 41880, 20289, 41899,  1040, 32536, 27514,
       15540, 20239, 42462, 23885, 38467, 15682, 35977, 30141, 32014,
       26191,  1646, 14962, 24101, 26558,  2385, 42544, 44258, 44373,
       25446,  9377, 24640, 42414, 13803,   921, 37485, 31451, 19114,
       13775,  2019, 26016, 29155, 25707, 11109, 41233, 29260,  2224,
       27682,  3980, 33267,  9921, 11280, 12786, 13946, 31806, 42843,
        8948, 27709, 24783, 46234,  6969, 29275, 35457, 46858, 19093,
       21814, 26713, 40502, 31520, 30528, 11644, 22010,  2595, 45987,
       45128,  2652, 37819, 40338, 34960, 31718, 42516, 13706, 44217,
       41288, 29760, 16220, 30022,  1115, 45184, 14486, 22817, 12978,
       44898, 40476, 12793, 22046, 35318, 45514, 21453, 34608, 12873,
       41762,  9860,  1029, 34761,   806,  7904, 45346, 22286,  3785,
       45831, 20543,   759, 34392, 27576, 45571, 28754,  6867, 25615,
       42778, 14376, 37316, 37237, 32223, 18189, 39428, 30804, 29394,
        5712, 29391,  5230,  9519, 18484, 18810, 30888, 19232, 30965,
       27218, 13720, 32058, 36393,  7030, 17035, 29756, 29772, 15154,
       26542, 30223, 30212, 26378, 38660, 15033, 26277, 43732, 38499,
       10868, 26040, 14814, 39052, 16279,  6729,  5986, 38011, 16643,
       43645, 37916,  8473, 14571, 10941, 25797, 24281, 42906, 32227,
       20246, 44976, 35907, 40735, 45910, 28923,  8854, 28983, 23898,
       36025, 45915, 11652, 33752, 20200, 29294,   869, 29700, 17150,
       32562, 42729,  9220, 44251,  4008, 46914, 36913, 42839, 10899,
       42018,  2959,  3258, 35182, 14131, 23552, 12144, 39012,  8981,
       12134, 34842, 10810, 17571, 46447, 26854, 23546,  2859, 25187,
        2289, 25122, 34324, 15667,  5609,  5623, 35978, 12842,  8384,
       30198, 46841,  3393, 43416, 23343, 19436,  9041, 46027, 37758,
        7186, 28863, 22077, 35924, 13693, 44124, 19372, 38816,  9685,
       26514, 45161, 15316, 41594, 41983, 14782,  5955, 30219,  7898,
       35864,  9578, 30895, 11884, 14569, 24594,   834, 19084, 32814,
       32339, 46050, 16852, 13612, 46401, 32987,  8270, 23665, 25921,
        9395, 10117, 41286,  6834, 39887, 16060, 16618, 34445, 44327,
        7567, 25585, 35737,  4285, 14576, 45663, 46352,  6081, 22137,
       38364, 17098, 43245, 23150,  5133, 18637, 31677, 29273, 23205,
       38699, 32547, 29251, 36653, 28511,  3456, 12389, 45875, 34719,
        7413, 15303, 38800,  7187,  4139, 20798, 41587, 23698, 12361,
       13054, 11968,  9840, 32525, 14030,  6753,  2379, 17807,  6219,
       27734, 13118, 34386, 39383, 11223, 21330,  3128, 25076,  7018,
         407, 23556, 11297, 15554,  2374, 20011, 30813, 38594,  7716,
       30285,  9162, 40474,  7348, 38157,  6653,  8817,  6304, 43858,
       41639, 30142, 43095, 22544, 14778,  6641, 43135,  4655, 42324,
       12739, 18132, 12077, 11272, 43657, 41885, 10478,  4509,  2378,
       39816, 43274, 36706, 39943, 33440, 39595, 20949,  9631, 20928,
       46029]), array([    7,    34,   168,   250,   377,   407,   595,   713,   759,
         804,   834,   869,   921,   967,  1029,  1040,  1071,  1080,
        1115,  1159,  1302,  1408,  1502,  1597,  1646,  1655,  1799,
        1808,  1823,  1901,  1975,  2002,  2019,  2138,  2139,  2194,
        2224,  2249,  2338,  2367,  2385,  2424,  2444,  2491,  2595,
        2652,  2669,  2675,  2828,  2838,  2859,  2909,  2959,  2992,
        3060,  3121,  3128,  3165,  3204,  3393,  3423,  3435,  3456,
        3552,  3618,  3785,  3825,  3877,  3971,  3980,  4008,  4039,
        4049,  4142,  4281,  4327,  4355,  4361,  4455,  4479,  4509,
        4629,  4630,  4640,  4779,  4811,  4906,  5055,  5059,  5122,
        5133,  5183,  5230,  5267,  5327,  5338,  5350,  5400,  5430,
        5472,  5474,  5506,  5542,  5623,  5660,  5707,  5712,  5790,
        5854,  5896,  5940,  5983,  5986,  6027,  6096,  6151,  6201,
        6219,  6222,  6249,  6282,  6304,  6413,  6429,  6471,  6597,
        6623,  6647,  6684,  6729,  6732,  6867,  6953,  6969,  7018,
        7186,  7190,  7413,  7421,  7529,  7567,  7591,  7655,  7667,
        7729,  7740,  7832,  7903,  7904,  7907,  7950,  8045,  8078,
        8158,  8230,  8236,  8270,  8315,  8331,  8384,  8450,  8471,
        8490,  8628,  8701,  8753,  8758,  8764,  8783,  8817,  8854,
        8948,  8981,  8988,  9041,  9220,  9361,  9395,  9484,  9519,
        9559,  9578,  9631,  9643,  9685,  9745,  9817,  9860,  9921,
       10038, 10040, 10117, 10177, 10363, 10683, 10760, 10810, 10846,
       10848, 10864, 10868, 10882, 10899, 10901, 10912, 10921, 10932,
       11016, 11109, 11280, 11297, 11458, 11517, 11637, 11644, 11698,
       11841, 11873, 11884, 11932, 11934, 12014, 12057, 12082, 12118,
       12134, 12144, 12154, 12232, 12270, 12360, 12361, 12389, 12390,
       12402, 12423, 12467, 12543, 12650, 12739, 12786, 12793, 12804,
       12842, 12873, 12949, 12978, 12985, 13054, 13082, 13210, 13214,
       13267, 13278, 13369, 13498, 13508, 13519, 13554, 13646, 13690,
       13693, 13706, 13719, 13720, 13739, 13775, 13803, 13873, 13962,
       14017, 14164, 14190, 14195, 14240, 14243, 14376, 14391, 14447,
       14460, 14486, 14541, 14571, 14610, 14634, 14698, 14718, 14757,
       14782, 14814, 14844, 14962, 15033, 15048, 15051, 15102, 15105,
       15154, 15188, 15217, 15239, 15249, 15303, 15316, 15361, 15383,
       15409, 15439, 15507, 15540, 15667, 15682, 15753, 15760, 15951,
       16036, 16060, 16119, 16121, 16168, 16178, 16208, 16251, 16279,
       16347, 16361, 16389, 16558, 16618, 16665, 16712, 16718, 16787,
       16815, 16852, 16937, 16998, 17035, 17136, 17358, 17520, 17571,
       17606, 17663, 17751, 17807, 17872, 17915, 17923, 18014, 18096,
       18132, 18189, 18191, 18265, 18326, 18348, 18363, 18471, 18472,
       18484, 18496, 18566, 18645, 18810, 18838, 18851, 18856, 18939,
       18978, 19084, 19093, 19114, 19173, 19180, 19232, 19311, 19372,
       19433, 19436, 19577, 19691, 19771, 19993, 20011, 20068, 20085,
       20086, 20160, 20200, 20215, 20239, 20246, 20270, 20298, 20305,
       20382, 20527, 20541, 20543, 20628, 20715, 20770, 20826, 20928,
       20949, 21022, 21104, 21218, 21235, 21238, 21453, 21474, 21486,
       21489, 21539, 21557, 21594, 21639, 21658, 21786, 21814, 21904,
       21946, 21985, 22010, 22029, 22046, 22077, 22087, 22102, 22105,
       22131, 22137, 22143, 22146, 22166, 22167, 22286, 22333, 22400,
       22408, 22447, 22493, 22494, 22544, 22558, 22606, 22655, 22714,
       22719, 22775, 22815, 22817, 22855, 22889, 23128, 23308, 23343,
       23368, 23381, 23546, 23552, 23580, 23672, 23673, 23674, 23697,
       23698, 23827, 23885, 24075, 24100, 24101, 24139, 24161, 24245,
       24281, 24311, 24332, 24503, 24516, 24594, 24603, 24640, 24651,
       24733, 24782, 24802, 24827, 24938, 24970, 25002, 25027, 25067,
       25122, 25129, 25233, 25281, 25298, 25333, 25370, 25392, 25446,
       25478, 25569, 25615, 25633, 25707, 25741, 25758, 25797, 25825,
       25855, 25870, 25921, 26033, 26040, 26191, 26277, 26378, 26389,
       26443, 26479, 26516, 26542, 26558, 26648, 26697, 26713, 26741,
       26791, 26854, 26856, 26975, 27109, 27161, 27218, 27294, 27310,
       27338, 27357, 27372, 27406, 27452, 27514, 27576, 27678, 27682,
       27689, 27709, 27734, 27863, 27907, 27949, 27983, 28082, 28134,
       28187, 28189, 28427, 28482, 28500, 28511, 28587, 28653, 28659,
       28687, 28705, 28754, 28774, 28863, 28892, 28919, 28923, 28968,
       28983, 29033, 29040, 29046, 29099, 29155, 29251, 29260, 29273,
       29275, 29294, 29344, 29385, 29391, 29394, 29436, 29542, 29628,
       29667, 29756, 29760, 29813, 29910, 29931, 29955, 29957, 30022,
       30141, 30198, 30208, 30219, 30339, 30383, 30446, 30528, 30685,
       30697, 30729, 30804, 30813, 30827, 30843, 30895, 30948, 30965,
       30974, 31008, 31033, 31143, 31451, 31495, 31520, 31594, 31668,
       31718, 31724, 31732, 31801, 31806, 31817, 31828, 31854, 31915,
       32014, 32095, 32221, 32223, 32227, 32425, 32461, 32471, 32536,
       32547, 32559, 32577, 32697, 32764, 32803, 32810, 32814, 32872,
       32873, 32879, 32880, 32987, 33054, 33179, 33267, 33364, 33409,
       33415, 33464, 33520, 33559, 33621, 33697, 33740, 33741, 33752,
       33812, 33911, 33930, 34011, 34181, 34192, 34407, 34468, 34598,
       34608, 34619, 34658, 34719, 34761, 34773, 34780, 34836, 34842,
       34906, 34950, 34960, 35003, 35153, 35182, 35185, 35318, 35346,
       35360, 35365, 35424, 35457, 35460, 35532, 35576, 35584, 35625,
       35647, 35702, 35737, 35812, 35856, 35907, 35937, 35977, 35978,
       36025, 36177, 36182, 36230, 36268, 36290, 36313, 36343, 36363,
       36375, 36393, 36434, 36482, 36498, 36554, 36600, 36670, 36706,
       36795, 36840, 36887, 36892, 37002, 37034, 37206, 37224, 37275,
       37316, 37329, 37376, 37387, 37404, 37410, 37412, 37462, 37485,
       37743, 37819, 37848, 37916, 38011, 38049, 38157, 38211, 38262,
       38364, 38457, 38467, 38499, 38534, 38594, 38660, 38680, 38697,
       38718, 38785, 38800, 38804, 38805, 38816, 38881, 38921, 39012,
       39052, 39280, 39327, 39369, 39383, 39428, 39440, 39591, 39596,
       39614, 39687, 39710, 39725, 39763, 39816, 39928, 39982, 40002,
       40084, 40159, 40211, 40227, 40254, 40272, 40338, 40368, 40396,
       40476, 40502, 40677, 40735, 40808, 40890, 40914, 40978, 41148,
       41158, 41184, 41211, 41233, 41288, 41402, 41455, 41642, 41699,
       41702, 41745, 41807, 41870, 41880, 41899, 42060, 42115, 42136,
       42137, 42222, 42239, 42324, 42381, 42434, 42489, 42516, 42558,
       42729, 42746, 42778, 42807, 42811, 42843, 42906, 43064, 43095,
       43135, 43194, 43195, 43222, 43245, 43274, 43276, 43354, 43416,
       43432, 43530, 43625, 43630, 43710, 43732, 43858, 43896, 43912,
       43917, 44064, 44124, 44216, 44217, 44242, 44251, 44258, 44327,
       44365, 44373, 44380, 44508, 44586, 44598, 44632, 44680, 44685,
       44689, 44765, 44841, 44898, 44908, 44932, 44976, 45081, 45128,
       45161, 45184, 45243, 45346, 45424, 45514, 45571, 45581, 45809,
       45831, 45856, 45910, 45915, 45922, 45984, 45987, 46000, 46014,
       46027, 46029, 46050, 46053, 46135, 46155, 46318, 46324, 46352,
       46396, 46412, 46447, 46570, 46597, 46646, 46675, 46698, 46739,
       46793, 46795, 46841, 46849, 46858, 46972, 46977, 47121, 47154,
       47162, 47172, 47237, 47246, 47281, 47314, 47354, 47396]), array([    7,   168,   250,   377,   407,   595,   713,   804,   834,
         921,   967,  1029,  1040,  1071,  1080,  1115,  1159,  1302,
        1502,  1597,  1646,  1655,  1799,  1808,  1823,  1901,  1975,
        2002,  2019,  2138,  2139,  2194,  2224,  2249,  2289,  2338,
        2367,  2385,  2424,  2444,  2491,  2669,  2675,  2828,  2838,
        2859,  2909,  2992,  3060,  3121,  3165,  3423,  3435,  3451,
        3456,  3474,  3552,  3618,  3785,  3825,  3876,  3877,  3971,
        3980,  4008,  4039,  4049,  4142,  4281,  4327,  4355,  4361,
        4455,  4479,  4509,  4629,  4630,  4640,  4811,  4906,  5055,
        5059,  5122,  5183,  5230,  5267,  5273,  5327,  5338,  5350,
        5400,  5430,  5472,  5474,  5506,  5542,  5660,  5707,  5712,
        5790,  5854,  5940,  5983,  6027,  6096,  6151,  6201,  6222,
        6249,  6282,  6304,  6413,  6429,  6471,  6597,  6623,  6647,
        6684,  6729,  6753,  6953,  6969,  7030,  7186,  7190,  7413,
        7421,  7529,  7567,  7591,  7655,  7667,  7729,  7740,  7832,
        7903,  7904,  7907,  7950,  8045,  8078,  8158,  8230,  8236,
        8270,  8280,  8315,  8331,  8384,  8450,  8471,  8490,  8628,
        8701,  8753,  8758,  8764,  8783,  8817,  8854,  8948,  8981,
        9041,  9361,  9395,  9484,  9519,  9578,  9631,  9643,  9685,
        9745,  9860,  9921, 10038, 10040, 10177, 10363, 10478, 10683,
       10760, 10810, 10846, 10848, 10864, 10868, 10882, 10901, 10912,
       10921, 11016, 11223, 11280, 11297, 11458, 11517, 11637, 11644,
       11698, 11841, 11884, 11932, 11934, 11968, 12014, 12057, 12118,
       12134, 12154, 12232, 12270, 12360, 12361, 12389, 12390, 12402,
       12423, 12467, 12543, 12650, 12793, 12842, 12949, 12978, 13082,
       13210, 13214, 13267, 13278, 13369, 13498, 13508, 13519, 13554,
       13646, 13690, 13693, 13706, 13719, 13739, 13775, 13803, 13873,
       13946, 13962, 14017, 14164, 14190, 14240, 14243, 14391, 14447,
       14460, 14486, 14541, 14569, 14571, 14610, 14634, 14698, 14718,
       14757, 14778, 14814, 15033, 15048, 15051, 15102, 15105, 15188,
       15217, 15239, 15303, 15361, 15383, 15409, 15439, 15507, 15540,
       15667, 15682, 15753, 15760, 15951, 16036, 16060, 16119, 16121,
       16168, 16178, 16208, 16251, 16347, 16361, 16389, 16558, 16665,
       16712, 16718, 16787, 16815, 16852, 16937, 16998, 17035, 17136,
       17571, 17606, 17663, 17751, 17807, 17872, 17915, 17923, 18014,
       18096, 18132, 18189, 18191, 18265, 18326, 18348, 18363, 18471,
       18472, 18484, 18496, 18566, 18645, 18733, 18810, 18838, 18851,
       18856, 18939, 18978, 19084, 19093, 19114, 19173, 19180, 19232,
       19311, 19372, 19433, 19436, 19577, 19993, 20011, 20068, 20085,
       20086, 20160, 20215, 20239, 20246, 20270, 20298, 20382, 20541,
       20543, 20599, 20628, 20715, 20770, 20826, 20928, 21022, 21104,
       21218, 21235, 21238, 21474, 21486, 21489, 21539, 21557, 21594,
       21639, 21658, 21786, 21814, 21904, 21946, 21985, 22029, 22046,
       22077, 22087, 22102, 22105, 22131, 22143, 22146, 22166, 22167,
       22328, 22333, 22400, 22408, 22447, 22494, 22544, 22558, 22655,
       22714, 22719, 22775, 22815, 22817, 22855, 23128, 23308, 23343,
       23368, 23381, 23552, 23580, 23672, 23673, 23674, 23697, 23698,
       23827, 23885, 24075, 24100, 24101, 24139, 24161, 24245, 24281,
       24311, 24332, 24503, 24516, 24594, 24603, 24640, 24651, 24733,
       24782, 24802, 24827, 24938, 24970, 25002, 25027, 25067, 25122,
       25187, 25233, 25298, 25333, 25370, 25392, 25446, 25478, 25555,
       25569, 25615, 25633, 25707, 25741, 25758, 25797, 25825, 25855,
       25870, 25921, 26277, 26378, 26389, 26443, 26479, 26516, 26542,
       26648, 26697, 26713, 26741, 26746, 26791, 26854, 26856, 26975,
       27109, 27161, 27218, 27294, 27310, 27338, 27357, 27372, 27406,
       27452, 27514, 27678, 27689, 27863, 27907, 27983, 28082, 28134,
       28187, 28189, 28427, 28482, 28500, 28511, 28587, 28653, 28659,
       28687, 28705, 28754, 28774, 28863, 28892, 28919, 28968, 29033,
       29040, 29046, 29099, 29251, 29275, 29294, 29344, 29385, 29391,
       29394, 29436, 29542, 29628, 29667, 29756, 29910, 29931, 29955,
       29957, 30022, 30141, 30208, 30219, 30339, 30446, 30528, 30685,
       30697, 30729, 30804, 30813, 30827, 30948, 30965, 30974, 31008,
       31033, 31451, 31495, 31520, 31594, 31668, 31718, 31724, 31732,
       31817, 31828, 31854, 31915, 32014, 32095, 32339, 32425, 32461,
       32471, 32536, 32547, 32559, 32577, 32697, 32764, 32803, 32810,
       32814, 32872, 32873, 32879, 32880, 32987, 33179, 33364, 33409,
       33415, 33464, 33520, 33559, 33621, 33697, 33740, 33741, 33752,
       33911, 33930, 34011, 34181, 34192, 34392, 34407, 34468, 34598,
       34619, 34773, 34780, 34836, 34842, 34906, 35003, 35153, 35185,
       35346, 35360, 35365, 35424, 35460, 35532, 35576, 35584, 35625,
       35647, 35702, 35737, 35766, 35812, 35856, 35864, 35907, 35924,
       35977, 35978, 36025, 36065, 36177, 36182, 36230, 36257, 36268,
       36290, 36313, 36343, 36363, 36375, 36393, 36434, 36482, 36498,
       36554, 36600, 36670, 36706, 36795, 36840, 36887, 36892, 37002,
       37034, 37206, 37224, 37237, 37275, 37316, 37329, 37376, 37387,
       37404, 37412, 37462, 37485, 37743, 37819, 37848, 38011, 38049,
       38157, 38211, 38262, 38364, 38457, 38467, 38534, 38594, 38660,
       38680, 38697, 38718, 38785, 38800, 38804, 38881, 38921, 39012,
       39052, 39280, 39327, 39369, 39428, 39440, 39596, 39614, 39687,
       39710, 39763, 39816, 39928, 39982, 40084, 40159, 40227, 40254,
       40272, 40338, 40368, 40396, 40476, 40502, 40677, 40730, 40735,
       40808, 40890, 40914, 40978, 41148, 41158, 41184, 41211, 41233,
       41288, 41402, 41455, 41642, 41699, 41702, 41745, 41807, 41899,
       42018, 42060, 42115, 42136, 42137, 42222, 42239, 42324, 42381,
       42414, 42434, 42462, 42489, 42516, 42558, 42729, 42746, 42778,
       42807, 42811, 42843, 42906, 43064, 43095, 43135, 43194, 43195,
       43222, 43245, 43276, 43354, 43416, 43530, 43625, 43710, 43732,
       43896, 43912, 43917, 44064, 44124, 44216, 44217, 44242, 44251,
       44258, 44365, 44380, 44508, 44586, 44598, 44632, 44680, 44685,
       44689, 44765, 44841, 44898, 44908, 44932, 44976, 45081, 45128,
       45161, 45184, 45243, 45346, 45424, 45514, 45571, 45581, 45809,
       45915, 45984, 45987, 46000, 46014, 46027, 46029, 46050, 46053,
       46135, 46155, 46318, 46324, 46352, 46396, 46412, 46447, 46559,
       46597, 46646, 46675, 46698, 46739, 46793, 46795, 46849, 46858,
       46972, 47121, 47154, 47172, 47237, 47281, 47314, 47354, 47396]), array([    7,   168,   250,   377,   407,   595,   713,   804,   834,
         921,   967,  1029,  1040,  1071,  1080,  1115,  1159,  1302,
        1408,  1502,  1597,  1646,  1655,  1799,  1808,  1823,  1901,
        1975,  2002,  2019,  2138,  2139,  2194,  2338,  2367,  2424,
        2441,  2444,  2491,  2675,  2828,  2838,  2909,  2992,  3060,
        3121,  3165,  3258,  3423,  3435,  3456,  3552,  3618,  3825,
        3877,  3971,  3980,  4008,  4039,  4049,  4142,  4281,  4327,
        4355,  4361,  4455,  4479,  4509,  4629,  4630,  4640,  4779,
        4811,  4906,  5055,  5059,  5122,  5183,  5230,  5267,  5273,
        5327,  5338,  5350,  5400,  5430,  5472,  5474,  5506,  5542,
        5623,  5660,  5707,  5854,  5940,  5983,  6027,  6096,  6151,
        6201,  6222,  6282,  6304,  6413,  6429,  6471,  6597,  6623,
        6647,  6684,  6729,  6915,  6953,  7018,  7030,  7186,  7190,
        7421,  7529,  7567,  7655,  7667,  7729,  7740,  7832,  7903,
        7904,  7907,  7950,  8045,  8078,  8158,  8230,  8236,  8280,
        8315,  8331,  8384,  8450,  8471,  8490,  8628,  8753,  8758,
        8764,  8783,  8854,  8981,  9041,  9317,  9361,  9395,  9484,
        9519,  9578,  9643,  9685,  9745,  9860,  9921, 10038, 10040,
       10177, 10310, 10363, 10683, 10760, 10798, 10810, 10846, 10848,
       10864, 10868, 10882, 10901, 10921, 11016, 11297, 11458, 11637,
       11644, 11698, 11841, 11932, 11934, 12014, 12057, 12118, 12134,
       12154, 12232, 12360, 12389, 12390, 12402, 12423, 12467, 12543,
       12650, 12793, 12804, 12842, 12949, 12978, 13082, 13210, 13267,
       13278, 13369, 13498, 13508, 13519, 13554, 13646, 13690, 13693,
       13719, 13720, 13739, 13775, 13803, 13873, 13946, 13962, 14017,
       14164, 14190, 14195, 14240, 14243, 14391, 14447, 14460, 14486,
       14569, 14571, 14610, 14634, 14698, 14718, 14757, 14814, 14962,
       15033, 15048, 15051, 15102, 15105, 15217, 15239, 15303, 15361,
       15383, 15409, 15439, 15507, 15540, 15667, 15682, 15753, 15760,
       15951, 16036, 16119, 16121, 16168, 16178, 16208, 16251, 16347,
       16361, 16389, 16558, 16665, 16718, 16787, 16815, 16852, 16937,
       16998, 17035, 17136, 17520, 17571, 17606, 17663, 17751, 17807,
       17872, 17915, 17923, 18014, 18096, 18132, 18191, 18265, 18326,
       18348, 18363, 18471, 18484, 18496, 18554, 18566, 18645, 18838,
       18851, 18856, 18939, 18978, 19084, 19093, 19114, 19173, 19180,
       19232, 19311, 19372, 19433, 19577, 19993, 20068, 20085, 20086,
       20160, 20215, 20239, 20270, 20298, 20305, 20382, 20541, 20543,
       20599, 20628, 20715, 20770, 20928, 21022, 21104, 21218, 21235,
       21238, 21474, 21486, 21489, 21539, 21594, 21658, 21786, 21814,
       21946, 21985, 22029, 22046, 22077, 22087, 22102, 22105, 22131,
       22143, 22146, 22166, 22328, 22333, 22400, 22408, 22447, 22493,
       22494, 22544, 22558, 22655, 22714, 22719, 22775, 22815, 22817,
       22855, 23128, 23308, 23343, 23368, 23381, 23552, 23580, 23673,
       23674, 23697, 23698, 23827, 23885, 24075, 24100, 24101, 24139,
       24281, 24311, 24503, 24516, 24594, 24640, 24651, 24733, 24782,
       24802, 24827, 24938, 24970, 25002, 25027, 25067, 25122, 25233,
       25333, 25370, 25478, 25569, 25615, 25633, 25741, 25758, 25797,
       25825, 25855, 25870, 25934, 26016, 26033, 26277, 26378, 26389,
       26443, 26479, 26516, 26542, 26648, 26697, 26713, 26741, 26791,
       26854, 26856, 26975, 27109, 27161, 27294, 27310, 27338, 27357,
       27372, 27402, 27406, 27452, 27514, 27678, 27863, 27907, 27983,
       28082, 28134, 28187, 28189, 28427, 28500, 28511, 28587, 28653,
       28659, 28687, 28705, 28754, 28774, 28863, 28919, 28968, 29033,
       29040, 29046, 29099, 29275, 29344, 29385, 29391, 29394, 29436,
       29542, 29628, 29667, 29756, 29813, 29910, 29931, 29955, 29957,
       30022, 30141, 30198, 30208, 30339, 30446, 30528, 30685, 30697,
       30729, 30804, 30813, 30827, 30948, 30965, 30974, 31008, 31033,
       31451, 31495, 31594, 31668, 31718, 31724, 31732, 31801, 31817,
       31828, 31915, 32014, 32095, 32425, 32461, 32471, 32547, 32559,
       32577, 32697, 32764, 32803, 32810, 32814, 32872, 32873, 32879,
       32880, 32987, 33054, 33179, 33364, 33409, 33415, 33464, 33520,
       33559, 33621, 33697, 33740, 33752, 33911, 33930, 34011, 34181,
       34192, 34392, 34407, 34468, 34598, 34619, 34761, 34773, 34780,
       34836, 34906, 35003, 35153, 35182, 35185, 35346, 35360, 35365,
       35424, 35460, 35576, 35584, 35625, 35647, 35702, 35737, 35812,
       35856, 36025, 36177, 36182, 36230, 36268, 36290, 36313, 36343,
       36363, 36375, 36393, 36434, 36482, 36498, 36554, 36600, 36670,
       36706, 36840, 36887, 36892, 37002, 37034, 37206, 37224, 37275,
       37329, 37376, 37387, 37404, 37412, 37462, 37485, 37743, 37819,
       37848, 38049, 38211, 38262, 38457, 38467, 38534, 38594, 38660,
       38680, 38697, 38718, 38785, 38804, 38881, 38921, 39052, 39280,
       39327, 39369, 39428, 39440, 39596, 39614, 39687, 39710, 39763,
       39928, 40002, 40084, 40159, 40227, 40254, 40272, 40338, 40368,
       40396, 40476, 40502, 40677, 40735, 40808, 40890, 40914, 40978,
       41148, 41158, 41184, 41211, 41233, 41288, 41402, 41455, 41642,
       41702, 41745, 41807, 41899, 42018, 42060, 42115, 42136, 42137,
       42222, 42239, 42381, 42434, 42489, 42516, 42558, 42729, 42746,
       42778, 42807, 42811, 42843, 43064, 43194, 43195, 43222, 43245,
       43276, 43354, 43416, 43530, 43625, 43645, 43710, 43732, 43896,
       43912, 43917, 44064, 44124, 44216, 44217, 44242, 44258, 44327,
       44365, 44380, 44508, 44586, 44598, 44632, 44680, 44685, 44689,
       44841, 44908, 44932, 45081, 45161, 45184, 45243, 45346, 45424,
       45514, 45571, 45581, 45809, 45915, 45984, 46000, 46014, 46027,
       46050, 46053, 46135, 46155, 46324, 46352, 46396, 46412, 46447,
       46597, 46646, 46675, 46698, 46739, 46793, 46795, 46849, 46858,
       46972, 47121, 47172, 47237, 47281, 47314, 47354, 47396]), array([    7,   168,   250,   377,   407,   595,   713,   804,   834,
         921,   967,  1029,  1040,  1071,  1080,  1115,  1302,  1408,
        1502,  1597,  1646,  1655,  1799,  1808,  1823,  1835,  1901,
        1975,  2019,  2138,  2139,  2194,  2224,  2338,  2367,  2385,
        2424,  2444,  2491,  2675,  2838,  2909,  2992,  3060,  3121,
        3165,  3423,  3435,  3552,  3618,  3825,  3877,  3971,  3980,
        4008,  4039,  4049,  4142,  4182,  4281,  4327,  4355,  4361,
        4455,  4479,  4509,  4629,  4630,  4640,  4779,  4906,  5055,
        5059,  5122,  5183,  5267,  5327,  5338,  5350,  5400,  5430,
        5472,  5474,  5506,  5542,  5660,  5707,  5854,  5940,  5983,
        6027,  6151,  6201,  6222,  6282,  6304,  6429,  6471,  6597,
        6623,  6647,  6684,  6729,  6732,  6953,  7030,  7186,  7187,
        7190,  7421,  7529,  7655,  7667,  7740,  7832,  7903,  7904,
        7907,  7950,  8015,  8045,  8078,  8158,  8230,  8236,  8315,
        8331,  8384,  8450,  8471,  8490,  8628,  8753,  8758,  8764,
        8783,  8854,  8981,  9041,  9361,  9484,  9519,  9578,  9631,
        9643,  9655,  9685,  9745,  9840,  9860,  9921, 10038, 10040,
       10117, 10177, 10363, 10683, 10760, 10798, 10810, 10846, 10848,
       10864, 10868, 10882, 10901, 10912, 10921, 11016, 11297, 11458,
       11517, 11637, 11644, 11698, 11841, 11884, 11932, 11934, 11968,
       12014, 12057, 12118, 12134, 12154, 12232, 12360, 12389, 12390,
       12402, 12423, 12467, 12543, 12793, 12873, 12949, 13082, 13210,
       13267, 13278, 13369, 13498, 13508, 13519, 13554, 13690, 13706,
       13739, 13775, 13803, 13873, 13946, 13962, 14017, 14164, 14190,
       14195, 14240, 14243, 14391, 14447, 14460, 14486, 14571, 14610,
       14634, 14698, 14718, 14757, 14814, 14962, 15048, 15051, 15102,
       15105, 15217, 15239, 15361, 15383, 15409, 15439, 15507, 15540,
       15667, 15682, 15753, 15760, 15951, 16036, 16119, 16121, 16168,
       16178, 16208, 16347, 16361, 16558, 16665, 16718, 16787, 16815,
       16852, 16937, 16998, 17035, 17136, 17571, 17663, 17751, 17807,
       17872, 17915, 17923, 18014, 18096, 18132, 18191, 18265, 18326,
       18348, 18363, 18471, 18484, 18496, 18554, 18566, 18645, 18810,
       18838, 18851, 18856, 18939, 18978, 19084, 19114, 19173, 19180,
       19232, 19311, 19372, 19433, 19436, 19577, 19993, 20011, 20068,
       20085, 20086, 20160, 20215, 20239, 20270, 20298, 20382, 20541,
       20543, 20599, 20628, 20715, 20770, 20928, 21104, 21218, 21235,
       21238, 21474, 21486, 21489, 21539, 21594, 21658, 21786, 21814,
       21904, 21946, 21985, 22029, 22046, 22077, 22087, 22102, 22105,
       22131, 22143, 22146, 22166, 22167, 22333, 22400, 22408, 22447,
       22494, 22544, 22558, 22655, 22714, 22719, 22775, 22815, 22817,
       23128, 23308, 23343, 23368, 23381, 23580, 23672, 23673, 23674,
       23697, 23827, 24075, 24100, 24101, 24139, 24281, 24311, 24503,
       24516, 24640, 24651, 24733, 24782, 24802, 24938, 24970, 25002,
       25027, 25067, 25122, 25233, 25298, 25333, 25370, 25392, 25478,
       25569, 25615, 25633, 25707, 25741, 25758, 25797, 25825, 25855,
       25870, 26277, 26378, 26389, 26443, 26479, 26516, 26542, 26648,
       26697, 26713, 26741, 26746, 26791, 26854, 26856, 26975, 27109,
       27161, 27294, 27310, 27357, 27372, 27406, 27452, 27514, 27678,
       27863, 27907, 27983, 28082, 28187, 28189, 28427, 28500, 28511,
       28587, 28653, 28687, 28705, 28754, 28774, 28919, 28968, 29033,
       29046, 29099, 29275, 29344, 29385, 29391, 29394, 29436, 29542,
       29628, 29756, 29910, 29931, 29955, 29957, 30022, 30141, 30208,
       30339, 30446, 30528, 30685, 30697, 30729, 30804, 30813, 30827,
       30948, 30974, 31008, 31033, 31451, 31495, 31594, 31668, 31718,
       31817, 31828, 31854, 31915, 32095, 32461, 32471, 32547, 32559,
       32577, 32697, 32764, 32803, 32810, 32814, 32872, 32873, 32879,
       32880, 32987, 33179, 33364, 33409, 33415, 33464, 33520, 33559,
       33621, 33697, 33740, 33741, 33752, 33911, 33930, 34011, 34181,
       34192, 34392, 34407, 34468, 34598, 34619, 34773, 34780, 34906,
       35153, 35182, 35185, 35346, 35360, 35365, 35424, 35460, 35576,
       35584, 35625, 35647, 35702, 35812, 35856, 35924, 35937, 36025,
       36177, 36182, 36230, 36257, 36268, 36290, 36313, 36343, 36375,
       36393, 36434, 36482, 36498, 36554, 36600, 36670, 36706, 36840,
       36887, 36892, 37002, 37034, 37206, 37224, 37275, 37329, 37376,
       37387, 37404, 37412, 37462, 37485, 37743, 37819, 37848, 38049,
       38211, 38262, 38457, 38467, 38534, 38594, 38660, 38680, 38697,
       38718, 38785, 38800, 38804, 38881, 38921, 39052, 39280, 39327,
       39338, 39369, 39428, 39440, 39596, 39614, 39687, 39710, 39763,
       39816, 39928, 40084, 40159, 40227, 40254, 40272, 40338, 40368,
       40396, 40476, 40502, 40677, 40735, 40808, 40890, 40914, 40978,
       41148, 41158, 41184, 41211, 41233, 41288, 41402, 41455, 41642,
       41699, 41702, 41745, 41807, 41899, 42018, 42115, 42136, 42137,
       42222, 42239, 42381, 42434, 42489, 42516, 42558, 42746, 42778,
       42807, 42811, 42843, 43064, 43135, 43194, 43195, 43222, 43245,
       43276, 43354, 43416, 43530, 43625, 43710, 43732, 43912, 43917,
       44064, 44124, 44216, 44217, 44242, 44251, 44258, 44346, 44365,
       44380, 44508, 44586, 44598, 44632, 44680, 44685, 44689, 44841,
       44908, 45081, 45184, 45243, 45424, 45514, 45571, 45581, 45809,
       45915, 45922, 45984, 46000, 46014, 46027, 46050, 46053, 46135,
       46155, 46324, 46352, 46396, 46412, 46447, 46597, 46646, 46675,
       46698, 46739, 46793, 46795, 46849, 46858, 46972, 47121, 47162,
       47172, 47281, 47314, 47354, 47396]), array([    7,   168,   250,   377,   407,   595,   713,   804,   834,
         921,   967,  1029,  1040,  1071,  1080,  1115,  1302,  1408,
        1502,  1597,  1646,  1655,  1799,  1808,  1823,  1835,  1901,
        1975,  2019,  2138,  2139,  2194,  2224,  2338,  2367,  2385,
        2424,  2444,  2491,  2675,  2838,  2909,  2992,  3060,  3121,
        3165,  3435,  3456,  3474,  3552,  3618,  3825,  3877,  3971,
        3980,  4039,  4049,  4142,  4281,  4327,  4361,  4455,  4479,
        4509,  4629,  4630,  4640,  4779,  4906,  5055,  5059,  5122,
        5183,  5267,  5273,  5327,  5338,  5350,  5400,  5430,  5474,
        5506,  5542,  5660,  5707,  5772,  5854,  5983,  6027,  6096,
        6151,  6201,  6222,  6249,  6282,  6429,  6471,  6597,  6623,
        6647,  6684,  6729,  6753,  6953,  7186,  7190,  7421,  7529,
        7591,  7655,  7667,  7740,  7832,  7903,  7904,  7907,  7950,
        8045,  8078,  8158,  8230,  8236,  8270,  8315,  8331,  8384,
        8450,  8471,  8490,  8628,  8753,  8758,  8764,  8783,  9041,
        9317,  9361,  9484,  9519,  9578,  9631,  9643,  9655,  9685,
        9745,  9817,  9860,  9921, 10038, 10040, 10177, 10245, 10363,
       10683, 10760, 10798, 10810, 10846, 10848, 10864, 10868, 10882,
       10901, 10921, 11016, 11280, 11297, 11458, 11637, 11644, 11698,
       11841, 11884, 11932, 11934, 12014, 12118, 12134, 12149, 12154,
       12232, 12360, 12389, 12390, 12402, 12423, 12467, 12543, 12793,
       12804, 12842, 12873, 12949, 13082, 13210, 13267, 13278, 13369,
       13498, 13508, 13519, 13554, 13690, 13693, 13706, 13739, 13775,
       13803, 13873, 13946, 13962, 14017, 14164, 14190, 14195, 14240,
       14243, 14391, 14447, 14460, 14486, 14571, 14576, 14610, 14634,
       14698, 14718, 14757, 14814, 14962, 15048, 15051, 15102, 15105,
       15217, 15239, 15361, 15383, 15409, 15439, 15507, 15540, 15667,
       15682, 15753, 15760, 15951, 16036, 16119, 16121, 16178, 16208,
       16347, 16361, 16558, 16665, 16718, 16787, 16815, 16852, 16937,
       16998, 17035, 17136, 17571, 17663, 17807, 17872, 17915, 17923,
       18014, 18096, 18132, 18191, 18265, 18326, 18348, 18363, 18471,
       18484, 18496, 18554, 18566, 18645, 18838, 18851, 18856, 18939,
       18978, 19084, 19114, 19173, 19180, 19232, 19372, 19433, 19436,
       19577, 19993, 20011, 20068, 20085, 20086, 20160, 20215, 20239,
       20270, 20298, 20541, 20543, 20599, 20628, 20715, 20770, 20928,
       21104, 21218, 21235, 21238, 21474, 21486, 21489, 21539, 21574,
       21594, 21658, 21786, 21814, 21946, 21985, 22029, 22046, 22087,
       22102, 22105, 22131, 22143, 22146, 22166, 22167, 22328, 22333,
       22400, 22408, 22447, 22494, 22558, 22655, 22714, 22719, 22775,
       22815, 22817, 22889, 23128, 23308, 23343, 23368, 23381, 23580,
       23673, 23674, 23697, 23698, 23827, 24075, 24100, 24101, 24139,
       24281, 24311, 24503, 24516, 24640, 24651, 24733, 24782, 24802,
       24827, 24938, 24970, 25002, 25027, 25067, 25233, 25333, 25370,
       25392, 25478, 25569, 25615, 25633, 25707, 25741, 25758, 25797,
       25825, 25855, 25870, 26016, 26033, 26378, 26389, 26443, 26479,
       26516, 26558, 26648, 26697, 26713, 26741, 26746, 26791, 26854,
       26975, 27109, 27161, 27294, 27310, 27357, 27372, 27406, 27452,
       27514, 27678, 27907, 27983, 28082, 28189, 28427, 28482, 28500,
       28511, 28587, 28653, 28687, 28705, 28754, 28774, 28863, 28919,
       29040, 29046, 29099, 29260, 29275, 29344, 29391, 29394, 29436,
       29542, 29628, 29813, 29910, 29931, 29955, 29957, 30022, 30141,
       30208, 30219, 30339, 30446, 30528, 30685, 30729, 30804, 30827,
       30948, 30974, 31008, 31033, 31495, 31594, 31668, 31724, 31732,
       31801, 31817, 31828, 31915, 32014, 32095, 32461, 32471, 32559,
       32577, 32697, 32764, 32803, 32810, 32814, 32872, 32873, 32879,
       32880, 32987, 33054, 33179, 33364, 33409, 33415, 33464, 33520,
       33559, 33621, 33697, 33740, 33752, 33930, 34011, 34181, 34192,
       34302, 34392, 34407, 34468, 34598, 34619, 34773, 34780, 34836,
       34842, 34906, 35003, 35153, 35185, 35346, 35360, 35365, 35424,
       35460, 35576, 35584, 35625, 35647, 35702, 35766, 35812, 35856,
       36025, 36177, 36182, 36230, 36257, 36268, 36290, 36313, 36343,
       36363, 36375, 36393, 36434, 36482, 36498, 36554, 36600, 36670,
       36840, 36887, 36892, 37002, 37034, 37206, 37224, 37275, 37329,
       37376, 37387, 37404, 37412, 37462, 37485, 37743, 37819, 37848,
       38011, 38049, 38211, 38262, 38457, 38467, 38534, 38594, 38660,
       38680, 38697, 38718, 38785, 38804, 38881, 38921, 39012, 39052,
       39280, 39327, 39369, 39440, 39596, 39614, 39687, 39710, 39763,
       39928, 39982, 40084, 40159, 40227, 40254, 40272, 40338, 40368,
       40476, 40502, 40677, 40735, 40808, 40890, 40914, 40978, 41148,
       41158, 41184, 41211, 41233, 41402, 41455, 41642, 41699, 41702,
       41745, 41807, 41899, 42115, 42136, 42137, 42222, 42239, 42381,
       42434, 42489, 42516, 42558, 42746, 42778, 42807, 42811, 42843,
       42906, 43064, 43194, 43195, 43222, 43245, 43276, 43354, 43416,
       43530, 43625, 43710, 43732, 43912, 43917, 44064, 44124, 44216,
       44217, 44242, 44258, 44365, 44380, 44508, 44586, 44598, 44632,
       44680, 44685, 44689, 44841, 44898, 44908, 44932, 45081, 45184,
       45243, 45424, 45514, 45571, 45581, 45809, 45922, 45984, 46000,
       46027, 46029, 46050, 46053, 46155, 46324, 46352, 46396, 46447,
       46597, 46646, 46675, 46698, 46739, 46793, 46795, 46849, 46858,
       46972, 47121, 47162, 47281, 47314, 47354, 47396]), array([    7,   168,   250,   377,   407,   595,   713,   804,   834,
         967,  1029,  1040,  1071,  1080,  1115,  1408,  1502,  1597,
        1646,  1655,  1799,  1808,  1823,  1835,  1901,  1975,  2019,
        2138,  2139,  2194,  2338,  2367,  2385,  2424,  2444,  2491,
        2675,  2838,  2909,  2992,  3060,  3121,  3165,  3435,  3456,
        3474,  3552,  3618,  3825,  3877,  3971,  4008,  4039,  4049,
        4142,  4281,  4327,  4355,  4361,  4455,  4479,  4629,  4630,
        4640,  4779,  4906,  5055,  5059,  5122,  5183,  5267,  5273,
        5327,  5338,  5350,  5400,  5430,  5474,  5506,  5542,  5707,
        5772,  5854,  5940,  6027,  6151,  6201,  6222,  6282,  6304,
        6429,  6471,  6597,  6623,  6647,  6684,  6729,  6915,  6953,
        7186,  7190,  7413,  7421,  7529,  7591,  7655,  7667,  7740,
        7832,  7903,  7904,  7907,  7950,  8045,  8078,  8158,  8230,
        8236,  8315,  8331,  8384,  8450,  8471,  8490,  8628,  8753,
        8758,  8764,  8783,  8817,  9041,  9317,  9361,  9484,  9519,
        9643,  9685,  9745,  9883, 10038, 10040, 10177, 10683, 10760,
       10798, 10810, 10846, 10848, 10864, 10882, 10901, 10912, 10921,
       11016, 11280, 11297, 11458, 11637, 11644, 11698, 11841, 11932,
       11934, 12014, 12118, 12134, 12154, 12232, 12360, 12390, 12402,
       12467, 12543, 12978, 13082, 13210, 13267, 13278, 13369, 13498,
       13508, 13519, 13554, 13646, 13690, 13693, 13706, 13739, 13775,
       13873, 13946, 13962, 14017, 14164, 14190, 14195, 14240, 14243,
       14391, 14447, 14460, 14486, 14571, 14576, 14610, 14634, 14698,
       14718, 14757, 14962, 15048, 15051, 15102, 15105, 15154, 15217,
       15239, 15361, 15383, 15409, 15439, 15507, 15540, 15667, 15682,
       15753, 15760, 15951, 16036, 16119, 16121, 16168, 16178, 16347,
       16361, 16558, 16665, 16718, 16787, 16815, 16852, 16937, 17035,
       17136, 17571, 17663, 17807, 17872, 17915, 17923, 18014, 18096,
       18132, 18191, 18265, 18326, 18348, 18363, 18484, 18496, 18554,
       18566, 18637, 18645, 18838, 18851, 18856, 18939, 18978, 19084,
       19093, 19173, 19180, 19232, 19372, 19433, 19436, 19577, 19993,
       20068, 20085, 20086, 20160, 20215, 20239, 20270, 20298, 20541,
       20599, 20628, 20715, 20770, 20928, 21104, 21218, 21238, 21474,
       21486, 21489, 21539, 21574, 21658, 21786, 21814, 21904, 21946,
       21985, 22029, 22046, 22077, 22087, 22102, 22105, 22131, 22143,
       22146, 22166, 22167, 22328, 22333, 22400, 22408, 22447, 22494,
       22558, 22655, 22714, 22719, 22775, 22797, 22815, 22817, 23128,
       23308, 23343, 23368, 23381, 23580, 23673, 23674, 23697, 23827,
       24075, 24100, 24101, 24139, 24281, 24311, 24503, 24516, 24640,
       24651, 24733, 24782, 24802, 24938, 24970, 25002, 25027, 25067,
       25233, 25333, 25370, 25392, 25478, 25569, 25633, 25707, 25741,
       25758, 25797, 25825, 25855, 25870, 26378, 26389, 26443, 26479,
       26516, 26648, 26697, 26713, 26741, 26746, 26791, 26854, 26975,
       27109, 27161, 27294, 27310, 27357, 27372, 27406, 27452, 27514,
       27678, 27907, 27983, 28082, 28189, 28427, 28500, 28511, 28587,
       28653, 28687, 28705, 28774, 28919, 29040, 29046, 29099, 29344,
       29391, 29394, 29542, 29628, 29756, 29813, 29910, 29931, 29955,
       29957, 30022, 30141, 30208, 30339, 30446, 30528, 30685, 30697,
       30729, 30804, 30827, 30948, 30974, 31008, 31033, 31495, 31594,
       31732, 31817, 31828, 31915, 32014, 32095, 32461, 32471, 32559,
       32577, 32697, 32764, 32803, 32810, 32814, 32872, 32873, 32879,
       32880, 33054, 33179, 33364, 33409, 33415, 33464, 33520, 33559,
       33621, 33697, 33740, 33752, 33930, 34011, 34181, 34192, 34407,
       34468, 34598, 34619, 34773, 34780, 34906, 35003, 35153, 35185,
       35346, 35360, 35365, 35424, 35460, 35576, 35625, 35702, 35812,
       35856, 36025, 36177, 36182, 36230, 36268, 36290, 36313, 36343,
       36363, 36375, 36393, 36434, 36498, 36554, 36600, 36670, 36795,
       36840, 36887, 36892, 37002, 37034, 37224, 37329, 37376, 37387,
       37404, 37412, 37462, 37743, 37819, 37848, 38011, 38049, 38211,
       38262, 38457, 38467, 38534, 38594, 38660, 38680, 38697, 38718,
       38785, 38804, 38881, 38921, 39280, 39327, 39338, 39369, 39440,
       39614, 39687, 39710, 39763, 39928, 39982, 40084, 40159, 40227,
       40254, 40272, 40338, 40368, 40476, 40502, 40677, 40735, 40808,
       40890, 40914, 40978, 41148, 41158, 41184, 41211, 41233, 41402,
       41455, 41642, 41699, 41702, 41745, 41807, 41899, 42115, 42136,
       42137, 42222, 42239, 42381, 42414, 42434, 42489, 42516, 42558,
       42746, 42778, 42807, 42811, 42843, 43064, 43194, 43195, 43222,
       43245, 43276, 43354, 43530, 43625, 43732, 43912, 43917, 44064,
       44216, 44217, 44242, 44258, 44346, 44365, 44380, 44508, 44586,
       44598, 44632, 44680, 44685, 44689, 44841, 44908, 44932, 45081,
       45184, 45243, 45424, 45514, 45581, 45809, 45984, 46000, 46027,
       46050, 46053, 46135, 46155, 46324, 46352, 46396, 46447, 46597,
       46646, 46675, 46698, 46739, 46793, 46795, 46849, 46858, 46972,
       47121, 47162, 47237, 47281, 47314, 47396]), array([    7,   168,   250,   377,   407,   508,   595,   713,   759,
         804,   834,   921,   967,  1029,  1040,  1071,  1080,  1115,
        1159,  1408,  1502,  1597,  1646,  1655,  1799,  1808,  1823,
        1835,  1901,  1975,  2019,  2138,  2139,  2194,  2195,  2224,
        2338,  2367,  2385,  2424,  2444,  2491,  2595,  2675,  2838,
        2909,  2938,  2959,  2992,  3060,  3121,  3165,  3435,  3456,
        3474,  3552,  3618,  3825,  3876,  3877,  3971,  3980,  4008,
        4039,  4049,  4073,  4142,  4182,  4281,  4327,  4355,  4361,
        4455,  4479,  4509,  4629,  4630,  4640,  4779,  4906,  5055,
        5059,  5122,  5170,  5183,  5267,  5273,  5327,  5338,  5350,
        5400,  5430,  5463,  5474,  5506,  5542,  5660,  5707,  5712,
        5772,  5854,  5940,  5983,  5986,  6027,  6096,  6151,  6201,
        6222,  6249,  6282,  6304,  6429,  6471,  6597,  6611,  6623,
        6647,  6684,  6729,  6753,  6915,  6953,  7030,  7032,  7186,
        7187,  7190,  7413,  7421,  7529,  7551,  7591,  7655,  7667,
        7729,  7740,  7832,  7903,  7904,  7907,  7950,  8045,  8078,
        8158,  8230,  8236,  8270,  8280,  8315,  8331,  8384,  8450,
        8471,  8490,  8628,  8753,  8758,  8764,  8783,  8817,  8825,
        8854,  8981,  9041,  9203,  9317,  9361,  9484,  9519,  9631,
        9643,  9655,  9685,  9745,  9793,  9840,  9860,  9883,  9921,
       10038, 10040, 10117, 10177, 10245, 10363, 10683, 10760, 10798,
       10810, 10846, 10848, 10864, 10868, 10882, 10901, 10912, 10921,
       11016, 11280, 11297, 11458, 11517, 11637, 11644, 11698, 11841,
       11873, 11884, 11932, 11934, 12014, 12057, 12118, 12134, 12154,
       12232, 12271, 12360, 12390, 12402, 12423, 12467, 12543, 12804,
       12842, 12873, 12915, 12949, 12973, 12978, 13082, 13210, 13214,
       13267, 13278, 13369, 13498, 13508, 13519, 13554, 13612, 13646,
       13660, 13690, 13706, 13719, 13720, 13739, 13775, 13873, 13946,
       13962, 14017, 14030, 14164, 14190, 14195, 14199, 14240, 14243,
       14376, 14388, 14391, 14447, 14460, 14486, 14569, 14571, 14576,
       14610, 14634, 14698, 14718, 14757, 14782, 14814, 14962, 15033,
       15048, 15051, 15102, 15105, 15154, 15188, 15217, 15239, 15361,
       15383, 15409, 15439, 15507, 15540, 15667, 15682, 15753, 15760,
       15951, 16036, 16119, 16121, 16168, 16178, 16208, 16220, 16279,
       16347, 16361, 16558, 16665, 16718, 16787, 16815, 16852, 16937,
       17035, 17072, 17136, 17498, 17571, 17663, 17807, 17872, 17915,
       17923, 18002, 18014, 18096, 18132, 18191, 18265, 18326, 18348,
       18363, 18471, 18484, 18496, 18554, 18566, 18637, 18645, 18810,
       18830, 18838, 18851, 18856, 18939, 18978, 19084, 19093, 19114,
       19173, 19180, 19232, 19311, 19372, 19433, 19436, 19577, 19871,
       19984, 19993, 20011, 20068, 20085, 20086, 20160, 20215, 20239,
       20270, 20298, 20305, 20382, 20480, 20541, 20543, 20599, 20628,
       20715, 20770, 20826, 20928, 21104, 21165, 21218, 21235, 21238,
       21271, 21474, 21486, 21489, 21539, 21574, 21594, 21639, 21658,
       21786, 21799, 21814, 21904, 21946, 21985, 22029, 22046, 22077,
       22087, 22102, 22105, 22131, 22137, 22143, 22146, 22166, 22167,
       22286, 22328, 22333, 22400, 22408, 22447, 22493, 22494, 22544,
       22558, 22655, 22714, 22719, 22775, 22797, 22815, 22817, 22855,
       22857, 22889, 23128, 23308, 23343, 23368, 23381, 23544, 23546,
       23580, 23665, 23672, 23673, 23674, 23697, 23698, 23783, 23827,
       23885, 23898, 24075, 24100, 24101, 24139, 24159, 24281, 24311,
       24332, 24503, 24516, 24523, 24594, 24640, 24651, 24733, 24782,
       24802, 24859, 24938, 24970, 25002, 25027, 25067, 25122, 25233,
       25333, 25370, 25392, 25446, 25478, 25557, 25569, 25615, 25633,
       25707, 25741, 25758, 25797, 25825, 25855, 25870, 25934, 26016,
       26033, 26157, 26277, 26378, 26389, 26443, 26479, 26516, 26542,
       26558, 26648, 26697, 26713, 26741, 26746, 26791, 26854, 26975,
       27109, 27161, 27170, 27218, 27294, 27310, 27357, 27372, 27406,
       27452, 27514, 27576, 27678, 27863, 27907, 27949, 27983, 28082,
       28134, 28189, 28427, 28466, 28482, 28500, 28511, 28587, 28653,
       28687, 28705, 28754, 28774, 28863, 28901, 28919, 29033, 29040,
       29046, 29099, 29251, 29260, 29294, 29344, 29385, 29391, 29394,
       29436, 29542, 29628, 29667, 29756, 29813, 29910, 29931, 29955,
       29957, 30022, 30141, 30208, 30219, 30339, 30383, 30446, 30528,
       30558, 30685, 30697, 30729, 30804, 30813, 30827, 30948, 30965,
       30974, 31008, 31033, 31495, 31520, 31534, 31594, 31668, 31718,
       31732, 31801, 31817, 31828, 31854, 31915, 32014, 32095, 32125,
       32221, 32227, 32461, 32471, 32547, 32559, 32577, 32697, 32764,
       32803, 32810, 32814, 32872, 32873, 32879, 32880, 32987, 33054,
       33179, 33267, 33364, 33409, 33415, 33464, 33520, 33559, 33621,
       33697, 33740, 33741, 33752, 33911, 33930, 34011, 34032, 34033,
       34181, 34192, 34302, 34392, 34407, 34468, 34546, 34598, 34600,
       34619, 34623, 34719, 34773, 34780, 34836, 34906, 34960, 35003,
       35153, 35182, 35185, 35318, 35346, 35360, 35365, 35424, 35457,
       35460, 35532, 35576, 35584, 35625, 35647, 35702, 35766, 35812,
       35856, 35884, 35907, 35937, 35977, 36025, 36177, 36182, 36230,
       36257, 36268, 36290, 36313, 36343, 36363, 36375, 36393, 36434,
       36498, 36554, 36600, 36670, 36706, 36795, 36840, 36887, 36892,
       37002, 37034, 37224, 37233, 37237, 37329, 37376, 37387, 37404,
       37410, 37412, 37462, 37485, 37743, 37795, 37819, 37848, 38011,
       38049, 38211, 38262, 38364, 38457, 38467, 38534, 38594, 38680,
       38697, 38718, 38785, 38800, 38804, 38881, 38921, 39280, 39327,
       39338, 39369, 39428, 39440, 39591, 39596, 39614, 39687, 39710,
       39763, 39816, 39928, 39982, 40002, 40084, 40159, 40227, 40254,
       40272, 40338, 40368, 40396, 40476, 40502, 40677, 40681, 40808,
       40890, 40914, 40978, 41089, 41148, 41158, 41184, 41211, 41233,
       41288, 41402, 41447, 41455, 41642, 41699, 41702, 41745, 41807,
       41880, 41899, 42115, 42136, 42137, 42222, 42239, 42381, 42384,
       42414, 42434, 42489, 42516, 42558, 42746, 42778, 42807, 42811,
       42843, 42906, 43064, 43095, 43194, 43195, 43222, 43245, 43274,
       43276, 43354, 43416, 43432, 43452, 43530, 43625, 43630, 43645,
       43710, 43732, 43912, 43917, 44064, 44124, 44216, 44217, 44242,
       44251, 44258, 44327, 44346, 44365, 44380, 44508, 44586, 44598,
       44632, 44680, 44685, 44689, 44753, 44841, 44873, 44898, 44908,
       44932, 45081, 45184, 45243, 45424, 45514, 45571, 45581, 45638,
       45779, 45809, 45910, 45915, 45922, 45984, 46000, 46027, 46029,
       46050, 46053, 46135, 46155, 46324, 46352, 46396, 46401, 46447,
       46597, 46646, 46675, 46698, 46739, 46793, 46795, 46849, 46858,
       46972, 47121, 47162, 47172, 47237, 47281, 47314, 47346, 47354,
       47396]), array([    7,   168,   250,   280,   377,   407,   508,   595,   713,
         759,   804,   834,   921,   967,  1029,  1040,  1071,  1080,
        1115,  1159,  1408,  1502,  1597,  1646,  1655,  1799,  1808,
        1823,  1835,  1901,  1975,  2002,  2019,  2138,  2139,  2194,
        2195,  2224,  2289,  2338,  2367,  2385,  2424,  2444,  2491,
        2675,  2838,  2909,  2959,  2992,  3060,  3121,  3165,  3435,
        3456,  3474,  3552,  3618,  3825,  3838,  3876,  3877,  3971,
        3980,  4008,  4039,  4049,  4073,  4142,  4182,  4281,  4327,
        4355,  4361,  4455,  4479,  4509,  4629,  4630,  4640,  4655,
        4779,  4906,  5055,  5059,  5122,  5170,  5183,  5267,  5273,
        5327,  5338,  5350,  5400,  5430,  5463,  5474,  5506,  5542,
        5660,  5707,  5712,  5772,  5854,  5940,  5983,  5986,  6027,
        6096,  6151,  6201,  6222,  6249,  6282,  6304,  6429,  6471,
        6597,  6611,  6623,  6647,  6684,  6729,  6753,  6915,  6953,
        7018,  7030,  7032,  7186,  7187,  7190,  7229,  7413,  7421,
        7529,  7551,  7567,  7591,  7655,  7667,  7729,  7740,  7832,
        7903,  7904,  7907,  7950,  8045,  8078,  8158,  8203,  8230,
        8236,  8270,  8280,  8315,  8331,  8384,  8450,  8471,  8490,
        8628,  8701,  8753,  8758,  8764,  8783,  8817,  8825,  8854,
        8908,  8981,  9041,  9203,  9317,  9361,  9377,  9484,  9519,
        9631,  9643,  9655,  9685,  9745,  9840,  9883,  9921, 10038,
       10040, 10117, 10177, 10245, 10358, 10363, 10683, 10760, 10798,
       10810, 10846, 10848, 10864, 10868, 10882, 10901, 10912, 10921,
       11016, 11280, 11297, 11458, 11517, 11637, 11644, 11698, 11841,
       11873, 11884, 11932, 11934, 11968, 12014, 12057, 12118, 12134,
       12154, 12232, 12270, 12271, 12360, 12390, 12402, 12467, 12543,
       12804, 12842, 12873, 12949, 12973, 12978, 13082, 13210, 13214,
       13267, 13278, 13369, 13498, 13508, 13519, 13554, 13612, 13646,
       13660, 13690, 13693, 13706, 13719, 13720, 13739, 13775, 13873,
       13946, 13962, 14017, 14030, 14164, 14190, 14195, 14199, 14240,
       14243, 14376, 14388, 14391, 14447, 14460, 14486, 14569, 14571,
       14576, 14610, 14634, 14698, 14718, 14757, 14814, 14962, 15033,
       15048, 15051, 15102, 15105, 15154, 15188, 15217, 15239, 15361,
       15383, 15409, 15439, 15507, 15540, 15580, 15667, 15682, 15753,
       15760, 15951, 16036, 16119, 16121, 16168, 16178, 16208, 16220,
       16279, 16347, 16361, 16558, 16643, 16665, 16718, 16787, 16815,
       16852, 16937, 17035, 17072, 17136, 17358, 17498, 17520, 17571,
       17606, 17663, 17807, 17872, 17915, 17923, 18002, 18014, 18096,
       18132, 18191, 18265, 18311, 18326, 18348, 18363, 18471, 18484,
       18496, 18554, 18566, 18637, 18645, 18810, 18830, 18838, 18851,
       18856, 18939, 18978, 19084, 19093, 19114, 19173, 19180, 19232,
       19372, 19433, 19436, 19577, 19867, 19984, 19993, 20011, 20068,
       20085, 20086, 20160, 20215, 20239, 20270, 20298, 20305, 20382,
       20480, 20541, 20543, 20599, 20628, 20715, 20770, 20928, 20949,
       21104, 21123, 21165, 21218, 21235, 21238, 21271, 21474, 21486,
       21489, 21539, 21574, 21594, 21639, 21658, 21786, 21799, 21814,
       21904, 21946, 21985, 22010, 22029, 22046, 22077, 22087, 22102,
       22105, 22131, 22137, 22143, 22146, 22166, 22167, 22328, 22333,
       22400, 22408, 22447, 22493, 22494, 22544, 22558, 22655, 22714,
       22719, 22775, 22797, 22815, 22817, 22855, 22857, 22889, 23128,
       23308, 23343, 23368, 23381, 23546, 23580, 23665, 23672, 23673,
       23674, 23697, 23698, 23783, 23827, 23885, 24075, 24100, 24101,
       24139, 24281, 24311, 24332, 24503, 24516, 24523, 24594, 24603,
       24640, 24651, 24733, 24782, 24802, 24859, 24938, 24970, 25002,
       25027, 25067, 25122, 25233, 25333, 25370, 25392, 25478, 25557,
       25569, 25615, 25633, 25707, 25741, 25758, 25797, 25825, 25855,
       25870, 25934, 25972, 26016, 26033, 26157, 26277, 26378, 26389,
       26443, 26479, 26516, 26542, 26558, 26633, 26648, 26697, 26713,
       26741, 26746, 26791, 26854, 26975, 27109, 27113, 27161, 27218,
       27294, 27310, 27357, 27372, 27406, 27452, 27514, 27678, 27863,
       27907, 27949, 27983, 28082, 28134, 28189, 28258, 28427, 28466,
       28482, 28500, 28511, 28587, 28653, 28659, 28687, 28705, 28754,
       28765, 28774, 28863, 28901, 28919, 28968, 29033, 29040, 29046,
       29075, 29099, 29251, 29260, 29275, 29294, 29344, 29391, 29394,
       29436, 29542, 29628, 29756, 29772, 29813, 29910, 29931, 29955,
       29957, 30022, 30141, 30208, 30219, 30339, 30383, 30446, 30528,
       30558, 30685, 30697, 30729, 30804, 30813, 30827, 30948, 30965,
       30974, 31008, 31033, 31495, 31520, 31594, 31668, 31718, 31724,
       31732, 31801, 31817, 31828, 31854, 31915, 31921, 32014, 32095,
       32221, 32227, 32461, 32471, 32547, 32559, 32577, 32629, 32697,
       32764, 32803, 32810, 32814, 32872, 32873, 32879, 32880, 32987,
       33054, 33179, 33364, 33409, 33415, 33464, 33520, 33559, 33621,
       33697, 33740, 33741, 33752, 33911, 33930, 34011, 34032, 34181,
       34192, 34392, 34407, 34468, 34479, 34546, 34585, 34598, 34600,
       34619, 34623, 34746, 34773, 34780, 34836, 34906, 34960, 35003,
       35153, 35182, 35185, 35318, 35346, 35360, 35365, 35424, 35457,
       35460, 35576, 35584, 35625, 35647, 35702, 35766, 35812, 35813,
       35856, 35884, 35937, 35977, 36025, 36177, 36182, 36230, 36257,
       36268, 36290, 36308, 36313, 36343, 36363, 36375, 36393, 36434,
       36498, 36554, 36600, 36670, 36706, 36795, 36840, 36887, 36892,
       37002, 37034, 37224, 37237, 37329, 37376, 37387, 37404, 37410,
       37412, 37462, 37485, 37743, 37795, 37819, 37848, 38011, 38049,
       38211, 38262, 38333, 38364, 38457, 38467, 38534, 38594, 38660,
       38680, 38697, 38718, 38785, 38800, 38804, 38881, 38921, 39280,
       39327, 39338, 39369, 39440, 39596, 39614, 39639, 39687, 39710,
       39763, 39816, 39928, 39982, 40002, 40084, 40159, 40227, 40254,
       40272, 40338, 40368, 40396, 40476, 40502, 40677, 40730, 40735,
       40808, 40890, 40914, 40978, 41089, 41148, 41158, 41184, 41211,
       41233, 41288, 41402, 41447, 41455, 41642, 41699, 41702, 41745,
       41807, 41880, 41899, 41962, 42018, 42115, 42136, 42137, 42222,
       42239, 42381, 42384, 42414, 42434, 42489, 42516, 42558, 42729,
       42746, 42778, 42807, 42811, 42843, 42906, 43064, 43095, 43194,
       43195, 43222, 43245, 43274, 43276, 43354, 43379, 43416, 43452,
       43530, 43625, 43630, 43645, 43710, 43732, 43858, 43912, 43917,
       43948, 44037, 44064, 44124, 44216, 44217, 44242, 44258, 44327,
       44346, 44365, 44369, 44380, 44407, 44508, 44586, 44598, 44632,
       44680, 44685, 44689, 44841, 44898, 44908, 44932, 45081, 45184,
       45243, 45424, 45514, 45571, 45581, 45638, 45779, 45809, 45915,
       45922, 45984, 46000, 46027, 46050, 46053, 46135, 46155, 46324,
       46352, 46396, 46401, 46447, 46597, 46646, 46675, 46698, 46739,
       46793, 46795, 46803, 46849, 46858, 46972, 47121, 47162, 47172,
       47237, 47281, 47314, 47346, 47354, 47396])]
