[array([  964,  1047,  2096,  3105,  3392,  3501,  4914,  4935,  5053,
        6797,  9636, 10005, 10041, 10358, 12289, 13446, 13457, 13564,
       13875, 14601, 16821, 16856, 17007, 17077, 17422, 17667, 17853,
       19203, 19545, 19873, 20299, 20859, 21323, 21677, 23172, 23576,
       23613, 24166, 24279, 24438, 24760, 24870, 25360, 25628, 25907,
       25951, 26263, 26650, 26975, 28148, 29259, 29626, 30405, 31052,
       31287, 32599, 34193, 34257, 35074, 35519, 35932, 36060, 36177,
       36674, 38347, 38416, 38970, 39069, 39153, 39561, 39675, 39950,
       40194, 40588, 41500, 41797, 42086, 43419, 44785, 45629, 45754,
       46004, 46028, 47148, 47190, 47211, 47349, 47520, 47558, 48241,
       49456]), array([   47,   189,   191,   626,   667,   863,   964,  1003,  1047,
        1245,  1363,  1371,  2096,  2114,  2257,  2775,  3105,  3279,
        3392,  3501,  3535,  3708,  3871,  4534,  4816,  4914,  4935,
        4944,  5047,  5053,  5148,  5755,  6189,  6655,  6797,  6910,
        6922,  7422,  7667,  7946,  8118,  8201,  8246,  8385,  8973,
        9032,  9069,  9334,  9381,  9552,  9636,  9971, 10005, 10041,
       10236, 10358, 10377, 10704, 10863, 10877, 10884, 10983, 11221,
       11468, 11563, 11752, 11794, 11795, 11836, 12287, 12289, 12386,
       12553, 12624, 12649, 12683, 13230, 13238, 13446, 13453, 13457,
       13541, 13543, 13564, 13588, 13875, 13916, 14183, 14498, 14601,
       14739, 15042, 15297, 15469, 15520, 15888, 15994, 16220, 16303,
       16821, 16856, 16994, 17007, 17077, 17422, 17445, 17608, 17667,
       17698, 17853, 17928, 17983, 18033, 18269, 18366, 18479, 18531,
       18579, 18588, 18875, 18918, 18996, 19055, 19159, 19203, 19402,
       19530, 19545, 19873, 19942, 20092, 20142, 20299, 20443, 20546,
       20698, 20731, 20765, 20859, 20898, 20921, 20982, 21080, 21082,
       21167, 21256, 21323, 21677, 21681, 21729, 21915, 22550, 22947,
       23172, 23301, 23576, 23613, 23641, 23916, 23970, 24166, 24279,
       24339, 24438, 24516, 24655, 24760, 24819, 24870, 24934, 25136,
       25299, 25360, 25470, 25595, 25628, 25907, 25951, 25991, 26084,
       26186, 26269, 26394, 26402, 26650, 26975, 26984, 27360, 27416,
       27753, 27829, 27991, 28148, 28219, 28397, 28755, 28879, 29030,
       29082, 29109, 29259, 29283, 29592, 29606, 29626, 29681, 29766,
       29904, 30113, 30160, 30171, 30405, 30531, 30738, 30788, 31052,
       31208, 31342, 31495, 31624, 31769, 31990, 32250, 32297, 32599,
       32809, 32887, 33064, 33178, 33296, 33687, 33788, 34054, 34193,
       34257, 34266, 34679, 34935, 35002, 35074, 35128, 35255, 35257,
       35323, 35442, 35519, 35932, 36060, 36084, 36111, 36177, 36353,
       36401, 36411, 36429, 36524, 36583, 36674, 36809, 36938, 37731,
       37810, 37927, 37964, 38058, 38128, 38188, 38208, 38347, 38481,
       38654, 38720, 38970, 38995, 39069, 39071, 39153, 39198, 39229,
       39280, 39561, 39675, 39696, 39874, 39950, 40115, 40194, 40247,
       40583, 40588, 41021, 41179, 41308, 41425, 41500, 41522, 41654,
       41745, 41797, 42086, 42270, 42992, 43212, 43272, 43419, 43715,
       43781, 43999, 44260, 44345, 44369, 44506, 44714, 44715, 44785,
       44876, 45498, 45552, 45629, 45754, 45953, 45982, 46004, 46028,
       46249, 46525, 46561, 46702, 46719, 47065, 47148, 47184, 47190,
       47211, 47349, 47520, 47558, 47776, 47794, 47804, 47857, 47977,
       48114, 48241, 48420, 48519, 48612, 48696, 48846, 48881, 49236,
       49254, 49456, 49469]), array([   47,   189,   191,   626,   667,   964,  1003,  1047,  1245,
        1363,  1371,  1386,  1496,  2096,  2114,  2257,  2558,  2775,
        3105,  3392,  3501,  3708,  3871,  4237,  4255,  4534,  4816,
        4914,  4935,  4944,  5047,  5148,  5196,  5328,  5529,  5755,
        5880,  6189,  6655,  6797,  6910,  7302,  7422,  7946,  8118,
        8201,  8246,  8385,  8441,  8442,  8973,  9032,  9334,  9381,
        9552,  9636,  9971, 10005, 10041, 10236, 10358, 10377, 10704,
       10863, 10877, 10983, 11054, 11055, 11221, 11468, 11563, 11752,
       11794, 11795, 11836, 12287, 12289, 12374, 12553, 12624, 12649,
       12683, 12956, 12972, 13230, 13238, 13446, 13453, 13457, 13543,
       13564, 13588, 13875, 13916, 14183, 14293, 14498, 15297, 15469,
       15515, 15520, 15994, 16220, 16303, 16821, 16856, 16994, 17007,
       17077, 17305, 17413, 17422, 17608, 17928, 18033, 18366, 18414,
       18479, 18531, 18579, 18918, 19055, 19159, 19203, 19213, 19386,
       19402, 19477, 19530, 19545, 19625, 19835, 19873, 19942, 20142,
       20299, 20443, 20546, 20698, 20731, 20765, 20859, 20898, 20921,
       21043, 21080, 21082, 21167, 21256, 21323, 21677, 21681, 22550,
       22947, 23018, 23172, 23576, 23613, 23641, 23665, 23916, 23970,
       24166, 24207, 24315, 24339, 24438, 24516, 24655, 24760, 24870,
       24934, 25136, 25360, 25470, 25628, 25753, 25907, 25951, 25991,
       26084, 26186, 26269, 26394, 26402, 26408, 26650, 26792, 26894,
       26975, 27416, 27753, 27991, 28148, 28397, 28478, 28687, 28879,
       29030, 29082, 29109, 29202, 29259, 29283, 29592, 29606, 29626,
       29681, 29766, 29817, 30113, 30171, 30405, 30531, 30738, 30952,
       31052, 31208, 31342, 31495, 31763, 31769, 31990, 32250, 32297,
       32599, 32809, 32887, 33064, 33178, 33296, 33538, 33687, 33751,
       34054, 34193, 34257, 34266, 34395, 34679, 34935, 34999, 35002,
       35074, 35128, 35255, 35257, 35323, 35442, 35519, 35932, 36060,
       36084, 36111, 36177, 36353, 36401, 36429, 36583, 36674, 36809,
       36938, 37731, 37810, 37863, 37927, 37964, 38058, 38128, 38208,
       38347, 38654, 38720, 38875, 38995, 39069, 39071, 39153, 39198,
       39229, 39280, 39458, 39561, 39675, 39696, 39874, 39950, 40115,
       40194, 40247, 40257, 40588, 40628, 40823, 41021, 41179, 41308,
       41425, 41500, 41522, 41654, 41745, 41790, 41797, 42086, 42185,
       42525, 42580, 42953, 43212, 43272, 43419, 43715, 43781, 43999,
       44260, 44345, 44369, 44714, 44715, 44785, 44876, 45087, 45552,
       45582, 45629, 45754, 45953, 45982, 46004, 46028, 46209, 46249,
       46525, 46719, 47065, 47148, 47184, 47190, 47211, 47333, 47349,
       47520, 47558, 47605, 47750, 47776, 47794, 47804, 47857, 47981,
       48114, 48241, 48420, 48503, 48519, 48612, 48656, 48696, 48846,
       48881, 49159, 49236, 49248, 49254, 49469]), array([   47,   189,   626,   667,   964,  1047,  1071,  1245,  1363,
        1371,  1386,  1467,  1496,  2096,  2114,  2558,  2775,  3105,
        3392,  3501,  3708,  3871,  4196,  4534,  4816,  4914,  4935,
        5047,  5148,  5196,  5755,  6000,  6189,  6206,  6655,  6664,
        6797,  6910,  7302,  7422,  7946,  8118,  8201,  8246,  8341,
        8385,  8441,  8973,  9032,  9069,  9334,  9381,  9552,  9636,
        9971, 10005, 10041, 10236, 10358, 10377, 10704, 10863, 10877,
       10983, 11054, 11055, 11221, 11468, 11489, 11563, 11752, 11794,
       11795, 11836, 12287, 12289, 12374, 12553, 12624, 12649, 12683,
       13230, 13238, 13446, 13453, 13457, 13543, 13564, 13588, 13875,
       13916, 14137, 14183, 14293, 14498, 15297, 15469, 15515, 15520,
       15555, 15888, 15994, 16220, 16303, 16821, 16856, 16994, 17007,
       17077, 17305, 17445, 17608, 17853, 17928, 17983, 18033, 18269,
       18366, 18479, 18531, 18579, 18588, 18918, 19055, 19203, 19213,
       19386, 19402, 19477, 19530, 19545, 19625, 19835, 19873, 19942,
       20142, 20299, 20443, 20731, 20765, 20859, 20898, 20921, 21043,
       21080, 21082, 21167, 21256, 21323, 21677, 21681, 22550, 22947,
       23071, 23172, 23576, 23613, 23641, 23665, 23814, 23916, 23970,
       24166, 24207, 24339, 24438, 24516, 24655, 24760, 24819, 24870,
       24934, 25136, 25299, 25360, 25459, 25470, 25595, 25628, 25753,
       25907, 25951, 25991, 26084, 26186, 26269, 26394, 26402, 26408,
       26650, 26894, 26975, 26984, 27360, 27416, 27753, 27829, 27991,
       28148, 28219, 28274, 28397, 28687, 28755, 28879, 28965, 29030,
       29042, 29082, 29109, 29259, 29283, 29592, 29606, 29626, 29681,
       29766, 29817, 29904, 30113, 30171, 30405, 30531, 30619, 30738,
       30952, 31052, 31208, 31342, 31495, 31624, 31763, 31769, 31990,
       32250, 32297, 32599, 32809, 32887, 33064, 33178, 33296, 33538,
       33751, 34054, 34097, 34193, 34257, 34266, 34679, 34935, 34999,
       35002, 35074, 35128, 35209, 35255, 35323, 35442, 35519, 35932,
       36060, 36084, 36111, 36130, 36177, 36353, 36401, 36411, 36429,
       36583, 36674, 36809, 36938, 37731, 37810, 37863, 37927, 37964,
       38058, 38128, 38188, 38208, 38347, 38452, 38481, 38654, 38720,
       38866, 38995, 39069, 39071, 39153, 39198, 39229, 39280, 39458,
       39561, 39675, 39696, 39874, 39950, 40115, 40194, 40247, 40302,
       40588, 40628, 41021, 41179, 41308, 41425, 41500, 41522, 41654,
       41745, 41790, 41797, 42086, 42185, 42580, 42953, 43212, 43272,
       43419, 43781, 43999, 44260, 44345, 44369, 44506, 44714, 44715,
       44785, 44876, 45087, 45498, 45582, 45629, 45754, 45953, 45982,
       46004, 46028, 46249, 46525, 46561, 46702, 46719, 47065, 47148,
       47184, 47190, 47211, 47333, 47349, 47505, 47520, 47558, 47605,
       47750, 47776, 47794, 47857, 47977, 48114, 48241, 48271, 48420,
       48519, 48612, 48656, 48696, 48846, 48881, 49236, 49246, 49248,
       49254, 49461, 49469]), array([   47,   189,   191,   626,   667,   964,  1245,  1363,  1371,
        2096,  2114,  2775,  2795,  3105,  3392,  3501,  3871,  4237,
        4534,  4914,  4935,  5047,  5196,  5755,  6189,  6655,  6797,
        6910,  7302,  7422,  7946,  8118,  8201,  8246,  8385,  9032,
        9069,  9334,  9381,  9552,  9636,  9971, 10005, 10041, 10236,
       10358, 10377, 10704, 10863, 10877, 10983, 11054, 11055, 11221,
       11468, 11563, 11752, 11794, 11795, 12287, 12289, 12374, 12553,
       12624, 12649, 12683, 12956, 13238, 13446, 13453, 13457, 13543,
       13564, 13875, 13916, 14431, 14498, 15297, 15469, 15515, 15520,
       15994, 16220, 16303, 16821, 16856, 16994, 17007, 17077, 17608,
       17928, 18033, 18269, 18366, 18531, 18579, 19055, 19203, 19386,
       19402, 19530, 19625, 19873, 19942, 20299, 20765, 20859, 20898,
       20921, 21080, 21082, 21167, 21256, 21323, 21677, 21681, 21729,
       22550, 22947, 23018, 23172, 23576, 23613, 23916, 23970, 24166,
       24207, 24438, 24516, 24655, 24760, 24819, 24870, 24934, 25360,
       25470, 25628, 25753, 25907, 25951, 25991, 26084, 26186, 26269,
       26394, 26402, 26408, 26650, 26894, 26975, 27698, 27753, 27829,
       27991, 28148, 28219, 28397, 28879, 29030, 29042, 29082, 29109,
       29259, 29283, 29592, 29606, 29626, 29681, 29766, 29817, 29904,
       30113, 30171, 30405, 30531, 30952, 31052, 31495, 31763, 31769,
       31990, 32186, 32250, 32297, 32599, 32773, 32809, 32887, 33064,
       33296, 33538, 33687, 34054, 34097, 34193, 34257, 34266, 34679,
       34935, 35002, 35074, 35128, 35255, 35323, 35519, 35932, 36060,
       36084, 36111, 36177, 36353, 36401, 36429, 36583, 36674, 36809,
       36938, 37731, 37810, 37863, 37927, 37964, 38058, 38128, 38188,
       38208, 38347, 38452, 38654, 38720, 38995, 39069, 39071, 39153,
       39198, 39229, 39458, 39561, 39675, 39874, 39950, 40115, 40194,
       40247, 40588, 40628, 41021, 41308, 41425, 41500, 41522, 41654,
       41790, 41797, 42086, 42185, 42580, 42953, 43212, 43272, 43419,
       43781, 44260, 44345, 44714, 44715, 44785, 44876, 45087, 45629,
       45754, 45982, 46004, 46028, 46249, 46525, 46702, 46719, 47065,
       47148, 47184, 47190, 47211, 47333, 47349, 47505, 47520, 47558,
       47750, 47776, 47794, 48114, 48241, 48271, 48420, 48519, 48612,
       48696, 48846, 48881, 49159, 49254, 49461, 49469]), array([   47,   189,   626,   667,   964,  1245,  1363,  1371,  2096,
        2114,  2775,  3105,  3392,  3501,  3871,  4534,  4554,  4914,
        4935,  5047,  5196,  5755,  6189,  6655,  6797,  7422,  7946,
        8246,  9032,  9069,  9334,  9381,  9552,  9636,  9971, 10005,
       10041, 10236, 10358, 10377, 10704, 10863, 10983, 11054, 11055,
       11221, 11563, 11794, 11795, 12287, 12289, 12624, 12649, 12683,
       12956, 13238, 13446, 13453, 13457, 13543, 13564, 13588, 13875,
       13916, 14293, 14431, 14498, 15297, 15469, 15515, 15520, 15994,
       16220, 16303, 16821, 16856, 16994, 17077, 17305, 17413, 17608,
       17928, 18033, 18366, 18579, 19055, 19203, 19386, 19530, 19625,
       19873, 19942, 20299, 20765, 20859, 20898, 20921, 21080, 21082,
       21167, 21256, 21323, 21677, 21681, 22239, 22550, 22947, 23172,
       23576, 23613, 23970, 24166, 24207, 24438, 24516, 24655, 24760,
       24819, 24870, 24934, 25360, 25628, 25753, 25907, 25951, 26084,
       26186, 26269, 26394, 26402, 26408, 26650, 26792, 26975, 27416,
       27698, 27753, 28148, 28219, 28310, 28397, 28879, 29030, 29082,
       29109, 29259, 29283, 29606, 29626, 29681, 29766, 29817, 30113,
       30171, 30405, 30531, 31052, 31208, 31495, 31763, 31769, 31990,
       32250, 32297, 32599, 32809, 33064, 33687, 34054, 34097, 34193,
       34257, 34266, 34679, 34935, 35074, 35128, 35209, 35255, 35323,
       35519, 35932, 36060, 36084, 36111, 36177, 36353, 36401, 36429,
       36674, 36938, 37731, 37810, 37863, 37927, 37964, 38058, 38188,
       38208, 38347, 38452, 38654, 38720, 38995, 39069, 39071, 39153,
       39198, 39229, 39458, 39561, 39675, 39950, 40115, 40194, 40247,
       40588, 41021, 41209, 41308, 41425, 41500, 41522, 41654, 41745,
       41790, 42086, 42580, 42953, 43212, 43272, 43419, 43781, 44260,
       44345, 44714, 44715, 45087, 45582, 45754, 45953, 45982, 46004,
       46028, 46249, 46525, 46719, 46983, 47065, 47148, 47184, 47190,
       47211, 47349, 47520, 47558, 47750, 47776, 47794, 48114, 48241,
       48519, 48612, 48696, 48846, 48881, 49254, 49461, 49469]), array([   47,   189,   626,   667,   964,  1245,  1363,  1371,  1496,
        2114,  2775,  3105,  3392,  3501,  4237,  4534,  4935,  5047,
        5196,  5755,  6655,  7422,  8246,  8341,  9032,  9069,  9334,
        9381,  9552,  9636, 10005, 10041, 10236, 10377, 10704, 10826,
       10863, 10872, 10983, 11055, 11221, 11468, 11563, 11794, 12287,
       12289, 12374, 12624, 12649, 12683, 12956, 13238, 13446, 13457,
       13541, 13543, 13564, 13875, 13916, 14293, 14431, 14498, 15084,
       15297, 15469, 15515, 15520, 15994, 16220, 16303, 16856, 16994,
       17077, 17305, 17608, 17928, 18033, 18579, 19055, 19159, 19203,
       19386, 19530, 19625, 19873, 19942, 20142, 20299, 20731, 20765,
       20859, 20898, 20921, 21080, 21082, 21167, 21256, 21323, 21681,
       22239, 22550, 22947, 23172, 23576, 23613, 23956, 23970, 24166,
       24207, 24516, 24655, 24760, 24819, 24870, 24934, 25360, 25628,
       25753, 25907, 25951, 26084, 26186, 26269, 26394, 26402, 26408,
       26975, 27698, 27753, 27829, 27867, 28148, 28219, 28310, 28397,
       29082, 29109, 29259, 29283, 29606, 29626, 29681, 29766, 29817,
       30113, 30171, 30405, 31052, 31208, 31495, 31769, 31990, 32297,
       32599, 32809, 33064, 33538, 34054, 34097, 34193, 34257, 34266,
       34679, 34935, 35074, 35128, 35209, 35255, 35442, 35519, 35932,
       36060, 36084, 36111, 36177, 36353, 36429, 36583, 36674, 36938,
       37731, 37810, 37927, 37964, 38058, 38208, 38347, 38452, 38654,
       38720, 38995, 39069, 39071, 39153, 39198, 39229, 39280, 39561,
       39675, 39950, 40115, 40194, 40247, 40588, 41021, 41308, 41500,
       41522, 41790, 42086, 42580, 42953, 43212, 43272, 43419, 44260,
       44345, 44714, 44715, 45087, 45582, 45754, 45982, 46004, 46028,
       46249, 46525, 46719, 46983, 47065, 47148, 47184, 47211, 47349,
       47505, 47520, 47558, 47750, 47776, 47794, 48114, 48241, 48519,
       48696, 48881, 49159, 49254, 49461, 49469]), array([   47,   189,   667,   964,  1245,  1363,  1371,  2114,  2775,
        3105,  3392,  3501,  4534,  4935,  5755,  6189,  6655,  6797,
        7422,  8246,  9032,  9069,  9334,  9381,  9552,  9636, 10005,
       10041, 10236, 10377, 10704, 10863, 10983, 11221, 11563, 11794,
       12287, 12289, 12374, 12624, 12649, 12956, 13238, 13446, 13453,
       13457, 13543, 13564, 13875, 13916, 14431, 14498, 15297, 15469,
       15515, 15520, 15994, 16220, 16303, 16821, 16856, 16994, 17077,
       17305, 17608, 17928, 18033, 18579, 19055, 19203, 19213, 19530,
       19625, 19873, 19942, 20142, 20299, 20765, 20859, 20898, 20921,
       21080, 21082, 21167, 21323, 21681, 22239, 22550, 22947, 23172,
       23576, 23613, 23970, 24207, 24516, 24655, 24760, 24870, 24934,
       25360, 25628, 25753, 25907, 25951, 25991, 26084, 26186, 26269,
       26394, 26402, 26408, 26975, 27698, 28310, 28397, 29030, 29082,
       29109, 29259, 29283, 29606, 29626, 29681, 29766, 30113, 30171,
       30405, 30952, 31052, 31495, 31990, 32297, 32599, 32809, 33064,
       33178, 33538, 34054, 34193, 34257, 34266, 34679, 34935, 35074,
       35128, 35209, 35519, 36084, 36177, 36353, 36429, 36583, 36938,
       37731, 37810, 37927, 37964, 38058, 38347, 38452, 38654, 38720,
       38995, 39069, 39071, 39153, 39198, 39229, 39458, 39561, 39675,
       39950, 40115, 40194, 40247, 40588, 40628, 41021, 41308, 41500,
       41522, 41654, 41790, 42086, 42580, 42953, 43212, 43272, 43419,
       44260, 44345, 44714, 44715, 45087, 45582, 45754, 45982, 46004,
       46028, 46249, 46525, 46719, 46983, 47148, 47184, 47211, 47349,
       47505, 47520, 47558, 47750, 48114, 48241, 48420, 48519, 48696,
       48881, 49254, 49469]), array([   47,   189,   964,  1245,  1371,  2775,  2795,  3105,  3392,
        3501,  4534,  4935,  5755,  7422,  8246,  9032,  9334,  9381,
        9552, 10005, 10041, 10236, 10377, 10704, 10863, 10872, 11054,
       11221, 11563, 11794, 12287, 12289, 12374, 12624, 12649, 13238,
       13446, 13457, 13543, 13875, 13916, 15297, 15469, 15994, 16220,
       16303, 16821, 16856, 16994, 17305, 17608, 17928, 18033, 18579,
       19055, 19203, 19530, 19625, 19873, 19942, 20765, 20859, 20898,
       21080, 21256, 21323, 21681, 22239, 22550, 22947, 23172, 23613,
       24207, 24516, 24655, 24760, 24870, 24934, 25360, 25628, 25907,
       25951, 26186, 26269, 26394, 26402, 26975, 27698, 28397, 29082,
       29109, 29259, 29606, 29681, 29766, 30113, 30171, 30405, 31052,
       31495, 31763, 31990, 32297, 32599, 32809, 33064, 33538, 34054,
       34193, 34257, 34266, 34935, 34999, 35074, 35128, 35209, 35519,
       35932, 36084, 36177, 36353, 36429, 36674, 37810, 37927, 37964,
       38058, 38347, 38452, 38654, 38995, 39069, 39071, 39153, 39229,
       39561, 39675, 39950, 40115, 40194, 40588, 41021, 41308, 41500,
       41522, 41790, 42086, 42580, 42953, 43212, 43272, 43419, 44260,
       44345, 44714, 44715, 45087, 45754, 45982, 46004, 46028, 46249,
       46525, 47184, 47211, 47349, 47520, 47558, 47750, 48114, 48696,
       48846, 48881, 49469]), array([   47,   189,   350,   626,   667,   787,   964,  1047,  1245,
        1363,  1371,  1386,  1496,  2096,  2114,  2558,  2775,  2795,
        2797,  2984,  3105,  3392,  3501,  3871,  4196,  4237,  4392,
        4534,  4554,  4804,  4914,  4935,  5047,  5196,  5755,  6000,
        6189,  6655,  6797,  6910,  7302,  7422,  8201,  8246,  8341,
        8385,  9032,  9069,  9334,  9381,  9552,  9636,  9945,  9971,
       10005, 10041, 10236, 10358, 10377, 10704, 10826, 10863, 10872,
       10971, 10983, 11054, 11055, 11156, 11221, 11489, 11518, 11563,
       11794, 11795, 12287, 12289, 12374, 12553, 12624, 12649, 13238,
       13446, 13453, 13457, 13541, 13543, 13564, 13875, 13916, 14015,
       14293, 14431, 14533, 15297, 15469, 15515, 15520, 15555, 15967,
       15994, 16220, 16303, 16529, 16821, 16856, 16994, 17007, 17077,
       17217, 17305, 17608, 17928, 17983, 18033, 18366, 18479, 18531,
       18579, 19055, 19159, 19203, 19213, 19386, 19511, 19530, 19625,
       19835, 19873, 19942, 20142, 20299, 20443, 20731, 20765, 20859,
       20898, 20921, 21043, 21080, 21082, 21167, 21256, 21323, 21681,
       21729, 22239, 22550, 22947, 23071, 23172, 23576, 23613, 23970,
       24166, 24207, 24438, 24516, 24655, 24733, 24760, 24819, 24870,
       24934, 25299, 25308, 25360, 25595, 25628, 25753, 25907, 25951,
       25991, 26084, 26093, 26186, 26269, 26394, 26402, 26408, 26650,
       26792, 26894, 26975, 26984, 27360, 27416, 27698, 27753, 27829,
       27867, 27991, 28130, 28148, 28219, 28310, 28397, 28879, 28965,
       29030, 29042, 29082, 29109, 29259, 29283, 29606, 29626, 29681,
       29766, 29817, 29904, 30113, 30171, 30405, 30531, 30952, 31052,
       31107, 31208, 31342, 31495, 31608, 31763, 31769, 31990, 32186,
       32250, 32297, 32599, 32773, 32809, 33064, 33178, 33538, 34054,
       34097, 34193, 34257, 34266, 34288, 34679, 34935, 34999, 35002,
       35074, 35128, 35209, 35442, 35519, 35932, 36060, 36084, 36111,
       36177, 36353, 36429, 36569, 36583, 36674, 36938, 37289, 37731,
       37810, 37863, 37927, 37964, 38058, 38117, 38347, 38452, 38654,
       38720, 38875, 38995, 39069, 39071, 39153, 39198, 39229, 39280,
       39458, 39561, 39675, 39950, 40115, 40194, 40247, 40588, 40628,
       41021, 41179, 41308, 41425, 41453, 41500, 41522, 41654, 41745,
       41790, 41797, 41818, 42086, 42185, 42525, 42580, 42953, 43074,
       43212, 43272, 43419, 43654, 44260, 44329, 44345, 44714, 44715,
       44876, 45087, 45184, 45329, 45582, 45739, 45754, 45953, 45982,
       46004, 46028, 46249, 46525, 46561, 46719, 47065, 47148, 47184,
       47211, 47349, 47505, 47520, 47558, 47750, 47776, 47794, 47857,
       48114, 48241, 48271, 48387, 48392, 48420, 48503, 48519, 48612,
       48656, 48696, 48713, 48846, 48881, 48972, 49159, 49246, 49254,
       49461, 49469])]
