training accuracy when lambda=0.2
[0.6011, 0.74512, 0.77274, 0.79256, 0.80064, 0.80946, 0.81638, 0.8224, 0.82546, 0.83338, 0.8337, 0.83744, 0.84304, 0.84358, 0.84846, 0.84794, 0.85042, 0.8516, 0.85664, 0.85646, 0.85788, 0.85748, 0.85984, 0.86226, 0.8615, 0.86316, 0.86332, 0.8642, 0.865, 0.86568, 0.86546, 0.86406, 0.86544, 0.86662, 0.8663, 0.86664, 0.86588, 0.86556, 0.86626, 0.86558, 0.86626, 0.86556, 0.86384, 0.86556, 0.86684, 0.86458, 0.8664, 0.86516, 0.86424, 0.865]
test accuracy when lambda=0.2
[0.4975, 0.5178, 0.531, 0.5333, 0.5356, 0.5335, 0.5369, 0.5355, 0.5325, 0.5373, 0.5394, 0.5372, 0.5371, 0.5374, 0.538, 0.5369, 0.5347, 0.537, 0.5367, 0.5364, 0.5397, 0.5365, 0.5388, 0.5379, 0.5374, 0.537, 0.539, 0.5392, 0.5383, 0.5371, 0.5393, 0.5342, 0.5374, 0.5362, 0.5386, 0.5345, 0.5403, 0.5385, 0.5346, 0.5338, 0.5333, 0.5354, 0.5405, 0.535, 0.5361, 0.5361, 0.5331, 0.5357, 0.5352, 0.5355]
training accuracy when lambda=0.25
[0.58952, 0.71936, 0.753, 0.76814, 0.78006, 0.78758, 0.79394, 0.7993, 0.80548, 0.81026, 0.81112, 0.8172, 0.82046, 0.82276, 0.82418, 0.826, 0.82914, 0.82964, 0.83062, 0.8331, 0.8337, 0.83408, 0.83562, 0.83658, 0.83596, 0.83732, 0.84064, 0.83824, 0.83722, 0.83558, 0.84004, 0.8378, 0.83788, 0.83884, 0.83672, 0.83692, 0.83698, 0.83566, 0.83864, 0.83432, 0.83446, 0.83492, 0.83512, 0.83586, 0.83206, 0.83332, 0.8337, 0.8339, 0.82956, 0.82828]
test accuracy when lambda=0.25
[0.4945, 0.5154, 0.523, 0.5232, 0.5254, 0.5281, 0.5345, 0.5332, 0.5311, 0.5382, 0.5321, 0.5304, 0.5352, 0.5387, 0.537, 0.5352, 0.5378, 0.5314, 0.536, 0.538, 0.5359, 0.5325, 0.5332, 0.5328, 0.5332, 0.5312, 0.5317, 0.5372, 0.5295, 0.5304, 0.5337, 0.5321, 0.5294, 0.5319, 0.5312, 0.5329, 0.5303, 0.5315, 0.5313, 0.5309, 0.5285, 0.5288, 0.5342, 0.5308, 0.5273, 0.5297, 0.5297, 0.531, 0.5269, 0.5279]
training accuracy when lambda=0.3
[0.55814, 0.68904, 0.71796, 0.7309, 0.74176, 0.74962, 0.7533, 0.75974, 0.76452, 0.76714, 0.77256, 0.77524, 0.77752, 0.7788, 0.78106, 0.78454, 0.78358, 0.788, 0.78908, 0.78956, 0.78948, 0.79074, 0.79124, 0.7931, 0.79156, 0.79172, 0.79348, 0.79458, 0.79394, 0.7916, 0.79332, 0.79358, 0.79358, 0.79258, 0.79176, 0.79188, 0.79016, 0.78846, 0.79064, 0.78786, 0.7861, 0.78998, 0.78408, 0.785, 0.78488, 0.78502, 0.78524, 0.78652, 0.78622, 0.7826]
test accuracy when lambda=0.3
[0.5044, 0.5223, 0.5311, 0.5339, 0.5331, 0.5362, 0.536, 0.5341, 0.5377, 0.5329, 0.5326, 0.5355, 0.5367, 0.5341, 0.5332, 0.531, 0.5316, 0.534, 0.5334, 0.5334, 0.5337, 0.533, 0.5296, 0.5282, 0.5279, 0.5279, 0.5275, 0.5286, 0.5249, 0.5281, 0.5257, 0.524, 0.5231, 0.5249, 0.5238, 0.5196, 0.5235, 0.5218, 0.5226, 0.5209, 0.521, 0.5228, 0.5221, 0.5223, 0.5219, 0.5211, 0.5194, 0.5216, 0.5171, 0.5191]
training accuracy when lambda=0.35
[0.51154, 0.62192, 0.6448, 0.65826, 0.6653, 0.67434, 0.67686, 0.6841, 0.6872, 0.69088, 0.69232, 0.6947, 0.69838, 0.7024, 0.70228, 0.70518, 0.70562, 0.70824, 0.7096, 0.7106, 0.71286, 0.71312, 0.71448, 0.71626, 0.71618, 0.7192, 0.71592, 0.71604, 0.71478, 0.71426, 0.71796, 0.71536, 0.71484, 0.71494, 0.71626, 0.71546, 0.7173, 0.71692, 0.71506, 0.7144, 0.71806, 0.71462, 0.71428, 0.71452, 0.71462, 0.71426, 0.71418, 0.71434, 0.71122, 0.70912]
test accuracy when lambda=0.35
[0.5002, 0.519, 0.5213, 0.5317, 0.525, 0.5336, 0.5366, 0.5317, 0.527, 0.5283, 0.5297, 0.5281, 0.5268, 0.5313, 0.5334, 0.5303, 0.5269, 0.5275, 0.5318, 0.5259, 0.5266, 0.5253, 0.5257, 0.5251, 0.5257, 0.5229, 0.5247, 0.5206, 0.5182, 0.5188, 0.5199, 0.5165, 0.5157, 0.5172, 0.518, 0.5165, 0.516, 0.5169, 0.5122, 0.5087, 0.5145, 0.5163, 0.5131, 0.5089, 0.5101, 0.5083, 0.5085, 0.5109, 0.5109, 0.5101]
training accuracy when lambda=0.4
[0.43734, 0.52768, 0.54742, 0.55752, 0.56398, 0.56906, 0.5732, 0.5767, 0.58032, 0.5845, 0.587, 0.5893, 0.59322, 0.59606, 0.59856, 0.6008, 0.60234, 0.6072, 0.60844, 0.61214, 0.61408, 0.61626, 0.61692, 0.61644, 0.62082, 0.62236, 0.62394, 0.62588, 0.62756, 0.6287, 0.62698, 0.62742, 0.62978, 0.63284, 0.6296, 0.6312, 0.63096, 0.63172, 0.6333, 0.63212, 0.63148, 0.6366, 0.6353, 0.63524, 0.63448, 0.63552, 0.63322, 0.6374, 0.63608, 0.63858]
test accuracy when lambda=0.4
[0.4939, 0.5048, 0.5195, 0.5161, 0.5268, 0.5223, 0.5233, 0.5257, 0.5275, 0.5276, 0.5267, 0.5216, 0.5225, 0.5219, 0.5201, 0.5179, 0.5188, 0.516, 0.5157, 0.5106, 0.5138, 0.509, 0.5151, 0.5095, 0.5118, 0.5084, 0.5073, 0.5053, 0.5032, 0.5049, 0.5008, 0.5016, 0.5065, 0.5035, 0.5011, 0.4984, 0.5036, 0.4955, 0.4969, 0.4972, 0.5001, 0.4995, 0.4997, 0.4961, 0.4991, 0.497, 0.5005, 0.4933, 0.4968, 0.5021]
training accuracy when lambda=0.45
[0.35094, 0.41298, 0.42528, 0.42962, 0.4363, 0.43998, 0.44332, 0.44916, 0.45188, 0.45398, 0.4594, 0.46218, 0.46616, 0.47024, 0.4742, 0.48026, 0.48316, 0.48876, 0.49402, 0.49596, 0.49966, 0.50702, 0.50976, 0.51398, 0.51676, 0.52064, 0.52354, 0.5311, 0.53162, 0.53262, 0.5377, 0.53772, 0.54306, 0.5468, 0.54766, 0.55068, 0.55252, 0.55366, 0.55518, 0.55614, 0.55752, 0.55946, 0.56046, 0.56562, 0.56712, 0.56756, 0.5689, 0.57194, 0.57084, 0.5734]
test accuracy when lambda=0.45
[0.4848, 0.5045, 0.5157, 0.5211, 0.5233, 0.5222, 0.5181, 0.5219, 0.5209, 0.5189, 0.5194, 0.5174, 0.5169, 0.5163, 0.5151, 0.5096, 0.5118, 0.5083, 0.5114, 0.5056, 0.5039, 0.5054, 0.5082, 0.5007, 0.4979, 0.4955, 0.4932, 0.4979, 0.4936, 0.4944, 0.4926, 0.4933, 0.4914, 0.4887, 0.4938, 0.4919, 0.4834, 0.4834, 0.4824, 0.4831, 0.4842, 0.4872, 0.4826, 0.4842, 0.4846, 0.4823, 0.4836, 0.4783, 0.4778, 0.4802]
training accuracy when lambda=0.5
[0.08912, 0.0867, 0.08766, 0.0902, 0.09494, 0.09848, 0.10174, 0.1057, 0.11098, 0.11356, 0.11958, 0.12532, 0.13054, 0.13746, 0.14596, 0.15568, 0.16486, 0.17362, 0.1848, 0.19562, 0.20656, 0.218, 0.22898, 0.2392, 0.24646, 0.25994, 0.27004, 0.2809, 0.28638, 0.29692, 0.30366, 0.31654, 0.32036, 0.32892, 0.33462, 0.34204, 0.34852, 0.35634, 0.3639, 0.366, 0.37342, 0.379, 0.38272, 0.38892, 0.38838, 0.39736, 0.40148, 0.40506, 0.41038, 0.4146]
test accuracy when lambda=0.5
[0.4726, 0.502, 0.5093, 0.5066, 0.5155, 0.5129, 0.5101, 0.5103, 0.511, 0.5076, 0.5061, 0.5052, 0.5025, 0.4992, 0.4972, 0.4978, 0.4988, 0.4932, 0.4896, 0.4855, 0.488, 0.4765, 0.4818, 0.4796, 0.4767, 0.4779, 0.4734, 0.474, 0.4678, 0.4718, 0.4699, 0.4732, 0.4675, 0.4659, 0.47, 0.4642, 0.465, 0.4608, 0.4626, 0.4648, 0.464, 0.4635, 0.4653, 0.4659, 0.4608, 0.4614, 0.4655, 0.4664, 0.4638, 0.4642]
training accuracy when lambda=0.55
[0.0864, 0.08534, 0.08748, 0.08932, 0.09374, 0.0973, 0.10084, 0.10504, 0.1108, 0.11728, 0.12314, 0.13098, 0.14072, 0.15286, 0.16236, 0.17512, 0.18766, 0.20568, 0.21848, 0.23048, 0.24778, 0.26176, 0.27412, 0.28792, 0.30024, 0.31524, 0.32418, 0.33738, 0.34852, 0.359, 0.36694, 0.3789, 0.3888, 0.39368, 0.39956, 0.40912, 0.41672, 0.4243, 0.43052, 0.43636, 0.4419, 0.44862, 0.45468, 0.45902, 0.46424, 0.46866, 0.47248, 0.47394, 0.48046, 0.48772]
test accuracy when lambda=0.55
[0.4656, 0.4885, 0.5011, 0.5028, 0.5061, 0.5015, 0.5073, 0.4992, 0.5018, 0.5041, 0.506, 0.503, 0.4937, 0.4906, 0.4864, 0.4823, 0.4766, 0.4767, 0.4722, 0.4714, 0.4618, 0.4554, 0.4576, 0.4588, 0.4536, 0.4559, 0.4518, 0.449, 0.4518, 0.446, 0.4424, 0.4427, 0.4524, 0.4484, 0.446, 0.4377, 0.443, 0.4431, 0.4414, 0.4386, 0.4452, 0.4384, 0.4447, 0.4401, 0.442, 0.4388, 0.4451, 0.4473, 0.4418, 0.4408]
training accuracy when lambda=0.6
[0.08596, 0.0864, 0.0887, 0.09106, 0.09406, 0.09976, 0.10556, 0.11062, 0.1167, 0.12466, 0.13438, 0.14516, 0.15866, 0.17312, 0.18994, 0.20554, 0.223, 0.2425, 0.26146, 0.27518, 0.29436, 0.31078, 0.3256, 0.3398, 0.3578, 0.3713, 0.38472, 0.39322, 0.40818, 0.4168, 0.4295, 0.43676, 0.44976, 0.45582, 0.46546, 0.47304, 0.48082, 0.48502, 0.49024, 0.50244, 0.50808, 0.5147, 0.5173, 0.52628, 0.5232, 0.53474, 0.54128, 0.54496, 0.55104, 0.55094]
test accuracy when lambda=0.6
[0.4485, 0.476, 0.4849, 0.4963, 0.4992, 0.4906, 0.4896, 0.5019, 0.4921, 0.4923, 0.4863, 0.4818, 0.4741, 0.4708, 0.4681, 0.4677, 0.4605, 0.4526, 0.4498, 0.4464, 0.4423, 0.4417, 0.4355, 0.431, 0.4361, 0.4295, 0.4266, 0.4343, 0.4264, 0.4237, 0.4286, 0.4216, 0.4225, 0.4187, 0.4215, 0.4245, 0.425, 0.4198, 0.4212, 0.4169, 0.4228, 0.422, 0.4185, 0.4149, 0.4175, 0.4155, 0.4196, 0.4204, 0.4133, 0.4223]
training accuracy when lambda=0.65
[0.08674, 0.08656, 0.08942, 0.09218, 0.0965, 0.10136, 0.10846, 0.11418, 0.12512, 0.13718, 0.15174, 0.16646, 0.1854, 0.20432, 0.22546, 0.24854, 0.26916, 0.28814, 0.31194, 0.32948, 0.35122, 0.36698, 0.38328, 0.40242, 0.41578, 0.43266, 0.44392, 0.4553, 0.46684, 0.47742, 0.49002, 0.49812, 0.51142, 0.52012, 0.5252, 0.5334, 0.53958, 0.55224, 0.5584, 0.56076, 0.57, 0.57178, 0.57708, 0.58698, 0.59074, 0.59538, 0.60028, 0.60364, 0.61094, 0.6114]
test accuracy when lambda=0.65
[0.4329, 0.4692, 0.4807, 0.4807, 0.4856, 0.4858, 0.4797, 0.4793, 0.4823, 0.4686, 0.4631, 0.4546, 0.4543, 0.4463, 0.4347, 0.4256, 0.4245, 0.4164, 0.4025, 0.4063, 0.4081, 0.3986, 0.4007, 0.4001, 0.3926, 0.392, 0.3945, 0.3918, 0.3854, 0.3858, 0.3903, 0.3918, 0.3871, 0.3864, 0.3867, 0.3872, 0.3877, 0.3906, 0.3901, 0.3808, 0.3856, 0.385, 0.3938, 0.3874, 0.3852, 0.3839, 0.3871, 0.384, 0.3932, 0.3932]
training accuracy when lambda=0.7
[0.08856, 0.0868, 0.08962, 0.0937, 0.09836, 0.1045, 0.11336, 0.1227, 0.13692, 0.1549, 0.16996, 0.19428, 0.21548, 0.24278, 0.26964, 0.29544, 0.31496, 0.33924, 0.36252, 0.3831, 0.40334, 0.42204, 0.44126, 0.45846, 0.47142, 0.48526, 0.49902, 0.5127, 0.52702, 0.53764, 0.54952, 0.55482, 0.56628, 0.57528, 0.58486, 0.59228, 0.60048, 0.60904, 0.61352, 0.619, 0.62674, 0.62986, 0.63996, 0.64394, 0.64866, 0.65036, 0.6524, 0.66264, 0.6622, 0.66548]
test accuracy when lambda=0.7
[0.4122, 0.4465, 0.4573, 0.4678, 0.4709, 0.4628, 0.4593, 0.4601, 0.4443, 0.4416, 0.4152, 0.406, 0.4054, 0.3982, 0.3896, 0.3789, 0.37, 0.3668, 0.364, 0.3601, 0.3546, 0.3555, 0.3504, 0.3508, 0.3492, 0.3495, 0.343, 0.3476, 0.3459, 0.3465, 0.3511, 0.3444, 0.3463, 0.35, 0.3436, 0.3465, 0.341, 0.3434, 0.3505, 0.3483, 0.3469, 0.3405, 0.3488, 0.3506, 0.3487, 0.3473, 0.3472, 0.3498, 0.3545, 0.3577]
training accuracy when lambda=0.75
[0.09146, 0.08868, 0.09196, 0.09496, 0.09856, 0.10678, 0.11754, 0.13162, 0.14462, 0.1669, 0.18932, 0.21742, 0.24274, 0.2669, 0.29406, 0.3239, 0.35242, 0.37864, 0.39954, 0.41968, 0.43972, 0.46156, 0.4835, 0.49506, 0.52028, 0.53456, 0.54268, 0.56088, 0.5713, 0.58508, 0.59336, 0.59806, 0.60966, 0.61994, 0.62932, 0.6374, 0.64512, 0.64984, 0.65812, 0.66418, 0.67156, 0.67312, 0.68284, 0.69002, 0.69332, 0.69882, 0.69898, 0.70466, 0.70958, 0.7114]
test accuracy when lambda=0.75
[0.3616, 0.4258, 0.4325, 0.437, 0.4474, 0.4513, 0.4332, 0.4274, 0.4155, 0.3998, 0.3785, 0.3649, 0.3416, 0.3432, 0.3407, 0.3198, 0.3241, 0.3107, 0.3092, 0.3064, 0.307, 0.2933, 0.3059, 0.2985, 0.2978, 0.3059, 0.2983, 0.2971, 0.3038, 0.3035, 0.3013, 0.3066, 0.2995, 0.3035, 0.3011, 0.306, 0.3049, 0.31, 0.3073, 0.306, 0.3158, 0.3101, 0.3121, 0.3141, 0.3102, 0.3108, 0.3121, 0.3164, 0.3167, 0.3158]
training accuracy when lambda=0.8
[0.09312, 0.09078, 0.09254, 0.09544, 0.1007, 0.1096, 0.12098, 0.13698, 0.15692, 0.1793, 0.20942, 0.23594, 0.26728, 0.29672, 0.33034, 0.35738, 0.3873, 0.41122, 0.43736, 0.4597, 0.48086, 0.49974, 0.52058, 0.5355, 0.55568, 0.572, 0.58088, 0.59744, 0.60662, 0.62048, 0.63048, 0.6407, 0.64926, 0.65806, 0.66836, 0.67656, 0.68014, 0.69412, 0.69692, 0.70132, 0.70628, 0.71472, 0.71772, 0.72736, 0.7316, 0.73466, 0.73896, 0.7399, 0.7487, 0.74944]
test accuracy when lambda=0.8
[0.3343, 0.3862, 0.4277, 0.4124, 0.4236, 0.4196, 0.4001, 0.3669, 0.3667, 0.3449, 0.3138, 0.301, 0.2874, 0.2785, 0.2636, 0.2617, 0.2588, 0.2482, 0.2348, 0.2437, 0.2404, 0.2332, 0.2387, 0.2422, 0.2368, 0.2474, 0.235, 0.2418, 0.2373, 0.2394, 0.2348, 0.2451, 0.2427, 0.246, 0.2472, 0.2422, 0.249, 0.254, 0.2494, 0.2523, 0.2498, 0.2504, 0.2534, 0.2502, 0.2618, 0.2578, 0.2584, 0.2515, 0.2565, 0.2596]
training accuracy when lambda=0.85
[0.09376, 0.09156, 0.09274, 0.09468, 0.09928, 0.10878, 0.12092, 0.13666, 0.1564, 0.18372, 0.2147, 0.2422, 0.27338, 0.30476, 0.33552, 0.36178, 0.39502, 0.42112, 0.44996, 0.47226, 0.49672, 0.51748, 0.5366, 0.55694, 0.57606, 0.591, 0.606, 0.62154, 0.63222, 0.64094, 0.65734, 0.66586, 0.6733, 0.68504, 0.69276, 0.69932, 0.70978, 0.7173, 0.72594, 0.7263, 0.73788, 0.74176, 0.748, 0.7518, 0.75666, 0.76182, 0.76616, 0.76964, 0.77112, 0.77772]
test accuracy when lambda=0.85
[0.2758, 0.3435, 0.3533, 0.3632, 0.3667, 0.3462, 0.3482, 0.3235, 0.3002, 0.2711, 0.2512, 0.2553, 0.2169, 0.2224, 0.1973, 0.1964, 0.192, 0.1856, 0.1848, 0.1861, 0.1857, 0.1852, 0.1785, 0.1782, 0.1884, 0.1848, 0.1757, 0.1866, 0.1856, 0.1927, 0.1866, 0.19, 0.191, 0.1896, 0.1936, 0.2034, 0.1966, 0.1985, 0.199, 0.1999, 0.1993, 0.2031, 0.2087, 0.2105, 0.2041, 0.2057, 0.2078, 0.2077, 0.2111, 0.2108]
training accuracy when lambda=0.9
[0.09894, 0.09796, 0.09572, 0.0969, 0.09762, 0.10166, 0.10768, 0.1196, 0.1291, 0.14636, 0.16696, 0.18738, 0.21282, 0.23906, 0.26792, 0.29934, 0.3267, 0.35432, 0.38432, 0.41052, 0.43644, 0.45974, 0.48396, 0.50694, 0.52822, 0.54338, 0.56368, 0.57906, 0.59256, 0.60944, 0.62318, 0.6331, 0.64274, 0.65166, 0.66194, 0.67374, 0.68622, 0.68986, 0.70142, 0.70452, 0.70974, 0.71938, 0.72482, 0.73248, 0.73924, 0.74364, 0.74872, 0.75364, 0.75912, 0.76596]
test accuracy when lambda=0.9
[0.1206, 0.2362, 0.2463, 0.242, 0.2579, 0.2558, 0.2644, 0.2404, 0.2449, 0.2161, 0.1973, 0.1691, 0.1605, 0.1545, 0.1517, 0.1556, 0.14, 0.1389, 0.14, 0.1415, 0.1329, 0.1372, 0.1388, 0.1345, 0.1411, 0.1351, 0.1394, 0.1357, 0.1386, 0.1386, 0.1392, 0.141, 0.1407, 0.1445, 0.1346, 0.1358, 0.1415, 0.1437, 0.1451, 0.15, 0.1444, 0.1461, 0.1481, 0.1545, 0.1476, 0.156, 0.1484, 0.1478, 0.1491, 0.1493]
training accuracy when lambda=0.95
[0.0985, 0.10196, 0.1009, 0.10294, 0.10318, 0.1078, 0.10916, 0.11538, 0.12454, 0.13238, 0.14702, 0.1615, 0.17888, 0.19832, 0.22184, 0.25146, 0.27452, 0.30302, 0.32604, 0.35342, 0.37838, 0.40496, 0.42314, 0.44682, 0.46724, 0.48698, 0.5022, 0.51922, 0.53852, 0.55246, 0.56618, 0.58506, 0.59444, 0.60674, 0.61816, 0.62644, 0.6349, 0.6495, 0.65692, 0.66658, 0.67552, 0.684, 0.68858, 0.6962, 0.70556, 0.70826, 0.71542, 0.72168, 0.72704, 0.7319]
test accuracy when lambda=0.95
[0.1075, 0.1004, 0.1225, 0.0877, 0.1018, 0.098, 0.0982, 0.1013, 0.0983, 0.0961, 0.0986, 0.0985, 0.0974, 0.0958, 0.0908, 0.0953, 0.09, 0.0937, 0.0908, 0.0937, 0.0917, 0.0938, 0.091, 0.0863, 0.0923, 0.0914, 0.0949, 0.096, 0.0901, 0.0978, 0.0977, 0.0956, 0.0986, 0.0978, 0.0973, 0.0981, 0.0987, 0.0992, 0.0987, 0.1054, 0.1011, 0.1052, 0.1007, 0.1022, 0.1026, 0.1044, 0.1021, 0.11, 0.1086, 0.1076]
