[array([   43,   133,   140,   171,   255,   740,   788,   947,  1116,
        1126,  1357,  1526,  1568,  1716,  1877,  1888,  1901,  2084,
        2342,  2382,  2431,  2544,  2592,  2702,  2818,  3058,  3254,
        3581,  3990,  4042,  4151,  4180,  4221,  4248,  4320,  4465,
        4513,  4541,  4548,  4645,  4821,  4854,  5219,  5226,  5267,
        5399,  5447,  5485,  5513,  5569,  5608,  5719,  5732,  5769,
        5891,  6092,  6221,  6241,  6401,  6454,  6476,  6618,  6676,
        6695,  6700,  6758,  6772,  6925,  7203,  7260,  7493,  7727,
        7861,  7984,  8155,  8233,  8277,  8326,  8523,  8535,  8568,
        8574,  8797,  8981,  9116,  9143,  9179,  9455,  9943,  9980,
       10029, 10207, 10522, 10778, 11302, 11320, 11461, 11465, 11496,
       11924, 12107, 12410, 12452, 12492, 12537, 12600, 12616, 12719,
       12722, 12903, 12969, 13048, 13242, 13248, 13251, 13317, 13357,
       13514, 13753, 13820, 13943, 13954, 14053, 14111, 14174, 14268,
       14282, 14283, 14535, 14774, 14829, 14965, 15026, 15139, 15175,
       15179, 15233, 15301, 15323, 15571, 15663, 15716, 16006, 16032,
       16063, 16297, 16334, 16387, 16494, 16496, 16682, 16769, 16897,
       17086, 17200, 17231, 17234, 17343, 17396, 17441, 17573, 17624,
       17689, 17728, 17834, 17848, 18231, 18384, 18741, 18924, 19065,
       19217, 19231, 19398, 19598, 19617, 19971, 20165, 20269, 20372,
       20570, 21120, 21183, 21211, 21264, 21376, 21394, 21491, 21560,
       21650, 22095, 22112, 22288, 22367, 22382, 22435, 22444, 22558,
       22706, 22900, 22931, 22950, 23010, 23068, 23072, 23094, 23270,
       23324, 23347, 23353, 23436, 23552, 23602, 23661, 23726, 23808,
       23810, 24288, 24731, 25082, 25531, 25588, 25636, 25770, 25844,
       25933, 25986, 26052, 26129, 26345, 26643, 26949, 26962, 27374,
       27491, 27552, 27626, 27764, 27859, 28097, 28236, 28298, 28429,
       28511, 28522, 28603, 28723, 29007, 29025, 29155, 29193, 29258,
       29328, 29370, 29690, 29703, 29787, 29877, 29896, 30170, 30244,
       30563, 30615, 31046, 31150, 31155, 31173, 31340, 31468, 31709,
       31959, 31973, 32093, 32330, 32743, 32818, 32916, 33056, 33142,
       33179, 33242, 33512, 33802, 33812, 33911, 34117, 34230, 34231,
       34239, 34545, 34560, 34673, 34751, 34774, 34799, 34955, 35023,
       35221, 35614, 35710, 35838, 35939, 36010, 36040, 36050, 36167,
       36221, 36224, 36285, 36460, 36646, 36687, 36830, 36835, 36892,
       36932, 37104, 37159, 37186, 37292, 37612, 37683, 37804, 37891,
       38018, 38196, 38324, 38418, 38423, 38446, 38509, 38750, 38874,
       38878, 39016, 39301, 39416, 39418, 39626, 39802, 40057, 40170,
       40206, 40294, 40311, 40435, 40501, 40639, 40910, 41328, 41428,
       41830, 41947, 41949, 42065, 42176, 42535, 42701, 42875, 42886,
       43137, 43193, 43284, 43460, 43563, 43569, 43641, 43667, 44178,
       44203, 44224, 44356, 44415, 44619, 44657, 45027, 45028, 45255,
       45272, 45494, 45555, 45709, 45894, 45932, 46095, 46122, 46265,
       46399, 46589, 46607, 46745, 46836, 46891, 47127, 47285, 47523,
       47759, 47943, 47984, 48007, 48042, 48113, 48289, 48294, 48651,
       48674, 48715, 48773, 48775, 48833, 48979, 49276, 49310, 49351]), array([   35,    37,    43,   113,   114,   133,   140,   171,   255,
         360,   419,   740,   788,   799,   836,   838,   947,   959,
        1011,  1116,  1126,  1144,  1284,  1357,  1526,  1568,  1716,
        1725,  1793,  1820,  1877,  1886,  1888,  1901,  1916,  2084,
        2088,  2105,  2126,  2186,  2229,  2260,  2320,  2342,  2382,
        2431,  2592,  2702,  2761,  2785,  2818,  2956,  3046,  3058,
        3079,  3113,  3247,  3254,  3290,  3291,  3341,  3368,  3581,
        3622,  3667,  3750,  3903,  3947,  3985,  3990,  4042,  4076,
        4142,  4151,  4153,  4176,  4180,  4211,  4221,  4248,  4320,
        4323,  4465,  4513,  4515,  4541,  4548,  4645,  4839,  4854,
        5032,  5110,  5119,  5139,  5219,  5226,  5267,  5333,  5399,
        5426,  5447,  5485,  5513,  5546,  5557,  5569,  5608,  5622,
        5719,  5732,  5769,  5853,  5882,  5891,  5938,  6024,  6042,
        6092,  6221,  6225,  6229,  6241,  6305,  6342,  6380,  6401,
        6428,  6454,  6476,  6506,  6618,  6633,  6676,  6695,  6700,
        6763,  6772,  6925,  6931,  7007,  7097,  7112,  7176,  7203,
        7215,  7260,  7300,  7484,  7490,  7493,  7656,  7727,  7732,
        7752,  7856,  7861,  7958,  7972,  7984,  8060,  8155,  8228,
        8233,  8277,  8326,  8347,  8523,  8535,  8568,  8574,  8639,
        8658,  8790,  8797,  8807,  8819,  8858,  8975,  8981,  8992,
        9111,  9116,  9143,  9179,  9350,  9379,  9455,  9500,  9596,
        9695,  9711,  9814,  9862,  9869,  9904,  9943,  9980, 10029,
       10134, 10207, 10230, 10273, 10384, 10444, 10522, 10654, 10722,
       10778, 10827, 10891, 11040, 11110, 11302, 11320, 11340, 11382,
       11461, 11465, 11496, 11560, 11726, 11730, 11735, 11924, 12107,
       12316, 12410, 12452, 12492, 12512, 12537, 12600, 12616, 12640,
       12719, 12722, 12766, 12839, 12861, 12862, 12903, 12924, 12969,
       12977, 13048, 13242, 13248, 13251, 13317, 13357, 13390, 13475,
       13514, 13586, 13749, 13753, 13807, 13820, 13943, 14000, 14053,
       14072, 14111, 14252, 14268, 14282, 14283, 14303, 14355, 14427,
       14486, 14535, 14541, 14589, 14611, 14622, 14636, 14758, 14774,
       14829, 14965, 15026, 15052, 15139, 15170, 15175, 15179, 15233,
       15301, 15323, 15451, 15571, 15645, 15660, 15663, 15697, 15699,
       15716, 15791, 16006, 16032, 16063, 16118, 16133, 16181, 16196,
       16297, 16298, 16314, 16334, 16374, 16387, 16419, 16455, 16494,
       16496, 16682, 16718, 16769, 16772, 16829, 16833, 16878, 16897,
       17009, 17086, 17200, 17231, 17234, 17343, 17396, 17436, 17468,
       17491, 17573, 17624, 17641, 17648, 17689, 17728, 17796, 17834,
       17848, 18104, 18109, 18150, 18231, 18256, 18384, 18406, 18472,
       18500, 18561, 18639, 18741, 18865, 18924, 18981, 19003, 19065,
       19106, 19217, 19231, 19243, 19317, 19319, 19398, 19446, 19576,
       19587, 19598, 19617, 19644, 19679, 19685, 19716, 19746, 19855,
       19971, 20039, 20040, 20118, 20165, 20269, 20372, 20548, 20570,
       20673, 20768, 20895, 20972, 21000, 21010, 21030, 21054, 21055,
       21120, 21172, 21183, 21192, 21211, 21265, 21376, 21394, 21433,
       21434, 21464, 21491, 21502, 21527, 21530, 21560, 21619, 21650,
       21694, 21743, 21812, 21822, 21890, 21974, 21995, 22047, 22095,
       22112, 22115, 22288, 22367, 22379, 22382, 22435, 22444, 22453,
       22496, 22549, 22558, 22692, 22706, 22722, 22817, 22898, 22900,
       22904, 22931, 22950, 23010, 23029, 23062, 23068, 23072, 23094,
       23220, 23270, 23306, 23324, 23347, 23353, 23388, 23436, 23503,
       23552, 23602, 23661, 23726, 23808, 23810, 23889, 24098, 24182,
       24288, 24325, 24534, 24544, 24570, 24665, 24666, 24691, 24731,
       24827, 25016, 25078, 25082, 25087, 25093, 25113, 25154, 25225,
       25264, 25334, 25376, 25388, 25416, 25531, 25549, 25588, 25626,
       25636, 25667, 25695, 25770, 25804, 25823, 25844, 25933, 25986,
       25999, 26000, 26020, 26052, 26078, 26129, 26293, 26345, 26363,
       26403, 26427, 26496, 26550, 26622, 26637, 26643, 26690, 26699,
       26772, 26823, 26872, 26880, 26910, 26940, 26949, 27043, 27050,
       27249, 27285, 27374, 27392, 27423, 27491, 27552, 27619, 27626,
       27764, 27859, 27909, 27976, 28076, 28097, 28236, 28278, 28298,
       28347, 28348, 28429, 28445, 28511, 28522, 28542, 28546, 28593,
       28603, 28604, 28660, 28723, 28788, 28843, 29006, 29007, 29025,
       29072, 29098, 29155, 29193, 29201, 29234, 29258, 29279, 29312,
       29328, 29370, 29570, 29613, 29672, 29690, 29703, 29760, 29777,
       29787, 29846, 29877, 29883, 29890, 29896, 30120, 30124, 30170,
       30186, 30244, 30291, 30305, 30367, 30512, 30521, 30563, 30606,
       30612, 30615, 30658, 30673, 30699, 30988, 31004, 31046, 31150,
       31155, 31173, 31195, 31200, 31201, 31202, 31229, 31340, 31347,
       31382, 31468, 31501, 31530, 31599, 31686, 31705, 31709, 31831,
       31915, 31959, 31964, 31973, 32024, 32069, 32093, 32109, 32144,
       32162, 32211, 32258, 32268, 32303, 32330, 32364, 32372, 32443,
       32541, 32743, 32770, 32818, 32852, 32916, 32926, 32991, 33000,
       33009, 33041, 33048, 33056, 33142, 33153, 33179, 33248, 33342,
       33344, 33363, 33425, 33450, 33512, 33529, 33554, 33601, 33634,
       33694, 33718, 33802, 33812, 33842, 33879, 33904, 33908, 33911,
       33926, 33959, 34050, 34117, 34168, 34230, 34231, 34238, 34239,
       34355, 34428, 34514, 34545, 34560, 34652, 34673, 34751, 34774,
       34799, 34805, 34907, 34955, 35023, 35100, 35221, 35346, 35407,
       35427, 35450, 35566, 35614, 35710, 35725, 35817, 35823, 35838,
       35939, 35959, 36010, 36039, 36040, 36041, 36050, 36103, 36167,
       36221, 36224, 36285, 36455, 36460, 36470, 36534, 36646, 36687,
       36780, 36788, 36830, 36835, 36874, 36892, 36932, 36936, 37009,
       37053, 37104, 37159, 37186, 37290, 37292, 37300, 37316, 37346,
       37416, 37470, 37532, 37576, 37585, 37612, 37613, 37645, 37683,
       37768, 37804, 37827, 37891, 37910, 37951, 37983, 38001, 38018,
       38038, 38076, 38134, 38140, 38179, 38196, 38324, 38341, 38370,
       38400, 38418, 38423, 38446, 38468, 38509, 38577, 38750, 38769,
       38863, 38874, 38878, 38926, 39008, 39016, 39284, 39301, 39333,
       39386, 39389, 39402, 39413, 39416, 39418, 39610, 39619, 39626,
       39630, 39631, 39660, 39802, 39854, 39869, 39908, 40057, 40170,
       40188, 40206, 40294, 40296, 40311, 40418, 40422, 40435, 40501,
       40504, 40581, 40592, 40639, 40910, 40942, 40944, 40991, 41015,
       41027, 41034, 41086, 41100, 41249, 41254, 41273, 41280, 41328,
       41348, 41428, 41605, 41672, 41830, 41903, 41919, 41936, 41947,
       41949, 42003, 42012, 42065, 42176, 42204, 42257, 42294, 42386,
       42390, 42430, 42512, 42535, 42701, 42703, 42875, 42886, 43137,
       43193, 43215, 43284, 43290, 43397, 43454, 43456, 43460, 43495,
       43504, 43525, 43563, 43569, 43641, 43648, 43653, 43667, 43692,
       43728, 43847, 43908, 43909, 43917, 44001, 44018, 44137, 44168,
       44171, 44178, 44203, 44224, 44261, 44356, 44415, 44543, 44547,
       44619, 44623, 44657, 44724, 44894, 45027, 45028, 45056, 45104,
       45192, 45255, 45272, 45377, 45378, 45431, 45494, 45555, 45562,
       45620, 45709, 45776, 45824, 45841, 45894, 45932, 46095, 46122,
       46140, 46265, 46306, 46322, 46331, 46349, 46357, 46399, 46551,
       46589, 46607, 46639, 46745, 46798, 46820, 46836, 46891, 47001,
       47090, 47109, 47127, 47263, 47285, 47351, 47359, 47452, 47523,
       47727, 47759, 47780, 47865, 47888, 47902, 47940, 47943, 47956,
       47971, 47984, 47987, 48007, 48010, 48042, 48046, 48048, 48113,
       48196, 48229, 48248, 48289, 48294, 48342, 48348, 48363, 48374,
       48531, 48570, 48651, 48674, 48715, 48773, 48775, 48783, 48833,
       48838, 48906, 48933, 48979, 49143, 49230, 49276, 49310, 49351]), array([    7,    35,    37,    43,   113,   133,   140,   171,   255,
         360,   419,   740,   788,   836,   838,   927,   941,   947,
         959,  1011,  1038,  1116,  1126,  1144,  1284,  1357,  1568,
        1716,  1725,  1793,  1820,  1877,  1886,  1888,  1901,  1916,
        2084,  2105,  2126,  2186,  2260,  2320,  2342,  2382,  2431,
        2592,  2702,  2761,  2785,  2818,  2956,  3046,  3058,  3079,
        3113,  3247,  3254,  3291,  3581,  3622,  3667,  3750,  3903,
        3947,  3985,  3990,  4042,  4076,  4142,  4151,  4176,  4180,
        4211,  4221,  4248,  4320,  4465,  4513,  4541,  4548,  4645,
        4839,  4854,  5110,  5119,  5139,  5219,  5226,  5267,  5399,
        5426,  5447,  5485,  5513,  5546,  5557,  5569,  5608,  5622,
        5719,  5732,  5769,  5853,  5891,  5938,  6042,  6092,  6221,
        6225,  6229,  6241,  6305,  6342,  6401,  6428,  6454,  6476,
        6506,  6618,  6633,  6676,  6695,  6700,  6729,  6757,  6772,
        6925,  6931,  6962,  7007,  7097,  7112,  7176,  7203,  7215,
        7260,  7313,  7484,  7490,  7493,  7656,  7727,  7732,  7752,
        7856,  7861,  7958,  7972,  7984,  8060,  8155,  8228,  8233,
        8277,  8326,  8523,  8535,  8568,  8574,  8639,  8658,  8790,
        8797,  8807,  8819,  8858,  8975,  8981,  9111,  9116,  9143,
        9179,  9379,  9455,  9500,  9596,  9695,  9711,  9862,  9869,
        9904,  9943,  9980, 10029, 10207, 10230, 10250, 10273, 10384,
       10444, 10522, 10654, 10722, 10778, 10891, 11040, 11110, 11302,
       11320, 11340, 11382, 11461, 11465, 11496, 11560, 11726, 11730,
       11735, 11924, 12107, 12410, 12452, 12492, 12537, 12600, 12616,
       12640, 12719, 12722, 12766, 12839, 12861, 12862, 12903, 12924,
       12969, 13048, 13242, 13248, 13251, 13317, 13357, 13390, 13475,
       13514, 13586, 13651, 13749, 13753, 13820, 13943, 14000, 14053,
       14111, 14252, 14268, 14282, 14283, 14355, 14427, 14486, 14535,
       14541, 14589, 14611, 14745, 14774, 14829, 14965, 15026, 15052,
       15139, 15170, 15175, 15179, 15233, 15301, 15323, 15571, 15645,
       15660, 15663, 15697, 15699, 15716, 15791, 15939, 16006, 16032,
       16063, 16181, 16196, 16297, 16298, 16314, 16334, 16387, 16419,
       16455, 16494, 16496, 16682, 16718, 16769, 16772, 16829, 16897,
       16941, 17009, 17086, 17200, 17231, 17234, 17321, 17343, 17396,
       17436, 17468, 17491, 17573, 17624, 17641, 17648, 17689, 17728,
       17809, 17834, 17848, 18109, 18150, 18231, 18256, 18328, 18384,
       18472, 18500, 18561, 18639, 18741, 18811, 18865, 18924, 18981,
       19065, 19106, 19162, 19217, 19231, 19243, 19317, 19319, 19398,
       19446, 19576, 19587, 19598, 19617, 19644, 19679, 19716, 19746,
       19855, 19856, 19893, 19971, 20039, 20040, 20165, 20269, 20372,
       20548, 20570, 20639, 20668, 20673, 20768, 20972, 21000, 21010,
       21030, 21054, 21055, 21120, 21172, 21192, 21211, 21265, 21376,
       21377, 21394, 21434, 21491, 21502, 21527, 21560, 21650, 21694,
       21812, 21822, 21890, 21974, 21995, 22047, 22095, 22112, 22115,
       22288, 22367, 22379, 22382, 22435, 22444, 22453, 22496, 22538,
       22549, 22558, 22692, 22706, 22722, 22817, 22898, 22900, 22904,
       22931, 22950, 23010, 23029, 23062, 23068, 23072, 23094, 23270,
       23306, 23324, 23347, 23353, 23388, 23436, 23503, 23552, 23602,
       23661, 23726, 23808, 23810, 23889, 23914, 24098, 24288, 24325,
       24534, 24666, 24691, 24731, 24827, 25016, 25078, 25082, 25087,
       25093, 25113, 25154, 25225, 25264, 25334, 25376, 25385, 25388,
       25416, 25531, 25588, 25626, 25636, 25667, 25695, 25770, 25804,
       25823, 25844, 25933, 25986, 25999, 26000, 26020, 26052, 26078,
       26129, 26143, 26293, 26345, 26363, 26403, 26427, 26496, 26550,
       26622, 26636, 26643, 26690, 26699, 26701, 26772, 26823, 26872,
       26880, 26910, 26940, 26949, 27043, 27050, 27249, 27285, 27374,
       27392, 27423, 27491, 27552, 27626, 27631, 27751, 27764, 27859,
       27909, 27976, 28076, 28097, 28236, 28278, 28298, 28347, 28423,
       28429, 28445, 28511, 28522, 28542, 28593, 28603, 28604, 28660,
       28723, 28843, 29006, 29025, 29072, 29098, 29155, 29193, 29201,
       29234, 29258, 29312, 29328, 29370, 29613, 29672, 29690, 29703,
       29760, 29777, 29787, 29849, 29877, 29883, 29890, 29896, 30120,
       30244, 30291, 30305, 30367, 30512, 30563, 30612, 30658, 30673,
       30699, 30988, 31046, 31150, 31155, 31173, 31195, 31200, 31201,
       31202, 31340, 31382, 31468, 31501, 31599, 31686, 31705, 31709,
       31831, 31915, 31959, 31973, 32024, 32069, 32093, 32109, 32144,
       32162, 32258, 32268, 32303, 32330, 32443, 32743, 32770, 32818,
       32852, 32916, 32926, 33000, 33009, 33041, 33048, 33056, 33142,
       33153, 33179, 33248, 33342, 33344, 33363, 33425, 33450, 33512,
       33529, 33554, 33601, 33694, 33802, 33812, 33842, 33879, 33904,
       33911, 33926, 33959, 34050, 34117, 34230, 34238, 34239, 34355,
       34428, 34457, 34514, 34545, 34560, 34652, 34673, 34751, 34799,
       34805, 34907, 34955, 35023, 35100, 35221, 35346, 35427, 35614,
       35710, 35725, 35817, 35823, 35838, 35939, 35959, 36040, 36041,
       36050, 36167, 36221, 36224, 36285, 36404, 36460, 36470, 36534,
       36646, 36687, 36788, 36830, 36835, 36874, 36892, 36912, 36932,
       36936, 37009, 37104, 37159, 37186, 37290, 37292, 37300, 37316,
       37346, 37416, 37470, 37532, 37576, 37585, 37612, 37613, 37645,
       37683, 37781, 37804, 37827, 37875, 37891, 37910, 37951, 37983,
       38001, 38018, 38076, 38127, 38134, 38140, 38179, 38196, 38324,
       38341, 38370, 38400, 38418, 38423, 38446, 38468, 38571, 38577,
       38750, 38769, 38863, 38874, 38878, 38926, 39008, 39016, 39284,
       39301, 39386, 39389, 39402, 39416, 39418, 39537, 39610, 39626,
       39630, 39660, 39802, 39869, 39908, 40057, 40170, 40188, 40206,
       40294, 40296, 40311, 40418, 40435, 40501, 40504, 40581, 40592,
       40639, 40910, 40942, 40944, 41015, 41027, 41034, 41086, 41249,
       41254, 41273, 41280, 41328, 41348, 41428, 41605, 41672, 41830,
       41903, 41919, 41936, 41947, 41949, 42003, 42012, 42065, 42176,
       42257, 42294, 42386, 42390, 42430, 42512, 42535, 42701, 42703,
       42875, 43137, 43193, 43284, 43290, 43397, 43456, 43460, 43495,
       43504, 43563, 43569, 43641, 43648, 43653, 43667, 43692, 43728,
       43847, 43908, 43909, 43917, 44001, 44018, 44137, 44168, 44171,
       44178, 44203, 44224, 44261, 44356, 44415, 44543, 44547, 44619,
       44623, 44657, 44724, 45027, 45028, 45056, 45104, 45192, 45255,
       45272, 45377, 45378, 45431, 45555, 45562, 45620, 45709, 45776,
       45824, 45841, 45894, 45932, 46095, 46122, 46140, 46265, 46306,
       46322, 46349, 46357, 46399, 46406, 46551, 46589, 46639, 46745,
       46798, 46820, 46836, 46891, 47001, 47090, 47109, 47127, 47248,
       47263, 47285, 47351, 47359, 47452, 47469, 47523, 47727, 47759,
       47780, 47865, 47877, 47888, 47940, 47943, 47956, 47971, 47984,
       47987, 48007, 48042, 48046, 48113, 48196, 48229, 48248, 48289,
       48294, 48342, 48348, 48363, 48374, 48531, 48570, 48651, 48674,
       48715, 48773, 48775, 48783, 48906, 48933, 48979, 49143, 49230,
       49276, 49310, 49351]), array([    7,    35,    43,   133,   171,   255,   360,   788,   799,
         836,   838,   927,   941,   959,  1038,  1116,  1126,  1144,
        1357,  1568,  1716,  1725,  1820,  1877,  1886,  1901,  1916,
        2084,  2186,  2260,  2320,  2342,  2382,  2431,  2592,  2702,
        2761,  2785,  2818,  2956,  3046,  3079,  3113,  3247,  3254,
        3291,  3581,  3622,  3667,  3750,  3752,  3947,  3985,  3990,
        4042,  4142,  4151,  4176,  4211,  4221,  4248,  4320,  4465,
        4513,  4541,  4548,  4645,  4839,  4854,  5110,  5119,  5139,
        5219,  5267,  5399,  5447,  5485,  5513,  5557,  5569,  5608,
        5719,  5732,  5769,  5853,  5891,  5938,  6092,  6221,  6225,
        6229,  6342,  6401,  6428,  6454,  6476,  6506,  6676,  6695,
        6700,  6925,  6931,  6962,  7112,  7176,  7203,  7215,  7260,
        7484,  7490,  7493,  7656,  7727,  7732,  7856,  7958,  7972,
        7984,  8060,  8155,  8228,  8233,  8277,  8326,  8523,  8535,
        8568,  8574,  8639,  8658,  8790,  8797,  8807,  8819,  8975,
        9111,  9116,  9143,  9179,  9455,  9500,  9596,  9695,  9711,
        9862,  9869,  9904,  9943,  9980, 10029, 10207, 10230, 10250,
       10273, 10384, 10444, 10522, 10654, 10722, 10778, 10891, 11302,
       11320, 11340, 11382, 11461, 11465, 11496, 11560, 11730, 11924,
       12107, 12410, 12452, 12492, 12537, 12600, 12616, 12719, 12722,
       12766, 12839, 12861, 12862, 12903, 12924, 12969, 13048, 13242,
       13248, 13251, 13317, 13357, 13390, 13475, 13586, 13651, 13753,
       13820, 13943, 14053, 14111, 14252, 14268, 14282, 14283, 14486,
       14541, 14589, 14611, 14745, 14774, 14829, 14965, 15026, 15052,
       15139, 15170, 15233, 15301, 15323, 15571, 15645, 15660, 15663,
       15699, 15716, 16006, 16032, 16063, 16181, 16196, 16297, 16314,
       16334, 16387, 16419, 16455, 16494, 16496, 16682, 16718, 16769,
       16772, 16897, 17009, 17086, 17200, 17231, 17234, 17343, 17396,
       17491, 17573, 17624, 17689, 17728, 17834, 17848, 18150, 18231,
       18256, 18472, 18500, 18561, 18741, 18865, 18924, 18981, 19065,
       19106, 19231, 19243, 19319, 19398, 19446, 19576, 19598, 19617,
       19644, 19679, 19716, 19855, 19893, 20165, 20372, 20548, 20570,
       20768, 20895, 20972, 21000, 21010, 21030, 21054, 21055, 21120,
       21172, 21192, 21211, 21376, 21377, 21394, 21487, 21491, 21560,
       21619, 21650, 21694, 21812, 21822, 21890, 21974, 21995, 22095,
       22112, 22115, 22288, 22367, 22379, 22382, 22435, 22444, 22453,
       22496, 22549, 22558, 22692, 22706, 22722, 22817, 22898, 22900,
       22904, 22931, 22950, 23010, 23029, 23062, 23068, 23072, 23094,
       23220, 23306, 23347, 23353, 23388, 23436, 23503, 23552, 23602,
       23661, 23726, 23808, 23810, 23889, 23914, 24098, 24288, 24534,
       24544, 24691, 24731, 24827, 25016, 25078, 25087, 25113, 25154,
       25225, 25334, 25376, 25388, 25416, 25531, 25588, 25636, 25667,
       25695, 25770, 25804, 25823, 25844, 25933, 25986, 26000, 26020,
       26052, 26078, 26129, 26143, 26345, 26403, 26427, 26496, 26550,
       26622, 26636, 26643, 26690, 26699, 26872, 26880, 26910, 26940,
       26949, 27043, 27050, 27285, 27374, 27423, 27552, 27626, 27764,
       27859, 27909, 27976, 28076, 28097, 28236, 28278, 28347, 28429,
       28445, 28511, 28522, 28593, 28603, 28604, 28660, 28723, 29006,
       29025, 29072, 29098, 29155, 29193, 29201, 29234, 29258, 29312,
       29370, 29672, 29690, 29703, 29760, 29777, 29787, 29877, 29883,
       29890, 29896, 30244, 30291, 30305, 30512, 30563, 30612, 30658,
       30699, 30988, 31046, 31150, 31155, 31173, 31195, 31201, 31202,
       31340, 31468, 31501, 31599, 31686, 31831, 31915, 31959, 31973,
       32024, 32093, 32109, 32144, 32258, 32268, 32303, 32330, 32743,
       32852, 32916, 32926, 33000, 33041, 33048, 33056, 33142, 33153,
       33179, 33248, 33342, 33363, 33425, 33450, 33512, 33529, 33554,
       33601, 33694, 33802, 33812, 33842, 33879, 33904, 33926, 33959,
       34050, 34117, 34230, 34239, 34355, 34428, 34514, 34545, 34560,
       34652, 34673, 34751, 34799, 34805, 34907, 34955, 35023, 35100,
       35221, 35346, 35614, 35710, 35725, 35817, 35823, 35838, 35939,
       35959, 36040, 36050, 36167, 36221, 36224, 36285, 36460, 36470,
       36534, 36646, 36687, 36788, 36830, 36835, 36874, 36892, 36932,
       36936, 37009, 37104, 37159, 37186, 37290, 37292, 37300, 37316,
       37346, 37416, 37470, 37585, 37612, 37613, 37645, 37683, 37768,
       37804, 37827, 37875, 37891, 37910, 37951, 38001, 38018, 38076,
       38140, 38179, 38196, 38324, 38341, 38370, 38400, 38418, 38423,
       38446, 38750, 38769, 38863, 38874, 38878, 38926, 39008, 39284,
       39301, 39386, 39389, 39402, 39416, 39418, 39537, 39610, 39626,
       39660, 39802, 39869, 40057, 40170, 40188, 40206, 40294, 40296,
       40311, 40418, 40435, 40501, 40504, 40592, 40639, 40910, 40942,
       40944, 41015, 41034, 41086, 41249, 41254, 41273, 41328, 41348,
       41428, 41830, 41903, 41919, 41936, 41947, 41949, 42003, 42065,
       42176, 42294, 42386, 42390, 42512, 42701, 42703, 42875, 43137,
       43193, 43284, 43397, 43456, 43460, 43504, 43563, 43569, 43641,
       43648, 43653, 43667, 43692, 43728, 43847, 43908, 43909, 44001,
       44018, 44137, 44168, 44171, 44178, 44203, 44224, 44261, 44356,
       44415, 44543, 44619, 44657, 44724, 45027, 45028, 45056, 45192,
       45255, 45272, 45377, 45431, 45555, 45562, 45620, 45709, 45776,
       45841, 45894, 45932, 46095, 46122, 46140, 46265, 46322, 46399,
       46406, 46551, 46589, 46745, 46798, 46820, 46836, 46891, 47001,
       47082, 47090, 47127, 47263, 47351, 47359, 47452, 47469, 47523,
       47759, 47780, 47865, 47877, 47943, 47956, 47971, 47984, 48007,
       48042, 48046, 48113, 48248, 48289, 48294, 48363, 48374, 48531,
       48570, 48651, 48674, 48715, 48773, 48775, 48783, 48906, 48933,
       48979, 49143, 49230, 49276, 49310, 49351]), array([    7,    35,    43,   171,   255,   360,   788,   836,   838,
         927,  1116,  1126,  1357,  1568,  1716,  1725,  1793,  1877,
        1886,  1901,  1916,  2084,  2260,  2320,  2342,  2382,  2431,
        2592,  2702,  2761,  2785,  2956,  3046,  3079,  3113,  3247,
        3254,  3291,  3581,  3667,  3750,  3947,  3990,  4042,  4151,
        4211,  4221,  4248,  4320,  4513,  4541,  4548,  4645,  4839,
        4854,  5110,  5139,  5219,  5267,  5399,  5447,  5485,  5513,
        5569,  5719,  5732,  5769,  5853,  5891,  5938,  6092,  6221,
        6229,  6305,  6401,  6454,  6476,  6506,  6676,  6695,  6700,
        6925,  6962,  7007,  7112,  7176,  7203,  7215,  7490,  7493,
        7507,  7656,  7727,  7732,  7856,  7972,  7984,  8060,  8155,
        8228,  8233,  8277,  8326,  8523,  8535,  8568,  8574,  8658,
        8790,  8797,  8807,  8819,  8975,  9111,  9116,  9143,  9179,
        9455,  9500,  9596,  9711,  9862,  9943,  9980, 10029, 10207,
       10230, 10250, 10273, 10444, 10522, 10654, 10722, 11110, 11302,
       11320, 11340, 11461, 11496, 11924, 12107, 12410, 12446, 12452,
       12492, 12537, 12600, 12616, 12719, 12722, 12861, 12924, 13048,
       13242, 13248, 13251, 13317, 13357, 13390, 13475, 13586, 13651,
       13753, 13820, 13943, 14000, 14053, 14111, 14252, 14268, 14282,
       14283, 14611, 14745, 14758, 14774, 14829, 14965, 15026, 15139,
       15170, 15233, 15301, 15323, 15571, 15645, 15660, 15663, 15699,
       15716, 16006, 16032, 16063, 16181, 16196, 16297, 16314, 16334,
       16387, 16419, 16455, 16494, 16496, 16682, 16718, 16769, 16772,
       16897, 16941, 17086, 17200, 17231, 17234, 17343, 17396, 17491,
       17573, 17624, 17689, 17728, 17834, 17848, 18150, 18231, 18256,
       18472, 18500, 18561, 18741, 18865, 18924, 18981, 19065, 19106,
       19231, 19243, 19319, 19398, 19576, 19598, 19617, 19644, 19679,
       19716, 19855, 20165, 20372, 20548, 20570, 20768, 20895, 20972,
       21010, 21030, 21054, 21055, 21120, 21172, 21192, 21376, 21394,
       21487, 21491, 21560, 21619, 21650, 21694, 21812, 21822, 21890,
       21995, 22095, 22112, 22115, 22367, 22382, 22435, 22444, 22453,
       22549, 22558, 22692, 22706, 22722, 22817, 22904, 22931, 22950,
       23010, 23029, 23062, 23068, 23072, 23094, 23220, 23306, 23347,
       23353, 23388, 23436, 23503, 23552, 23602, 23661, 23726, 23808,
       23810, 23889, 23914, 24098, 24288, 24534, 24544, 24691, 24827,
       25078, 25087, 25154, 25225, 25376, 25388, 25416, 25531, 25588,
       25636, 25667, 25695, 25770, 25804, 25844, 25933, 25986, 26000,
       26020, 26052, 26078, 26129, 26403, 26427, 26496, 26550, 26636,
       26643, 26690, 26699, 26872, 26880, 26910, 26940, 26949, 27043,
       27050, 27285, 27374, 27423, 27552, 27626, 27764, 27859, 27909,
       27976, 28076, 28097, 28236, 28347, 28429, 28445, 28511, 28522,
       28593, 28604, 28660, 28723, 29006, 29025, 29072, 29098, 29155,
       29193, 29234, 29258, 29312, 29370, 29672, 29690, 29703, 29777,
       29787, 29877, 29883, 29890, 29896, 30244, 30291, 30305, 30512,
       30563, 30658, 30988, 31046, 31150, 31155, 31173, 31195, 31202,
       31340, 31501, 31599, 31686, 31831, 31915, 31959, 31973, 32024,
       32093, 32144, 32258, 32268, 32303, 32330, 32743, 32770, 32852,
       32916, 32926, 33000, 33041, 33048, 33056, 33142, 33153, 33179,
       33248, 33425, 33450, 33512, 33529, 33554, 33694, 33802, 33812,
       33842, 33879, 33904, 33926, 33959, 34050, 34117, 34230, 34239,
       34428, 34545, 34560, 34652, 34751, 34799, 34805, 34955, 35023,
       35221, 35614, 35710, 35725, 35817, 35823, 35939, 35959, 36040,
       36050, 36167, 36221, 36224, 36285, 36460, 36534, 36646, 36788,
       36830, 36835, 36874, 36892, 36932, 36936, 37009, 37104, 37159,
       37186, 37290, 37292, 37300, 37316, 37346, 37416, 37470, 37585,
       37612, 37645, 37683, 37804, 37827, 37875, 37891, 37910, 37951,
       38001, 38018, 38127, 38140, 38196, 38324, 38341, 38370, 38400,
       38418, 38423, 38446, 38750, 38769, 38863, 38874, 38878, 38926,
       39301, 39386, 39389, 39402, 39416, 39418, 39537, 39610, 39626,
       39660, 39802, 39869, 40057, 40188, 40206, 40294, 40296, 40311,
       40501, 40504, 40592, 40639, 40910, 40942, 40944, 41015, 41034,
       41086, 41254, 41273, 41328, 41348, 41428, 41830, 41903, 41919,
       41936, 41947, 41949, 42001, 42003, 42065, 42176, 42294, 42386,
       42390, 42430, 42512, 42701, 42703, 43137, 43193, 43397, 43456,
       43504, 43563, 43569, 43648, 43667, 43692, 43728, 43908, 43909,
       44001, 44018, 44137, 44168, 44171, 44178, 44203, 44224, 44261,
       44356, 44415, 44619, 44657, 44724, 45027, 45028, 45056, 45192,
       45272, 45377, 45555, 45562, 45620, 45709, 45776, 45894, 45932,
       46095, 46122, 46140, 46265, 46322, 46589, 46745, 46798, 46836,
       46891, 47001, 47082, 47090, 47351, 47359, 47452, 47523, 47759,
       47780, 47865, 47877, 47943, 48042, 48113, 48248, 48289, 48294,
       48342, 48363, 48374, 48531, 48570, 48651, 48674, 48715, 48773,
       48775, 48783, 48906, 48979, 49143, 49230, 49276, 49310, 49351]), array([    7,    35,    43,   171,   255,   360,   788,   838,   927,
         959,  1116,  1126,  1357,  1568,  1725,  1877,  1886,  1901,
        1916,  2084,  2260,  2320,  2342,  2382,  2431,  2462,  2592,
        2956,  3046,  3079,  3113,  3247,  3254,  3291,  3581,  3667,
        3750,  3990,  4042,  4151,  4221,  4248,  4320,  4513,  4548,
        4645,  4839,  4854,  5110,  5139,  5219,  5267,  5399,  5485,
        5513,  5569,  5719,  5732,  5769,  5853,  5891,  5938,  6092,
        6229,  6401,  6454,  6476,  6676,  6695,  6925,  7112,  7176,
        7203,  7215,  7490,  7493,  7507,  7656,  7727,  7732,  7958,
        7972,  7984,  8060,  8155,  8228,  8233,  8277,  8326,  8523,
        8535,  8568,  8574,  8658,  8790,  8797,  8807,  8819,  8975,
        9111,  9116,  9143,  9179,  9500,  9711,  9862,  9943,  9980,
       10207, 10250, 10273, 10444, 10522, 10654, 10722, 11302, 11320,
       11461, 11496, 11924, 12107, 12410, 12492, 12537, 12600, 12616,
       12640, 12719, 12722, 12861, 13048, 13242, 13251, 13317, 13357,
       13390, 13586, 13651, 13753, 13943, 14053, 14111, 14252, 14268,
       14282, 14611, 14745, 14774, 14829, 14965, 15026, 15139, 15233,
       15301, 15323, 15571, 15660, 15663, 15699, 15716, 16006, 16032,
       16063, 16196, 16297, 16314, 16334, 16387, 16419, 16455, 16494,
       16496, 16682, 16769, 16772, 17086, 17200, 17231, 17234, 17343,
       17396, 17491, 17573, 17624, 17689, 17834, 17848, 18150, 18256,
       18472, 18500, 18741, 18865, 18924, 19065, 19106, 19231, 19243,
       19319, 19398, 19598, 19617, 19644, 19679, 19855, 20165, 20372,
       20548, 20570, 20768, 20895, 20972, 21010, 21030, 21054, 21120,
       21172, 21192, 21376, 21377, 21394, 21487, 21560, 21619, 21650,
       21694, 21812, 21822, 21890, 21995, 22095, 22112, 22115, 22367,
       22382, 22435, 22549, 22558, 22692, 22706, 22722, 22817, 22898,
       22931, 22950, 23010, 23029, 23068, 23072, 23094, 23306, 23347,
       23353, 23388, 23436, 23602, 23661, 23726, 23808, 23810, 23889,
       23914, 24288, 24666, 24691, 24827, 25078, 25087, 25154, 25225,
       25304, 25376, 25531, 25588, 25636, 25667, 25695, 25770, 25804,
       25844, 25933, 25986, 26000, 26020, 26052, 26078, 26129, 26345,
       26403, 26427, 26496, 26550, 26636, 26643, 26690, 26699, 26872,
       26880, 26910, 26940, 26949, 27050, 27374, 27423, 27552, 27626,
       27764, 27859, 27909, 27976, 28097, 28236, 28347, 28429, 28445,
       28511, 28522, 28593, 28604, 28723, 29025, 29072, 29155, 29193,
       29234, 29312, 29370, 29672, 29690, 29703, 29777, 29787, 29877,
       29890, 29896, 30244, 30291, 30305, 30512, 30563, 30658, 30988,
       31150, 31155, 31173, 31195, 31340, 31501, 31599, 31686, 31959,
       31973, 32093, 32144, 32258, 32268, 32303, 32330, 32743, 32852,
       32916, 33000, 33041, 33048, 33056, 33142, 33153, 33179, 33248,
       33425, 33450, 33512, 33529, 33554, 33601, 33694, 33802, 33812,
       33842, 33879, 33926, 33959, 34050, 34117, 34230, 34428, 34545,
       34560, 34652, 34751, 34799, 34955, 35023, 35221, 35614, 35817,
       35823, 35939, 35959, 36040, 36050, 36167, 36221, 36224, 36285,
       36460, 36534, 36646, 36788, 36830, 36835, 36874, 36892, 36932,
       36936, 37009, 37104, 37159, 37186, 37292, 37300, 37316, 37346,
       37416, 37470, 37585, 37612, 37645, 37683, 37804, 37827, 37891,
       37910, 37951, 38001, 38018, 38196, 38341, 38370, 38400, 38418,
       38423, 38446, 38750, 38769, 38863, 38874, 38878, 38926, 39301,
       39386, 39389, 39402, 39416, 39418, 39537, 39610, 39626, 39660,
       39802, 39869, 40057, 40188, 40206, 40294, 40296, 40311, 40435,
       40501, 40504, 40592, 40639, 40910, 40942, 41015, 41034, 41086,
       41254, 41273, 41328, 41348, 41428, 41830, 41903, 41919, 41936,
       41947, 42065, 42176, 42294, 42386, 42390, 42701, 42703, 43137,
       43193, 43456, 43504, 43563, 43569, 43648, 43908, 43909, 44001,
       44168, 44171, 44203, 44224, 44261, 44356, 44415, 44619, 44657,
       44724, 45027, 45028, 45056, 45192, 45272, 45377, 45555, 45562,
       45620, 45709, 45894, 45932, 46095, 46122, 46140, 46265, 46322,
       46589, 46745, 46798, 46891, 47001, 47090, 47351, 47452, 47469,
       47523, 47759, 47780, 47865, 47877, 47943, 47971, 48042, 48113,
       48248, 48289, 48294, 48342, 48363, 48374, 48531, 48570, 48651,
       48674, 48715, 48773, 48775, 48783, 48906, 48979, 49143, 49230,
       49276, 49351]), array([    7,    43,   171,   255,   788,   838,  1116,  1126,  1357,
        1568,  1716,  1725,  1877,  1886,  1901,  1916,  2084,  2260,
        2320,  2342,  2382,  2431,  2462,  2522,  2592,  2785,  2956,
        3046,  3113,  3247,  3254,  3291,  3581,  3667,  3750,  3990,
        4042,  4151,  4221,  4248,  4320,  4513,  4548,  4645,  4839,
        4854,  5110,  5139,  5219,  5399,  5485,  5513,  5569,  5719,
        5769,  5853,  5891,  5938,  6092,  6229,  6305,  6401,  6454,
        6476,  6506,  6676,  6695,  6925,  6962,  7112,  7176,  7203,
        7215,  7490,  7493,  7507,  7656,  7732,  7856,  7972,  7984,
        8060,  8155,  8228,  8233,  8277,  8326,  8523,  8535,  8568,
        8574,  8658,  8790,  8797,  8807,  8819,  9111,  9116,  9143,
        9179,  9455,  9500,  9596,  9711,  9862,  9943,  9980, 10207,
       10250, 10273, 10444, 10522, 10654, 10722, 11110, 11302, 11320,
       11461, 11496, 11924, 12107, 12410, 12492, 12537, 12600, 12616,
       12640, 12719, 12722, 12861, 12924, 13048, 13242, 13251, 13317,
       13357, 13390, 13586, 13753, 13820, 13943, 14053, 14111, 14252,
       14268, 14282, 14283, 14611, 14745, 14774, 14829, 15026, 15139,
       15233, 15301, 15323, 15571, 15660, 15663, 15699, 15716, 16006,
       16032, 16063, 16196, 16314, 16334, 16387, 16455, 16494, 16496,
       16682, 16769, 16772, 16833, 17086, 17200, 17231, 17234, 17343,
       17396, 17491, 17573, 17624, 17689, 17834, 17848, 18150, 18472,
       18741, 18865, 18924, 18981, 19065, 19106, 19231, 19243, 19319,
       19398, 19598, 19617, 19644, 19679, 19855, 19893, 20165, 20372,
       20548, 20570, 20768, 20895, 20972, 21010, 21030, 21054, 21120,
       21172, 21192, 21376, 21394, 21560, 21619, 21650, 21694, 21812,
       21890, 21995, 22095, 22112, 22115, 22367, 22382, 22435, 22549,
       22558, 22692, 22706, 22722, 22817, 22898, 22904, 22931, 22950,
       23010, 23029, 23068, 23072, 23094, 23220, 23306, 23347, 23353,
       23388, 23436, 23503, 23602, 23661, 23726, 23808, 23810, 23914,
       24098, 24288, 24691, 24827, 25078, 25087, 25154, 25225, 25304,
       25334, 25376, 25388, 25531, 25588, 25636, 25667, 25695, 25770,
       25804, 25844, 25933, 25986, 26000, 26020, 26052, 26078, 26403,
       26427, 26496, 26550, 26636, 26643, 26690, 26699, 26872, 26880,
       26910, 26940, 26949, 27050, 27285, 27374, 27423, 27552, 27626,
       27764, 27859, 27909, 28076, 28097, 28236, 28347, 28429, 28445,
       28511, 28522, 28593, 28660, 28723, 29025, 29072, 29155, 29193,
       29234, 29312, 29370, 29672, 29690, 29703, 29777, 29787, 29877,
       29890, 29896, 30244, 30291, 30305, 30512, 30563, 30658, 30988,
       31150, 31155, 31173, 31195, 31340, 31501, 31599, 31686, 31915,
       31959, 31973, 32093, 32258, 32268, 32330, 32743, 32852, 32916,
       33000, 33041, 33048, 33056, 33142, 33153, 33179, 33248, 33425,
       33450, 33512, 33529, 33554, 33601, 33694, 33802, 33812, 33842,
       33879, 33926, 33959, 34050, 34230, 34428, 34545, 34560, 34652,
       34751, 34799, 34955, 35023, 35221, 35614, 35817, 35823, 35939,
       36040, 36050, 36167, 36221, 36224, 36285, 36460, 36534, 36646,
       36788, 36830, 36835, 36874, 36892, 36932, 36936, 37009, 37104,
       37159, 37186, 37292, 37300, 37316, 37346, 37416, 37470, 37585,
       37612, 37645, 37683, 37768, 37804, 37827, 37891, 37951, 38001,
       38018, 38196, 38341, 38370, 38400, 38418, 38423, 38446, 38468,
       38750, 38863, 38874, 38878, 38926, 39301, 39386, 39402, 39416,
       39418, 39537, 39610, 39626, 39660, 39802, 39869, 40057, 40188,
       40206, 40294, 40296, 40311, 40501, 40504, 40639, 40910, 40942,
       41015, 41034, 41086, 41273, 41328, 41348, 41428, 41830, 41903,
       41919, 41936, 41947, 42065, 42176, 42294, 42386, 42390, 42512,
       42701, 42703, 43137, 43193, 43504, 43563, 43569, 43648, 43728,
       43908, 43909, 44001, 44168, 44171, 44203, 44224, 44261, 44356,
       44415, 44543, 44619, 44657, 44724, 45028, 45056, 45192, 45272,
       45377, 45555, 45562, 45620, 45709, 45776, 45894, 45932, 46095,
       46122, 46140, 46265, 46589, 46745, 46798, 46836, 46891, 47001,
       47082, 47090, 47351, 47469, 47523, 47759, 47780, 47865, 47877,
       47943, 48042, 48113, 48248, 48289, 48294, 48363, 48374, 48570,
       48651, 48674, 48715, 48773, 48775, 48783, 48906, 48979, 49143,
       49230, 49276, 49351]), array([    7,    43,   171,   255,   838,  1116,  1126,  1357,  1568,
        1725,  1877,  1901,  1916,  2084,  2260,  2320,  2342,  2382,
        2431,  2462,  2592,  2956,  3046,  3079,  3113,  3247,  3254,
        3291,  3581,  3667,  3750,  3990,  4042,  4151,  4221,  4248,
        4320,  4513,  4548,  4645,  4839,  4854,  5110,  5139,  5219,
        5399,  5485,  5513,  5569,  5719,  5769,  5853,  5891,  5938,
        6092,  6305,  6401,  6454,  6476,  6676,  6695,  6925,  7112,
        7176,  7203,  7215,  7490,  7493,  7656,  7972,  7984,  8060,
        8155,  8228,  8277,  8326,  8523,  8535,  8568,  8574,  8658,
        8790,  8797,  8807,  8819,  9111,  9116,  9143,  9500,  9711,
        9862,  9943,  9980, 10207, 10250, 10273, 10522, 10654, 10722,
       11110, 11302, 11320, 11461, 11496, 11924, 12107, 12410, 12537,
       12600, 12616, 12719, 12722, 12861, 13048, 13242, 13251, 13317,
       13357, 13390, 13586, 13753, 13943, 14053, 14111, 14252, 14268,
       14282, 14611, 14745, 14774, 14829, 15026, 15233, 15323, 15571,
       15660, 15663, 15699, 15716, 16006, 16032, 16063, 16196, 16314,
       16387, 16455, 16494, 16496, 16682, 16769, 16772, 17200, 17231,
       17234, 17396, 17491, 17573, 17624, 17689, 17834, 17848, 18472,
       18741, 18865, 18924, 18981, 19065, 19231, 19243, 19319, 19398,
       19617, 19644, 19855, 20165, 20372, 20548, 20570, 20895, 21030,
       21054, 21172, 21192, 21376, 21394, 21560, 21650, 21694, 21812,
       21822, 21890, 22095, 22112, 22115, 22367, 22382, 22435, 22558,
       22706, 22722, 22817, 22904, 22931, 22950, 23010, 23029, 23068,
       23072, 23094, 23306, 23347, 23353, 23436, 23503, 23602, 23661,
       23726, 23808, 23810, 23889, 23914, 24288, 24691, 24827, 25078,
       25087, 25154, 25225, 25304, 25376, 25531, 25636, 25667, 25695,
       25770, 25804, 25844, 25933, 25986, 26000, 26078, 26403, 26427,
       26496, 26550, 26636, 26643, 26690, 26699, 26872, 26880, 26910,
       26940, 26949, 27374, 27423, 27552, 27626, 27764, 27859, 27909,
       28097, 28236, 28347, 28429, 28445, 28511, 28522, 28593, 29025,
       29072, 29155, 29193, 29234, 29312, 29370, 29672, 29690, 29777,
       29787, 29877, 29890, 29896, 30244, 30291, 30305, 30512, 31150,
       31155, 31173, 31340, 31686, 31915, 31959, 31973, 32093, 32144,
       32258, 32268, 32330, 32743, 32852, 32916, 33000, 33056, 33179,
       33425, 33450, 33512, 33529, 33554, 33802, 33812, 33842, 33879,
       33926, 33959, 34050, 34230, 34428, 34545, 34560, 34955, 35614,
       35817, 35823, 35939, 36040, 36050, 36167, 36221, 36224, 36285,
       36460, 36534, 36646, 36788, 36830, 36835, 36874, 36892, 36932,
       36936, 37009, 37159, 37186, 37292, 37300, 37346, 37416, 37470,
       37585, 37612, 37645, 37683, 37768, 37804, 37827, 37891, 37951,
       38001, 38018, 38196, 38341, 38370, 38400, 38418, 38423, 38446,
       38750, 38863, 38874, 38878, 38926, 39386, 39402, 39416, 39418,
       39537, 39610, 39626, 39660, 39802, 39869, 40057, 40206, 40294,
       40296, 40311, 40501, 40504, 40592, 40639, 40910, 40942, 41015,
       41034, 41086, 41273, 41328, 41348, 41428, 41830, 41903, 41919,
       41936, 41947, 42065, 42176, 42294, 42386, 42390, 42701, 42703,
       43193, 43456, 43504, 43563, 43569, 43648, 43908, 43909, 44168,
       44171, 44203, 44224, 44356, 44415, 44619, 44657, 44724, 45028,
       45056, 45192, 45272, 45377, 45555, 45562, 45620, 45776, 45894,
       46095, 46122, 46140, 46265, 46589, 46745, 46798, 46891, 47001,
       47082, 47351, 47523, 47759, 47780, 47865, 47877, 47943, 48042,
       48113, 48248, 48289, 48374, 48570, 48651, 48674, 48715, 48773,
       48775, 48783, 49143, 49230, 49276, 49351]), array([    7,    35,    37,    43,   113,   171,   255,   419,   740,
         788,   799,   836,   838,   927,   959,  1116,  1126,  1357,
        1568,  1716,  1725,  1820,  1877,  1886,  1901,  1916,  2084,
        2260,  2320,  2342,  2382,  2431,  2462,  2473,  2522,  2592,
        2761,  2785,  2818,  2956,  3046,  3058,  3079,  3113,  3247,
        3254,  3291,  3581,  3667,  3750,  3752,  3990,  4042,  4151,
        4176,  4199,  4221,  4248,  4320,  4465,  4513,  4541,  4548,
        4645,  4839,  4854,  5110,  5119,  5139,  5219,  5267,  5399,
        5447,  5485,  5513,  5557,  5569,  5719,  5732,  5769,  5853,
        5882,  5891,  5938,  6092,  6225,  6229,  6271,  6305,  6401,
        6454,  6476,  6506,  6676,  6695,  6744,  6757,  6925,  6962,
        7112,  7176,  7203,  7215,  7260,  7490,  7493,  7507,  7656,
        7727,  7732,  7856,  7958,  7972,  7984,  8060,  8155,  8228,
        8233,  8277,  8326,  8523,  8535,  8568,  8574,  8658,  8790,
        8797,  8807,  8819,  8975,  9111,  9116,  9143,  9179,  9500,
        9596,  9695,  9711,  9862,  9943,  9980, 10029, 10207, 10230,
       10250, 10273, 10444, 10522, 10654, 10722, 11110, 11302, 11320,
       11361, 11461, 11496, 11735, 11924, 12107, 12410, 12446, 12452,
       12492, 12512, 12537, 12600, 12616, 12640, 12719, 12722, 12861,
       12903, 13048, 13242, 13251, 13317, 13357, 13390, 13651, 13753,
       13820, 13943, 13983, 14053, 14111, 14252, 14268, 14282, 14340,
       14589, 14611, 14745, 14774, 14829, 14965, 15026, 15139, 15170,
       15233, 15301, 15323, 15571, 15660, 15663, 15699, 15716, 16006,
       16032, 16063, 16181, 16196, 16314, 16334, 16387, 16455, 16494,
       16496, 16682, 16769, 16772, 16833, 17200, 17231, 17234, 17343,
       17396, 17491, 17573, 17624, 17689, 17834, 17848, 18150, 18256,
       18329, 18472, 18500, 18561, 18741, 18811, 18865, 18924, 18981,
       19065, 19106, 19217, 19231, 19243, 19319, 19398, 19576, 19598,
       19617, 19644, 19679, 19855, 20165, 20372, 20548, 20570, 20673,
       20768, 20895, 20972, 21010, 21030, 21054, 21120, 21172, 21192,
       21211, 21376, 21377, 21394, 21491, 21560, 21619, 21650, 21694,
       21812, 21822, 21890, 21974, 21995, 22095, 22112, 22115, 22367,
       22379, 22382, 22435, 22549, 22558, 22706, 22722, 22817, 22898,
       22904, 22931, 22950, 23010, 23029, 23068, 23072, 23094, 23306,
       23347, 23353, 23388, 23435, 23436, 23503, 23602, 23661, 23726,
       23808, 23810, 23889, 23914, 24098, 24288, 24534, 24544, 24666,
       24691, 24731, 24827, 25016, 25078, 25087, 25154, 25225, 25304,
       25334, 25376, 25388, 25531, 25588, 25636, 25667, 25695, 25770,
       25804, 25844, 25933, 25986, 26000, 26020, 26052, 26078, 26345,
       26403, 26427, 26496, 26550, 26622, 26636, 26643, 26690, 26699,
       26823, 26872, 26880, 26910, 26940, 26949, 27050, 27249, 27285,
       27374, 27423, 27552, 27626, 27764, 27859, 27909, 27976, 28097,
       28236, 28278, 28347, 28405, 28429, 28445, 28511, 28522, 28593,
       28604, 28660, 28723, 29025, 29072, 29098, 29155, 29193, 29198,
       29234, 29312, 29370, 29672, 29690, 29703, 29777, 29787, 29877,
       29883, 29890, 29896, 30244, 30291, 30305, 30512, 30563, 30606,
       30615, 30658, 30988, 31046, 31150, 31155, 31159, 31173, 31195,
       31201, 31340, 31501, 31599, 31686, 31705, 31831, 31915, 31959,
       31973, 32006, 32024, 32093, 32109, 32144, 32258, 32268, 32330,
       32449, 32743, 32852, 32916, 33000, 33041, 33048, 33056, 33142,
       33153, 33179, 33248, 33342, 33363, 33425, 33450, 33512, 33529,
       33554, 33601, 33802, 33812, 33842, 33855, 33879, 33911, 33924,
       33926, 33959, 34050, 34117, 34230, 34428, 34545, 34560, 34652,
       34751, 34799, 34955, 35023, 35221, 35614, 35710, 35817, 35823,
       35939, 35959, 36040, 36050, 36167, 36221, 36224, 36285, 36404,
       36455, 36460, 36534, 36646, 36788, 36830, 36835, 36874, 36892,
       36932, 36936, 37009, 37104, 37159, 37186, 37292, 37300, 37316,
       37346, 37416, 37470, 37585, 37612, 37645, 37683, 37768, 37804,
       37827, 37891, 37910, 37951, 38001, 38018, 38127, 38196, 38324,
       38341, 38370, 38400, 38418, 38423, 38446, 38468, 38750, 38769,
       38863, 38874, 38878, 38926, 39301, 39386, 39389, 39402, 39416,
       39418, 39537, 39610, 39626, 39660, 39802, 39869, 40057, 40170,
       40188, 40206, 40294, 40296, 40311, 40435, 40492, 40501, 40504,
       40592, 40639, 40910, 40942, 40944, 41015, 41034, 41086, 41100,
       41249, 41254, 41273, 41328, 41348, 41428, 41830, 41903, 41919,
       41936, 41947, 42001, 42065, 42176, 42204, 42294, 42386, 42390,
       42509, 42512, 42701, 42703, 42875, 43018, 43137, 43193, 43284,
       43456, 43460, 43504, 43563, 43569, 43641, 43648, 43728, 43847,
       43908, 43909, 44001, 44018, 44168, 44171, 44203, 44224, 44261,
       44356, 44415, 44619, 44657, 44724, 45027, 45028, 45056, 45192,
       45255, 45272, 45377, 45473, 45555, 45562, 45620, 45709, 45776,
       45894, 45932, 46095, 46122, 46140, 46265, 46322, 46373, 46526,
       46589, 46745, 46798, 46836, 46891, 47001, 47082, 47090, 47351,
       47359, 47452, 47469, 47523, 47759, 47780, 47865, 47877, 47943,
       47971, 47984, 48007, 48042, 48113, 48248, 48289, 48294, 48342,
       48374, 48531, 48570, 48651, 48674, 48715, 48773, 48775, 48783,
       48833, 48906, 48979, 49143, 49230, 49276, 49310, 49351]), array([    7,    35,    37,    43,   113,   171,   255,   360,   419,
         740,   788,   799,   836,   838,   927,   941,   959,  1116,
        1126,  1284,  1357,  1568,  1716,  1725,  1820,  1877,  1886,
        1901,  1916,  2074,  2084,  2260,  2320,  2342,  2382,  2431,
        2462,  2473,  2522,  2592,  2785,  2812,  2818,  2956,  3046,
        3058,  3079,  3113,  3247,  3254,  3291,  3389,  3581,  3667,
        3750,  3752,  3990,  4042,  4151,  4176,  4199,  4211,  4221,
        4248,  4320,  4465,  4513,  4541,  4548,  4645,  4704,  4828,
        4839,  4854,  5110,  5119,  5139,  5219,  5267,  5399,  5447,
        5485,  5513,  5557,  5569,  5719,  5732,  5769,  5853,  5882,
        5891,  5938,  6092,  6225,  6229,  6271,  6305,  6342,  6401,
        6454,  6476,  6506,  6676,  6695,  6744,  6757,  6925,  6962,
        7112,  7176,  7203,  7215,  7260,  7484,  7490,  7493,  7507,
        7656,  7727,  7732,  7856,  7861,  7958,  7972,  7984,  8060,
        8155,  8228,  8233,  8277,  8326,  8523,  8535,  8568,  8574,
        8632,  8658,  8790,  8797,  8807,  8819,  8975,  8981,  9111,
        9116,  9143,  9179,  9500,  9596,  9695,  9711,  9862,  9869,
        9943,  9980, 10029, 10207, 10230, 10250, 10273, 10444, 10522,
       10654, 10722, 10891, 11110, 11266, 11302, 11320, 11361, 11461,
       11496, 11735, 11924, 12107, 12348, 12408, 12410, 12446, 12452,
       12492, 12512, 12537, 12600, 12616, 12640, 12719, 12722, 12861,
       12903, 12924, 13048, 13242, 13248, 13251, 13310, 13317, 13357,
       13390, 13586, 13651, 13753, 13820, 13943, 13983, 14000, 14053,
       14111, 14252, 14268, 14282, 14283, 14340, 14427, 14541, 14589,
       14611, 14745, 14774, 14829, 14869, 14965, 15026, 15139, 15170,
       15233, 15301, 15323, 15571, 15660, 15663, 15699, 15716, 16006,
       16032, 16063, 16181, 16196, 16314, 16334, 16387, 16455, 16494,
       16496, 16682, 16718, 16769, 16772, 16829, 16833, 17086, 17147,
       17200, 17231, 17234, 17343, 17396, 17491, 17573, 17624, 17689,
       17728, 17834, 17848, 18150, 18231, 18256, 18329, 18472, 18500,
       18561, 18741, 18811, 18865, 18924, 18981, 19065, 19106, 19162,
       19217, 19231, 19243, 19319, 19398, 19576, 19598, 19617, 19644,
       19679, 19716, 19855, 20165, 20372, 20548, 20570, 20668, 20673,
       20768, 20895, 20972, 21010, 21030, 21054, 21055, 21120, 21172,
       21192, 21376, 21377, 21394, 21491, 21560, 21619, 21650, 21694,
       21812, 21822, 21890, 21974, 21995, 22047, 22095, 22112, 22115,
       22367, 22379, 22382, 22435, 22444, 22453, 22549, 22558, 22692,
       22706, 22722, 22817, 22898, 22904, 22931, 22950, 23010, 23029,
       23062, 23068, 23072, 23094, 23306, 23347, 23353, 23388, 23435,
       23436, 23503, 23602, 23661, 23726, 23770, 23808, 23810, 23889,
       23914, 24098, 24288, 24534, 24544, 24570, 24666, 24691, 24731,
       24827, 25016, 25078, 25087, 25113, 25154, 25225, 25304, 25334,
       25376, 25388, 25531, 25588, 25636, 25667, 25695, 25770, 25804,
       25844, 25933, 25986, 26000, 26020, 26052, 26078, 26345, 26403,
       26427, 26496, 26550, 26622, 26636, 26643, 26690, 26699, 26701,
       26823, 26872, 26880, 26910, 26940, 26949, 27050, 27249, 27285,
       27351, 27374, 27423, 27552, 27626, 27631, 27751, 27764, 27859,
       27909, 27976, 28076, 28097, 28236, 28278, 28347, 28405, 28429,
       28445, 28511, 28522, 28593, 28604, 28660, 28723, 28843, 29025,
       29072, 29098, 29155, 29193, 29198, 29234, 29312, 29370, 29613,
       29672, 29690, 29703, 29777, 29787, 29819, 29877, 29890, 29896,
       30244, 30291, 30305, 30512, 30563, 30606, 30615, 30658, 30932,
       30988, 31046, 31150, 31155, 31159, 31173, 31195, 31201, 31340,
       31501, 31599, 31686, 31705, 31827, 31831, 31915, 31959, 31973,
       32006, 32024, 32093, 32109, 32144, 32162, 32258, 32268, 32330,
       32743, 32818, 32852, 32916, 33000, 33041, 33048, 33056, 33142,
       33153, 33179, 33248, 33337, 33342, 33425, 33450, 33512, 33529,
       33554, 33601, 33674, 33802, 33812, 33842, 33855, 33879, 33911,
       33924, 33926, 33959, 34050, 34117, 34230, 34231, 34239, 34428,
       34545, 34560, 34652, 34751, 34799, 34805, 34955, 35023, 35100,
       35221, 35614, 35710, 35817, 35823, 35939, 35959, 36040, 36050,
       36167, 36221, 36224, 36285, 36404, 36455, 36460, 36470, 36534,
       36646, 36788, 36830, 36835, 36874, 36892, 36932, 36936, 37009,
       37104, 37159, 37186, 37290, 37292, 37300, 37316, 37346, 37416,
       37470, 37585, 37612, 37645, 37683, 37768, 37804, 37827, 37875,
       37891, 37910, 37951, 38001, 38018, 38127, 38140, 38196, 38324,
       38341, 38370, 38400, 38418, 38423, 38446, 38468, 38750, 38769,
       38863, 38874, 38878, 38926, 38963, 39284, 39301, 39386, 39389,
       39402, 39416, 39418, 39537, 39610, 39626, 39660, 39802, 39869,
       39908, 40057, 40170, 40188, 40206, 40294, 40296, 40311, 40435,
       40492, 40501, 40504, 40592, 40639, 40910, 40942, 40944, 41015,
       41034, 41086, 41100, 41249, 41254, 41273, 41328, 41348, 41428,
       41830, 41903, 41919, 41936, 41947, 42001, 42065, 42176, 42204,
       42291, 42294, 42386, 42390, 42430, 42509, 42512, 42701, 42703,
       42875, 43018, 43137, 43193, 43215, 43284, 43290, 43456, 43460,
       43504, 43563, 43569, 43641, 43648, 43692, 43728, 43847, 43908,
       43909, 44001, 44018, 44137, 44168, 44171, 44203, 44224, 44261,
       44356, 44415, 44619, 44657, 44724, 45027, 45028, 45056, 45192,
       45255, 45272, 45377, 45555, 45562, 45620, 45709, 45776, 45894,
       45932, 46095, 46122, 46140, 46265, 46322, 46373, 46406, 46526,
       46551, 46589, 46745, 46798, 46836, 46891, 47001, 47082, 47090,
       47127, 47351, 47359, 47452, 47469, 47523, 47759, 47780, 47865,
       47877, 47943, 47956, 47971, 47984, 48007, 48042, 48113, 48248,
       48289, 48294, 48342, 48374, 48531, 48570, 48651, 48674, 48715,
       48773, 48775, 48783, 48833, 48906, 48979, 49143, 49230, 49276,
       49310, 49351])]
