training accuracy when lambda=0.2
[0.59472, 0.7397, 0.77016, 0.79118, 0.79912, 0.81126, 0.8148, 0.8219, 0.82638, 0.83142, 0.83414, 0.83828, 0.84244, 0.84626, 0.84796, 0.84798, 0.84938, 0.85404, 0.85314, 0.85614, 0.8567, 0.85728, 0.8583, 0.85872, 0.86222, 0.85912, 0.86074, 0.86412, 0.86158, 0.86346, 0.8634, 0.86424, 0.86326, 0.86328, 0.8624, 0.86434, 0.86284, 0.8627, 0.86256, 0.86296, 0.86462, 0.86152, 0.8613, 0.86416, 0.86212, 0.8639, 0.86222, 0.86244, 0.86154, 0.86038]
test accuracy when lambda=0.2
[0.5036, 0.5281, 0.5359, 0.5312, 0.536, 0.5392, 0.5403, 0.5412, 0.5444, 0.5406, 0.5437, 0.5442, 0.5404, 0.5427, 0.54, 0.5398, 0.5436, 0.5436, 0.5427, 0.5477, 0.5426, 0.5445, 0.5416, 0.5435, 0.5445, 0.5442, 0.5392, 0.5422, 0.5374, 0.5416, 0.5453, 0.5398, 0.5417, 0.5401, 0.5452, 0.5416, 0.5415, 0.5387, 0.5401, 0.5391, 0.5392, 0.5396, 0.541, 0.5396, 0.5347, 0.5381, 0.5384, 0.5343, 0.5375, 0.5353]
training accuracy when lambda=0.25
[0.58942, 0.72162, 0.75214, 0.7666, 0.7775, 0.78786, 0.79342, 0.79898, 0.80376, 0.8086, 0.81082, 0.81412, 0.81602, 0.81846, 0.81976, 0.82176, 0.82392, 0.8269, 0.83064, 0.83194, 0.83188, 0.8313, 0.83286, 0.83264, 0.83276, 0.83552, 0.83484, 0.83602, 0.836, 0.83458, 0.83384, 0.833, 0.83596, 0.83462, 0.83626, 0.8334, 0.83252, 0.83498, 0.83304, 0.83136, 0.83376, 0.83192, 0.83376, 0.82966, 0.83178, 0.832, 0.83244, 0.82804, 0.83006, 0.82822]
test accuracy when lambda=0.25
[0.5011, 0.5242, 0.5318, 0.5366, 0.5363, 0.5377, 0.542, 0.5387, 0.5385, 0.5358, 0.5396, 0.547, 0.5411, 0.5414, 0.5359, 0.5424, 0.5407, 0.5403, 0.5393, 0.5393, 0.5384, 0.5432, 0.5439, 0.5399, 0.5367, 0.5415, 0.5379, 0.5386, 0.5406, 0.5428, 0.5365, 0.5345, 0.5347, 0.5344, 0.5342, 0.536, 0.536, 0.5358, 0.5324, 0.5357, 0.5343, 0.5337, 0.5374, 0.5294, 0.5343, 0.5337, 0.5318, 0.5322, 0.5339, 0.5336]
training accuracy when lambda=0.3
[0.55806, 0.6829, 0.71132, 0.72622, 0.737, 0.74374, 0.74886, 0.75452, 0.75918, 0.76296, 0.76572, 0.77094, 0.77242, 0.77404, 0.77926, 0.77834, 0.781, 0.78366, 0.78386, 0.78348, 0.78662, 0.78586, 0.7873, 0.78612, 0.78974, 0.78636, 0.78826, 0.788, 0.78778, 0.7876, 0.78998, 0.79112, 0.78912, 0.78776, 0.78534, 0.78532, 0.78378, 0.78418, 0.78428, 0.78588, 0.78362, 0.78416, 0.78502, 0.78286, 0.7811, 0.7826, 0.78102, 0.77754, 0.77988, 0.77922]
test accuracy when lambda=0.3
[0.5018, 0.5132, 0.5212, 0.5352, 0.5337, 0.5334, 0.5379, 0.5317, 0.5362, 0.5337, 0.5321, 0.5352, 0.5352, 0.5362, 0.5314, 0.5306, 0.5312, 0.5259, 0.5312, 0.5275, 0.5292, 0.522, 0.525, 0.5265, 0.5267, 0.5261, 0.5186, 0.5269, 0.5238, 0.523, 0.524, 0.5229, 0.5246, 0.5262, 0.5212, 0.5199, 0.5249, 0.52, 0.5205, 0.5189, 0.5167, 0.5196, 0.5184, 0.5215, 0.5174, 0.5209, 0.5191, 0.5191, 0.5181, 0.5183]
training accuracy when lambda=0.35
[0.49928, 0.61206, 0.6366, 0.6513, 0.65838, 0.66488, 0.67138, 0.67564, 0.67912, 0.6823, 0.68584, 0.69044, 0.69186, 0.69426, 0.69716, 0.69892, 0.6988, 0.70366, 0.70334, 0.70326, 0.70768, 0.70622, 0.70952, 0.70872, 0.70958, 0.71056, 0.71058, 0.71284, 0.71348, 0.71272, 0.71386, 0.71066, 0.71116, 0.71146, 0.71294, 0.71162, 0.7107, 0.71114, 0.70952, 0.70922, 0.711, 0.71056, 0.70914, 0.70862, 0.70948, 0.70772, 0.7077, 0.7072, 0.70544, 0.70758]
test accuracy when lambda=0.35
[0.4981, 0.5191, 0.5256, 0.5253, 0.5315, 0.5282, 0.527, 0.5272, 0.5311, 0.5336, 0.5315, 0.5309, 0.5262, 0.529, 0.5327, 0.5325, 0.5308, 0.5277, 0.5276, 0.5293, 0.5231, 0.5262, 0.5255, 0.5208, 0.5229, 0.5231, 0.5188, 0.5156, 0.5213, 0.5235, 0.5204, 0.5168, 0.5156, 0.5144, 0.5192, 0.5192, 0.5131, 0.512, 0.5111, 0.5094, 0.516, 0.5137, 0.5102, 0.5101, 0.5106, 0.5132, 0.5062, 0.5104, 0.5074, 0.5091]
training accuracy when lambda=0.4
[0.42988, 0.5195, 0.53672, 0.5489, 0.555, 0.5597, 0.565, 0.56612, 0.5715, 0.57566, 0.57748, 0.58052, 0.58406, 0.58598, 0.58858, 0.5925, 0.59584, 0.59644, 0.59866, 0.60096, 0.60516, 0.60694, 0.60934, 0.61312, 0.6109, 0.61576, 0.6177, 0.61678, 0.62022, 0.61766, 0.61946, 0.62132, 0.62302, 0.62394, 0.62518, 0.62694, 0.62832, 0.62912, 0.629, 0.62952, 0.63104, 0.62956, 0.63018, 0.63168, 0.6302, 0.63176, 0.6336, 0.6341, 0.63404, 0.63364]
test accuracy when lambda=0.4
[0.4875, 0.5035, 0.5118, 0.5194, 0.5293, 0.5278, 0.5243, 0.5245, 0.5266, 0.5285, 0.5276, 0.5295, 0.5265, 0.5261, 0.525, 0.5225, 0.5211, 0.5252, 0.5211, 0.5184, 0.5212, 0.5124, 0.514, 0.5117, 0.5126, 0.5149, 0.5118, 0.5117, 0.5082, 0.5087, 0.5075, 0.5118, 0.503, 0.5074, 0.5052, 0.4989, 0.5032, 0.5027, 0.5041, 0.5037, 0.5031, 0.5039, 0.4998, 0.4992, 0.5038, 0.5001, 0.4982, 0.5016, 0.5027, 0.5028]
training accuracy when lambda=0.45
[0.33682, 0.39974, 0.4115, 0.41852, 0.42248, 0.42812, 0.43016, 0.43466, 0.43788, 0.44182, 0.44616, 0.44886, 0.45328, 0.456, 0.4616, 0.46524, 0.47102, 0.4764, 0.47994, 0.4839, 0.48942, 0.49328, 0.49856, 0.5045, 0.5082, 0.51158, 0.51654, 0.52032, 0.52274, 0.52616, 0.53138, 0.53216, 0.5393, 0.5364, 0.53896, 0.54358, 0.54374, 0.54738, 0.54954, 0.55178, 0.5538, 0.5547, 0.55726, 0.55952, 0.56242, 0.5622, 0.56504, 0.56708, 0.56618, 0.56922]
test accuracy when lambda=0.45
[0.4801, 0.5041, 0.5184, 0.5171, 0.5203, 0.5188, 0.5255, 0.5246, 0.5226, 0.5243, 0.5218, 0.5207, 0.5189, 0.5129, 0.5149, 0.5129, 0.5099, 0.5183, 0.5096, 0.5044, 0.5027, 0.5047, 0.5034, 0.499, 0.5008, 0.4991, 0.4929, 0.4954, 0.4969, 0.4951, 0.4942, 0.493, 0.4879, 0.4948, 0.4892, 0.4874, 0.4868, 0.4899, 0.4885, 0.4879, 0.491, 0.4899, 0.4861, 0.4854, 0.4854, 0.4912, 0.4885, 0.488, 0.4806, 0.4813]
training accuracy when lambda=0.5
[0.08622, 0.08486, 0.08818, 0.09228, 0.09472, 0.0979, 0.10138, 0.10486, 0.10926, 0.11388, 0.11916, 0.12616, 0.13048, 0.13984, 0.14674, 0.15404, 0.16634, 0.17594, 0.18468, 0.19588, 0.2059, 0.2211, 0.23246, 0.24182, 0.25478, 0.26616, 0.2739, 0.28476, 0.29386, 0.30282, 0.31334, 0.32074, 0.33014, 0.33876, 0.34348, 0.3476, 0.35842, 0.36142, 0.36752, 0.37326, 0.37732, 0.38278, 0.3895, 0.39522, 0.40072, 0.40378, 0.41052, 0.41664, 0.41606, 0.42248]
test accuracy when lambda=0.5
[0.4844, 0.5012, 0.5135, 0.5137, 0.5148, 0.5182, 0.5113, 0.5197, 0.5115, 0.516, 0.5072, 0.5124, 0.5064, 0.5023, 0.5042, 0.5005, 0.4956, 0.4961, 0.4912, 0.4832, 0.4833, 0.4789, 0.4853, 0.474, 0.4778, 0.4724, 0.4727, 0.4707, 0.4684, 0.4724, 0.4667, 0.4659, 0.4679, 0.4658, 0.4635, 0.4664, 0.4645, 0.4666, 0.4668, 0.4661, 0.4649, 0.4642, 0.4613, 0.4615, 0.4634, 0.4647, 0.4628, 0.4617, 0.4624, 0.4624]
training accuracy when lambda=0.55
[0.08668, 0.08544, 0.08712, 0.08992, 0.0932, 0.09798, 0.10192, 0.1064, 0.11304, 0.11946, 0.12602, 0.13432, 0.145, 0.15378, 0.16548, 0.17962, 0.19178, 0.20628, 0.22226, 0.23644, 0.25034, 0.26374, 0.28132, 0.2929, 0.30862, 0.3223, 0.33376, 0.34402, 0.35238, 0.36354, 0.3737, 0.38578, 0.39318, 0.4018, 0.40548, 0.41494, 0.42528, 0.4293, 0.43454, 0.4407, 0.45178, 0.4534, 0.45698, 0.46186, 0.47238, 0.47354, 0.47588, 0.48534, 0.49038, 0.49182]
test accuracy when lambda=0.55
[0.4634, 0.4949, 0.5059, 0.5062, 0.498, 0.5109, 0.5098, 0.5064, 0.5015, 0.5081, 0.5083, 0.502, 0.4973, 0.4941, 0.4899, 0.4917, 0.4812, 0.479, 0.4833, 0.4764, 0.4694, 0.4683, 0.4691, 0.474, 0.4644, 0.4645, 0.4572, 0.4554, 0.4477, 0.4513, 0.4574, 0.4524, 0.4516, 0.4494, 0.448, 0.4488, 0.4497, 0.4458, 0.4445, 0.4551, 0.4461, 0.447, 0.4489, 0.4396, 0.4462, 0.4492, 0.445, 0.4427, 0.4459, 0.4468]
training accuracy when lambda=0.6
[0.08692, 0.08478, 0.08894, 0.09254, 0.09482, 0.10012, 0.1033, 0.11088, 0.11726, 0.12416, 0.13592, 0.1466, 0.16064, 0.17518, 0.18798, 0.2097, 0.22306, 0.24226, 0.25588, 0.27864, 0.2952, 0.31114, 0.32968, 0.34716, 0.3563, 0.37154, 0.3878, 0.40438, 0.41172, 0.42168, 0.43318, 0.43924, 0.4501, 0.45716, 0.46652, 0.4742, 0.47864, 0.4885, 0.49682, 0.50576, 0.5137, 0.5163, 0.52538, 0.52586, 0.53116, 0.53672, 0.53716, 0.54574, 0.54974, 0.55644]
test accuracy when lambda=0.6
[0.4546, 0.4801, 0.4869, 0.4861, 0.4984, 0.4932, 0.493, 0.492, 0.4949, 0.4876, 0.4848, 0.479, 0.4727, 0.4717, 0.4717, 0.4584, 0.4547, 0.4535, 0.4453, 0.4438, 0.443, 0.4333, 0.4336, 0.4365, 0.4347, 0.4351, 0.4308, 0.4324, 0.4333, 0.4249, 0.4227, 0.428, 0.4232, 0.4264, 0.4212, 0.422, 0.426, 0.4169, 0.4254, 0.4206, 0.4192, 0.4195, 0.424, 0.419, 0.4264, 0.4214, 0.4321, 0.4209, 0.4207, 0.42]
training accuracy when lambda=0.65
[0.08878, 0.08708, 0.088, 0.09082, 0.09566, 0.10176, 0.10866, 0.11286, 0.1248, 0.13588, 0.15, 0.16616, 0.18106, 0.2032, 0.22394, 0.24322, 0.2667, 0.2892, 0.30598, 0.32944, 0.34716, 0.36754, 0.38436, 0.39864, 0.4169, 0.43098, 0.44424, 0.45542, 0.46624, 0.48244, 0.4922, 0.50242, 0.51124, 0.51902, 0.5274, 0.53572, 0.54434, 0.55072, 0.55802, 0.5638, 0.57266, 0.5779, 0.5827, 0.58902, 0.59432, 0.59572, 0.60266, 0.60458, 0.61036, 0.61776]
test accuracy when lambda=0.65
[0.4438, 0.4507, 0.4845, 0.4836, 0.4818, 0.4854, 0.4688, 0.4776, 0.4779, 0.47, 0.4606, 0.4453, 0.4451, 0.4351, 0.4314, 0.4216, 0.4188, 0.4066, 0.4092, 0.4051, 0.3998, 0.3944, 0.3918, 0.3936, 0.3939, 0.3852, 0.3852, 0.3856, 0.3788, 0.3838, 0.3808, 0.3789, 0.3864, 0.3768, 0.3894, 0.3789, 0.3825, 0.3831, 0.3785, 0.3807, 0.384, 0.3745, 0.378, 0.3772, 0.3794, 0.3816, 0.3782, 0.3791, 0.3857, 0.3815]
training accuracy when lambda=0.7
[0.08996, 0.0873, 0.08988, 0.09252, 0.0978, 0.10458, 0.1134, 0.12106, 0.13472, 0.15174, 0.17006, 0.19498, 0.22026, 0.24344, 0.26894, 0.29272, 0.31912, 0.34356, 0.36412, 0.38376, 0.40602, 0.42478, 0.44836, 0.46114, 0.47582, 0.49048, 0.5058, 0.51728, 0.52934, 0.53832, 0.5519, 0.55964, 0.56994, 0.58048, 0.5864, 0.59288, 0.60304, 0.61064, 0.61508, 0.62692, 0.63126, 0.63504, 0.64022, 0.64576, 0.65388, 0.6539, 0.66104, 0.66208, 0.66586, 0.67442]
test accuracy when lambda=0.7
[0.4005, 0.4529, 0.4597, 0.4781, 0.4717, 0.4692, 0.4681, 0.4608, 0.442, 0.4351, 0.4191, 0.4168, 0.4099, 0.3913, 0.3875, 0.3778, 0.3747, 0.3653, 0.3601, 0.3609, 0.3577, 0.357, 0.3536, 0.3445, 0.3476, 0.341, 0.3518, 0.3505, 0.3482, 0.3477, 0.342, 0.3433, 0.3535, 0.3495, 0.3533, 0.3481, 0.3457, 0.3471, 0.3494, 0.3517, 0.3493, 0.3524, 0.3499, 0.3533, 0.352, 0.3493, 0.3579, 0.3571, 0.3594, 0.3535]
training accuracy when lambda=0.75
[0.0895, 0.08942, 0.08946, 0.09364, 0.10052, 0.10762, 0.1188, 0.12808, 0.14648, 0.16616, 0.18862, 0.21378, 0.23972, 0.26888, 0.29758, 0.3232, 0.35402, 0.3794, 0.40524, 0.42474, 0.4491, 0.46682, 0.48446, 0.50198, 0.52018, 0.5324, 0.54732, 0.55924, 0.56698, 0.58402, 0.59318, 0.60264, 0.61176, 0.62134, 0.63056, 0.6347, 0.6449, 0.64998, 0.65652, 0.66352, 0.67, 0.67408, 0.68042, 0.68382, 0.69088, 0.69356, 0.7008, 0.70216, 0.71032, 0.7149]
test accuracy when lambda=0.75
[0.3869, 0.4036, 0.4513, 0.455, 0.4494, 0.4413, 0.4412, 0.4271, 0.4075, 0.4009, 0.3895, 0.3688, 0.3674, 0.347, 0.3388, 0.3163, 0.3181, 0.3126, 0.3094, 0.2992, 0.3009, 0.3022, 0.3015, 0.3023, 0.2939, 0.2913, 0.2879, 0.2977, 0.2928, 0.2975, 0.2957, 0.3042, 0.2968, 0.3027, 0.2995, 0.3062, 0.2959, 0.3005, 0.3008, 0.3051, 0.3018, 0.3037, 0.3075, 0.3082, 0.3059, 0.3058, 0.3117, 0.3146, 0.3041, 0.3103]
training accuracy when lambda=0.8
[0.09392, 0.09038, 0.09032, 0.09302, 0.0994, 0.10582, 0.11726, 0.1325, 0.1494, 0.17592, 0.19746, 0.22216, 0.25078, 0.28192, 0.30798, 0.34002, 0.36628, 0.39114, 0.41928, 0.44126, 0.4657, 0.48904, 0.5072, 0.52686, 0.53878, 0.55832, 0.57, 0.58554, 0.59954, 0.61048, 0.62052, 0.63132, 0.64392, 0.65414, 0.66262, 0.67048, 0.67672, 0.68112, 0.69562, 0.69784, 0.70226, 0.71008, 0.71768, 0.72202, 0.72564, 0.73378, 0.74074, 0.74112, 0.74654, 0.75138]
test accuracy when lambda=0.8
[0.3456, 0.3792, 0.3952, 0.4225, 0.4235, 0.4148, 0.4074, 0.3972, 0.3786, 0.3525, 0.3374, 0.318, 0.2915, 0.2836, 0.2878, 0.2566, 0.2556, 0.2469, 0.2455, 0.2421, 0.2345, 0.2389, 0.2341, 0.2457, 0.2412, 0.2441, 0.235, 0.2365, 0.2421, 0.2484, 0.242, 0.2487, 0.2328, 0.2516, 0.2455, 0.2436, 0.2419, 0.2486, 0.2481, 0.2538, 0.2525, 0.2513, 0.2539, 0.2557, 0.2546, 0.2636, 0.2546, 0.2543, 0.2627, 0.2588]
training accuracy when lambda=0.85
[0.09706, 0.09296, 0.09418, 0.0974, 0.10244, 0.10986, 0.12238, 0.14172, 0.16198, 0.18466, 0.2114, 0.24038, 0.2713, 0.29642, 0.3311, 0.36212, 0.38956, 0.41704, 0.44226, 0.46762, 0.48846, 0.50896, 0.5312, 0.5487, 0.5652, 0.58424, 0.59764, 0.61152, 0.6244, 0.63724, 0.64488, 0.6539, 0.66552, 0.6769, 0.68634, 0.6937, 0.69818, 0.70994, 0.71594, 0.71788, 0.72876, 0.73444, 0.73952, 0.7431, 0.74642, 0.75292, 0.75908, 0.76368, 0.76804, 0.7736]
test accuracy when lambda=0.85
[0.3126, 0.3531, 0.3723, 0.3668, 0.3693, 0.37, 0.3367, 0.3315, 0.3011, 0.2827, 0.2646, 0.2523, 0.2336, 0.2114, 0.2049, 0.2094, 0.1887, 0.1932, 0.1935, 0.1944, 0.1909, 0.1905, 0.1946, 0.1937, 0.1862, 0.1893, 0.1872, 0.1945, 0.1905, 0.1991, 0.1987, 0.202, 0.1969, 0.1935, 0.2069, 0.2005, 0.2027, 0.2016, 0.2003, 0.2056, 0.1991, 0.2114, 0.2035, 0.2083, 0.2061, 0.2047, 0.2066, 0.2126, 0.2114, 0.2183]
training accuracy when lambda=0.9
[0.09764, 0.09724, 0.09612, 0.09982, 0.09946, 0.10356, 0.1084, 0.11752, 0.1285, 0.1446, 0.16452, 0.18536, 0.20924, 0.2325, 0.2647, 0.29224, 0.31886, 0.3469, 0.3797, 0.40214, 0.42482, 0.45172, 0.47404, 0.49574, 0.51874, 0.5333, 0.54912, 0.56402, 0.58154, 0.594, 0.603, 0.6175, 0.62796, 0.6391, 0.65134, 0.66054, 0.66488, 0.6776, 0.6889, 0.69496, 0.7005, 0.70544, 0.71144, 0.71882, 0.72266, 0.72842, 0.73434, 0.74172, 0.74178, 0.74906]
test accuracy when lambda=0.9
[0.1472, 0.226, 0.2201, 0.2405, 0.254, 0.2299, 0.2415, 0.2468, 0.2474, 0.2163, 0.1947, 0.1888, 0.1676, 0.1582, 0.1604, 0.1499, 0.1421, 0.1369, 0.1409, 0.1369, 0.1431, 0.1418, 0.1427, 0.1412, 0.1445, 0.1407, 0.1396, 0.1415, 0.1395, 0.1363, 0.1431, 0.1398, 0.1458, 0.1448, 0.1437, 0.1458, 0.1429, 0.1459, 0.152, 0.1548, 0.1498, 0.1498, 0.1501, 0.1509, 0.1493, 0.148, 0.1473, 0.1516, 0.1546, 0.1516]
training accuracy when lambda=0.95
[0.0977, 0.09908, 0.1024, 0.10172, 0.10042, 0.10342, 0.1037, 0.10624, 0.11072, 0.11644, 0.12378, 0.1349, 0.14364, 0.16006, 0.17968, 0.19936, 0.22376, 0.24942, 0.27546, 0.29598, 0.32224, 0.34994, 0.37868, 0.39812, 0.42354, 0.44546, 0.46596, 0.4847, 0.50524, 0.51972, 0.53828, 0.55216, 0.57, 0.58062, 0.5975, 0.6096, 0.61632, 0.6258, 0.64124, 0.65064, 0.65742, 0.66888, 0.6756, 0.6807, 0.69132, 0.69702, 0.70276, 0.71044, 0.71658, 0.72258]
test accuracy when lambda=0.95
[0.0891, 0.1017, 0.1, 0.0969, 0.1004, 0.1014, 0.1247, 0.1047, 0.1106, 0.1054, 0.1211, 0.1046, 0.1013, 0.0927, 0.093, 0.0989, 0.0902, 0.0951, 0.0865, 0.0909, 0.0945, 0.0874, 0.0888, 0.0949, 0.0932, 0.094, 0.0918, 0.092, 0.0912, 0.0957, 0.0961, 0.0949, 0.0958, 0.0956, 0.0976, 0.0974, 0.0989, 0.0929, 0.0972, 0.1025, 0.0988, 0.1012, 0.1012, 0.0984, 0.1054, 0.1041, 0.1042, 0.103, 0.1051, 0.106]
