training accuracy when lambda=0.6
[0.14588, 0.16416, 0.17014, 0.17644, 0.1832, 0.18882, 0.19288, 0.19944, 0.20556, 0.21052, 0.21934, 0.22892, 0.23694, 0.24692, 0.25624, 0.27202, 0.281, 0.29798, 0.31038, 0.32184, 0.33892, 0.35182, 0.36938, 0.38116, 0.39674, 0.41172, 0.41926, 0.43384, 0.44598, 0.45602, 0.4658, 0.4736, 0.48584, 0.49464, 0.50234, 0.51342, 0.52048, 0.52524, 0.5321, 0.54046, 0.544, 0.55026, 0.5576, 0.56144, 0.5631, 0.57252, 0.5787, 0.58218, 0.58588, 0.59306]
test accuracy when lambda=0.6
[0.4845, 0.5214, 0.5265, 0.5406, 0.5433, 0.5378, 0.5448, 0.557, 0.5383, 0.5466, 0.5432, 0.5347, 0.5305, 0.5337, 0.5253, 0.5292, 0.5222, 0.5154, 0.5158, 0.5152, 0.5096, 0.5031, 0.5021, 0.4964, 0.4964, 0.4882, 0.4885, 0.4911, 0.4892, 0.4878, 0.4866, 0.4807, 0.488, 0.478, 0.4793, 0.4797, 0.4776, 0.4769, 0.4745, 0.4817, 0.4732, 0.4731, 0.4766, 0.4788, 0.48, 0.4705, 0.4793, 0.4714, 0.4759, 0.479]
training accuracy when lambda=0.65
[0.14348, 0.16264, 0.17034, 0.17726, 0.1839, 0.18746, 0.19494, 0.2012, 0.20818, 0.21478, 0.2242, 0.23342, 0.24628, 0.25756, 0.27182, 0.28358, 0.30278, 0.31824, 0.33788, 0.35278, 0.37164, 0.3871, 0.40376, 0.42172, 0.4366, 0.44842, 0.46406, 0.47876, 0.48646, 0.49472, 0.5094, 0.51906, 0.53244, 0.54056, 0.55008, 0.55646, 0.56712, 0.57622, 0.58056, 0.5925, 0.59482, 0.60122, 0.60678, 0.61258, 0.61596, 0.62278, 0.62776, 0.6327, 0.6381, 0.63914]
test accuracy when lambda=0.65
[0.4787, 0.5069, 0.5287, 0.5451, 0.5389, 0.5445, 0.55, 0.5453, 0.541, 0.5401, 0.543, 0.5363, 0.5332, 0.5266, 0.5287, 0.5152, 0.5147, 0.502, 0.5064, 0.4977, 0.494, 0.494, 0.484, 0.4931, 0.4854, 0.4827, 0.4948, 0.4812, 0.478, 0.4766, 0.477, 0.4729, 0.4731, 0.4785, 0.4703, 0.4743, 0.466, 0.4709, 0.4707, 0.4707, 0.4729, 0.4696, 0.4668, 0.4659, 0.4692, 0.4676, 0.4653, 0.4729, 0.47, 0.4681]
training accuracy when lambda=0.7
[0.14326, 0.16162, 0.16826, 0.17854, 0.18472, 0.19142, 0.19926, 0.2065, 0.2168, 0.22684, 0.23762, 0.24974, 0.2658, 0.2838, 0.3006, 0.31848, 0.33772, 0.3592, 0.379, 0.39904, 0.41894, 0.43502, 0.45474, 0.47074, 0.48336, 0.50166, 0.51578, 0.5271, 0.54366, 0.55176, 0.56442, 0.57226, 0.58332, 0.59408, 0.60008, 0.60944, 0.61732, 0.6268, 0.6336, 0.64086, 0.64914, 0.65174, 0.66096, 0.66356, 0.6734, 0.67176, 0.67684, 0.68054, 0.68822, 0.68984]
test accuracy when lambda=0.7
[0.4692, 0.5105, 0.5208, 0.5286, 0.5342, 0.5464, 0.536, 0.5409, 0.5373, 0.527, 0.5342, 0.5283, 0.5233, 0.5121, 0.5006, 0.4941, 0.4893, 0.4891, 0.4773, 0.4734, 0.4675, 0.4702, 0.461, 0.4566, 0.4493, 0.4539, 0.4481, 0.4438, 0.4516, 0.4513, 0.4464, 0.4477, 0.4417, 0.4387, 0.4485, 0.4449, 0.4503, 0.4465, 0.4425, 0.4426, 0.4485, 0.4387, 0.4419, 0.4437, 0.4466, 0.4457, 0.4413, 0.4419, 0.4357, 0.4393]
training accuracy when lambda=0.75
[0.1394, 0.1592, 0.1687, 0.17534, 0.18094, 0.18826, 0.1963, 0.20446, 0.21486, 0.22584, 0.2401, 0.25482, 0.27172, 0.29142, 0.3085, 0.33146, 0.35412, 0.37576, 0.39592, 0.41634, 0.4402, 0.45996, 0.48014, 0.49494, 0.51488, 0.52728, 0.54442, 0.55838, 0.5683, 0.58672, 0.59688, 0.60708, 0.61818, 0.623, 0.63654, 0.6405, 0.65226, 0.66018, 0.66904, 0.67722, 0.67998, 0.68688, 0.69272, 0.698, 0.70126, 0.70944, 0.71548, 0.71754, 0.72294, 0.72862]
test accuracy when lambda=0.75
[0.449, 0.4847, 0.5002, 0.5224, 0.5326, 0.5328, 0.5288, 0.5288, 0.5333, 0.5245, 0.5186, 0.4972, 0.497, 0.4923, 0.4741, 0.4715, 0.462, 0.4594, 0.4484, 0.4374, 0.4394, 0.4315, 0.4323, 0.4284, 0.4277, 0.4216, 0.422, 0.4247, 0.4118, 0.4141, 0.419, 0.4169, 0.4079, 0.414, 0.4161, 0.4169, 0.4172, 0.4083, 0.4146, 0.4238, 0.4146, 0.412, 0.4175, 0.4108, 0.4094, 0.414, 0.4153, 0.4137, 0.414, 0.4207]
training accuracy when lambda=0.8
[0.13824, 0.15692, 0.16822, 0.17334, 0.18142, 0.19008, 0.19824, 0.20738, 0.2202, 0.23168, 0.24996, 0.2665, 0.2843, 0.30234, 0.32862, 0.3509, 0.37418, 0.40026, 0.42232, 0.44356, 0.46602, 0.48488, 0.50992, 0.5267, 0.54174, 0.55688, 0.57426, 0.58986, 0.60644, 0.61628, 0.62694, 0.63678, 0.64872, 0.66202, 0.66406, 0.676, 0.68274, 0.69658, 0.69706, 0.70552, 0.7126, 0.71554, 0.72404, 0.72934, 0.73338, 0.74104, 0.74484, 0.74874, 0.75458, 0.75868]
test accuracy when lambda=0.8
[0.4257, 0.4786, 0.5018, 0.5198, 0.5275, 0.5323, 0.5288, 0.5212, 0.5093, 0.5051, 0.5018, 0.4806, 0.4749, 0.463, 0.4523, 0.4476, 0.4261, 0.4192, 0.4148, 0.405, 0.3929, 0.3929, 0.3959, 0.3935, 0.3918, 0.391, 0.3779, 0.3842, 0.384, 0.3756, 0.3847, 0.3903, 0.3851, 0.3841, 0.3804, 0.3813, 0.3842, 0.3807, 0.3779, 0.3829, 0.3857, 0.3785, 0.3847, 0.3831, 0.3893, 0.3887, 0.3848, 0.3834, 0.3815, 0.3878]
training accuracy when lambda=0.85
[0.13552, 0.15454, 0.16504, 0.17064, 0.17874, 0.18756, 0.19778, 0.20692, 0.22194, 0.23738, 0.25354, 0.27744, 0.29834, 0.32338, 0.34336, 0.37078, 0.39276, 0.4183, 0.44452, 0.467, 0.48854, 0.51176, 0.52882, 0.54804, 0.56394, 0.5832, 0.59836, 0.61112, 0.62344, 0.6364, 0.65114, 0.66182, 0.67072, 0.68336, 0.68566, 0.69974, 0.70696, 0.71508, 0.72224, 0.7309, 0.73562, 0.73984, 0.7472, 0.75302, 0.75674, 0.7626, 0.76838, 0.77248, 0.77818, 0.7824]
test accuracy when lambda=0.85
[0.3797, 0.4715, 0.4831, 0.5064, 0.5121, 0.5076, 0.5027, 0.5087, 0.493, 0.4833, 0.4607, 0.4356, 0.4271, 0.4258, 0.4142, 0.3878, 0.3859, 0.3814, 0.3663, 0.358, 0.3632, 0.3585, 0.3497, 0.359, 0.3552, 0.3459, 0.3433, 0.3436, 0.3486, 0.3484, 0.3346, 0.3478, 0.3486, 0.3349, 0.3371, 0.3404, 0.3425, 0.3359, 0.3393, 0.3325, 0.3418, 0.3333, 0.3466, 0.3354, 0.3404, 0.3442, 0.3463, 0.3426, 0.353, 0.3419]
training accuracy when lambda=0.9
[0.12944, 0.14928, 0.15754, 0.16638, 0.17444, 0.18236, 0.19476, 0.20766, 0.22026, 0.23948, 0.25822, 0.27896, 0.30462, 0.32566, 0.3532, 0.3793, 0.40468, 0.43146, 0.45794, 0.48348, 0.50284, 0.52516, 0.54618, 0.56428, 0.58156, 0.59784, 0.61878, 0.62954, 0.64274, 0.65994, 0.66628, 0.67814, 0.68868, 0.69964, 0.71014, 0.71438, 0.72806, 0.7329, 0.74034, 0.75018, 0.75494, 0.75852, 0.76476, 0.77176, 0.77674, 0.7798, 0.7842, 0.79094, 0.79602, 0.80116]
test accuracy when lambda=0.9
[0.3615, 0.4297, 0.4567, 0.4778, 0.483, 0.4777, 0.4875, 0.4764, 0.4617, 0.4406, 0.4277, 0.4178, 0.4029, 0.3652, 0.3562, 0.337, 0.3255, 0.3271, 0.3303, 0.3194, 0.3014, 0.3019, 0.2956, 0.3029, 0.3006, 0.2948, 0.2975, 0.2875, 0.2981, 0.2987, 0.2935, 0.2906, 0.2975, 0.2874, 0.2849, 0.2946, 0.2828, 0.2922, 0.2873, 0.2871, 0.2969, 0.2989, 0.294, 0.3, 0.2957, 0.2958, 0.2993, 0.2864, 0.2929, 0.3044]
training accuracy when lambda=0.95
[0.12274, 0.14134, 0.15536, 0.16258, 0.16968, 0.1796, 0.18974, 0.2041, 0.21828, 0.238, 0.26212, 0.27984, 0.30876, 0.33406, 0.358, 0.38582, 0.41176, 0.43762, 0.46252, 0.49112, 0.51106, 0.5343, 0.55662, 0.5742, 0.59234, 0.6108, 0.62586, 0.63642, 0.65764, 0.66666, 0.67892, 0.69126, 0.69826, 0.71198, 0.72212, 0.72734, 0.73738, 0.74572, 0.75154, 0.76136, 0.76762, 0.77034, 0.77564, 0.78492, 0.78516, 0.78952, 0.798, 0.80164, 0.8079, 0.8108]
test accuracy when lambda=0.95
[0.3241, 0.4016, 0.43, 0.443, 0.4689, 0.4519, 0.4628, 0.4485, 0.4108, 0.4059, 0.3681, 0.3556, 0.3418, 0.3168, 0.3073, 0.2966, 0.298, 0.2924, 0.2781, 0.2696, 0.2618, 0.2691, 0.2633, 0.2596, 0.2644, 0.2619, 0.2523, 0.251, 0.2583, 0.2536, 0.2559, 0.2502, 0.2521, 0.257, 0.2509, 0.2532, 0.2528, 0.2572, 0.248, 0.25, 0.2541, 0.249, 0.2607, 0.2618, 0.2474, 0.2531, 0.2578, 0.2567, 0.2513, 0.2515]
