training accuracy when lambda=0.6
[0.1464, 0.1663, 0.17452, 0.18, 0.18438, 0.18936, 0.19484, 0.20026, 0.20672, 0.21218, 0.21854, 0.2279, 0.23524, 0.24722, 0.2572, 0.2687, 0.28254, 0.29832, 0.3092, 0.32134, 0.33826, 0.3521, 0.36588, 0.38224, 0.39378, 0.40838, 0.42122, 0.43, 0.44376, 0.45272, 0.46468, 0.4753, 0.48514, 0.49644, 0.5037, 0.51198, 0.51768, 0.52652, 0.53278, 0.5394, 0.54718, 0.54546, 0.55616, 0.56102, 0.56616, 0.56956, 0.57666, 0.58018, 0.58554, 0.58976]
test accuracy when lambda=0.6
[0.4725, 0.5161, 0.5293, 0.5437, 0.5545, 0.5533, 0.5418, 0.5501, 0.5508, 0.551, 0.5507, 0.5484, 0.5493, 0.5418, 0.541, 0.5362, 0.5347, 0.523, 0.5222, 0.5177, 0.5146, 0.5134, 0.5143, 0.5113, 0.5047, 0.5038, 0.5062, 0.4937, 0.4973, 0.4974, 0.5008, 0.4962, 0.4932, 0.4946, 0.491, 0.4879, 0.485, 0.4854, 0.4921, 0.4881, 0.484, 0.4897, 0.4891, 0.4832, 0.4866, 0.4863, 0.49, 0.4823, 0.4828, 0.4817]
training accuracy when lambda=0.65
[0.14256, 0.16412, 0.17216, 0.17882, 0.1836, 0.19088, 0.19652, 0.20256, 0.21128, 0.21802, 0.22672, 0.2359, 0.24788, 0.2596, 0.27548, 0.28814, 0.30374, 0.31978, 0.33804, 0.3564, 0.37156, 0.39062, 0.40644, 0.42308, 0.43726, 0.45396, 0.46716, 0.47548, 0.49128, 0.50298, 0.5124, 0.5205, 0.53314, 0.54194, 0.55152, 0.5579, 0.5688, 0.57726, 0.57922, 0.58898, 0.59502, 0.60426, 0.60344, 0.61364, 0.6183, 0.62102, 0.62644, 0.63364, 0.63484, 0.6428]
test accuracy when lambda=0.65
[0.4707, 0.5143, 0.5287, 0.5408, 0.5375, 0.5471, 0.5445, 0.5456, 0.5458, 0.5443, 0.5364, 0.5296, 0.5352, 0.5274, 0.5251, 0.5185, 0.5114, 0.5078, 0.4983, 0.4901, 0.4818, 0.4854, 0.4839, 0.4772, 0.4766, 0.4753, 0.4659, 0.4692, 0.4655, 0.4694, 0.4635, 0.4527, 0.4636, 0.4606, 0.4624, 0.4629, 0.4656, 0.4579, 0.4656, 0.4616, 0.4623, 0.4581, 0.4606, 0.466, 0.4607, 0.4623, 0.4643, 0.4684, 0.4606, 0.4619]
training accuracy when lambda=0.7
[0.1432, 0.16252, 0.17168, 0.17796, 0.18438, 0.1925, 0.19774, 0.20508, 0.21178, 0.22336, 0.23446, 0.24784, 0.26256, 0.27586, 0.29294, 0.31162, 0.33144, 0.3527, 0.3716, 0.38852, 0.40998, 0.42856, 0.44576, 0.45966, 0.47728, 0.49122, 0.50934, 0.52228, 0.53738, 0.54342, 0.55812, 0.57058, 0.5786, 0.58986, 0.59394, 0.6062, 0.61118, 0.6216, 0.62876, 0.63608, 0.64016, 0.64872, 0.65376, 0.66034, 0.66442, 0.66832, 0.67298, 0.67508, 0.68306, 0.68472]
test accuracy when lambda=0.7
[0.466, 0.5104, 0.5252, 0.5394, 0.5467, 0.545, 0.5408, 0.5427, 0.5309, 0.5258, 0.5354, 0.5226, 0.5169, 0.5119, 0.52, 0.5007, 0.4972, 0.4854, 0.4828, 0.4777, 0.4831, 0.4681, 0.4708, 0.4636, 0.4604, 0.459, 0.4552, 0.4468, 0.4496, 0.4544, 0.4494, 0.4417, 0.447, 0.4432, 0.4447, 0.4384, 0.4389, 0.4475, 0.4378, 0.4441, 0.4437, 0.446, 0.4495, 0.4471, 0.447, 0.4449, 0.4429, 0.4431, 0.4427, 0.4442]
training accuracy when lambda=0.75
[0.14082, 0.159, 0.16764, 0.1747, 0.1823, 0.18922, 0.1944, 0.20412, 0.21518, 0.22558, 0.23806, 0.25526, 0.27084, 0.29318, 0.31372, 0.3347, 0.35774, 0.38036, 0.40188, 0.42258, 0.44354, 0.46402, 0.48216, 0.50056, 0.51588, 0.52948, 0.54576, 0.56094, 0.5713, 0.58504, 0.5953, 0.60722, 0.61626, 0.62648, 0.63802, 0.64332, 0.652, 0.66106, 0.66802, 0.67424, 0.67932, 0.68624, 0.69332, 0.69914, 0.69862, 0.70622, 0.71086, 0.71632, 0.7249, 0.72516]
test accuracy when lambda=0.75
[0.4492, 0.4844, 0.5175, 0.5208, 0.5371, 0.5349, 0.5469, 0.5387, 0.5244, 0.5242, 0.5126, 0.508, 0.4978, 0.4808, 0.4761, 0.4739, 0.4666, 0.4497, 0.4463, 0.4391, 0.4265, 0.4342, 0.4327, 0.429, 0.4296, 0.4268, 0.4291, 0.4253, 0.4228, 0.4236, 0.4195, 0.4188, 0.4221, 0.4176, 0.4133, 0.4165, 0.4209, 0.4186, 0.4211, 0.4215, 0.4199, 0.4187, 0.4199, 0.425, 0.4202, 0.4237, 0.4189, 0.4131, 0.4167, 0.4195]
training accuracy when lambda=0.8
[0.13648, 0.1574, 0.16798, 0.17328, 0.18166, 0.18996, 0.19916, 0.21136, 0.22106, 0.23672, 0.25108, 0.269, 0.28976, 0.30974, 0.33584, 0.36004, 0.38168, 0.40798, 0.42794, 0.45028, 0.47114, 0.49276, 0.51396, 0.52782, 0.55034, 0.56472, 0.58028, 0.59348, 0.60746, 0.61766, 0.63028, 0.63752, 0.65196, 0.65874, 0.67106, 0.67758, 0.68602, 0.6926, 0.70002, 0.70604, 0.71346, 0.72166, 0.72414, 0.73206, 0.7377, 0.73982, 0.747, 0.75032, 0.7514, 0.75568]
test accuracy when lambda=0.8
[0.4267, 0.4701, 0.4947, 0.514, 0.5284, 0.5213, 0.5144, 0.5226, 0.5118, 0.5022, 0.4894, 0.4769, 0.4662, 0.4441, 0.4463, 0.4328, 0.422, 0.4253, 0.4113, 0.4027, 0.4003, 0.3865, 0.3851, 0.3826, 0.3792, 0.3822, 0.3815, 0.3805, 0.3793, 0.3824, 0.3772, 0.3747, 0.3748, 0.3744, 0.3789, 0.3772, 0.3796, 0.3679, 0.3823, 0.3761, 0.3793, 0.3774, 0.3787, 0.3815, 0.3803, 0.3703, 0.3785, 0.3752, 0.3713, 0.3788]
training accuracy when lambda=0.85
[0.13466, 0.15164, 0.1603, 0.17104, 0.17658, 0.18746, 0.19636, 0.20838, 0.22018, 0.23612, 0.256, 0.2758, 0.29756, 0.3215, 0.34496, 0.37212, 0.39548, 0.4182, 0.44514, 0.47038, 0.48864, 0.51066, 0.53478, 0.55202, 0.56932, 0.58654, 0.60058, 0.61596, 0.6297, 0.64298, 0.6557, 0.66016, 0.67394, 0.68926, 0.69728, 0.70328, 0.71002, 0.71522, 0.7247, 0.73148, 0.73796, 0.7487, 0.74884, 0.75474, 0.76056, 0.76658, 0.77212, 0.77504, 0.78042, 0.7835]
test accuracy when lambda=0.85
[0.3892, 0.4542, 0.483, 0.4858, 0.5109, 0.5144, 0.5058, 0.5079, 0.4933, 0.472, 0.4712, 0.4483, 0.4415, 0.4267, 0.4153, 0.3982, 0.3947, 0.377, 0.372, 0.3706, 0.3581, 0.3611, 0.3538, 0.3534, 0.351, 0.3451, 0.3508, 0.3483, 0.3478, 0.3474, 0.3398, 0.3555, 0.3498, 0.3443, 0.3488, 0.3404, 0.3428, 0.345, 0.344, 0.3475, 0.3389, 0.3458, 0.353, 0.356, 0.3457, 0.3446, 0.351, 0.349, 0.3521, 0.3524]
training accuracy when lambda=0.9
[0.12694, 0.14888, 0.15926, 0.1675, 0.1757, 0.1847, 0.1967, 0.20884, 0.22386, 0.24112, 0.26004, 0.28224, 0.30692, 0.3336, 0.3599, 0.3835, 0.41048, 0.44012, 0.464, 0.48756, 0.50838, 0.52938, 0.55174, 0.56854, 0.58478, 0.5979, 0.62252, 0.6345, 0.64874, 0.65894, 0.67118, 0.68392, 0.6902, 0.70386, 0.71288, 0.71966, 0.73062, 0.73664, 0.7428, 0.74914, 0.76302, 0.76188, 0.76822, 0.7737, 0.7816, 0.78586, 0.78788, 0.79406, 0.79636, 0.79944]
test accuracy when lambda=0.9
[0.3844, 0.4259, 0.4355, 0.4826, 0.5047, 0.4911, 0.4898, 0.4706, 0.4607, 0.4415, 0.4264, 0.4113, 0.3962, 0.3696, 0.3673, 0.3567, 0.3316, 0.3359, 0.3233, 0.3247, 0.3254, 0.3123, 0.3143, 0.3047, 0.3112, 0.3039, 0.298, 0.2986, 0.306, 0.2925, 0.2939, 0.2997, 0.2956, 0.2896, 0.2961, 0.2888, 0.2953, 0.2983, 0.2965, 0.2991, 0.2961, 0.2984, 0.2989, 0.302, 0.2984, 0.304, 0.3006, 0.3028, 0.3031, 0.2992]
training accuracy when lambda=0.95
[0.12382, 0.14348, 0.15512, 0.16356, 0.17136, 0.18102, 0.19362, 0.2078, 0.22114, 0.24196, 0.26504, 0.2893, 0.3153, 0.33996, 0.36532, 0.39234, 0.42324, 0.44376, 0.47098, 0.49694, 0.51934, 0.53956, 0.5661, 0.58282, 0.59844, 0.61748, 0.6308, 0.64514, 0.6609, 0.67222, 0.68716, 0.69944, 0.70764, 0.71964, 0.72744, 0.7327, 0.74136, 0.7459, 0.75546, 0.76128, 0.77048, 0.77544, 0.78178, 0.7876, 0.79376, 0.79792, 0.8025, 0.80514, 0.80872, 0.81406]
test accuracy when lambda=0.95
[0.3652, 0.395, 0.4386, 0.4548, 0.4622, 0.4603, 0.4467, 0.4352, 0.4077, 0.3987, 0.3696, 0.3432, 0.3226, 0.3202, 0.3069, 0.2948, 0.2856, 0.2834, 0.2807, 0.2693, 0.2686, 0.2608, 0.2535, 0.2585, 0.2547, 0.2541, 0.2502, 0.2638, 0.2497, 0.255, 0.2519, 0.2555, 0.2529, 0.241, 0.244, 0.2495, 0.2521, 0.2481, 0.2486, 0.251, 0.25, 0.2493, 0.2515, 0.2484, 0.2465, 0.2516, 0.2527, 0.253, 0.2558, 0.2519]
