[array([   19,   102,   160,   223,   356,   446,   469,   506,   559,
         560,   591,   617,   623,   770,   873,   964,   971,   974,
         986,  1077,  1098,  1117,  1134,  1294,  1296,  1316,  1373,
        1410,  1505,  1506,  1557,  1562,  1566,  1605,  1650,  1681,
        1716,  1768,  1783,  1837,  1861,  1883,  1894,  2000,  2011,
        2182,  2202,  2247,  2255,  2329,  2388,  2447,  2452,  2482,
        2502,  2565,  2600,  2771,  2798,  2814,  2950,  2965,  2976,
        3008,  3052,  3159,  3171,  3200,  3254,  3306,  3358,  3414,
        3455,  3504,  3598,  3637,  3674,  3700,  3720,  3748,  3823,
        3904,  4025,  4067,  4111,  4161,  4228,  4429,  4462,  4495,
        4529,  4565,  4632,  4707,  4755,  4774,  4780,  4869,  4871,
        4907,  5034,  5060,  5117,  5118,  5253,  5257,  5313,  5319,
        5444,  5618,  5805,  5818,  5852,  5855,  6175,  6194,  6220,
        6221,  6228,  6253,  6273,  6497,  6544,  6583,  6593,  6674,
        6695,  6759,  6876,  6886,  6895,  6976,  6978,  7100,  7212,
        7287,  7330,  7368,  7412,  7437,  7453,  7458,  7469,  7498,
        7709,  7728,  7806,  7847,  8027,  8030,  8136,  8224,  8254,
        8394,  8540,  8658,  8665,  8781,  8821,  8945,  9018,  9058,
        9193,  9210,  9237,  9271,  9356,  9366,  9407,  9449,  9644,
        9691,  9839,  9869,  9876, 10032, 10050, 10098, 10264, 10308,
       10372, 10426, 10428, 10464, 10489, 10505, 10545, 10567, 10620,
       10650, 10681, 10706, 10714, 10750, 10780, 10806, 10866, 10891,
       10911, 11075, 11093, 11111, 11155, 11186, 11235, 11340, 11393,
       11440, 11478, 11502, 11569, 11631, 11639, 11677, 11766, 11779,
       11790, 11843, 11988, 12005, 12120, 12170, 12394, 12442, 12518,
       12696, 12700, 12718, 12773, 12813, 12868, 12890, 12934, 12975,
       13069, 13089, 13252, 13356, 13442, 13557, 13565, 13730, 13786,
       13830, 13833, 13907, 14094, 14173, 14200, 14211, 14219, 14254,
       14261, 14328, 14335, 14416, 14518, 14595, 14680, 14721, 14787,
       14835, 14896, 15036, 15049, 15208, 15211, 15275, 15280, 15336,
       15452, 15543, 15591, 15613, 15700, 15735, 15742, 15920, 15947,
       15949, 15964, 15968, 16026, 16206, 16284, 16298, 16370, 16402,
       16478, 16573, 16720, 16739, 16800, 16813, 16858, 16859, 16878,
       16984, 17058, 17078, 17124, 17140, 17169, 17205, 17241, 17267,
       17282, 17327, 17357, 17386, 17409, 17424, 17450, 17596, 17679,
       17694, 17695, 17766, 17826, 17882, 17890, 18020, 18052, 18064,
       18177, 18206, 18380, 18473, 18530, 18555, 18558, 18685, 18715,
       18734, 18747, 18748, 18946, 19010, 19033, 19061, 19163, 19249,
       19316, 19375, 19408, 19524, 19698, 19728, 19757, 19762, 19788,
       19841, 19908, 19913, 19921, 19958, 19963, 20010, 20046, 20072,
       20130, 20152, 20199, 20316, 20321, 20410, 20531, 20654, 20657,
       20812, 20880, 20991, 21008, 21095, 21142, 21231, 21247, 21254,
       21361, 21386, 21434, 21438, 21451, 21668, 21745, 21797, 21803,
       21839, 21877, 21887, 21952, 21996, 22085, 22197, 22243, 22280,
       22326, 22405, 22496, 22505, 22509, 22523, 22550, 22561, 22699,
       22762, 22803, 22852, 22970, 22979, 22982, 23015, 23105, 23271,
       23303, 23347, 23438, 23492, 23545, 23603, 23642, 23646, 23706,
       23806, 23865, 23962, 24110, 24112, 24271, 24463, 24586, 24721,
       24741, 24772, 24814, 24934, 24994, 25004, 25016, 25036, 25045,
       25082, 25126, 25146, 25188, 25189, 25215, 25263, 25278, 25386,
       25429, 25451, 25554, 25572, 25592, 25738, 25821, 26271, 26298,
       26478, 26543, 26601, 26616, 26894, 26964, 27003, 27029, 27079,
       27088, 27241, 27255, 27267, 27542, 27554, 27637, 27660, 27894,
       27918, 27925, 27942, 28035, 28076, 28214, 28253, 28269, 28284,
       28350, 28409, 28479, 28480, 28483, 28501, 28517, 28518, 28646,
       28652, 28714, 28862, 28979, 29011, 29077, 29136, 29140, 29201,
       29285, 29297, 29409, 29590, 29631, 29665, 29753, 29784, 29792,
       29846, 29855, 29871, 29874, 29906, 29997, 30060, 30199, 30213,
       30307, 30330, 30441, 30492, 30603, 30654, 30703, 30740, 30761,
       30777, 30829, 30883, 30945, 31134, 31165, 31224, 31295, 31298,
       31307, 31390, 31470, 31574, 31703, 31802, 31824, 31927, 32021,
       32081, 32271, 32285, 32336, 32347, 32466, 32517, 32606, 32685,
       32899, 32918, 32957, 32960, 32973, 33065, 33125, 33144, 33184,
       33189, 33247, 33345, 33469, 33471, 33680, 33793, 33952, 34133,
       34221, 34315, 34351, 34442, 34461, 34480, 34494, 34659, 34680,
       34760, 34803, 35015, 35150, 35164, 35259, 35427, 35440, 35486,
       35518, 35523, 35615, 35624, 35780, 35899, 35959, 35962, 36000,
       36023, 36038, 36057, 36095, 36099, 36147, 36207, 36282, 36301,
       36407, 36419, 36445, 36462, 36504, 36550, 36562, 36570, 36634,
       36643, 36663, 36667, 36790, 36827, 36939, 37003, 37036, 37104,
       37158, 37257, 37375, 37402, 37522, 37687, 37793, 37822, 37878,
       37909, 37939, 38020, 38062, 38169, 38200, 38441, 38510, 38550,
       38558, 38630, 38643, 38663, 38665, 38684, 38747, 38754, 38782,
       38900, 38949, 38967, 38984, 39047, 39060, 39127, 39142, 39154,
       39258, 39287, 39619, 39708, 39715, 39737, 39832, 39923, 39937,
       39959, 40013, 40047, 40216, 40266, 40321, 40332, 40411, 40602,
       40625, 40644, 40755, 40760, 40805, 40882, 40922, 40993, 41145,
       41246, 41267, 41273, 41396, 41419, 41427, 41488, 41534, 41761,
       41778, 41846, 42041, 42048, 42118, 42188, 42453, 42476, 42666,
       42755, 42764, 42783, 42890, 42904, 42960, 42982, 43080, 43149,
       43171, 43293, 43318, 43348, 43395, 43472, 43492, 43494, 43559,
       43614, 43659, 43811, 43866, 43868, 43877, 43935, 43984, 43997,
       44052, 44090, 44141, 44160, 44259, 44269, 44283, 44396, 44413,
       44558, 44560, 44566, 44771, 44801, 44826, 44954, 45015, 45156,
       45176, 45187, 45328, 45333, 45351, 45543, 45550, 45554, 45564,
       45633, 45720, 45743, 45746, 45926, 45966, 46023, 46081, 46086,
       46166, 46183, 46213, 46220, 46248, 46299, 46316, 46351, 46432,
       46448, 46483, 46499, 46633, 46876, 46987, 47014, 47032, 47138,
       47153, 47179, 47358, 47411, 47431, 47463]), array([   19,   102,   223,   356,   446,   469,   506,   559,   560,
         591,   617,   623,   770,   800,   873,   964,   971,   986,
        1077,  1098,  1117,  1134,  1294,  1296,  1316,  1410,  1505,
        1506,  1557,  1562,  1566,  1605,  1650,  1681,  1716,  1783,
        1861,  1883,  1894,  2000,  2011,  2202,  2247,  2255,  2301,
        2329,  2388,  2447,  2452,  2482,  2502,  2560,  2585,  2600,
        2771,  2798,  2800,  2814,  2885,  2976,  3008,  3159,  3171,
        3254,  3306,  3358,  3504,  3598,  3637,  3671,  3674,  3700,
        3720,  3748,  3798,  3823,  3904,  4025,  4067,  4111,  4161,
        4198,  4228,  4429,  4462,  4495,  4529,  4565,  4632,  4656,
        4707,  4755,  4774,  4780,  4869,  4871,  4907,  5034,  5060,
        5112,  5253,  5257,  5313,  5326,  5444,  5618,  5805,  5852,
        5855,  5953,  5959,  5998,  6175,  6194,  6212,  6220,  6221,
        6228,  6253,  6273,  6495,  6544,  6583,  6593,  6759,  6798,
        6876,  6886,  6895,  6976,  6978,  7100,  7112,  7212,  7287,
        7330,  7368,  7412,  7437,  7458,  7469,  7498,  7709,  7728,
        7806,  7847,  8030,  8044,  8136,  8224,  8254,  8394,  8432,
        8540,  8641,  8658,  8665,  8713,  8722,  8781,  8821,  8824,
        8945,  9018,  9058,  9193,  9210,  9237,  9271,  9356,  9366,
        9445,  9539,  9576,  9691,  9839,  9869,  9876, 10032, 10050,
       10098, 10195, 10264, 10308, 10372, 10426, 10464, 10489, 10545,
       10567, 10620, 10650, 10681, 10706, 10714, 10750, 10806, 10828,
       10891, 10911, 11075, 11111, 11155, 11169, 11186, 11235, 11340,
       11393, 11440, 11478, 11502, 11569, 11631, 11639, 11677, 11766,
       11779, 11790, 11843, 11988, 12120, 12394, 12425, 12442, 12518,
       12696, 12700, 12718, 12773, 12813, 12868, 12889, 12890, 12934,
       12975, 13069, 13089, 13252, 13356, 13442, 13557, 13565, 13730,
       13786, 13830, 13833, 13907, 14094, 14173, 14200, 14211, 14219,
       14254, 14261, 14328, 14335, 14518, 14595, 14680, 14721, 14787,
       14835, 14896, 15049, 15208, 15211, 15275, 15280, 15336, 15452,
       15591, 15613, 15735, 15742, 15920, 15947, 15949, 15968, 16026,
       16206, 16298, 16370, 16402, 16478, 16493, 16573, 16720, 16739,
       16800, 16813, 16858, 16859, 16878, 16984, 17058, 17078, 17124,
       17140, 17241, 17267, 17282, 17327, 17357, 17386, 17409, 17424,
       17450, 17525, 17596, 17679, 17694, 17695, 17826, 17882, 17890,
       17988, 18020, 18052, 18064, 18177, 18179, 18206, 18266, 18380,
       18473, 18530, 18555, 18558, 18592, 18685, 18715, 18734, 18747,
       18748, 18946, 19010, 19033, 19061, 19163, 19316, 19375, 19524,
       19558, 19698, 19728, 19757, 19762, 19778, 19788, 19809, 19818,
       19841, 19908, 19913, 19958, 19963, 20010, 20072, 20130, 20152,
       20199, 20316, 20321, 20524, 20531, 20654, 20657, 20812, 20880,
       20991, 21008, 21095, 21142, 21231, 21247, 21249, 21254, 21315,
       21361, 21386, 21434, 21438, 21446, 21451, 21668, 21745, 21803,
       21839, 21887, 21902, 21952, 21996, 22085, 22197, 22243, 22280,
       22326, 22405, 22496, 22505, 22509, 22523, 22550, 22561, 22762,
       22803, 22852, 22979, 22982, 23105, 23140, 23154, 23271, 23303,
       23347, 23438, 23492, 23545, 23642, 23646, 23678, 23706, 23806,
       23962, 24112, 24271, 24314, 24357, 24463, 24586, 24721, 24752,
       24772, 24934, 24994, 25004, 25016, 25036, 25045, 25082, 25126,
       25146, 25188, 25189, 25215, 25263, 25278, 25386, 25429, 25451,
       25572, 25738, 25821, 25998, 26271, 26298, 26543, 26616, 26894,
       26964, 27003, 27079, 27088, 27255, 27267, 27534, 27554, 27637,
       27660, 27894, 27918, 27922, 27925, 27942, 28035, 28076, 28214,
       28253, 28269, 28284, 28305, 28350, 28409, 28480, 28483, 28517,
       28518, 28646, 28652, 28714, 28846, 28979, 29077, 29136, 29140,
       29201, 29285, 29297, 29388, 29403, 29409, 29631, 29665, 29688,
       29751, 29753, 29784, 29792, 29846, 29855, 29871, 29874, 29997,
       30060, 30112, 30174, 30199, 30213, 30261, 30307, 30441, 30492,
       30603, 30654, 30703, 30761, 30829, 30945, 31078, 31134, 31165,
       31224, 31298, 31307, 31333, 31390, 31470, 31574, 31802, 31824,
       31873, 31896, 32021, 32054, 32081, 32271, 32285, 32336, 32466,
       32517, 32606, 32685, 32832, 32899, 32918, 32957, 32960, 32973,
       33065, 33125, 33184, 33247, 33261, 33469, 33793, 33952, 33967,
       34133, 34221, 34315, 34351, 34442, 34480, 34494, 34515, 34659,
       34680, 34760, 34803, 34945, 35150, 35164, 35259, 35427, 35440,
       35486, 35518, 35523, 35615, 35624, 35780, 35959, 35962, 36000,
       36023, 36038, 36057, 36095, 36099, 36147, 36207, 36282, 36301,
       36360, 36419, 36462, 36504, 36535, 36550, 36562, 36570, 36634,
       36667, 36730, 36790, 36827, 36939, 36999, 37003, 37036, 37104,
       37158, 37257, 37384, 37402, 37522, 37577, 37609, 37687, 37739,
       37793, 37822, 37878, 37909, 37939, 37952, 38020, 38062, 38158,
       38169, 38441, 38510, 38550, 38558, 38643, 38663, 38665, 38684,
       38747, 38754, 38782, 38900, 38937, 38984, 39047, 39060, 39127,
       39142, 39154, 39248, 39258, 39264, 39287, 39619, 39708, 39715,
       39737, 39832, 39937, 39959, 40013, 40047, 40216, 40266, 40332,
       40411, 40433, 40583, 40625, 40644, 40755, 40760, 40805, 40881,
       40882, 40922, 41228, 41246, 41267, 41273, 41396, 41419, 41427,
       41488, 41534, 41671, 41761, 42041, 42048, 42118, 42188, 42212,
       42453, 42476, 42755, 42764, 42783, 42890, 42904, 42960, 42982,
       43021, 43080, 43149, 43171, 43293, 43318, 43348, 43472, 43492,
       43494, 43559, 43614, 43659, 43744, 43811, 43866, 43868, 43877,
       43935, 44052, 44141, 44160, 44197, 44259, 44269, 44283, 44396,
       44413, 44558, 44560, 44566, 44771, 44801, 44826, 45015, 45176,
       45187, 45328, 45333, 45351, 45550, 45554, 45564, 45633, 45720,
       45743, 45746, 45926, 45966, 46023, 46081, 46086, 46166, 46183,
       46213, 46220, 46248, 46299, 46351, 46432, 46448, 46483, 46633,
       46647, 46876, 46987, 47032, 47153, 47179, 47411, 47431, 47463]), array([   19,   223,   356,   446,   469,   506,   559,   560,   591,
         617,   623,   770,   873,   971,   986,  1031,  1077,  1098,
        1117,  1134,  1294,  1296,  1335,  1505,  1506,  1557,  1562,
        1566,  1605,  1650,  1681,  1716,  1783,  1883,  1894,  2000,
        2011,  2202,  2247,  2255,  2301,  2329,  2388,  2447,  2452,
        2482,  2502,  2560,  2600,  2771,  2798,  2800,  2814,  2885,
        2976,  3008,  3159,  3171,  3254,  3306,  3358,  3379,  3504,
        3598,  3637,  3674,  3700,  3720,  3748,  3823,  3904,  4025,
        4067,  4111,  4161,  4228,  4429,  4462,  4565,  4632,  4656,
        4707,  4755,  4774,  4780,  4869,  4871,  4907,  5034,  5060,
        5112,  5253,  5257,  5313,  5326,  5444,  5618,  5852,  5855,
        5953,  5959,  5963,  5998,  6109,  6175,  6194,  6212,  6220,
        6221,  6228,  6253,  6273,  6544,  6583,  6593,  6759,  6798,
        6876,  6886,  6895,  6976,  6978,  7100,  7212,  7258,  7330,
        7335,  7368,  7412,  7437,  7458,  7469,  7498,  7728,  7806,
        7847,  8030,  8044,  8136,  8224,  8394,  8540,  8641,  8658,
        8665,  8722,  8781,  8821,  8824,  8945,  9018,  9058,  9210,
        9237,  9271,  9356,  9366,  9539,  9691,  9839,  9869,  9876,
       10032, 10050, 10264, 10372, 10422, 10464, 10489, 10523, 10545,
       10567, 10620, 10650, 10681, 10706, 10714, 10750, 10806, 10828,
       10891, 10911, 11075, 11093, 11111, 11155, 11169, 11186, 11235,
       11340, 11393, 11440, 11478, 11502, 11631, 11639, 11677, 11843,
       11988, 12120, 12394, 12442, 12696, 12700, 12718, 12773, 12813,
       12868, 12889, 12890, 12934, 12975, 13069, 13089, 13252, 13557,
       13565, 13730, 13830, 13833, 13907, 14094, 14173, 14200, 14211,
       14219, 14254, 14328, 14518, 14595, 14680, 14721, 14787, 14835,
       14896, 15049, 15208, 15211, 15275, 15280, 15452, 15591, 15613,
       15735, 15864, 15947, 15949, 15968, 16026, 16206, 16230, 16298,
       16370, 16402, 16573, 16720, 16739, 16800, 16813, 16858, 16859,
       16878, 16984, 17058, 17078, 17124, 17241, 17267, 17327, 17386,
       17409, 17424, 17450, 17525, 17596, 17679, 17694, 17695, 17826,
       17882, 17890, 17988, 18020, 18052, 18064, 18177, 18179, 18206,
       18266, 18473, 18530, 18555, 18558, 18685, 18734, 18946, 19010,
       19033, 19061, 19316, 19375, 19524, 19558, 19698, 19757, 19762,
       19788, 19809, 19841, 19913, 19914, 19921, 19958, 19963, 20010,
       20072, 20130, 20152, 20199, 20316, 20321, 20524, 20531, 20654,
       20657, 20812, 20880, 21008, 21095, 21231, 21247, 21254, 21315,
       21386, 21434, 21438, 21446, 21451, 21668, 21745, 21797, 21803,
       21839, 21887, 21902, 21952, 21996, 22085, 22205, 22405, 22496,
       22505, 22509, 22521, 22523, 22550, 22561, 22762, 22803, 22852,
       22979, 22981, 22982, 23105, 23271, 23303, 23347, 23438, 23492,
       23545, 23642, 23646, 23678, 23706, 23806, 23962, 24112, 24271,
       24314, 24463, 24586, 24721, 24772, 24814, 24934, 24994, 25004,
       25016, 25036, 25045, 25082, 25146, 25188, 25189, 25215, 25278,
       25386, 25429, 25451, 25572, 25821, 26271, 26298, 26543, 26616,
       26894, 26964, 27003, 27079, 27088, 27118, 27255, 27267, 27554,
       27637, 27660, 27797, 27894, 27918, 27925, 27942, 28035, 28076,
       28214, 28269, 28284, 28305, 28350, 28409, 28480, 28483, 28517,
       28518, 28646, 28652, 28714, 28940, 28979, 29077, 29136, 29140,
       29201, 29285, 29297, 29388, 29409, 29590, 29631, 29688, 29751,
       29753, 29784, 29792, 29846, 29855, 29871, 29874, 29947, 29997,
       30060, 30174, 30199, 30213, 30261, 30307, 30492, 30603, 30654,
       30703, 30740, 30761, 30829, 30945, 31078, 31134, 31165, 31224,
       31307, 31333, 31390, 31470, 31802, 31824, 31873, 31896, 32021,
       32054, 32081, 32271, 32285, 32466, 32517, 32606, 32685, 32899,
       32918, 32957, 32960, 32973, 33065, 33125, 33184, 33247, 33469,
       33793, 33841, 33952, 33967, 34133, 34221, 34315, 34351, 34442,
       34480, 34494, 34515, 34665, 34680, 34760, 34945, 35015, 35150,
       35164, 35259, 35427, 35440, 35486, 35518, 35523, 35615, 35624,
       35751, 35959, 35962, 36000, 36023, 36038, 36057, 36095, 36099,
       36147, 36282, 36301, 36419, 36462, 36550, 36562, 36570, 36663,
       36667, 36790, 36827, 37003, 37036, 37104, 37158, 37257, 37375,
       37384, 37402, 37522, 37609, 37687, 37739, 37793, 37822, 37878,
       37909, 37939, 37952, 38020, 38062, 38158, 38169, 38441, 38510,
       38550, 38558, 38643, 38663, 38665, 38684, 38747, 38754, 38782,
       38900, 38937, 38949, 38967, 38984, 39047, 39060, 39127, 39142,
       39154, 39248, 39258, 39264, 39287, 39619, 39708, 39715, 39737,
       39832, 39839, 39937, 39959, 40013, 40047, 40216, 40266, 40332,
       40411, 40433, 40583, 40625, 40644, 40755, 40760, 40805, 40882,
       40922, 41145, 41246, 41267, 41273, 41396, 41419, 41427, 41488,
       41534, 41711, 41761, 41846, 42041, 42048, 42118, 42188, 42212,
       42453, 42476, 42719, 42755, 42764, 42783, 42890, 42904, 42960,
       42982, 43021, 43080, 43149, 43161, 43171, 43293, 43348, 43472,
       43492, 43494, 43559, 43614, 43659, 43811, 43868, 43877, 43935,
       43997, 44052, 44141, 44160, 44197, 44259, 44269, 44283, 44396,
       44413, 44558, 44560, 44566, 44771, 44801, 44826, 45015, 45176,
       45187, 45333, 45351, 45564, 45633, 45720, 45743, 45746, 45926,
       45966, 46023, 46081, 46086, 46166, 46183, 46220, 46248, 46299,
       46351, 46432, 46448, 46483, 46633, 46647, 46745, 46987, 47014,
       47032, 47153, 47179, 47318, 47411, 47431, 47463]), array([   19,   223,   356,   446,   506,   559,   560,   591,   617,
         623,   770,   873,   971,   986,  1077,  1117,  1294,  1296,
        1505,  1506,  1557,  1562,  1566,  1605,  1650,  1681,  1716,
        1783,  1883,  1894,  2000,  2011,  2202,  2247,  2255,  2301,
        2329,  2388,  2447,  2452,  2482,  2502,  2560,  2585,  2600,
        2771,  2798,  2800,  2814,  2885,  2976,  3008,  3159,  3171,
        3254,  3306,  3358,  3504,  3598,  3637,  3674,  3700,  3720,
        3748,  3823,  3904,  4025,  4067,  4111,  4161,  4198,  4228,
        4429,  4462,  4565,  4632,  4656,  4707,  4755,  4774,  4780,
        4869,  4871,  4907,  5034,  5060,  5112,  5257,  5313,  5326,
        5444,  5618,  5852,  5855,  5953,  5959,  5998,  6175,  6194,
        6212,  6220,  6221,  6273,  6544,  6583,  6593,  6759,  6798,
        6876,  6886,  6895,  6976,  6978,  7100,  7212,  7330,  7368,
        7412,  7437,  7458,  7469,  7498,  7709,  7806,  7847,  8030,
        8044,  8136,  8224,  8254,  8394,  8540,  8641,  8644,  8658,
        8665,  8722,  8781,  8821,  8824,  8945,  9039,  9058,  9210,
        9237,  9271,  9356,  9366,  9539,  9691,  9839,  9869,  9876,
       10032, 10050, 10098, 10264, 10308, 10464, 10489, 10523, 10545,
       10567, 10620, 10650, 10681, 10706, 10714, 10750, 10771, 10806,
       10891, 10911, 11075, 11093, 11111, 11155, 11340, 11393, 11440,
       11478, 11502, 11569, 11631, 11677, 11843, 11988, 12120, 12394,
       12425, 12442, 12696, 12718, 12773, 12813, 12868, 12890, 12934,
       12975, 13069, 13089, 13252, 13557, 13565, 13730, 13830, 13833,
       13907, 14094, 14173, 14200, 14211, 14219, 14254, 14328, 14518,
       14595, 14721, 14787, 14835, 14896, 15049, 15211, 15275, 15452,
       15591, 15613, 15783, 15864, 15949, 15968, 16026, 16206, 16230,
       16370, 16402, 16573, 16720, 16800, 16858, 16859, 16878, 16984,
       17058, 17078, 17124, 17169, 17241, 17267, 17327, 17386, 17409,
       17424, 17449, 17450, 17489, 17596, 17679, 17694, 17695, 17826,
       17882, 18020, 18064, 18177, 18179, 18206, 18266, 18473, 18530,
       18555, 18558, 18685, 18748, 18800, 18946, 18955, 19061, 19316,
       19375, 19524, 19698, 19757, 19762, 19788, 19835, 19841, 19913,
       19958, 19963, 20010, 20072, 20130, 20152, 20199, 20316, 20321,
       20524, 20531, 20654, 20657, 20812, 20880, 21008, 21095, 21222,
       21231, 21247, 21254, 21386, 21434, 21438, 21446, 21451, 21668,
       21797, 21803, 21839, 21887, 21902, 21952, 22205, 22280, 22326,
       22405, 22496, 22505, 22509, 22521, 22523, 22550, 22762, 22803,
       22852, 22979, 22981, 22982, 23105, 23140, 23271, 23303, 23347,
       23438, 23642, 23646, 23678, 23706, 23806, 23877, 23962, 24271,
       24314, 24463, 24586, 24721, 24772, 24934, 24994, 25004, 25016,
       25036, 25045, 25082, 25146, 25188, 25189, 25215, 25263, 25278,
       25386, 25429, 25451, 25572, 25821, 25966, 26271, 26298, 26410,
       26616, 26894, 26964, 27003, 27079, 27088, 27118, 27255, 27534,
       27554, 27637, 27660, 27894, 27925, 27942, 28035, 28269, 28305,
       28350, 28409, 28479, 28480, 28517, 28518, 28646, 28652, 28714,
       28979, 29077, 29136, 29140, 29201, 29268, 29285, 29297, 29409,
       29446, 29631, 29688, 29751, 29753, 29784, 29792, 29846, 29855,
       29871, 29874, 29947, 29997, 30060, 30174, 30199, 30213, 30261,
       30307, 30603, 30654, 30703, 30761, 30829, 30945, 31134, 31165,
       31212, 31224, 31307, 31333, 31390, 31470, 31802, 31824, 31873,
       31896, 32021, 32054, 32081, 32271, 32285, 32450, 32517, 32606,
       32685, 32899, 32918, 32957, 32960, 32973, 33065, 33125, 33184,
       33247, 33469, 33735, 33841, 33952, 33967, 34133, 34221, 34315,
       34442, 34480, 34494, 34680, 34760, 35114, 35150, 35259, 35427,
       35440, 35486, 35518, 35523, 35615, 35624, 35751, 35959, 36000,
       36023, 36057, 36095, 36099, 36147, 36207, 36282, 36301, 36360,
       36407, 36419, 36462, 36550, 36570, 36634, 36667, 36790, 36827,
       37003, 37036, 37104, 37158, 37257, 37384, 37402, 37522, 37609,
       37687, 37739, 37793, 37822, 37878, 37909, 37939, 37952, 38020,
       38062, 38158, 38169, 38441, 38510, 38550, 38558, 38643, 38663,
       38665, 38747, 38754, 38782, 38900, 38937, 38967, 38984, 39047,
       39060, 39127, 39142, 39154, 39248, 39258, 39264, 39287, 39504,
       39619, 39682, 39708, 39737, 39832, 39937, 39959, 40013, 40047,
       40216, 40266, 40332, 40411, 40433, 40583, 40644, 40755, 40760,
       40805, 40882, 40922, 41246, 41267, 41273, 41396, 41419, 41427,
       41433, 41488, 41534, 41711, 41761, 42041, 42048, 42118, 42188,
       42212, 42453, 42476, 42719, 42755, 42764, 42783, 42890, 42904,
       42960, 42982, 43021, 43149, 43171, 43293, 43348, 43472, 43492,
       43494, 43559, 43614, 43659, 43744, 43811, 43877, 43935, 44052,
       44141, 44160, 44197, 44269, 44283, 44396, 44413, 44558, 44566,
       44771, 44801, 44826, 45015, 45176, 45187, 45333, 45351, 45550,
       45564, 45743, 45746, 45778, 45926, 45966, 46023, 46081, 46086,
       46183, 46220, 46248, 46299, 46432, 46448, 46633, 46647, 46987,
       47032, 47153, 47179, 47411, 47431]), array([   19,   223,   446,   506,   560,   591,   617,   623,   770,
         873,   971,   986,  1077,  1117,  1294,  1296,  1505,  1506,
        1557,  1562,  1566,  1605,  1650,  1681,  1716,  1783,  1883,
        1894,  2000,  2011,  2202,  2247,  2255,  2301,  2329,  2388,
        2447,  2452,  2482,  2502,  2771,  2798,  2800,  2814,  2885,
        2976,  3008,  3171,  3254,  3306,  3358,  3504,  3598,  3637,
        3674,  3720,  3748,  3823,  3904,  4025,  4067,  4111,  4198,
        4228,  4429,  4462,  4565,  4632,  4656,  4707,  4774,  4780,
        4871,  4907,  5034,  5060,  5112,  5257,  5313,  5326,  5444,
        5618,  5852,  5855,  5953,  5959,  5998,  6175,  6194,  6220,
        6221,  6273,  6544,  6583,  6593,  6759,  6798,  6876,  6886,
        6976,  6978,  7100,  7212,  7368,  7412,  7437,  7458,  7469,
        7806,  7847,  8044,  8136,  8224,  8254,  8394,  8540,  8641,
        8658,  8665,  8722,  8781,  8821,  8824,  8945,  9018,  9058,
        9210,  9237,  9271,  9356,  9366,  9539,  9570,  9691,  9839,
        9876, 10032, 10050, 10264, 10283, 10422, 10464, 10545, 10567,
       10620, 10681, 10706, 10714, 10806, 10828, 10891, 10911, 11075,
       11155, 11169, 11340, 11393, 11440, 11478, 11502, 11569, 11631,
       11677, 11843, 11988, 12120, 12394, 12442, 12696, 12718, 12773,
       12813, 12868, 12890, 12934, 12975, 13069, 13089, 13252, 13557,
       13565, 13730, 13830, 13833, 13907, 14094, 14173, 14200, 14211,
       14219, 14254, 14328, 14518, 14595, 14680, 14721, 14787, 14896,
       15049, 15211, 15275, 15452, 15591, 15613, 15783, 15864, 15949,
       15968, 16026, 16206, 16370, 16402, 16720, 16800, 16858, 16859,
       16878, 16984, 17058, 17078, 17169, 17241, 17267, 17386, 17409,
       17424, 17450, 17596, 17679, 17694, 17695, 17826, 17882, 17988,
       18020, 18064, 18179, 18206, 18266, 18473, 18530, 18555, 18558,
       18685, 18946, 19061, 19375, 19524, 19698, 19757, 19762, 19788,
       19913, 19958, 19963, 20010, 20072, 20130, 20199, 20316, 20321,
       20524, 20531, 20654, 20657, 20812, 20880, 21008, 21095, 21222,
       21231, 21247, 21254, 21386, 21434, 21451, 21668, 21797, 21803,
       21839, 21887, 21902, 21952, 22085, 22205, 22280, 22326, 22405,
       22496, 22505, 22509, 22523, 22550, 22762, 22803, 22852, 22979,
       22981, 22982, 23140, 23271, 23303, 23347, 23438, 23642, 23646,
       23706, 23806, 23877, 23962, 24271, 24314, 24463, 24586, 24680,
       24772, 24902, 25004, 25016, 25036, 25045, 25146, 25188, 25189,
       25215, 25263, 25278, 25386, 25429, 25451, 25455, 25572, 26271,
       26298, 26616, 26894, 26964, 27003, 27079, 27118, 27255, 27267,
       27534, 27637, 27660, 27894, 27925, 27942, 27986, 28035, 28269,
       28284, 28305, 28409, 28480, 28517, 28518, 28652, 28714, 28846,
       28979, 29077, 29136, 29140, 29201, 29285, 29409, 29631, 29665,
       29753, 29784, 29792, 29855, 29871, 29874, 29947, 29997, 30060,
       30174, 30199, 30213, 30261, 30307, 30603, 30654, 30703, 30740,
       30761, 30829, 30945, 31134, 31165, 31212, 31224, 31307, 31333,
       31470, 31802, 31824, 31873, 31896, 32021, 32081, 32271, 32285,
       32517, 32606, 32685, 32899, 32918, 32957, 32960, 32973, 33065,
       33125, 33184, 33469, 33735, 33841, 33952, 34133, 34221, 34315,
       34442, 34480, 34494, 34680, 34760, 34945, 35114, 35150, 35259,
       35427, 35440, 35486, 35523, 35615, 35624, 35751, 35959, 36000,
       36023, 36057, 36095, 36099, 36147, 36282, 36301, 36360, 36419,
       36462, 36550, 36570, 36608, 36634, 36667, 36790, 37003, 37036,
       37104, 37158, 37257, 37384, 37402, 37522, 37609, 37687, 37739,
       37793, 37822, 37878, 37909, 37939, 37952, 38020, 38062, 38158,
       38169, 38392, 38441, 38510, 38550, 38558, 38643, 38665, 38747,
       38754, 38782, 38900, 38937, 38967, 38984, 39047, 39060, 39127,
       39142, 39154, 39264, 39287, 39619, 39682, 39708, 39715, 39937,
       39959, 40013, 40047, 40216, 40266, 40332, 40411, 40433, 40583,
       40644, 40755, 40805, 40922, 41267, 41273, 41396, 41419, 41427,
       41433, 41534, 41761, 42041, 42048, 42118, 42188, 42212, 42453,
       42476, 42719, 42755, 42764, 42783, 42890, 42904, 42960, 42982,
       43149, 43171, 43293, 43472, 43492, 43494, 43559, 43614, 43659,
       43744, 43811, 43877, 43935, 44052, 44160, 44269, 44396, 44413,
       44558, 44566, 44771, 44801, 44826, 45176, 45187, 45333, 45351,
       45550, 45564, 45720, 45746, 45926, 45966, 46023, 46081, 46183,
       46220, 46248, 46299, 46432, 46448, 46633, 46647, 47014, 47032,
       47153, 47179, 47411, 47431]), array([   19,   223,   446,   506,   559,   591,   617,   623,   770,
         873,   971,   986,  1077,  1117,  1296,  1505,  1506,  1557,
        1562,  1566,  1605,  1650,  1681,  1716,  1783,  1883,  1894,
        2000,  2011,  2202,  2247,  2255,  2329,  2388,  2447,  2452,
        2482,  2502,  2560,  2600,  2771,  2798,  2800,  2814,  2976,
        3008,  3171,  3254,  3306,  3358,  3379,  3504,  3598,  3637,
        3674,  3720,  3748,  3823,  3904,  4025,  4067,  4111,  4198,
        4429,  4462,  4565,  4632,  4656,  4707,  4755,  4774,  4871,
        4907,  5060,  5112,  5257,  5313,  5326,  5444,  5852,  5855,
        5959,  5998,  6175,  6194,  6220,  6221,  6273,  6544,  6583,
        6593,  6759,  6798,  6876,  6886,  6976,  6978,  7100,  7368,
        7412,  7437,  7458,  7469,  7806,  7847,  8044,  8136,  8394,
        8540,  8641,  8658,  8722,  8781,  8821,  8824,  8945,  9018,
        9058,  9210,  9356,  9366,  9539,  9570,  9691,  9839,  9869,
        9876, 10032, 10050, 10464, 10545, 10567, 10620, 10650, 10681,
       10706, 10714, 10771, 10806, 10828, 10891, 10911, 11075, 11111,
       11169, 11340, 11393, 11440, 11478, 11502, 11631, 11677, 11843,
       11988, 12120, 12394, 12442, 12696, 12718, 12773, 12813, 12868,
       12890, 12934, 12975, 13069, 13089, 13252, 13557, 13565, 13730,
       13830, 13833, 13907, 14094, 14173, 14200, 14211, 14219, 14254,
       14328, 14518, 14595, 14680, 14721, 14787, 14896, 15049, 15211,
       15275, 15452, 15591, 15613, 15783, 15968, 16026, 16206, 16370,
       16402, 16720, 16739, 16800, 16859, 16878, 16984, 17058, 17078,
       17124, 17169, 17241, 17267, 17327, 17386, 17409, 17424, 17450,
       17596, 17679, 17694, 17695, 17826, 17882, 18020, 18064, 18177,
       18179, 18206, 18266, 18473, 18530, 18555, 18558, 18685, 18946,
       19061, 19375, 19524, 19698, 19757, 19762, 19788, 19913, 19963,
       20010, 20072, 20199, 20316, 20321, 20524, 20531, 20654, 20657,
       20812, 20880, 21008, 21095, 21222, 21231, 21254, 21386, 21434,
       21438, 21446, 21451, 21668, 21797, 21803, 21839, 21887, 21952,
       22205, 22280, 22405, 22496, 22505, 22509, 22521, 22523, 22550,
       22762, 22803, 22852, 22979, 22981, 22982, 23140, 23271, 23303,
       23347, 23438, 23642, 23646, 23706, 23806, 23877, 23962, 24271,
       24314, 24586, 24772, 25004, 25016, 25036, 25045, 25146, 25188,
       25189, 25215, 25263, 25386, 25429, 25451, 25572, 25821, 25966,
       26271, 26298, 26616, 26894, 26964, 27003, 27118, 27255, 27267,
       27534, 27554, 27637, 27660, 27797, 27894, 27918, 27925, 27942,
       28035, 28214, 28269, 28284, 28305, 28409, 28480, 28517, 28518,
       28646, 28652, 28714, 28979, 29077, 29136, 29140, 29201, 29268,
       29285, 29409, 29631, 29665, 29753, 29792, 29855, 29871, 29874,
       29997, 30174, 30199, 30213, 30307, 30603, 30654, 30703, 30740,
       30761, 30829, 30945, 31134, 31165, 31212, 31224, 31307, 31333,
       31470, 31824, 31896, 32021, 32081, 32271, 32285, 32517, 32606,
       32685, 32899, 32918, 32957, 32960, 32973, 33065, 33125, 33184,
       33469, 33735, 33841, 33952, 33967, 34133, 34221, 34315, 34442,
       34480, 34494, 34680, 34760, 35114, 35150, 35259, 35427, 35440,
       35486, 35523, 35615, 35624, 35751, 35959, 36000, 36023, 36057,
       36095, 36099, 36147, 36207, 36282, 36301, 36360, 36419, 36462,
       36550, 36570, 36667, 36790, 37003, 37036, 37104, 37158, 37257,
       37384, 37402, 37522, 37687, 37739, 37793, 37822, 37878, 37909,
       37939, 37952, 38020, 38062, 38158, 38169, 38441, 38510, 38550,
       38558, 38643, 38665, 38754, 38782, 38900, 38937, 38967, 38984,
       39047, 39060, 39127, 39154, 39258, 39264, 39287, 39619, 39682,
       39708, 39715, 39937, 39959, 40013, 40047, 40216, 40266, 40332,
       40411, 40433, 40583, 40644, 40755, 40805, 40922, 41267, 41273,
       41396, 41419, 41427, 41433, 41534, 41711, 41761, 42041, 42048,
       42118, 42188, 42212, 42453, 42719, 42755, 42764, 42783, 42890,
       42904, 42982, 43021, 43080, 43149, 43171, 43293, 43472, 43492,
       43494, 43559, 43614, 43659, 43811, 43877, 43935, 44052, 44160,
       44269, 44396, 44413, 44558, 44566, 44771, 44801, 44826, 45176,
       45187, 45333, 45351, 45564, 45720, 45926, 45966, 46023, 46081,
       46183, 46220, 46432, 46448, 46633, 46647, 46987, 47014, 47032,
       47153, 47179, 47411, 47431]), array([   19,   223,   356,   446,   506,   591,   617,   623,   770,
         873,   971,   986,  1077,  1117,  1296,  1505,  1506,  1562,
        1566,  1605,  1650,  1681,  1716,  1783,  1883,  1894,  2000,
        2011,  2202,  2247,  2329,  2388,  2447,  2452,  2482,  2502,
        2560,  2600,  2771,  2798,  2800,  2814,  2976,  3008,  3171,
        3254,  3306,  3358,  3598,  3637,  3674,  3720,  3748,  3823,
        3904,  4067,  4111,  4198,  4429,  4462,  4565,  4632,  4656,
        4707,  4755,  4774,  4871,  5060,  5112,  5257,  5313,  5326,
        5618,  5852,  5855,  5959,  5998,  6109,  6194,  6212,  6220,
        6221,  6273,  6544,  6583,  6593,  6759,  6876,  6886,  6976,
        6978,  7100,  7212,  7330,  7368,  7412,  7437,  7458,  7469,
        7806,  7847,  8136,  8224,  8394,  8540,  8641,  8658,  8722,
        8781,  8821,  8824,  8945,  9058,  9210,  9336,  9356,  9366,
        9839,  9876, 10032, 10308, 10545, 10620, 10650, 10681, 10706,
       10714, 10771, 10806, 10828, 10891, 10911, 11075, 11093, 11340,
       11393, 11440, 11478, 11502, 11569, 11631, 11677, 11843, 11988,
       12120, 12394, 12442, 12696, 12718, 12773, 12813, 12868, 12889,
       12890, 12934, 12975, 13069, 13089, 13252, 13557, 13565, 13730,
       13830, 13833, 13907, 14094, 14173, 14200, 14211, 14254, 14328,
       14518, 14595, 14680, 15211, 15275, 15452, 15591, 15613, 15783,
       15968, 16026, 16370, 16573, 16720, 16800, 16858, 16859, 16878,
       16984, 17058, 17078, 17124, 17267, 17327, 17386, 17409, 17424,
       17450, 17679, 17694, 17695, 17826, 17882, 18020, 18064, 18177,
       18179, 18206, 18266, 18473, 18530, 18555, 18558, 18685, 19061,
       19316, 19375, 19524, 19698, 19757, 19762, 19788, 19963, 20010,
       20199, 20316, 20321, 20524, 20531, 20654, 20657, 20812, 20880,
       21008, 21095, 21222, 21231, 21386, 21434, 21438, 21451, 21668,
       21803, 21839, 21887, 21952, 22205, 22405, 22496, 22505, 22509,
       22523, 22550, 22762, 22803, 22852, 22979, 22982, 23271, 23303,
       23347, 23438, 23642, 23646, 23706, 23806, 23877, 23962, 24314,
       24586, 24772, 25004, 25016, 25045, 25146, 25185, 25188, 25189,
       25215, 25263, 25278, 25386, 25451, 25455, 25572, 25966, 26271,
       26298, 26616, 26894, 26964, 27003, 27118, 27255, 27534, 27637,
       27660, 27894, 27918, 27925, 27942, 28035, 28269, 28409, 28480,
       28517, 28518, 28646, 28652, 28714, 28979, 29077, 29136, 29140,
       29201, 29268, 29285, 29409, 29631, 29753, 29792, 29855, 29871,
       29874, 29947, 30174, 30199, 30213, 30307, 30603, 30654, 30703,
       30761, 30829, 30945, 31165, 31212, 31224, 31307, 31333, 31824,
       31873, 31896, 32021, 32081, 32271, 32285, 32517, 32606, 32899,
       32918, 32957, 32960, 32973, 33065, 33125, 33184, 33469, 33841,
       33952, 34133, 34221, 34315, 34442, 34480, 34494, 34760, 35114,
       35150, 35427, 35440, 35523, 35615, 35624, 35751, 35959, 36023,
       36057, 36095, 36099, 36147, 36207, 36282, 36301, 36570, 36667,
       36790, 37003, 37158, 37257, 37384, 37402, 37522, 37609, 37687,
       37739, 37793, 37878, 37909, 37939, 37952, 38020, 38062, 38158,
       38169, 38392, 38441, 38510, 38550, 38558, 38643, 38663, 38665,
       38754, 38782, 38900, 38937, 38984, 39047, 39060, 39127, 39154,
       39264, 39287, 39619, 39682, 39715, 39937, 39959, 40013, 40047,
       40216, 40266, 40332, 40411, 40583, 40644, 40755, 40805, 40922,
       41267, 41273, 41396, 41419, 41427, 41534, 41711, 41761, 42041,
       42048, 42118, 42188, 42212, 42453, 42719, 42755, 42764, 42783,
       42904, 42982, 43080, 43149, 43171, 43472, 43492, 43494, 43559,
       43614, 43659, 43811, 43868, 43877, 43935, 44052, 44160, 44269,
       44396, 44413, 44558, 44771, 44801, 44826, 45176, 45187, 45333,
       45351, 45550, 45564, 45926, 45966, 46081, 46086, 46183, 46220,
       46432, 46448, 46647, 46987, 47014, 47032, 47153, 47179, 47411]), array([   19,    21,   223,   356,   446,   469,   506,   559,   560,
         591,   617,   623,   770,   873,   971,   986,  1077,  1117,
        1294,  1296,  1505,  1506,  1557,  1562,  1566,  1605,  1650,
        1681,  1716,  1783,  1861,  1883,  1894,  2000,  2011,  2202,
        2247,  2255,  2301,  2329,  2388,  2447,  2452,  2482,  2502,
        2560,  2585,  2600,  2771,  2798,  2800,  2814,  2965,  2976,
        3008,  3159,  3171,  3254,  3275,  3306,  3358,  3504,  3598,
        3637,  3653,  3674,  3720,  3748,  3823,  3904,  4067,  4111,
        4198,  4228,  4429,  4462,  4565,  4632,  4656,  4707,  4755,
        4774,  4780,  4871,  4907,  5034,  5060,  5112,  5257,  5313,
        5326,  5618,  5852,  5855,  5953,  5959,  5998,  6109,  6194,
        6212,  6220,  6221,  6253,  6273,  6544,  6583,  6593,  6759,
        6876,  6886,  6976,  6978,  7100,  7112,  7212,  7330,  7335,
        7368,  7412,  7437,  7458,  7469,  7806,  7847,  8044,  8136,
        8224,  8254,  8394,  8540,  8543,  8641,  8658,  8722,  8781,
        8821,  8824,  8945,  9058,  9111,  9210,  9237,  9271,  9336,
        9356,  9366,  9539,  9570,  9576,  9785,  9839,  9876, 10032,
       10050, 10283, 10308, 10422, 10464, 10545, 10567, 10620, 10650,
       10681, 10706, 10714, 10771, 10806, 10828, 10891, 10911, 11075,
       11093, 11111, 11169, 11340, 11393, 11440, 11478, 11502, 11569,
       11631, 11677, 11843, 11988, 12120, 12394, 12442, 12535, 12696,
       12700, 12718, 12773, 12813, 12868, 12889, 12890, 12934, 12975,
       13069, 13089, 13252, 13557, 13565, 13730, 13794, 13830, 13833,
       13907, 14094, 14173, 14200, 14211, 14241, 14254, 14328, 14518,
       14595, 14680, 14721, 14896, 15049, 15211, 15275, 15452, 15591,
       15613, 15783, 15864, 15968, 16026, 16206, 16230, 16370, 16402,
       16455, 16478, 16573, 16705, 16720, 16739, 16800, 16858, 16859,
       16878, 16984, 17058, 17078, 17124, 17169, 17241, 17267, 17282,
       17327, 17386, 17409, 17424, 17450, 17489, 17596, 17679, 17694,
       17695, 17826, 17882, 17988, 18020, 18064, 18177, 18179, 18206,
       18266, 18473, 18530, 18555, 18558, 18685, 18734, 18800, 19061,
       19163, 19316, 19375, 19524, 19558, 19698, 19757, 19762, 19788,
       19913, 19914, 19958, 19963, 20010, 20072, 20199, 20316, 20321,
       20524, 20531, 20654, 20657, 20812, 20880, 21008, 21095, 21222,
       21231, 21247, 21254, 21386, 21434, 21438, 21446, 21451, 21668,
       21797, 21803, 21839, 21887, 21902, 21952, 21996, 22085, 22205,
       22280, 22405, 22496, 22505, 22509, 22521, 22523, 22550, 22762,
       22803, 22852, 22979, 22981, 22982, 23105, 23271, 23303, 23347,
       23438, 23642, 23646, 23706, 23806, 23877, 23962, 24271, 24314,
       24539, 24586, 24680, 24700, 24721, 24772, 24994, 25004, 25016,
       25036, 25045, 25082, 25146, 25185, 25188, 25189, 25215, 25263,
       25278, 25386, 25429, 25451, 25455, 25572, 25659, 25821, 25867,
       25966, 26271, 26280, 26298, 26410, 26543, 26616, 26894, 26964,
       27003, 27079, 27088, 27118, 27255, 27267, 27534, 27554, 27637,
       27660, 27797, 27894, 27918, 27925, 27942, 27986, 28035, 28214,
       28269, 28284, 28305, 28357, 28409, 28479, 28480, 28517, 28518,
       28646, 28652, 28714, 28760, 28979, 29077, 29136, 29140, 29201,
       29268, 29285, 29297, 29409, 29446, 29631, 29753, 29792, 29855,
       29871, 29874, 29947, 29997, 30060, 30174, 30199, 30213, 30261,
       30307, 30492, 30603, 30654, 30703, 30740, 30761, 30829, 30945,
       30991, 31165, 31212, 31214, 31224, 31307, 31333, 31824, 31873,
       31896, 32021, 32054, 32081, 32271, 32285, 32466, 32517, 32521,
       32606, 32685, 32899, 32918, 32957, 32960, 32973, 32994, 33065,
       33125, 33184, 33247, 33261, 33469, 33680, 33735, 33841, 33894,
       33952, 34133, 34221, 34315, 34442, 34480, 34494, 34515, 34665,
       34680, 34760, 35114, 35150, 35259, 35427, 35440, 35486, 35523,
       35615, 35624, 35735, 35751, 35780, 35959, 36000, 36023, 36057,
       36095, 36099, 36147, 36207, 36282, 36301, 36360, 36407, 36419,
       36462, 36570, 36634, 36667, 36790, 36827, 37003, 37036, 37104,
       37158, 37257, 37384, 37402, 37522, 37609, 37687, 37739, 37793,
       37822, 37878, 37909, 37939, 37952, 38020, 38062, 38158, 38169,
       38392, 38441, 38510, 38550, 38558, 38643, 38663, 38665, 38684,
       38747, 38754, 38782, 38900, 38937, 38967, 38984, 39047, 39060,
       39127, 39142, 39154, 39258, 39264, 39287, 39619, 39682, 39715,
       39839, 39937, 39959, 40013, 40047, 40216, 40266, 40332, 40411,
       40583, 40644, 40755, 40805, 40882, 40922, 40923, 41246, 41267,
       41273, 41396, 41419, 41427, 41433, 41488, 41534, 41711, 41761,
       42041, 42048, 42118, 42188, 42201, 42212, 42453, 42476, 42719,
       42755, 42764, 42783, 42890, 42904, 42960, 42982, 43021, 43080,
       43149, 43171, 43293, 43395, 43472, 43492, 43494, 43559, 43614,
       43659, 43744, 43811, 43866, 43868, 43877, 43935, 44052, 44160,
       44269, 44283, 44396, 44413, 44558, 44566, 44771, 44801, 44826,
       45176, 45187, 45333, 45351, 45550, 45554, 45564, 45597, 45778,
       45926, 45966, 46023, 46081, 46086, 46183, 46220, 46248, 46432,
       46448, 46633, 46647, 46987, 47014, 47032, 47153, 47179, 47318,
       47411, 47431]), array([   19,   223,   343,   356,   446,   506,   559,   560,   591,
         617,   623,   770,   873,   971,   986,  1077,  1117,  1294,
        1296,  1505,  1506,  1557,  1562,  1566,  1605,  1650,  1681,
        1716,  1783,  1861,  1883,  1894,  2000,  2011,  2026,  2202,
        2247,  2255,  2301,  2329,  2388,  2447,  2452,  2482,  2502,
        2560,  2585,  2600,  2771,  2798,  2800,  2814,  2835,  2885,
        2965,  2976,  3008,  3052,  3159,  3171,  3254,  3275,  3306,
        3358,  3504,  3598,  3637,  3653,  3674,  3700,  3720,  3748,
        3823,  3904,  4025,  4067,  4111,  4198,  4228,  4429,  4462,
        4565,  4632,  4656,  4707,  4755,  4774,  4780,  4871,  4907,
        5034,  5060,  5112,  5257,  5313,  5326,  5444,  5618,  5852,
        5855,  5959,  5963,  5998,  6109,  6194,  6212,  6220,  6221,
        6273,  6544,  6583,  6593,  6601,  6759,  6798,  6876,  6886,
        6976,  6978,  7100,  7112,  7212,  7330,  7335,  7368,  7412,
        7437,  7458,  7469,  7806,  7847,  7980,  8044,  8136,  8224,
        8254,  8394,  8540,  8641,  8658,  8722,  8781,  8821,  8824,
        8945,  9018,  9058,  9111,  9210,  9237,  9271,  9336,  9356,
        9366,  9539,  9570,  9839,  9869,  9876, 10032, 10283, 10308,
       10464, 10523, 10545, 10567, 10620, 10650, 10681, 10706, 10714,
       10771, 10806, 10828, 10891, 10911, 11075, 11093, 11111, 11169,
       11340, 11393, 11440, 11478, 11502, 11569, 11631, 11639, 11677,
       11843, 11988, 12005, 12120, 12394, 12442, 12696, 12700, 12718,
       12773, 12813, 12868, 12889, 12890, 12934, 12975, 13069, 13089,
       13252, 13557, 13565, 13730, 13794, 13830, 13833, 13886, 13907,
       14094, 14173, 14200, 14211, 14254, 14328, 14518, 14595, 14680,
       14721, 14787, 14896, 15049, 15211, 15275, 15452, 15591, 15613,
       15631, 15700, 15783, 15864, 15949, 15968, 16026, 16230, 16298,
       16370, 16402, 16455, 16478, 16573, 16667, 16705, 16720, 16739,
       16800, 16858, 16859, 16878, 16984, 17058, 17078, 17124, 17169,
       17267, 17282, 17327, 17386, 17409, 17424, 17449, 17450, 17489,
       17518, 17525, 17596, 17679, 17694, 17695, 17766, 17826, 17882,
       17988, 18020, 18052, 18064, 18177, 18179, 18206, 18266, 18473,
       18530, 18555, 18558, 18654, 18685, 18734, 18748, 18800, 18955,
       19061, 19163, 19316, 19375, 19524, 19558, 19698, 19757, 19762,
       19788, 19835, 19913, 19914, 19958, 19963, 20010, 20072, 20199,
       20316, 20321, 20524, 20529, 20531, 20654, 20657, 20812, 20880,
       21008, 21095, 21222, 21231, 21247, 21254, 21326, 21386, 21434,
       21438, 21446, 21451, 21668, 21797, 21803, 21839, 21887, 21895,
       21902, 21905, 21952, 21996, 22085, 22205, 22280, 22405, 22496,
       22505, 22509, 22521, 22523, 22550, 22699, 22762, 22803, 22852,
       22979, 22981, 22982, 23105, 23271, 23303, 23347, 23438, 23642,
       23646, 23706, 23806, 23877, 23962, 24271, 24314, 24463, 24539,
       24586, 24680, 24700, 24721, 24772, 24889, 24902, 25004, 25016,
       25036, 25045, 25146, 25185, 25188, 25189, 25215, 25263, 25278,
       25386, 25429, 25451, 25455, 25572, 25659, 25821, 25867, 25966,
       26271, 26298, 26410, 26616, 26686, 26894, 26964, 27003, 27079,
       27088, 27118, 27255, 27267, 27534, 27554, 27637, 27660, 27797,
       27894, 27918, 27925, 27942, 27986, 28035, 28214, 28269, 28284,
       28305, 28350, 28357, 28409, 28479, 28480, 28517, 28518, 28646,
       28652, 28714, 28760, 28846, 28979, 29077, 29136, 29140, 29201,
       29268, 29270, 29285, 29409, 29446, 29631, 29688, 29753, 29792,
       29855, 29871, 29874, 29947, 29997, 30060, 30112, 30130, 30174,
       30199, 30213, 30261, 30307, 30492, 30603, 30654, 30703, 30740,
       30761, 30829, 30945, 30991, 31165, 31212, 31214, 31224, 31307,
       31333, 31470, 31824, 31873, 31896, 32021, 32054, 32081, 32271,
       32285, 32466, 32517, 32606, 32685, 32832, 32899, 32918, 32957,
       32960, 32973, 32994, 33065, 33125, 33184, 33247, 33261, 33469,
       33680, 33735, 33841, 33894, 33952, 34133, 34221, 34315, 34442,
       34480, 34494, 34515, 34665, 34680, 34760, 35114, 35150, 35259,
       35427, 35440, 35486, 35518, 35523, 35615, 35624, 35735, 35751,
       35780, 35959, 36000, 36023, 36057, 36095, 36099, 36147, 36207,
       36282, 36301, 36360, 36407, 36419, 36462, 36570, 36608, 36634,
       36667, 36717, 36790, 36827, 37003, 37036, 37104, 37158, 37257,
       37367, 37384, 37402, 37522, 37609, 37687, 37739, 37793, 37878,
       37909, 37939, 37952, 38020, 38062, 38158, 38169, 38392, 38441,
       38510, 38550, 38558, 38643, 38663, 38665, 38684, 38747, 38754,
       38782, 38889, 38900, 38937, 38967, 38984, 39047, 39060, 39127,
       39142, 39154, 39264, 39287, 39504, 39619, 39682, 39708, 39715,
       39839, 39937, 39959, 40013, 40047, 40216, 40266, 40332, 40411,
       40583, 40644, 40755, 40805, 40882, 40922, 40923, 41246, 41267,
       41273, 41396, 41419, 41427, 41433, 41488, 41534, 41711, 41761,
       41846, 42041, 42048, 42118, 42188, 42201, 42212, 42453, 42476,
       42719, 42755, 42764, 42783, 42890, 42904, 42960, 42982, 43021,
       43080, 43149, 43171, 43293, 43348, 43395, 43472, 43492, 43494,
       43559, 43614, 43659, 43744, 43811, 43866, 43868, 43877, 43935,
       44052, 44160, 44269, 44283, 44396, 44413, 44558, 44560, 44566,
       44771, 44801, 44826, 45176, 45187, 45256, 45328, 45333, 45351,
       45550, 45554, 45564, 45597, 45746, 45778, 45926, 45966, 46023,
       46081, 46086, 46183, 46220, 46299, 46432, 46448, 46633, 46647,
       46987, 47014, 47032, 47153, 47179, 47318, 47339, 47411, 47431]), array([   19,    21,   160,   223,   356,   435,   446,   506,   559,
         560,   591,   617,   623,   770,   873,   971,   986,  1077,
        1117,  1209,  1296,  1505,  1506,  1562,  1566,  1605,  1650,
        1681,  1716,  1783,  1861,  1883,  1894,  2000,  2011,  2026,
        2202,  2247,  2255,  2301,  2329,  2388,  2447,  2452,  2482,
        2502,  2560,  2585,  2600,  2771,  2798,  2800,  2814,  2835,
        2965,  2976,  3008,  3159,  3171,  3254,  3275,  3306,  3358,
        3504,  3598,  3637,  3653,  3674,  3700,  3720,  3748,  3823,
        3904,  4067,  4111,  4198,  4429,  4462,  4565,  4632,  4656,
        4707,  4755,  4774,  4780,  4871,  4907,  5034,  5060,  5112,
        5257,  5313,  5326,  5444,  5618,  5625,  5852,  5855,  5959,
        5998,  6109,  6194,  6212,  6220,  6221,  6253,  6273,  6544,
        6583,  6593,  6759,  6798,  6859,  6876,  6886,  6976,  6978,
        7100,  7112,  7212,  7258,  7330,  7335,  7368,  7412,  7437,
        7458,  7469,  7656,  7806,  7847,  7980,  8044,  8136,  8224,
        8254,  8394,  8540,  8641,  8658,  8722,  8781,  8821,  8824,
        8945,  9018,  9058,  9111,  9210,  9237,  9271,  9336,  9356,
        9366,  9539,  9570,  9576,  9691,  9698,  9839,  9869,  9876,
       10032, 10283, 10308, 10422, 10489, 10545, 10567, 10620, 10650,
       10681, 10706, 10714, 10771, 10806, 10828, 10891, 10911, 11075,
       11093, 11111, 11169, 11340, 11393, 11440, 11478, 11502, 11569,
       11586, 11631, 11639, 11677, 11843, 11988, 12120, 12394, 12442,
       12535, 12696, 12700, 12718, 12773, 12813, 12868, 12889, 12890,
       12934, 12975, 13069, 13089, 13252, 13557, 13565, 13730, 13794,
       13830, 13833, 13907, 13920, 14094, 14173, 14200, 14211, 14219,
       14241, 14254, 14328, 14518, 14595, 14680, 14721, 14896, 15049,
       15211, 15275, 15318, 15452, 15591, 15613, 15631, 15700, 15783,
       15864, 15949, 15968, 16026, 16230, 16370, 16401, 16402, 16455,
       16478, 16573, 16667, 16705, 16720, 16739, 16800, 16858, 16859,
       16878, 16984, 17058, 17078, 17124, 17169, 17241, 17267, 17282,
       17327, 17386, 17409, 17424, 17449, 17450, 17489, 17525, 17596,
       17679, 17694, 17695, 17766, 17826, 17882, 17988, 18020, 18052,
       18064, 18177, 18179, 18206, 18266, 18473, 18530, 18555, 18558,
       18654, 18685, 18734, 18748, 19061, 19163, 19316, 19375, 19387,
       19502, 19524, 19558, 19698, 19757, 19762, 19788, 19913, 19914,
       19958, 19963, 20010, 20072, 20199, 20316, 20321, 20524, 20531,
       20654, 20657, 20812, 20880, 21008, 21095, 21222, 21231, 21247,
       21254, 21326, 21386, 21434, 21438, 21446, 21451, 21668, 21797,
       21803, 21839, 21887, 21902, 21905, 21952, 21996, 22085, 22205,
       22280, 22405, 22496, 22505, 22509, 22521, 22523, 22550, 22762,
       22803, 22852, 22979, 22981, 22982, 23105, 23271, 23303, 23347,
       23411, 23438, 23642, 23646, 23706, 23806, 23877, 23962, 24271,
       24314, 24539, 24586, 24680, 24700, 24721, 24772, 24889, 24934,
       25004, 25016, 25036, 25045, 25082, 25146, 25185, 25188, 25189,
       25215, 25263, 25278, 25386, 25429, 25451, 25455, 25572, 25659,
       25821, 25867, 25966, 26271, 26280, 26298, 26410, 26616, 26686,
       26894, 26964, 27003, 27079, 27088, 27118, 27255, 27267, 27534,
       27554, 27637, 27660, 27797, 27894, 27918, 27925, 27942, 27986,
       28035, 28214, 28269, 28284, 28305, 28357, 28409, 28479, 28480,
       28517, 28518, 28646, 28652, 28714, 28760, 28979, 29077, 29136,
       29140, 29201, 29268, 29285, 29297, 29403, 29409, 29446, 29631,
       29637, 29688, 29753, 29792, 29855, 29871, 29874, 29947, 29997,
       30060, 30112, 30130, 30174, 30199, 30213, 30261, 30307, 30603,
       30654, 30703, 30740, 30761, 30829, 30945, 30991, 31078, 31134,
       31165, 31212, 31224, 31307, 31333, 31470, 31824, 31873, 31896,
       32021, 32029, 32081, 32271, 32285, 32517, 32606, 32685, 32832,
       32899, 32918, 32957, 32960, 32973, 32994, 33065, 33098, 33125,
       33184, 33247, 33261, 33469, 33680, 33735, 33841, 33894, 33952,
       34133, 34221, 34315, 34442, 34480, 34494, 34515, 34665, 34680,
       34760, 35114, 35150, 35259, 35427, 35440, 35486, 35518, 35523,
       35615, 35624, 35735, 35751, 35780, 35959, 36000, 36023, 36057,
       36095, 36099, 36147, 36207, 36252, 36282, 36301, 36419, 36462,
       36570, 36608, 36634, 36667, 36790, 36827, 37003, 37036, 37104,
       37158, 37257, 37384, 37402, 37517, 37522, 37577, 37609, 37687,
       37739, 37793, 37878, 37909, 37939, 37952, 38020, 38062, 38158,
       38169, 38392, 38441, 38510, 38550, 38558, 38643, 38663, 38665,
       38684, 38747, 38754, 38782, 38889, 38900, 38937, 38967, 38984,
       39047, 39060, 39127, 39142, 39154, 39264, 39287, 39289, 39504,
       39619, 39682, 39708, 39715, 39839, 39937, 39959, 40013, 40047,
       40216, 40266, 40332, 40411, 40583, 40644, 40755, 40805, 40922,
       40923, 41246, 41267, 41273, 41396, 41419, 41427, 41433, 41488,
       41534, 41711, 41761, 41778, 41813, 41846, 42041, 42048, 42118,
       42188, 42201, 42212, 42453, 42476, 42719, 42755, 42764, 42783,
       42890, 42904, 42960, 42982, 43021, 43080, 43149, 43171, 43293,
       43348, 43395, 43472, 43492, 43494, 43559, 43614, 43659, 43744,
       43811, 43866, 43868, 43877, 43935, 44052, 44160, 44269, 44283,
       44396, 44413, 44558, 44560, 44566, 44771, 44801, 44826, 45176,
       45187, 45256, 45333, 45351, 45550, 45554, 45564, 45597, 45778,
       45926, 45966, 46081, 46086, 46183, 46220, 46248, 46299, 46432,
       46448, 46633, 46647, 46987, 47014, 47032, 47153, 47179, 47318,
       47411])]
