training accuracy when lambda=0.2
[0.60322, 0.7396, 0.77174, 0.78766, 0.79774, 0.80552, 0.81406, 0.81818, 0.82512, 0.83068, 0.8309, 0.8369, 0.83636, 0.8405, 0.84356, 0.84474, 0.84904, 0.84924, 0.85118, 0.85294, 0.85322, 0.85462, 0.85454, 0.8574, 0.8594, 0.85848, 0.86022, 0.85932, 0.86064, 0.86032, 0.86052, 0.86082, 0.86136, 0.86148, 0.86288, 0.86072, 0.8624, 0.86158, 0.86202, 0.86014, 0.86002, 0.85838, 0.8601, 0.86182, 0.85854, 0.85994, 0.86182, 0.8606, 0.85954, 0.85956]
test accuracy when lambda=0.2
[0.5036, 0.5298, 0.5368, 0.5405, 0.5418, 0.5374, 0.5427, 0.5427, 0.5426, 0.542, 0.5423, 0.5457, 0.5428, 0.5349, 0.54, 0.5449, 0.5433, 0.5396, 0.5418, 0.5383, 0.538, 0.5386, 0.5367, 0.5391, 0.5358, 0.5407, 0.5381, 0.5439, 0.537, 0.5386, 0.539, 0.537, 0.5371, 0.5358, 0.537, 0.5404, 0.5374, 0.538, 0.5392, 0.5354, 0.5377, 0.537, 0.5332, 0.5372, 0.5342, 0.5383, 0.5349, 0.5373, 0.5318, 0.5321]
training accuracy when lambda=0.25
[0.57824, 0.71784, 0.74884, 0.7662, 0.77696, 0.78344, 0.7937, 0.79762, 0.80292, 0.80534, 0.8101, 0.81462, 0.81504, 0.81876, 0.82032, 0.821, 0.82396, 0.8258, 0.82666, 0.82676, 0.83144, 0.83066, 0.83162, 0.83296, 0.83146, 0.8332, 0.83444, 0.832, 0.8333, 0.83202, 0.83182, 0.8336, 0.83212, 0.83338, 0.83458, 0.8322, 0.8336, 0.83062, 0.83054, 0.8321, 0.83042, 0.83068, 0.83182, 0.82916, 0.82774, 0.82632, 0.82882, 0.82986, 0.8247, 0.82252]
test accuracy when lambda=0.25
[0.508, 0.5278, 0.5286, 0.5281, 0.539, 0.5381, 0.54, 0.5398, 0.5401, 0.5416, 0.5392, 0.5404, 0.5436, 0.5385, 0.5375, 0.5405, 0.5416, 0.5421, 0.5357, 0.5395, 0.5361, 0.5372, 0.5401, 0.538, 0.5433, 0.5415, 0.5366, 0.5364, 0.5369, 0.5407, 0.5364, 0.5358, 0.538, 0.5342, 0.5354, 0.5358, 0.5331, 0.5326, 0.5365, 0.5332, 0.5319, 0.5328, 0.5309, 0.5306, 0.5343, 0.5345, 0.5315, 0.5304, 0.5322, 0.5309]
training accuracy when lambda=0.3
[0.5518, 0.67692, 0.70522, 0.72212, 0.73224, 0.74148, 0.74608, 0.75008, 0.75436, 0.75912, 0.76346, 0.7659, 0.76788, 0.7706, 0.77138, 0.77552, 0.77584, 0.77584, 0.77894, 0.77932, 0.77916, 0.78218, 0.7811, 0.78304, 0.78328, 0.78362, 0.78426, 0.78256, 0.7815, 0.78064, 0.78348, 0.78308, 0.78322, 0.7826, 0.78328, 0.78286, 0.78022, 0.78096, 0.7814, 0.78064, 0.78056, 0.78186, 0.7777, 0.77772, 0.77814, 0.774, 0.77486, 0.7761, 0.7763, 0.7732]
test accuracy when lambda=0.3
[0.5092, 0.5247, 0.5321, 0.5407, 0.5364, 0.5368, 0.5339, 0.5395, 0.5395, 0.5383, 0.5355, 0.5389, 0.5415, 0.5378, 0.542, 0.5412, 0.5411, 0.5388, 0.5408, 0.5351, 0.5412, 0.5375, 0.5338, 0.5362, 0.5356, 0.5359, 0.5346, 0.5371, 0.5332, 0.5301, 0.5407, 0.5347, 0.5323, 0.534, 0.5334, 0.5308, 0.533, 0.5274, 0.5295, 0.5245, 0.5272, 0.529, 0.527, 0.5264, 0.5255, 0.5253, 0.525, 0.5227, 0.5277, 0.5274]
training accuracy when lambda=0.35
[0.49696, 0.60582, 0.62858, 0.64022, 0.65028, 0.65582, 0.66158, 0.66608, 0.67018, 0.6742, 0.67668, 0.68246, 0.6808, 0.68566, 0.68878, 0.69184, 0.69144, 0.693, 0.69642, 0.6961, 0.69714, 0.69992, 0.69758, 0.69862, 0.6995, 0.69996, 0.70088, 0.70032, 0.70098, 0.70436, 0.70246, 0.70358, 0.70488, 0.70284, 0.70292, 0.70276, 0.70152, 0.70244, 0.70104, 0.70026, 0.70124, 0.70178, 0.70164, 0.70078, 0.6998, 0.70288, 0.70084, 0.69878, 0.69936, 0.69766]
test accuracy when lambda=0.35
[0.4809, 0.5079, 0.5222, 0.5305, 0.5283, 0.5343, 0.5384, 0.5304, 0.533, 0.5321, 0.5316, 0.5267, 0.5308, 0.5271, 0.5269, 0.5268, 0.528, 0.5268, 0.5289, 0.5287, 0.5301, 0.5242, 0.524, 0.5223, 0.5243, 0.523, 0.5206, 0.5217, 0.519, 0.5211, 0.521, 0.5196, 0.5198, 0.5165, 0.5161, 0.5147, 0.5137, 0.518, 0.5163, 0.5182, 0.5131, 0.5161, 0.5116, 0.5134, 0.5094, 0.5103, 0.5121, 0.5107, 0.5102, 0.5124]
training accuracy when lambda=0.4
[0.4245, 0.50996, 0.53046, 0.53758, 0.5443, 0.55002, 0.5546, 0.55928, 0.564, 0.56674, 0.57018, 0.57078, 0.57264, 0.57698, 0.57934, 0.58294, 0.58548, 0.5881, 0.59034, 0.59324, 0.5934, 0.59886, 0.59938, 0.60204, 0.60224, 0.60382, 0.607, 0.60684, 0.60726, 0.61068, 0.61286, 0.61302, 0.61336, 0.61424, 0.61756, 0.6148, 0.61632, 0.61674, 0.61986, 0.62182, 0.62128, 0.62224, 0.6198, 0.62046, 0.6239, 0.62216, 0.62372, 0.62574, 0.62558, 0.62262]
test accuracy when lambda=0.4
[0.484, 0.512, 0.518, 0.5265, 0.5227, 0.5275, 0.5255, 0.5313, 0.5264, 0.5237, 0.5246, 0.5256, 0.5236, 0.5219, 0.5256, 0.5219, 0.5245, 0.5184, 0.5125, 0.5136, 0.5143, 0.5099, 0.5109, 0.513, 0.5143, 0.5069, 0.5117, 0.5104, 0.5048, 0.5007, 0.504, 0.5028, 0.5033, 0.5023, 0.4982, 0.5006, 0.5002, 0.501, 0.4971, 0.496, 0.4976, 0.4987, 0.4953, 0.4972, 0.4983, 0.4989, 0.4953, 0.5002, 0.4978, 0.4963]
training accuracy when lambda=0.45
[0.32908, 0.38992, 0.40106, 0.40672, 0.41204, 0.41552, 0.42006, 0.42272, 0.42536, 0.4286, 0.43394, 0.4371, 0.44096, 0.44484, 0.45106, 0.45422, 0.46032, 0.46544, 0.46864, 0.47526, 0.479, 0.48398, 0.48852, 0.49006, 0.49766, 0.50204, 0.50306, 0.5065, 0.51358, 0.51508, 0.52018, 0.52056, 0.5265, 0.52876, 0.5284, 0.53278, 0.53496, 0.5365, 0.54086, 0.54244, 0.54416, 0.5447, 0.55112, 0.54904, 0.55056, 0.55202, 0.55528, 0.55276, 0.5568, 0.5586]
test accuracy when lambda=0.45
[0.4776, 0.5011, 0.5101, 0.5051, 0.5172, 0.5179, 0.5192, 0.5118, 0.5242, 0.5187, 0.5099, 0.5141, 0.5124, 0.5078, 0.5084, 0.5093, 0.5086, 0.5049, 0.4991, 0.5, 0.4968, 0.495, 0.4959, 0.4911, 0.4904, 0.492, 0.4927, 0.4876, 0.4881, 0.4867, 0.4845, 0.4845, 0.4853, 0.4825, 0.4888, 0.4813, 0.4804, 0.4861, 0.4852, 0.4841, 0.4819, 0.4807, 0.4799, 0.4801, 0.4833, 0.4775, 0.4778, 0.4801, 0.4785, 0.4752]
training accuracy when lambda=0.5
[0.08764, 0.08512, 0.08746, 0.0905, 0.0932, 0.09712, 0.09946, 0.10444, 0.1087, 0.11338, 0.11814, 0.12544, 0.1318, 0.13822, 0.14612, 0.15406, 0.16526, 0.17586, 0.18696, 0.19926, 0.20986, 0.22308, 0.23096, 0.242, 0.25238, 0.26514, 0.27524, 0.28314, 0.29312, 0.3036, 0.3112, 0.32012, 0.3274, 0.3358, 0.34174, 0.35148, 0.35668, 0.36226, 0.37092, 0.37464, 0.37838, 0.38694, 0.39014, 0.3938, 0.4022, 0.40444, 0.4111, 0.4146, 0.41766, 0.42068]
test accuracy when lambda=0.5
[0.4798, 0.5071, 0.5085, 0.51, 0.5148, 0.5119, 0.5112, 0.5114, 0.5084, 0.514, 0.5147, 0.5047, 0.5088, 0.5088, 0.499, 0.4988, 0.4953, 0.4948, 0.4943, 0.4865, 0.4815, 0.4839, 0.481, 0.4837, 0.4779, 0.4775, 0.4727, 0.4725, 0.4703, 0.4708, 0.4693, 0.4677, 0.4696, 0.4638, 0.465, 0.4625, 0.4628, 0.4678, 0.4683, 0.461, 0.4595, 0.4647, 0.4633, 0.4596, 0.4624, 0.4584, 0.4641, 0.4611, 0.4637, 0.459]
training accuracy when lambda=0.55
[0.08774, 0.08572, 0.08836, 0.09124, 0.09426, 0.09702, 0.10214, 0.10558, 0.1137, 0.11926, 0.1233, 0.13124, 0.14222, 0.15004, 0.16312, 0.17372, 0.18946, 0.20168, 0.2139, 0.23212, 0.24506, 0.26138, 0.27482, 0.28986, 0.30116, 0.31778, 0.32696, 0.33842, 0.34996, 0.36132, 0.36838, 0.37772, 0.38822, 0.39604, 0.40414, 0.41264, 0.42056, 0.42438, 0.43306, 0.44222, 0.44528, 0.45202, 0.45556, 0.4608, 0.4681, 0.4774, 0.47594, 0.48316, 0.4845, 0.49334]
test accuracy when lambda=0.55
[0.4549, 0.4823, 0.4963, 0.5052, 0.5103, 0.5087, 0.5057, 0.4951, 0.5022, 0.5063, 0.4973, 0.4957, 0.4916, 0.4909, 0.4878, 0.4824, 0.4807, 0.4799, 0.4709, 0.4708, 0.4731, 0.4634, 0.4628, 0.4605, 0.4559, 0.4547, 0.4538, 0.4546, 0.4489, 0.4459, 0.446, 0.4476, 0.4502, 0.4464, 0.4466, 0.4513, 0.447, 0.4408, 0.4404, 0.448, 0.4404, 0.4418, 0.4466, 0.4422, 0.4425, 0.4393, 0.4365, 0.4438, 0.4381, 0.4438]
training accuracy when lambda=0.6
[0.08766, 0.08504, 0.0868, 0.09092, 0.09468, 0.10022, 0.10388, 0.11026, 0.11782, 0.12504, 0.13642, 0.14664, 0.15948, 0.1754, 0.1895, 0.20918, 0.22826, 0.24502, 0.26444, 0.284, 0.30006, 0.31424, 0.33394, 0.34968, 0.3658, 0.37894, 0.38802, 0.40636, 0.41472, 0.42686, 0.43718, 0.44948, 0.4589, 0.46416, 0.47504, 0.48028, 0.48724, 0.49632, 0.50094, 0.5083, 0.51794, 0.52286, 0.52574, 0.53254, 0.53602, 0.54352, 0.54666, 0.55148, 0.55916, 0.558]
test accuracy when lambda=0.6
[0.4665, 0.4737, 0.4904, 0.4862, 0.4991, 0.5041, 0.5016, 0.4953, 0.492, 0.4897, 0.4798, 0.4807, 0.4725, 0.4716, 0.4681, 0.4645, 0.4503, 0.4532, 0.4478, 0.4391, 0.4322, 0.4368, 0.4345, 0.4273, 0.4211, 0.4156, 0.4265, 0.4232, 0.4189, 0.425, 0.424, 0.4209, 0.4259, 0.418, 0.4202, 0.4251, 0.4149, 0.4129, 0.4131, 0.4206, 0.4153, 0.42, 0.4209, 0.4174, 0.4133, 0.4168, 0.4175, 0.4108, 0.4168, 0.4126]
training accuracy when lambda=0.65
[0.08764, 0.08718, 0.0883, 0.09238, 0.09566, 0.10138, 0.10748, 0.11306, 0.12424, 0.13334, 0.144, 0.16102, 0.17602, 0.197, 0.21458, 0.23358, 0.25296, 0.2774, 0.30006, 0.32052, 0.34094, 0.3617, 0.37426, 0.3933, 0.40666, 0.42408, 0.43674, 0.44972, 0.46402, 0.4783, 0.48888, 0.49406, 0.5064, 0.51924, 0.5269, 0.53602, 0.54362, 0.55384, 0.55644, 0.56352, 0.56906, 0.57516, 0.58482, 0.58526, 0.59548, 0.6015, 0.60448, 0.60914, 0.61358, 0.61836]
test accuracy when lambda=0.65
[0.4353, 0.4604, 0.4856, 0.4863, 0.488, 0.4839, 0.4864, 0.4776, 0.4776, 0.4735, 0.4654, 0.4569, 0.4525, 0.446, 0.4405, 0.4203, 0.42, 0.4152, 0.4108, 0.4061, 0.4044, 0.3856, 0.3898, 0.3953, 0.3894, 0.3823, 0.3927, 0.3912, 0.3901, 0.3789, 0.3863, 0.3771, 0.3796, 0.3811, 0.3829, 0.3837, 0.3858, 0.3803, 0.3805, 0.3795, 0.3776, 0.3857, 0.3861, 0.3802, 0.3825, 0.3835, 0.3824, 0.3803, 0.3833, 0.3792]
training accuracy when lambda=0.7
[0.08872, 0.08704, 0.08788, 0.09294, 0.0967, 0.1025, 0.1114, 0.1195, 0.13448, 0.14872, 0.16494, 0.1862, 0.21238, 0.23362, 0.2595, 0.28284, 0.31072, 0.3331, 0.35652, 0.37812, 0.39776, 0.41788, 0.43798, 0.45508, 0.47124, 0.4863, 0.49718, 0.5092, 0.52784, 0.53248, 0.54992, 0.55408, 0.56714, 0.57728, 0.58224, 0.59366, 0.59404, 0.60588, 0.61092, 0.61804, 0.62524, 0.62942, 0.6386, 0.64066, 0.64994, 0.65046, 0.65478, 0.657, 0.66756, 0.66834]
test accuracy when lambda=0.7
[0.4257, 0.4448, 0.4668, 0.4657, 0.4711, 0.4714, 0.469, 0.468, 0.4473, 0.4462, 0.4317, 0.421, 0.4191, 0.4087, 0.3956, 0.3755, 0.3767, 0.3715, 0.3682, 0.3622, 0.3633, 0.3523, 0.353, 0.3545, 0.347, 0.3479, 0.3482, 0.3505, 0.3457, 0.3407, 0.3469, 0.3434, 0.3528, 0.3484, 0.3453, 0.3494, 0.3459, 0.3442, 0.3473, 0.3467, 0.3571, 0.3507, 0.349, 0.3523, 0.3577, 0.349, 0.3508, 0.3534, 0.3542, 0.351]
training accuracy when lambda=0.75
[0.08978, 0.08726, 0.09122, 0.09332, 0.09756, 0.1027, 0.11252, 0.12108, 0.13782, 0.15182, 0.1768, 0.2011, 0.22844, 0.24958, 0.27948, 0.3056, 0.33256, 0.35834, 0.38184, 0.40586, 0.4258, 0.45006, 0.4695, 0.4828, 0.50376, 0.5187, 0.53462, 0.54648, 0.56078, 0.57246, 0.58372, 0.59546, 0.6046, 0.61602, 0.62278, 0.62784, 0.63982, 0.64362, 0.65144, 0.6591, 0.66544, 0.67186, 0.67664, 0.68204, 0.68796, 0.69442, 0.698, 0.70124, 0.70704, 0.7138]
test accuracy when lambda=0.75
[0.392, 0.4286, 0.4325, 0.4478, 0.4364, 0.4516, 0.4499, 0.426, 0.4186, 0.4104, 0.3886, 0.3807, 0.3499, 0.3593, 0.3395, 0.3295, 0.3286, 0.3137, 0.303, 0.2998, 0.3042, 0.3026, 0.3039, 0.2931, 0.2924, 0.2997, 0.2961, 0.2933, 0.297, 0.2968, 0.2906, 0.2986, 0.2921, 0.2958, 0.2979, 0.295, 0.2922, 0.2948, 0.3059, 0.3, 0.2993, 0.3048, 0.2991, 0.2998, 0.3039, 0.3019, 0.3021, 0.3113, 0.3119, 0.3102]
training accuracy when lambda=0.8
[0.0936, 0.09002, 0.09236, 0.0946, 0.1013, 0.10774, 0.1196, 0.13422, 0.15406, 0.17902, 0.2057, 0.23478, 0.26492, 0.29162, 0.32398, 0.35276, 0.37656, 0.4025, 0.42968, 0.45872, 0.47866, 0.4976, 0.51438, 0.5319, 0.5491, 0.56366, 0.57906, 0.58856, 0.60444, 0.6139, 0.62112, 0.63798, 0.6443, 0.65174, 0.66336, 0.67082, 0.67574, 0.68604, 0.6908, 0.6985, 0.70464, 0.70862, 0.71148, 0.7205, 0.72428, 0.73296, 0.73444, 0.74026, 0.74428, 0.74176]
test accuracy when lambda=0.8
[0.3502, 0.3686, 0.4076, 0.4158, 0.4268, 0.4142, 0.4071, 0.389, 0.3642, 0.3388, 0.327, 0.2998, 0.296, 0.2848, 0.2746, 0.2652, 0.2625, 0.2569, 0.2534, 0.2552, 0.2512, 0.2486, 0.2437, 0.2598, 0.2442, 0.2481, 0.2416, 0.2418, 0.2449, 0.2481, 0.2501, 0.2435, 0.254, 0.2484, 0.2603, 0.2576, 0.2563, 0.2523, 0.2562, 0.2583, 0.2626, 0.2547, 0.2612, 0.2647, 0.2635, 0.2623, 0.2676, 0.2703, 0.2682, 0.2678]
training accuracy when lambda=0.85
[0.09524, 0.09416, 0.09308, 0.09406, 0.099, 0.10574, 0.11754, 0.13198, 0.14982, 0.17082, 0.20036, 0.22566, 0.25528, 0.28492, 0.31428, 0.34392, 0.37496, 0.40248, 0.42938, 0.4544, 0.47722, 0.49832, 0.51982, 0.54046, 0.55974, 0.57366, 0.58982, 0.60252, 0.61984, 0.63178, 0.64314, 0.65448, 0.6622, 0.6771, 0.68274, 0.69084, 0.69808, 0.706, 0.71504, 0.72138, 0.72548, 0.73538, 0.74124, 0.74444, 0.74822, 0.75634, 0.75628, 0.76326, 0.76752, 0.77324]
test accuracy when lambda=0.85
[0.2161, 0.2989, 0.334, 0.3598, 0.3743, 0.3602, 0.3551, 0.3447, 0.3019, 0.3016, 0.2604, 0.2491, 0.2263, 0.2167, 0.2062, 0.1894, 0.1944, 0.1765, 0.1813, 0.1897, 0.1893, 0.1911, 0.187, 0.1868, 0.1817, 0.1871, 0.1842, 0.1853, 0.1885, 0.1935, 0.1926, 0.1914, 0.1894, 0.1935, 0.1934, 0.1895, 0.1944, 0.197, 0.2006, 0.2048, 0.2025, 0.2016, 0.2007, 0.2098, 0.2058, 0.205, 0.2061, 0.2096, 0.2114, 0.2113]
training accuracy when lambda=0.9
[0.09924, 0.09876, 0.09708, 0.09888, 0.0992, 0.1027, 0.10912, 0.12026, 0.13436, 0.14916, 0.1719, 0.19722, 0.22334, 0.25366, 0.27794, 0.31368, 0.34216, 0.37342, 0.40162, 0.43188, 0.46024, 0.48318, 0.51378, 0.53132, 0.55382, 0.5711, 0.59188, 0.60624, 0.62192, 0.63778, 0.64618, 0.65944, 0.6716, 0.68282, 0.69386, 0.70082, 0.70998, 0.71918, 0.72306, 0.73128, 0.74042, 0.74798, 0.75264, 0.75792, 0.7652, 0.76934, 0.77408, 0.78224, 0.78532, 0.79056]
test accuracy when lambda=0.9
[0.1089, 0.1634, 0.2468, 0.2651, 0.2701, 0.2581, 0.2699, 0.2329, 0.2236, 0.2019, 0.1872, 0.164, 0.1545, 0.158, 0.1435, 0.1436, 0.1445, 0.136, 0.1355, 0.1401, 0.1394, 0.1383, 0.1378, 0.1422, 0.1375, 0.1362, 0.1382, 0.1351, 0.1407, 0.1436, 0.137, 0.1379, 0.1433, 0.1402, 0.1379, 0.1444, 0.1452, 0.143, 0.1416, 0.1425, 0.1454, 0.1445, 0.1463, 0.1503, 0.152, 0.1517, 0.1525, 0.1502, 0.1525, 0.1571]
training accuracy when lambda=0.95
[0.09904, 0.1012, 0.0989, 0.10074, 0.09964, 0.1034, 0.10448, 0.10796, 0.10996, 0.11616, 0.12472, 0.13582, 0.1499, 0.16986, 0.1871, 0.2135, 0.23746, 0.2658, 0.29238, 0.32104, 0.35074, 0.37496, 0.4046, 0.42782, 0.45308, 0.47786, 0.49458, 0.51672, 0.53714, 0.55136, 0.57238, 0.58634, 0.59944, 0.61544, 0.62562, 0.63854, 0.64726, 0.65816, 0.6671, 0.6811, 0.68938, 0.6937, 0.7072, 0.7147, 0.72106, 0.72846, 0.73414, 0.73996, 0.74576, 0.75136]
test accuracy when lambda=0.95
[0.073, 0.1171, 0.1133, 0.1096, 0.1209, 0.1175, 0.1097, 0.1149, 0.1172, 0.1052, 0.0968, 0.1067, 0.0895, 0.0962, 0.0926, 0.0969, 0.0956, 0.0933, 0.0941, 0.0944, 0.0983, 0.103, 0.0988, 0.1032, 0.1037, 0.1005, 0.1056, 0.1023, 0.1049, 0.1018, 0.1026, 0.1055, 0.1045, 0.1048, 0.1068, 0.1085, 0.1058, 0.1076, 0.1101, 0.1151, 0.1148, 0.1132, 0.1108, 0.1116, 0.1127, 0.109, 0.1112, 0.1151, 0.1112, 0.1147]
