training accuracy when lambda=0.2
[0.59872, 0.7314, 0.76318, 0.77836, 0.79192, 0.7993, 0.80804, 0.81414, 0.8182, 0.8241, 0.82622, 0.83042, 0.83324, 0.83582, 0.83912, 0.84134, 0.84388, 0.84758, 0.84664, 0.8479, 0.84914, 0.85076, 0.85278, 0.8546, 0.8539, 0.8544, 0.85802, 0.85838, 0.85784, 0.85536, 0.85798, 0.85916, 0.85838, 0.85882, 0.8596, 0.8577, 0.85936, 0.85916, 0.85768, 0.85636, 0.85972, 0.85976, 0.85894, 0.85976, 0.8598, 0.85912, 0.8585, 0.8577, 0.85936, 0.8603]
test accuracy when lambda=0.2
[0.5014, 0.5256, 0.5302, 0.5426, 0.5388, 0.5348, 0.5437, 0.5447, 0.5473, 0.5417, 0.5415, 0.5431, 0.543, 0.5466, 0.5436, 0.5457, 0.5464, 0.5419, 0.5456, 0.5401, 0.5491, 0.5436, 0.5459, 0.5484, 0.5436, 0.5431, 0.5458, 0.5495, 0.5457, 0.5458, 0.5485, 0.549, 0.5475, 0.5468, 0.5496, 0.5508, 0.5469, 0.5463, 0.5469, 0.5443, 0.5436, 0.5426, 0.5466, 0.5423, 0.5438, 0.5423, 0.5483, 0.5447, 0.5445, 0.5469]
training accuracy when lambda=0.25
[0.58654, 0.71478, 0.74546, 0.76422, 0.7707, 0.77864, 0.7885, 0.79242, 0.7979, 0.80412, 0.8069, 0.81194, 0.81412, 0.81522, 0.81876, 0.82036, 0.82116, 0.82428, 0.82658, 0.82726, 0.82912, 0.82818, 0.83008, 0.83386, 0.83234, 0.83124, 0.83284, 0.83274, 0.83188, 0.83526, 0.83268, 0.83316, 0.83584, 0.83382, 0.83374, 0.83302, 0.83044, 0.8338, 0.83208, 0.8329, 0.83154, 0.83086, 0.83314, 0.82984, 0.83048, 0.82876, 0.82912, 0.82902, 0.82712, 0.82896]
test accuracy when lambda=0.25
[0.5123, 0.5274, 0.5374, 0.5416, 0.5426, 0.5398, 0.5487, 0.5372, 0.54, 0.5433, 0.5485, 0.5421, 0.5454, 0.5462, 0.545, 0.5454, 0.5513, 0.5475, 0.549, 0.5468, 0.5486, 0.5467, 0.5464, 0.5429, 0.5447, 0.5439, 0.5418, 0.5454, 0.5447, 0.5434, 0.5413, 0.5468, 0.5409, 0.5435, 0.5425, 0.5454, 0.5463, 0.5433, 0.5402, 0.543, 0.5403, 0.5435, 0.5455, 0.5441, 0.5424, 0.5391, 0.5413, 0.5412, 0.5427, 0.5413]
training accuracy when lambda=0.3
[0.55278, 0.67872, 0.70504, 0.72018, 0.73058, 0.73886, 0.74486, 0.74786, 0.75512, 0.75732, 0.76224, 0.76524, 0.7668, 0.77008, 0.77194, 0.77396, 0.77698, 0.77838, 0.78138, 0.78248, 0.7823, 0.78266, 0.78754, 0.78364, 0.78348, 0.7842, 0.78526, 0.78694, 0.78778, 0.78622, 0.78566, 0.78628, 0.78624, 0.7879, 0.78648, 0.78452, 0.78434, 0.7844, 0.78506, 0.78382, 0.78188, 0.78432, 0.78246, 0.78214, 0.78284, 0.78134, 0.78102, 0.78106, 0.77992, 0.7781]
test accuracy when lambda=0.3
[0.5065, 0.5246, 0.5332, 0.5352, 0.5365, 0.5392, 0.544, 0.5424, 0.546, 0.5412, 0.5438, 0.5456, 0.5396, 0.5438, 0.5386, 0.5388, 0.5355, 0.5401, 0.5385, 0.54, 0.5397, 0.5334, 0.5405, 0.5354, 0.5339, 0.5338, 0.5341, 0.5324, 0.5343, 0.5322, 0.5332, 0.5333, 0.5324, 0.5317, 0.5301, 0.5314, 0.5271, 0.5262, 0.5298, 0.5261, 0.5298, 0.5297, 0.5253, 0.5277, 0.5272, 0.5229, 0.5257, 0.5255, 0.5269, 0.527]
training accuracy when lambda=0.35
[0.49972, 0.61336, 0.63388, 0.64854, 0.65478, 0.66178, 0.66558, 0.67374, 0.67654, 0.6807, 0.68586, 0.68738, 0.69008, 0.6921, 0.69292, 0.69518, 0.69896, 0.70258, 0.70436, 0.70404, 0.70634, 0.70674, 0.70838, 0.71026, 0.71102, 0.70938, 0.71174, 0.70868, 0.71326, 0.71408, 0.71246, 0.71316, 0.7135, 0.7134, 0.71398, 0.71164, 0.71514, 0.7116, 0.7131, 0.71134, 0.71392, 0.713, 0.71272, 0.71186, 0.71248, 0.71204, 0.71334, 0.7129, 0.71016, 0.71006]
test accuracy when lambda=0.35
[0.4973, 0.5224, 0.5361, 0.5371, 0.5454, 0.5453, 0.5376, 0.5384, 0.541, 0.5421, 0.5427, 0.5393, 0.5391, 0.5364, 0.5384, 0.5381, 0.5321, 0.5389, 0.5369, 0.5338, 0.5342, 0.5366, 0.532, 0.5326, 0.5386, 0.5346, 0.5369, 0.5335, 0.5276, 0.5287, 0.5335, 0.5307, 0.5308, 0.5275, 0.5257, 0.5294, 0.5265, 0.5277, 0.5263, 0.5277, 0.5236, 0.5241, 0.5241, 0.5261, 0.5287, 0.5256, 0.5236, 0.5204, 0.5232, 0.5229]
training accuracy when lambda=0.4
[0.42784, 0.51746, 0.53544, 0.54626, 0.55206, 0.55882, 0.5626, 0.56598, 0.56996, 0.57424, 0.5779, 0.5802, 0.58312, 0.58598, 0.5881, 0.59168, 0.59538, 0.5987, 0.60008, 0.60284, 0.6055, 0.6082, 0.61032, 0.61358, 0.61566, 0.61794, 0.61938, 0.62232, 0.62346, 0.62442, 0.62532, 0.62802, 0.6278, 0.62778, 0.63514, 0.63022, 0.63266, 0.6341, 0.6336, 0.63454, 0.63698, 0.63382, 0.63938, 0.63818, 0.64172, 0.64074, 0.64, 0.6407, 0.6398, 0.64294]
test accuracy when lambda=0.4
[0.5021, 0.525, 0.5332, 0.5349, 0.5317, 0.5333, 0.5391, 0.5394, 0.543, 0.5308, 0.5397, 0.5403, 0.5389, 0.5406, 0.5394, 0.5359, 0.5343, 0.5357, 0.5323, 0.5292, 0.531, 0.5285, 0.5282, 0.5242, 0.5267, 0.5264, 0.5195, 0.5221, 0.5266, 0.522, 0.5172, 0.5189, 0.5113, 0.5187, 0.5198, 0.5165, 0.5195, 0.515, 0.5136, 0.519, 0.5168, 0.5125, 0.512, 0.5138, 0.5139, 0.5082, 0.5103, 0.5164, 0.5127, 0.5111]
training accuracy when lambda=0.45
[0.34402, 0.40272, 0.41538, 0.42078, 0.4262, 0.43022, 0.43494, 0.43878, 0.44216, 0.44552, 0.44976, 0.45406, 0.45646, 0.46032, 0.4647, 0.47, 0.4738, 0.47924, 0.48272, 0.48882, 0.49192, 0.4976, 0.50268, 0.50772, 0.51292, 0.51496, 0.52136, 0.52424, 0.5286, 0.53316, 0.53712, 0.5405, 0.54368, 0.54518, 0.5506, 0.55098, 0.5516, 0.55646, 0.55918, 0.56086, 0.55708, 0.56438, 0.5655, 0.56726, 0.5725, 0.57334, 0.57498, 0.57776, 0.57774, 0.57784]
test accuracy when lambda=0.45
[0.4952, 0.5158, 0.5363, 0.5356, 0.5318, 0.5365, 0.5409, 0.5441, 0.5402, 0.5383, 0.5395, 0.5338, 0.5433, 0.5391, 0.5324, 0.5269, 0.5334, 0.5332, 0.5252, 0.5299, 0.5271, 0.5236, 0.5221, 0.5205, 0.5178, 0.5254, 0.5187, 0.5195, 0.5192, 0.5114, 0.5187, 0.5125, 0.5152, 0.5108, 0.5159, 0.5107, 0.5152, 0.5103, 0.5095, 0.5056, 0.5083, 0.5082, 0.5085, 0.5048, 0.5055, 0.5063, 0.505, 0.5043, 0.5019, 0.5061]
training accuracy when lambda=0.5
[0.11616, 0.1258, 0.12926, 0.13432, 0.1377, 0.141, 0.14566, 0.14848, 0.15248, 0.15818, 0.16246, 0.16812, 0.17416, 0.18004, 0.18826, 0.1925, 0.20116, 0.21244, 0.22126, 0.23054, 0.241, 0.25054, 0.2607, 0.2705, 0.28064, 0.2908, 0.30228, 0.31178, 0.32216, 0.33002, 0.34156, 0.34602, 0.35336, 0.36088, 0.3683, 0.3761, 0.37856, 0.38646, 0.39318, 0.4017, 0.40752, 0.41362, 0.41638, 0.4209, 0.4273, 0.43222, 0.43126, 0.43844, 0.44406, 0.44698]
test accuracy when lambda=0.5
[0.4875, 0.5139, 0.5269, 0.5207, 0.5265, 0.5308, 0.5381, 0.5311, 0.5367, 0.5299, 0.5277, 0.528, 0.5303, 0.5279, 0.5256, 0.5236, 0.5262, 0.517, 0.5172, 0.5157, 0.5084, 0.5116, 0.5114, 0.5107, 0.5028, 0.5019, 0.5085, 0.5008, 0.4999, 0.5011, 0.4996, 0.4993, 0.4973, 0.4958, 0.4959, 0.4953, 0.499, 0.4921, 0.4897, 0.4934, 0.494, 0.4927, 0.4907, 0.4919, 0.4871, 0.4897, 0.483, 0.4918, 0.4906, 0.4883]
training accuracy when lambda=0.55
[0.11654, 0.12362, 0.1276, 0.13274, 0.13722, 0.14244, 0.14626, 0.15078, 0.1557, 0.1604, 0.16736, 0.17432, 0.18472, 0.191, 0.20108, 0.21094, 0.2238, 0.23636, 0.24962, 0.2646, 0.27632, 0.28838, 0.30094, 0.31488, 0.32738, 0.3374, 0.34978, 0.36286, 0.37046, 0.37932, 0.39276, 0.40048, 0.40924, 0.41652, 0.42454, 0.43332, 0.43706, 0.44708, 0.45414, 0.4605, 0.46594, 0.46854, 0.4786, 0.48328, 0.48756, 0.49486, 0.49538, 0.5025, 0.50622, 0.50938]
test accuracy when lambda=0.55
[0.4741, 0.5112, 0.5279, 0.5314, 0.5351, 0.5365, 0.5313, 0.5288, 0.5289, 0.526, 0.532, 0.5305, 0.5216, 0.52, 0.5139, 0.5118, 0.5062, 0.5092, 0.4982, 0.497, 0.4942, 0.4955, 0.4945, 0.4922, 0.4891, 0.4848, 0.4828, 0.4853, 0.481, 0.4786, 0.4754, 0.4835, 0.4772, 0.4777, 0.4827, 0.4726, 0.4766, 0.4765, 0.4762, 0.4765, 0.4748, 0.4695, 0.4748, 0.4727, 0.4696, 0.4711, 0.47, 0.4721, 0.4699, 0.4736]
training accuracy when lambda=0.6
[0.11562, 0.12278, 0.12804, 0.1319, 0.13778, 0.14378, 0.14858, 0.1514, 0.159, 0.16594, 0.1731, 0.18242, 0.19292, 0.2047, 0.21838, 0.23274, 0.24716, 0.26306, 0.27904, 0.2956, 0.30938, 0.32892, 0.34746, 0.3595, 0.37234, 0.3829, 0.39752, 0.40862, 0.4233, 0.4329, 0.44122, 0.4525, 0.46472, 0.47004, 0.48232, 0.49006, 0.49838, 0.508, 0.51144, 0.51996, 0.5253, 0.53108, 0.53818, 0.54112, 0.54698, 0.55356, 0.55862, 0.56256, 0.56598, 0.5745]
test accuracy when lambda=0.6
[0.4687, 0.5071, 0.5122, 0.5267, 0.5261, 0.5287, 0.5251, 0.5284, 0.5266, 0.5232, 0.5192, 0.5162, 0.514, 0.5085, 0.5049, 0.5011, 0.4968, 0.4929, 0.4849, 0.4844, 0.4785, 0.4754, 0.4729, 0.4748, 0.4665, 0.4735, 0.4676, 0.4633, 0.467, 0.4642, 0.4623, 0.4541, 0.4529, 0.4507, 0.4505, 0.4525, 0.4516, 0.4574, 0.4576, 0.4544, 0.459, 0.4493, 0.4557, 0.4527, 0.4494, 0.4544, 0.4496, 0.4523, 0.4541, 0.4574]
training accuracy when lambda=0.65
[0.11638, 0.12404, 0.12628, 0.13244, 0.13804, 0.1439, 0.1499, 0.15776, 0.1643, 0.17418, 0.1864, 0.19916, 0.21482, 0.23064, 0.24788, 0.2688, 0.28532, 0.30514, 0.32574, 0.34528, 0.36558, 0.38016, 0.39782, 0.41538, 0.42968, 0.4459, 0.45692, 0.47052, 0.4819, 0.4901, 0.50368, 0.51128, 0.52214, 0.53366, 0.53914, 0.54866, 0.55628, 0.56282, 0.5721, 0.57828, 0.58378, 0.5882, 0.59808, 0.60378, 0.60638, 0.60986, 0.61802, 0.6225, 0.62364, 0.6291]
test accuracy when lambda=0.65
[0.4584, 0.4834, 0.5007, 0.5118, 0.5127, 0.5213, 0.5195, 0.5131, 0.5182, 0.5114, 0.5057, 0.4984, 0.4946, 0.4833, 0.4795, 0.4768, 0.4649, 0.4566, 0.4531, 0.4504, 0.4417, 0.4467, 0.4328, 0.4332, 0.4334, 0.4306, 0.433, 0.4297, 0.4308, 0.4283, 0.4288, 0.4264, 0.4244, 0.4225, 0.4251, 0.4212, 0.4227, 0.4288, 0.4276, 0.415, 0.4262, 0.4239, 0.4281, 0.4222, 0.4245, 0.4173, 0.4225, 0.4247, 0.4223, 0.43]
training accuracy when lambda=0.7
[0.11306, 0.12176, 0.12628, 0.13152, 0.13706, 0.14306, 0.14796, 0.1576, 0.1671, 0.17854, 0.1912, 0.20748, 0.2255, 0.2476, 0.26838, 0.29186, 0.31262, 0.33678, 0.361, 0.37902, 0.40322, 0.41982, 0.43658, 0.45444, 0.4717, 0.48806, 0.50092, 0.51184, 0.52812, 0.53892, 0.55198, 0.5611, 0.5729, 0.57996, 0.59112, 0.5955, 0.60394, 0.61382, 0.61888, 0.6251, 0.63066, 0.63994, 0.64584, 0.64772, 0.6592, 0.66346, 0.66948, 0.67144, 0.6729, 0.67918]
test accuracy when lambda=0.7
[0.4368, 0.4808, 0.4889, 0.505, 0.488, 0.4978, 0.5034, 0.5039, 0.4998, 0.4958, 0.482, 0.475, 0.473, 0.4603, 0.4324, 0.4478, 0.4412, 0.4239, 0.417, 0.4084, 0.4103, 0.4048, 0.3999, 0.3973, 0.3879, 0.3952, 0.3844, 0.3839, 0.3847, 0.3902, 0.3842, 0.3912, 0.3908, 0.3885, 0.3896, 0.3834, 0.3947, 0.3886, 0.3891, 0.3898, 0.3869, 0.3945, 0.3942, 0.3925, 0.3941, 0.4023, 0.3945, 0.3964, 0.3903, 0.3971]
training accuracy when lambda=0.75
[0.11338, 0.12082, 0.12628, 0.1307, 0.13772, 0.14338, 0.15158, 0.16216, 0.17362, 0.18784, 0.20556, 0.22316, 0.24452, 0.27168, 0.29388, 0.3173, 0.34218, 0.3672, 0.39126, 0.41208, 0.43378, 0.4553, 0.4736, 0.49446, 0.50962, 0.52462, 0.5381, 0.5493, 0.56528, 0.5798, 0.58944, 0.59872, 0.61186, 0.62138, 0.62774, 0.63708, 0.64202, 0.6546, 0.65578, 0.66498, 0.67108, 0.67832, 0.681, 0.68692, 0.69144, 0.69824, 0.70334, 0.70986, 0.71276, 0.71542]
test accuracy when lambda=0.75
[0.4131, 0.4681, 0.485, 0.4889, 0.495, 0.5029, 0.4997, 0.4833, 0.4752, 0.4764, 0.4654, 0.4446, 0.4331, 0.42, 0.4144, 0.4148, 0.3919, 0.3892, 0.3771, 0.3758, 0.3785, 0.36, 0.3636, 0.3648, 0.3654, 0.355, 0.3609, 0.3555, 0.3545, 0.3564, 0.3576, 0.3579, 0.3582, 0.3485, 0.3544, 0.3563, 0.3589, 0.3547, 0.3602, 0.3619, 0.3645, 0.3612, 0.3561, 0.3558, 0.3566, 0.3639, 0.3649, 0.3653, 0.3651, 0.3619]
training accuracy when lambda=0.8
[0.1102, 0.11844, 0.12656, 0.13102, 0.13868, 0.14476, 0.15378, 0.16802, 0.18594, 0.20174, 0.22594, 0.25138, 0.2741, 0.30374, 0.33048, 0.3582, 0.38846, 0.41126, 0.43916, 0.46156, 0.4823, 0.50184, 0.52476, 0.54016, 0.55524, 0.5729, 0.58726, 0.59888, 0.61622, 0.62258, 0.6353, 0.64488, 0.65372, 0.66726, 0.67378, 0.68214, 0.68686, 0.69722, 0.70304, 0.70672, 0.71706, 0.72126, 0.72592, 0.73226, 0.7353, 0.73962, 0.74618, 0.74984, 0.75196, 0.75648]
test accuracy when lambda=0.8
[0.4063, 0.4422, 0.4689, 0.4645, 0.4792, 0.4737, 0.4606, 0.4567, 0.4446, 0.4295, 0.4088, 0.3888, 0.375, 0.363, 0.3555, 0.3503, 0.3362, 0.3335, 0.3166, 0.3189, 0.327, 0.3159, 0.3141, 0.3061, 0.314, 0.309, 0.3084, 0.3021, 0.2993, 0.3129, 0.3084, 0.3139, 0.3191, 0.3115, 0.3102, 0.3119, 0.3245, 0.3161, 0.3111, 0.3153, 0.3217, 0.3155, 0.3191, 0.3187, 0.3159, 0.3172, 0.3228, 0.3233, 0.317, 0.3197]
training accuracy when lambda=0.85
[0.10818, 0.1148, 0.12172, 0.127, 0.13374, 0.1416, 0.15106, 0.16602, 0.1812, 0.20176, 0.22532, 0.2507, 0.27966, 0.30732, 0.33816, 0.36048, 0.39066, 0.42004, 0.44202, 0.46676, 0.4899, 0.51288, 0.53158, 0.55156, 0.5668, 0.58144, 0.60236, 0.61064, 0.62868, 0.6397, 0.64606, 0.66074, 0.67004, 0.68052, 0.68778, 0.69274, 0.70436, 0.71018, 0.7166, 0.7234, 0.72842, 0.73446, 0.74008, 0.74356, 0.75154, 0.75372, 0.76046, 0.76336, 0.76908, 0.77436]
test accuracy when lambda=0.85
[0.2733, 0.3942, 0.4325, 0.4443, 0.4568, 0.4606, 0.4406, 0.4318, 0.4029, 0.4004, 0.3673, 0.3543, 0.3386, 0.3137, 0.3173, 0.2978, 0.2972, 0.2825, 0.2881, 0.2804, 0.2734, 0.2718, 0.2762, 0.2664, 0.2696, 0.2734, 0.2753, 0.2677, 0.266, 0.2776, 0.2634, 0.2681, 0.2774, 0.2791, 0.2658, 0.2728, 0.2768, 0.2697, 0.2688, 0.2746, 0.2608, 0.2841, 0.276, 0.2786, 0.2796, 0.2805, 0.2741, 0.2732, 0.2841, 0.282]
training accuracy when lambda=0.9
[0.10868, 0.11188, 0.11894, 0.12484, 0.12872, 0.13684, 0.1476, 0.16118, 0.17912, 0.19762, 0.22274, 0.25042, 0.27928, 0.30688, 0.3368, 0.36592, 0.39258, 0.4199, 0.44692, 0.4731, 0.4942, 0.51644, 0.53864, 0.5583, 0.57678, 0.5956, 0.6085, 0.62374, 0.63658, 0.6489, 0.6625, 0.6734, 0.68414, 0.69238, 0.7049, 0.70838, 0.71876, 0.72726, 0.73422, 0.7388, 0.74806, 0.75178, 0.75902, 0.76452, 0.76768, 0.77176, 0.77638, 0.78036, 0.78696, 0.79198]
test accuracy when lambda=0.9
[0.3055, 0.3771, 0.394, 0.418, 0.4212, 0.4312, 0.4029, 0.3939, 0.3684, 0.3425, 0.3232, 0.305, 0.2934, 0.2689, 0.2594, 0.2531, 0.2506, 0.2431, 0.2335, 0.2397, 0.2311, 0.2328, 0.2254, 0.2254, 0.2206, 0.2239, 0.2295, 0.2297, 0.2237, 0.2273, 0.2247, 0.2209, 0.2213, 0.2191, 0.2241, 0.2289, 0.2335, 0.2312, 0.2253, 0.2313, 0.2285, 0.2333, 0.2347, 0.2416, 0.2398, 0.2322, 0.2365, 0.233, 0.2398, 0.2434]
training accuracy when lambda=0.95
[0.10204, 0.10822, 0.10972, 0.11562, 0.12214, 0.12766, 0.13624, 0.14562, 0.16202, 0.18064, 0.20266, 0.2284, 0.25408, 0.28092, 0.31254, 0.34342, 0.37328, 0.40088, 0.42844, 0.45864, 0.48282, 0.50468, 0.52564, 0.54656, 0.56564, 0.5845, 0.60132, 0.61888, 0.6345, 0.64458, 0.6571, 0.6676, 0.67872, 0.6944, 0.70276, 0.71112, 0.72122, 0.73032, 0.73294, 0.73926, 0.75004, 0.75506, 0.76308, 0.77174, 0.7721, 0.7785, 0.78596, 0.78612, 0.79564, 0.7958]
test accuracy when lambda=0.95
[0.1622, 0.2584, 0.3113, 0.3448, 0.3719, 0.3583, 0.3764, 0.3493, 0.3223, 0.3006, 0.2653, 0.2354, 0.2262, 0.2225, 0.2151, 0.1927, 0.1929, 0.1817, 0.1867, 0.1948, 0.1886, 0.1787, 0.1774, 0.1822, 0.176, 0.1796, 0.1712, 0.1755, 0.1737, 0.1754, 0.1776, 0.1704, 0.181, 0.1744, 0.1712, 0.1781, 0.175, 0.1716, 0.1706, 0.1782, 0.1733, 0.1755, 0.1841, 0.1793, 0.1796, 0.1797, 0.1815, 0.176, 0.1832, 0.1792]
