[array([ 8492, 16177, 11485, 20913, 47555,  8197,   171,  5341, 19694,
       11214,  6629, 13916, 37532, 37426, 17301, 45873, 10112, 39235,
       36683, 37573, 29012, 15567, 25784, 39906, 12737,  5510, 29068,
       46524, 28776, 17456, 26155, 13973, 23199, 28548, 32439,  8076,
       30907, 12602, 43962,  6862,  8148, 26368, 19526, 23314, 17478,
       46416,  5873, 33471, 30857, 44202, 42857, 26276, 33461,  2732,
       23364, 28729, 30835, 34748, 32722, 34209, 37623, 39889, 15515,
       20373,   254, 37942, 48484,  8722, 39657, 14631, 29821, 15512,
       29817, 35805, 24822,  6028, 25270, 43732, 12419,   825, 43469,
         827, 37815, 20175,  5828, 15497, 44164,  5875, 43132, 29386,
       48811,  5708, 37959, 35859,  8333, 13190, 32808,  3080, 25580,
       10178,  8773, 38036, 16157, 36462,  1551, 46631, 25540, 36467,
       25506, 16142, 43775, 32907, 44568, 24574, 37988, 14685, 45779,
       15423, 47800, 17068, 29939, 17519, 25116, 15911, 28138, 13457,
       21432, 48280,  4596, 28183,  2406, 38891,  1113, 28204, 27479,
       28230, 42851, 46117, 28254, 22715, 16260, 27573, 28219, 18567,
       22206, 32412, 18982, 22329, 27209, 27270, 33772, 31649, 43561,
        7421, 11810,  2317,  4274,  7905, 27094,  1103,  9848, 48250,
       15087, 27343, 48158, 27809, 13387, 18886, 12497,  4466, 26632,
        9934, 47484, 38361,  5058, 31149,  2567, 33884, 16228, 33569,
       21401, 38996, 35680, 40955,  9029, 45464, 23110, 22837, 28430,
       15204, 22794, 39025, 37212, 21181, 27690, 22821, 37310, 36813,
        3998,  4097, 21889, 21872, 22833, 48222,  7049, 43229, 34400,
       44597,  3212, 34448,  3219, 32043, 11620,  7651, 43755, 15855,
       32001, 48181, 36973, 43905,  8486,  3256,  7766, 42272,  6117,
       42274,  2204, 24635, 48733, 42082, 40833,  8573, 21163, 15881,
       40095, 32658, 30676, 48282, 32657, 37449, 22775,  7181,  1707,
       21343, 10039, 14993, 23487, 23423, 32583,  7981, 46325, 34301,
       31164, 21001, 44732, 23116, 32403, 41011, 43210, 24440, 22696,
       40012,  7893, 36639, 31635, 12394, 17676, 11196, 37639, 20770,
        9720, 17229, 48852, 40016,  2357,  9885, 32714, 32708, 24041,
       43392, 40912, 43314, 12374,  7241, 42446, 46272,  6388,  6850,
       12293, 13808, 35690, 16522, 33538, 39020, 28494, 33562, 25559,
       26596, 41498,  8734, 38993, 39224, 34008,  9411, 39404, 28311,
       44569,  4106, 25456, 28301, 35460, 47626, 43722, 26497, 25719,
       28894, 33379, 36420, 19663, 28959, 18465, 44811,  5426,  5454,
       25810, 13937, 42705,  3903, 35258, 47520,  5211, 47041, 38625,
       33501, 29070, 25732,  3946, 33822, 26662, 25423, 41752, 42761,
          35,  4779, 29476,  4804,  8705, 44268, 44168, 28008, 48613,
       43578, 38474, 47416, 43069, 27006, 44197, 36281, 12923, 19214,
       25374, 27946,  9056,  4166, 22215,  6661, 30620, 40857, 11286,
       21522, 19455, 22063, 40232, 44102, 32667, 35353, 38488, 30733,
        7493, 23571, 31932, 14164, 36412, 22155, 26223, 47559, 14087,
       27462, 48338, 19633, 34479, 23649, 40621, 44914,  9809,  2298,
        4176, 26677,  7133, 47457, 43058, 48290, 26772, 37272, 21326,
       22664, 34604, 15155, 38932,  7228, 48647, 38380,  7969, 26415,
       17662, 26604, 19430, 19411, 47500, 11394, 21165, 45934, 22461,
       34454, 21449, 21752, 36252, 46112, 46362,  1856, 23033,   998,
         730,  6610, 17405, 24897, 45357, 18787, 18319, 30159, 32035,
       43126, 12014, 16703, 30303, 34078, 14821, 30300, 41241,  5790,
       10286, 14755, 29882,  1470,  5597, 34931,   383, 16779, 18825,
       34866, 38062, 18298, 30202,  3581, 24183, 10240, 13115, 14469,
       20569, 43470, 42457, 29595, 38041, 13380, 16668, 20851,  5671,
       39455, 45651, 18210, 20292, 43448,  2924, 29548, 12779, 10793,
        6157, 13124,  6184,  5960,  6410,  6161, 42535, 10343,  5978,
       25861,  5658, 25006, 14603, 19970, 45794, 42510, 19757, 17176,
       13230,  8712, 14035, 16847, 46692, 29389, 29932, 33264, 29945,
        9774, 48778, 46008, 36563, 14113, 22116,  2065, 36927, 36919,
       40672, 16335, 27369, 11354, 36523, 31745, 34504, 18326, 34353,
       25223, 40812, 42085,  1962, 15116,  2291, 15177,  4789, 35094,
       19135, 42587, 22474, 45558, 40499, 43478, 34564, 29353, 41866,
        8453, 16547, 35247, 11233, 17476, 36448, 11231, 36734, 35922,
       10021,  8896,  2755, 41583, 40174, 11992,  9603, 12853, 28800,
        2113, 39215, 28899, 16672, 25927, 28856, 12845,  6552, 41580,
       39996, 11974, 20797, 31941, 16612, 10115,  5166,  7676, 47489,
       39740, 33885, 38941, 18541,  1880, 37698, 48411, 12334, 24414,
       42962,  9957, 23069, 21253, 23102, 41527,  9817, 11254, 30183,
       23151, 35742, 18047, 19400, 32819, 24285,  7740, 39324, 47497,
       25679, 25681, 41869,  9759, 18747, 17882, 18688,   667, 45625,
       41965, 20858, 45860,  1648, 45669, 45851, 41525, 34194, 43025,
       32845, 20474, 18389, 41482, 43019,  8547, 33192,  9504,  1539,
       20956, 20963, 32593, 32120, 43225, 17931,  9193, 32212, 33705,
       19175, 33584, 33582,  9024, 21275,  1865, 19389, 32381, 21149,
       41642, 36506, 18908, 22224, 30879,  9767, 34991, 17035, 29866,
       45098, 24857, 11625, 24609, 11626, 25156, 29545, 47707, 48895,
       46805,  3540, 39560, 37968, 24446, 24354, 10014,  6830, 45200,
       40127, 23569, 23672, 12772, 39908, 30252,  6335, 10165, 42483,
       24321,  6284,  3025, 29222, 10423, 25752, 35515, 27112,  4771,
       28058, 28034, 47243,  4170, 27336, 47274, 43601, 38536, 38567,
       38575, 14144, 10677, 35466,  4963, 28367, 25852, 39231, 39198,
       46988, 43693, 47523, 26347, 26362, 28619, 14347, 10554, 26547,
         113, 47470, 26684, 30884,  2674, 47805,  7189, 11383, 46204,
       48040, 31682,  2271, 11388, 40531,  7144, 31769, 31785, 22489,
       37240, 34523,  6938, 21986, 31837, 43891, 48079, 36040,  6941,
       40278, 25733, 16735, 11275, 39617, 44094, 45244, 33088, 47740,
       14489, 13863, 24967, 19790, 15029,  8724, 45081, 40491, 41399,
       25364, 44435, 25288, 29486, 33217, 25279, 36858, 29582, 15024,
       29371, 16934, 23193, 42022, 19049, 19037, 48984, 46107, 47379,
        9366, 35581, 14288, 27788, 47321, 18803,  4419, 27743, 27688,
       31975, 33892,  7739,  4800, 35520, 12481, 26128, 45091, 45426,
        9445, 19556, 28711, 21591, 31700, 33514, 26512, 39023,  7465,
       48758, 47141, 26843, 22140, 10631, 45010, 44915, 43215, 16983,
       32668, 45877, 30532, 30516, 23860, 20827,  8245, 13623, 23979,
         414,   778,  6440, 18156, 47873, 30294, 43831, 31226, 23602,
       11452, 21164, 30976,  6893, 21088, 23265, 30886, 18083, 36756,
       45207,  6856, 33893, 35948, 14882,  2788, 10038, 44625,   376,
       11007, 31335, 30000, 15775, 39802, 11160, 12232, 14682, 39828,
       18251, 24831, 24573,   539, 45317, 12328, 48404, 17129, 23428,
       18983, 21966, 29313,  8645, 31848, 33175, 31064, 27041, 29576,
       21824, 46135, 40279, 46697, 38432, 14615, 15710, 23198, 13533,
       14129, 13370, 23249, 22628, 33862,  6065, 38627, 36567, 47296,
       12291, 21892, 13379, 36528,  3261, 36943, 41832, 21440, 21687,
        4135, 43869, 26092, 23087,  7418, 46347, 22983, 14444,  5388,
        3013, 11557, 46342, 39869,  5487, 15063, 32797, 39859, 31160,
       47858, 14447, 29402,  3859, 20561, 38908, 23125, 38018, 47927,
       26765, 21669, 37513, 33566, 14001, 13348, 46195, 40602,  5164,
       24468,  2945, 24858, 37924, 43527, 38214, 28198, 43812, 14143,
       36082, 48742, 34466, 10937, 17269, 16609, 12906, 34990, 35072,
           7, 42271, 16337, 34134,   915, 36214, 16296, 45106, 42108,
       17642,   356, 34611, 42212, 17323, 42603,  9408,     9, 17274,
       45305, 41961,   610,  4724, 26074,  8441, 29608, 30680,  6694,
       20501,  3085, 10088, 35120, 29907,  4500,  7449,   427, 16259,
        4031, 28437, 35402, 33694, 23820,  2295, 12384, 40029, 32792,
       27128, 43350, 22486, 30692, 47561, 22495, 45590, 22831, 12046,
       14083, 16716, 41599, 27478,  9953, 19619, 44027,  1343, 37393,
       23323, 12520, 13105, 26188, 34671,  6963, 34046, 33356, 45662,
       13705, 34622, 39263, 13121,  5819,   125, 14394,  2448, 23543,
       22827,  4202, 41994,  6165, 40145, 36543, 26424, 33113, 25327,
       33120, 11140, 14725, 26148, 23425,  4655,  5172, 32676, 18422,
       46871, 38569, 46079, 21311, 37798, 47890, 35210, 40838, 27623,
       29665, 22016, 36820, 18988, 39928, 37024, 34383, 29198, 21772,
       41069, 48297, 43725, 25907,  8113, 46875,  6311, 36709, 44134,
       45311, 43213, 17768,  7845, 43746, 16401, 21881, 11245, 48343,
       39646, 20201,  7106, 21222,  2996,  6731, 29589, 44794, 31389,
       12009, 31323, 19489,  2455, 23540, 34164, 29822, 30391,  9629,
       10341, 37365, 16549,   485, 12065,  4586,  1907, 24479, 25432,
       35650, 37392,  6207, 21597, 18387,   952, 45626, 39872, 11763,
        5277, 48655, 31211, 43203, 20073, 11305,  3714,  7083, 19515,
       13045, 36928, 12738,  5866, 47295,  7260, 12243, 15041, 32531,
       31869, 10960,   934,   194, 47402, 23708, 36649, 32798, 30181,
       41187, 24638, 23936, 44839, 19009, 37043, 19061, 37755, 47418,
       22267,   928, 34495, 25606, 29688, 12001,  6685, 30211, 27252,
       22666, 35324, 21108, 44654, 10622, 28154,  9019, 32913, 23096,
       24675, 22203, 43254, 35020, 31106, 21512,  3972, 17558, 11358,
       45927, 46799, 38893, 32718,  1895, 35521, 35679, 19778, 46879,
       46291, 37301, 41499, 40614, 29842, 20441, 40932,  3663,  2235,
        5498, 41143,  8538, 31807, 48132,  7778, 21249, 31980, 25074,
       31856, 18058, 12231, 21760, 25095,  8579, 42905, 26741, 47454,
       36952, 28328, 43677, 45288, 39509, 44745, 36096, 20695, 31819,
       16743, 37743, 48122, 46746, 47499,   133, 42783,  7081, 43574,
       33157, 28536,  3626,  2492, 40895, 34785, 10726, 27686, 14758,
       47008, 30355, 19265, 43804, 45181,   157, 18635, 27578, 19701,
       26166, 16236,  9262,  4386,  3709, 30361, 23877, 48603, 14116,
       18544, 14894, 25884, 23409, 19726,    11,  5299, 27637,  9647,
       27341, 15424,  6456, 42336, 25665, 44472,  3711, 38184, 11567,
       28905, 21219, 21755, 33250,  1510, 27503, 38190,   140,  4621,
        2034, 44011, 22894, 11128,  3556,  6746, 14216,  8554, 46167,
       11365, 48466, 42057,  5014, 43275, 14081, 15607, 37761, 28623,
        3539, 46550, 33818, 14322, 18063, 38956, 29644, 20141, 13263,
         418,  1727, 37147, 20775,  7253, 13525, 15584, 28057, 20522,
       32114, 34322,  6689, 40086, 35481, 42855, 42131, 40848, 31030,
       42206, 31023,    87,  3994, 24115,    18,  9092,  6126, 18232,
       38897, 21487, 43060, 28902,  2402, 32862, 46770,  3350, 45849,
       30545, 27142,  3561,  2605, 46369, 34585, 36170, 10531, 36917,
       23243,  3695,  6133,  9682,  1049, 20974, 16662, 27774, 20597,
       22152, 34189, 31508, 22593, 22859, 22860, 11061,    37,   755,
       37730, 27306,  7415,  4047, 27275, 31665, 14494, 31640, 31430,
       20807, 38303, 17624,  1662, 23607, 11208, 46947, 48128,  4494,
       33006,  6675, 31385, 46219, 14806, 24295, 45373, 34996,   177,
       47852,  5066,  5067, 45043, 27609,  6132, 42164,  2136, 28142,
       33941, 25906, 15305, 33247, 30049,  2051, 40205, 13934, 12527,
        8693, 13054, 19566, 43652,  2082,  4981, 20032,  1822,  9799,
       37697, 47033, 26850, 43499,  6362, 45149, 12327,  3324, 21570,
       14935, 15549, 24914, 12200, 12439, 35055, 19845, 46569, 42226,
       43230, 11786, 31141,  3285,  6496, 16513, 31886, 19485, 29542,
       23414,  8153, 36138, 48463, 36993, 38078, 16042, 15320, 33457,
       31280, 18362,   698, 21568,  7582, 17977, 21601,  5064, 35601,
       24108, 48754, 41202, 15906, 12332,  9290, 21474,  4778, 13677,
       34259, 45901, 12766, 28250,  4131, 22457, 43933, 10155, 40533,
       18715,  3046, 47606, 24323, 26682, 19243, 10468, 34872, 36881,
         973, 34918, 24078, 21053, 29015, 33811, 38124, 32404, 46971,
       16482,  4809, 32487, 45165, 15365, 35410,  2205, 29018, 48206,
        1025, 17781, 21121, 28313, 10135,  2260, 25036, 23972, 27059,
       31888, 44810,  9637, 21267, 24919, 30455, 45891, 19133, 18075,
        8026, 20774,  4154, 25602, 21220, 35682,  7581, 35706,  3408,
        2444, 26109, 34794, 37159,  5548, 27545, 31228, 14847, 22733,
       41409,  3176, 27355,  5202, 10396, 24416,  3449, 23593, 33140,
       14528, 37991, 19846, 29091, 42492,  9969, 37239, 11708, 37927,
       24595, 46384, 20588, 25128, 13091, 29514, 12444, 27530, 42952,
       14587, 45384, 26361, 19765, 37439, 42968, 27504,  3475,  5561,
       22908,  6314, 22248, 22864, 38229, 12605, 41670, 14099, 43034,
       42664, 10237, 23144, 14800, 31366, 23149, 40136,   603, 26803,
       35681, 23458, 46099,  7051, 20025, 11440, 12644, 29297,  7677,
       34107, 28641, 35928, 42670,  7042, 35847, 16215, 26928, 39419,
        6204, 18903,   628, 14876, 15704, 27028, 30859, 46054, 31235,
       30423, 12879,  7767, 21736,  7061,  5957,  4473, 13787, 33424,
        2519, 37659,  6918, 10485, 26023,  3787,  3247, 25668, 42723,
        9849, 30241, 43427, 35396,  9130,  4794, 30184, 45835,  6241,
       15788, 41714, 11493, 32750, 41683, 36691,  5892,  3728, 16248,
       15403, 41800, 13689, 29237, 27500, 30421, 42009,  8890,  3353,
       20697, 41180, 34447, 42097, 33468, 22583, 31604, 26839, 17655,
       37569, 20618,  9265, 31637,  7879, 17077, 27348,  3631, 16567,
       32069, 34278, 25858, 26157,  1262, 33393,  4849, 12885,  8339,
       29437, 10089, 44585, 13634, 32905, 21174, 34805,  7054, 43549,
        7656, 39260, 10259, 19961, 23771, 29797, 39768, 33206, 25499,
       36106, 42004, 47469,  8465, 32522,  5221,  9990,  6740, 29496,
        5776, 35052,  5137, 35143,  8528, 42768, 45235, 25626, 21350,
       17182, 16141, 30484, 11669, 29800, 29266, 19382, 21324, 27999,
        2438, 10273, 37034, 46346, 15688, 20161, 30060,  1257, 47778,
       26671, 40864, 35166, 12758, 24411,  7417, 42078, 40579,  3202,
       26129,  3482, 27445, 17928, 35786, 33336, 45155, 17990, 18413,
       13520,  7783,  7027, 42372, 36454, 17936,  9722, 26312, 10269,
       35333, 29066, 48248, 24415, 40291, 40230, 24409, 11304,  1863,
        1851, 34933, 30954,  1291, 37148, 25587, 16027,  6567, 22799,
       35409,  2437,   297, 39577, 39346, 34169, 44556, 12052, 23529,
       10707, 33051, 15463, 48796, 42912, 22317, 22320, 14400, 22510,
       19250, 27207, 20649, 31511, 14498, 31502, 23663, 38554, 46761,
       25989, 31471, 16922, 20470,  6703, 31451, 39703, 27988, 12621,
       48162, 33188,  3546, 43198, 41635, 18342, 35134, 12670, 39016,
         621, 36515, 15487,  3368, 32501, 43021, 12502, 39067,  9228,
        9210, 37836, 37404,  6772, 27381, 21203,  2497,  2162, 46968,
       40193, 17894, 22873, 30410, 47759, 28737,  2369, 14777, 48951,
       13441, 37371, 43846, 21483, 28312, 47482,  9768, 30974, 23844,
       29806, 12800, 14372, 46315, 36918, 42412, 42690, 35355, 48814,
       28429, 47028, 13619, 38146, 21668, 11378, 28935, 31712, 34793,
       23854,  7649, 46889, 32112, 15406, 19729, 20694, 48572,  3579,
        3392, 25044, 44793,  4551, 41514,  8149,  9626, 32713,  1776,
        1196, 21271,  8223, 45954, 44719, 34016, 34237, 34024, 20688,
       43055, 44257, 45922, 33027, 18871,  1053,  8405,  1061, 25404,
       21460,  1032, 38617,  9643, 41262, 42894, 33318, 41515, 31410,
       35093, 44302,   738, 24666, 14253, 39732, 30979, 44090, 35624,
       32451,  7257, 28189, 19774, 20812,  8413, 21136, 14976, 11113,
       26449, 13178]), array([    7,     9,    11,    35,    37,   113,   125,   140,   151,
         157,   171,   194,   254,   356,   376,   383,   414,   418,
         427,   485,   539,   610,   628,   667,   698,   730,   778,
         825,   827,   915,   928,   934,   998,  1025,  1049,  1103,
        1113,  1196,  1257,  1262,  1343,  1470,  1539,  1551,  1576,
        1648,  1698,  1707,  1727,  1731,  1776,  1822,  1856,  1863,
        1865,  1880,  1895,  1907,  1962,  2034,  2051,  2065,  2113,
        2204,  2205,  2235,  2260,  2271,  2291,  2295,  2298,  2317,
        2357,  2402,  2406,  2437,  2448,  2455,  2497,  2567,  2674,
        2732,  2755,  2788,  2924,  2945,  2996,  3013,  3025,  3046,
        3080,  3085,  3176,  3212,  3219,  3256,  3285,  3324,  3350,
        3475,  3539,  3540,  3546,  3556,  3561,  3581,  3626,  3663,
        3695,  3709,  3711,  3714,  3859,  3903,  3946,  3972,  3994,
        3998,  4031,  4047,  4097,  4106,  4131,  4135,  4154,  4166,
        4170,  4176,  4202,  4274,  4386,  4394,  4419,  4466,  4494,
        4500,  4551,  4586,  4596,  4621,  4655,  4724,  4771,  4778,
        4779,  4789,  4794,  4800,  4804,  4849,  4963,  5058,  5064,
        5067,  5087,  5137,  5164,  5166,  5172,  5211,  5277,  5299,
        5341,  5388,  5426,  5454,  5487,  5510,  5548,  5561,  5597,
        5658,  5671,  5708,  5776,  5790,  5819,  5828,  5866,  5873,
        5875,  5957,  5960,  5978,  6028,  6065,  6117,  6126,  6132,
        6133,  6157,  6161,  6165,  6184,  6207,  6241,  6284,  6311,
        6335,  6362,  6373,  6388,  6410,  6440,  6456,  6496,  6552,
        6567,  6610,  6629,  6661,  6675,  6685,  6689,  6694,  6731,
        6746,  6830,  6850,  6856,  6862,  6893,  6938,  6941,  6963,
        7042,  7049,  7081,  7083,  7106,  7133,  7144,  7181,  7189,
        7228,  7241,  7253,  7260,  7412,  7418,  7421,  7435,  7449,
        7465,  7493,  7581,  7582,  7651,  7656,  7676,  7677,  7739,
        7740,  7766,  7767,  7778,  7845,  7879,  7893,  7905,  7949,
        7969,  7981,  8026,  8076,  8113,  8148,  8149,  8153,  8197,
        8245,  8333,  8339,  8405,  8441,  8453,  8486,  8492,  8538,
        8547,  8566,  8573,  8579,  8645,  8693,  8705,  8712,  8722,
        8724,  8734,  8773,  8890,  8896,  9019,  9024,  9029,  9056,
        9092,  9130,  9193,  9260,  9262,  9265,  9290,  9366,  9408,
        9411,  9445,  9504,  9603,  9647,  9682,  9720,  9759,  9767,
        9774,  9799,  9809,  9816,  9817,  9848,  9849,  9885,  9934,
        9953,  9957,  9990, 10014, 10021, 10038, 10039, 10088, 10112,
       10115, 10155, 10165, 10178, 10218, 10237, 10240, 10273, 10286,
       10331, 10341, 10343, 10396, 10423, 10468, 10485, 10554, 10622,
       10631, 10677, 10793, 10937, 11007, 11113, 11128, 11140, 11160,
       11196, 11214, 11231, 11233, 11254, 11275, 11278, 11286, 11305,
       11354, 11358, 11365, 11383, 11388, 11394, 11452, 11485, 11493,
       11557, 11567, 11616, 11620, 11625, 11626, 11669, 11763, 11786,
       11810, 11974, 11992, 12001, 12009, 12014, 12065, 12200, 12232,
       12243, 12291, 12293, 12327, 12328, 12332, 12334, 12374, 12384,
       12394, 12419, 12444, 12473, 12481, 12497, 12520, 12527, 12602,
       12644, 12670, 12737, 12738, 12766, 12772, 12779, 12800, 12845,
       12853, 12885, 12923, 13045, 13054, 13091, 13105, 13115, 13121,
       13124, 13190, 13230, 13263, 13348, 13370, 13379, 13380, 13387,
       13457, 13522, 13525, 13533, 13619, 13623, 13634, 13705, 13808,
       13846, 13863, 13916, 13934, 13937, 13973, 14001, 14035, 14083,
       14087, 14113, 14116, 14129, 14143, 14144, 14164, 14216, 14253,
       14288, 14322, 14347, 14394, 14444, 14447, 14469, 14489, 14494,
       14528, 14587, 14603, 14615, 14631, 14682, 14685, 14725, 14734,
       14755, 14758, 14800, 14806, 14821, 14847, 14882, 14894, 14935,
       14993, 14998, 15024, 15029, 15041, 15063, 15087, 15116, 15155,
       15177, 15204, 15305, 15320, 15423, 15497, 15512, 15515, 15567,
       15584, 15688, 15704, 15710, 15719, 15775, 15788, 15855, 15881,
       15906, 15911, 16027, 16042, 16142, 16157, 16177, 16228, 16236,
       16259, 16260, 16296, 16335, 16337, 16401, 16483, 16511, 16513,
       16522, 16547, 16549, 16609, 16612, 16662, 16668, 16672, 16703,
       16735, 16743, 16779, 16847, 16934, 16965, 16983, 17035, 17068,
       17129, 17158, 17176, 17229, 17269, 17301, 17323, 17405, 17455,
       17456, 17476, 17478, 17519, 17558, 17624, 17642, 17662, 17676,
       17781, 17882, 17931, 18047, 18063, 18075, 18083, 18156, 18210,
       18232, 18251, 18298, 18319, 18326, 18362, 18387, 18389, 18422,
       18465, 18541, 18543, 18544, 18567, 18635, 18688, 18747, 18787,
       18803, 18825, 18886, 18908, 18928, 18982, 18983, 18988, 19009,
       19037, 19049, 19061, 19133, 19135, 19175, 19214, 19243, 19265,
       19382, 19389, 19400, 19411, 19430, 19455, 19485, 19489, 19515,
       19526, 19556, 19619, 19633, 19663, 19694, 19701, 19726, 19757,
       19765, 19774, 19778, 19790, 19834, 19845, 19961, 19970, 20025,
       20032, 20175, 20201, 20292, 20373, 20441, 20474, 20501, 20561,
       20569, 20597, 20665, 20694, 20695, 20770, 20797, 20807, 20827,
       20851, 20858, 20903, 20913, 20956, 20963, 21001, 21054, 21088,
       21108, 21149, 21163, 21164, 21165, 21181, 21203, 21219, 21222,
       21249, 21253, 21271, 21275, 21311, 21326, 21343, 21401, 21432,
       21440, 21449, 21474, 21487, 21512, 21522, 21570, 21591, 21597,
       21601, 21669, 21687, 21752, 21755, 21760, 21772, 21824, 21872,
       21881, 21889, 21892, 21966, 21986, 22016, 22116, 22140, 22152,
       22155, 22206, 22215, 22224, 22267, 22320, 22329, 22457, 22461,
       22474, 22486, 22489, 22495, 22583, 22628, 22664, 22666, 22670,
       22696, 22715, 22733, 22775, 22791, 22794, 22821, 22827, 22831,
       22833, 22837, 22859, 22860, 22983, 23033, 23069, 23087, 23096,
       23102, 23110, 23116, 23125, 23144, 23151, 23193, 23198, 23199,
       23243, 23249, 23265, 23314, 23323, 23364, 23409, 23423, 23425,
       23428, 23487, 23528, 23529, 23531, 23540, 23543, 23569, 23571,
       23602, 23607, 23649, 23672, 23708, 23800, 23820, 23854, 23860,
       23877, 23936, 23979, 24041, 24115, 24183, 24285, 24295, 24321,
       24323, 24351, 24354, 24411, 24414, 24416, 24440, 24446, 24468,
       24479, 24573, 24574, 24595, 24609, 24635, 24638, 24675, 24822,
       24831, 24857, 24858, 24892, 24897, 24914, 24967, 25006, 25036,
       25044, 25074, 25095, 25116, 25128, 25156, 25223, 25266, 25270,
       25279, 25288, 25327, 25364, 25374, 25404, 25423, 25432, 25456,
       25506, 25540, 25559, 25580, 25606, 25626, 25659, 25668, 25679,
       25681, 25719, 25732, 25733, 25752, 25784, 25810, 25852, 25861,
       25884, 25903, 25906, 25907, 25927, 26023, 26074, 26092, 26109,
       26128, 26155, 26157, 26166, 26188, 26223, 26276, 26336, 26347,
       26361, 26362, 26368, 26415, 26424, 26497, 26512, 26547, 26596,
       26604, 26632, 26644, 26662, 26677, 26684, 26765, 26772, 26839,
       26843, 27006, 27028, 27041, 27059, 27094, 27112, 27128, 27142,
       27209, 27252, 27270, 27306, 27336, 27341, 27343, 27369, 27462,
       27478, 27479, 27500, 27503, 27504, 27573, 27578, 27623, 27637,
       27686, 27688, 27690, 27743, 27788, 27809, 27946, 27988, 27999,
       28008, 28034, 28057, 28058, 28138, 28142, 28154, 28183, 28198,
       28204, 28219, 28230, 28250, 28254, 28301, 28311, 28312, 28328,
       28367, 28430, 28437, 28494, 28536, 28548, 28619, 28623, 28711,
       28729, 28737, 28776, 28800, 28856, 28894, 28899, 28902, 28905,
       28959, 29012, 29018, 29066, 29068, 29070, 29198, 29222, 29266,
       29297, 29313, 29353, 29371, 29386, 29389, 29402, 29437, 29476,
       29486, 29542, 29545, 29548, 29576, 29582, 29589, 29595, 29608,
       29665, 29688, 29797, 29800, 29817, 29821, 29822, 29866, 29882,
       29907, 29932, 29939, 29945, 30000, 30049, 30060, 30159, 30181,
       30183, 30184, 30202, 30211, 30241, 30252, 30294, 30300, 30303,
       30346, 30355, 30361, 30391, 30455, 30516, 30532, 30545, 30620,
       30676, 30680, 30692, 30733, 30835, 30857, 30879, 30884, 30886,
       30907, 30974, 30976, 31023, 31030, 31064, 31106, 31141, 31149,
       31160, 31164, 31226, 31228, 31273, 31280, 31323, 31335, 31366,
       31385, 31389, 31430, 31471, 31508, 31511, 31635, 31637, 31649,
       31682, 31700, 31745, 31769, 31785, 31807, 31819, 31837, 31848,
       31856, 31869, 31886, 31914, 31932, 31941, 31975, 31980, 32001,
       32035, 32043, 32114, 32120, 32212, 32343, 32381, 32403, 32404,
       32412, 32439, 32487, 32501, 32531, 32583, 32593, 32657, 32658,
       32667, 32668, 32676, 32708, 32714, 32722, 32750, 32792, 32797,
       32798, 32808, 32819, 32845, 32862, 32907, 32913, 33051, 33088,
       33113, 33120, 33140, 33157, 33175, 33192, 33206, 33217, 33247,
       33250, 33264, 33336, 33356, 33379, 33461, 33471, 33501, 33514,
       33538, 33562, 33566, 33569, 33582, 33584, 33694, 33705, 33772,
       33811, 33818, 33822, 33884, 33885, 33892, 33893, 33941, 34007,
       34008, 34078, 34134, 34164, 34189, 34194, 34209, 34259, 34301,
       34322, 34353, 34383, 34400, 34448, 34454, 34466, 34479, 34495,
       34504, 34523, 34564, 34585, 34604, 34611, 34617, 34671, 34748,
       34793, 34794, 34805, 34866, 34931, 34990, 34991, 34996, 35020,
       35055, 35072, 35094, 35120, 35143, 35166, 35210, 35215, 35247,
       35258, 35324, 35353, 35402, 35460, 35466, 35481, 35515, 35520,
       35581, 35601, 35650, 35679, 35680, 35682, 35690, 35706, 35742,
       35805, 35847, 35859, 35922, 35928, 35948, 36040, 36082, 36096,
       36106, 36138, 36170, 36214, 36252, 36281, 36412, 36420, 36448,
       36454, 36462, 36467, 36506, 36523, 36528, 36543, 36563, 36567,
       36639, 36683, 36691, 36709, 36734, 36756, 36787, 36813, 36858,
       36881, 36917, 36919, 36927, 36943, 36952, 36973, 37024, 37043,
       37097, 37147, 37148, 37212, 37226, 37239, 37240, 37272, 37310,
       37365, 37393, 37404, 37426, 37449, 37513, 37532, 37573, 37623,
       37639, 37659, 37697, 37698, 37743, 37755, 37761, 37798, 37815,
       37924, 37927, 37942, 37959, 37988, 38018, 38036, 38041, 38062,
       38184, 38190, 38214, 38303, 38361, 38380, 38432, 38474, 38488,
       38525, 38536, 38567, 38569, 38573, 38575, 38625, 38627, 38891,
       38893, 38897, 38908, 38932, 38941, 38956, 38993, 38996, 39020,
       39023, 39025, 39198, 39215, 39224, 39231, 39235, 39260, 39263,
       39324, 39404, 39419, 39455, 39509, 39560, 39577, 39617, 39657,
       39703, 39740, 39768, 39802, 39828, 39859, 39869, 39879, 39889,
       39891, 39906, 39908, 39928, 39996, 40012, 40016, 40029, 40086,
       40095, 40098, 40127, 40136, 40145, 40174, 40193, 40232, 40278,
       40279, 40491, 40499, 40531, 40602, 40621, 40659, 40672, 40812,
       40833, 40838, 40848, 40857, 40895, 40912, 40932, 40955, 41011,
       41069, 41143, 41187, 41241, 41316, 41399, 41409, 41482, 41498,
       41499, 41525, 41527, 41580, 41583, 41599, 41635, 41642, 41752,
       41800, 41832, 41866, 41869, 41961, 41965, 41994, 42022, 42057,
       42082, 42085, 42097, 42108, 42164, 42206, 42212, 42226, 42271,
       42272, 42274, 42336, 42372, 42446, 42457, 42483, 42492, 42510,
       42535, 42587, 42603, 42670, 42705, 42723, 42761, 42783, 42851,
       42852, 42855, 42857, 42905, 42912, 42962, 42968, 43019, 43021,
       43025, 43034, 43058, 43060, 43069, 43126, 43132, 43203, 43210,
       43213, 43215, 43225, 43229, 43254, 43275, 43314, 43350, 43392,
       43399, 43427, 43448, 43469, 43470, 43478, 43527, 43561, 43574,
       43578, 43601, 43677, 43693, 43722, 43725, 43732, 43746, 43755,
       43775, 43804, 43812, 43831, 43869, 43891, 43905, 43933, 43962,
       44027, 44094, 44102, 44164, 44168, 44197, 44202, 44268, 44435,
       44472, 44559, 44568, 44569, 44597, 44625, 44654, 44732, 44769,
       44793, 44794, 44810, 44811, 44833, 44839, 44914, 44915, 45010,
       45081, 45091, 45098, 45106, 45155, 45181, 45200, 45207, 45244,
       45288, 45305, 45311, 45317, 45357, 45373, 45426, 45464, 45488,
       45558, 45590, 45625, 45626, 45651, 45662, 45669, 45779, 45794,
       45849, 45851, 45860, 45873, 45877, 45901, 45927, 45934, 46008,
       46054, 46079, 46099, 46107, 46112, 46117, 46135, 46167, 46195,
       46204, 46272, 46325, 46342, 46347, 46362, 46416, 46432, 46524,
       46550, 46569, 46631, 46692, 46697, 46746, 46770, 46799, 46805,
       46871, 46875, 46879, 46988, 47008, 47041, 47141, 47243, 47274,
       47295, 47296, 47321, 47379, 47391, 47402, 47416, 47418, 47454,
       47457, 47470, 47484, 47489, 47497, 47499, 47500, 47520, 47523,
       47555, 47559, 47561, 47626, 47707, 47740, 47759, 47800, 47805,
       47852, 47858, 47873, 47890, 47927, 48040, 48079, 48122, 48128,
       48158, 48181, 48222, 48250, 48280, 48282, 48290, 48297, 48338,
       48343, 48404, 48411, 48466, 48484, 48603, 48613, 48647, 48655,
       48733, 48742, 48754, 48758, 48778, 48796, 48811, 48852, 48895,
       48951, 48984]), array([    7,     9,    35,    37,   113,   157,   171,   194,   254,
         356,   383,   414,   539,   610,   698,   730,   778,   825,
         827,   934,   998,  1103,  1113,  1262,  1343,  1470,  1551,
        1648,  1707,  1731,  1822,  1856,  1863,  1865,  1880,  1895,
        1907,  1962,  2065,  2113,  2204,  2260,  2271,  2291,  2295,
        2298,  2317,  2357,  2406,  2437,  2444,  2448,  2455,  2497,
        2567,  2732,  2755,  2924,  2945,  2996,  3013,  3025,  3080,
        3085,  3176,  3212,  3219,  3256,  3285,  3324,  3350,  3540,
        3556,  3581,  3626,  3695,  3709,  3711,  3903,  3946,  3994,
        3998,  4031,  4047,  4097,  4106,  4131,  4166,  4170,  4176,
        4202,  4274,  4394,  4419,  4466,  4494,  4500,  4551,  4596,
        4621,  4655,  4779,  4789,  4800,  4804,  4849,  4963,  5058,
        5164,  5166,  5172,  5211,  5277,  5341,  5388,  5426,  5454,
        5487,  5510,  5548,  5561,  5597,  5658,  5671,  5708,  5790,
        5828,  5873,  5875,  5960,  5978,  6028,  6117,  6133,  6157,
        6161,  6165,  6184,  6207,  6241,  6284,  6311,  6335,  6362,
        6373,  6388,  6410,  6440,  6496,  6552,  6567,  6610,  6629,
        6661,  6675,  6685,  6689,  6694,  6731,  6746,  6830,  6850,
        6856,  6862,  6893,  6938,  6941,  6963,  7042,  7049,  7051,
        7081,  7083,  7106,  7133,  7144,  7181,  7189,  7228,  7241,
        7253,  7412,  7418,  7421,  7449,  7465,  7493,  7582,  7651,
        7676,  7677,  7739,  7740,  7766,  7767,  7778,  7893,  7905,
        7969,  7981,  8026,  8076,  8148,  8153,  8197,  8245,  8333,
        8405,  8441,  8453,  8486,  8492,  8547,  8573,  8579,  8645,
        8705,  8712,  8722,  8734,  8773,  8896,  9019,  9024,  9029,
        9056,  9092,  9130,  9193,  9262,  9265,  9290,  9408,  9411,
        9445,  9504,  9603,  9647,  9682,  9720,  9759,  9767,  9774,
        9799,  9809,  9848,  9849,  9885,  9934,  9953,  9957, 10014,
       10021, 10039, 10112, 10115, 10155, 10165, 10178, 10218, 10273,
       10286, 10341, 10343, 10396, 10423, 10485, 10554, 10622, 10677,
       10793, 11007, 11113, 11128, 11140, 11160, 11196, 11214, 11231,
       11233, 11254, 11275, 11278, 11286, 11305, 11354, 11358, 11365,
       11383, 11388, 11394, 11452, 11485, 11557, 11567, 11620, 11622,
       11625, 11626, 11669, 11763, 11786, 11810, 11992, 12001, 12232,
       12243, 12291, 12293, 12327, 12328, 12332, 12334, 12374, 12384,
       12394, 12419, 12481, 12497, 12520, 12602, 12737, 12738, 12766,
       12772, 12779, 12800, 12845, 12885, 12923, 13045, 13054, 13115,
       13121, 13124, 13190, 13230, 13348, 13370, 13379, 13380, 13387,
       13457, 13522, 13525, 13533, 13619, 13623, 13634, 13808, 13863,
       13916, 13934, 13937, 13973, 14035, 14087, 14113, 14143, 14164,
       14288, 14394, 14444, 14447, 14469, 14489, 14587, 14603, 14615,
       14631, 14682, 14685, 14725, 14734, 14755, 14806, 14821, 14882,
       14993, 15024, 15029, 15041, 15063, 15087, 15116, 15155, 15177,
       15204, 15305, 15423, 15424, 15497, 15512, 15515, 15551, 15567,
       15688, 15710, 15775, 15855, 15881, 15911, 16042, 16142, 16157,
       16177, 16228, 16260, 16296, 16335, 16337, 16401, 16483, 16511,
       16522, 16547, 16609, 16612, 16662, 16668, 16672, 16703, 16735,
       16779, 16847, 16934, 16965, 16983, 17035, 17068, 17129, 17176,
       17229, 17269, 17301, 17323, 17405, 17456, 17478, 17519, 17558,
       17624, 17642, 17662, 17676, 17846, 17931, 18047, 18058, 18063,
       18083, 18156, 18210, 18251, 18298, 18319, 18326, 18387, 18389,
       18422, 18465, 18541, 18544, 18567, 18688, 18747, 18787, 18803,
       18825, 18886, 18908, 18982, 18983, 19009, 19037, 19049, 19054,
       19061, 19135, 19175, 19214, 19243, 19265, 19382, 19389, 19400,
       19411, 19430, 19455, 19485, 19526, 19556, 19619, 19633, 19663,
       19694, 19701, 19726, 19757, 19765, 19778, 19845, 19970, 20032,
       20175, 20201, 20292, 20373, 20441, 20474, 20561, 20569, 20588,
       20597, 20695, 20770, 20797, 20827, 20851, 20858, 20913, 20956,
       20963, 21001, 21149, 21163, 21164, 21165, 21181, 21219, 21222,
       21249, 21253, 21271, 21326, 21343, 21401, 21432, 21440, 21449,
       21474, 21522, 21570, 21591, 21601, 21669, 21687, 21752, 21772,
       21872, 21881, 21889, 21892, 21966, 21986, 22116, 22140, 22155,
       22206, 22215, 22224, 22329, 22461, 22474, 22486, 22489, 22495,
       22628, 22664, 22696, 22715, 22733, 22775, 22791, 22794, 22821,
       22833, 22837, 22859, 22860, 23033, 23069, 23087, 23102, 23110,
       23116, 23144, 23151, 23198, 23199, 23249, 23265, 23314, 23364,
       23423, 23425, 23428, 23487, 23529, 23531, 23543, 23569, 23571,
       23602, 23649, 23672, 23708, 23800, 23877, 23979, 24041, 24115,
       24183, 24285, 24295, 24321, 24354, 24414, 24440, 24446, 24468,
       24574, 24609, 24635, 24822, 24831, 24857, 24858, 24892, 24897,
       24967, 25006, 25044, 25074, 25116, 25156, 25270, 25279, 25288,
       25327, 25364, 25374, 25404, 25423, 25432, 25456, 25506, 25540,
       25559, 25580, 25626, 25659, 25668, 25679, 25719, 25732, 25733,
       25752, 25784, 25810, 25852, 25861, 25884, 25906, 26074, 26092,
       26128, 26148, 26155, 26166, 26223, 26276, 26347, 26362, 26368,
       26415, 26424, 26497, 26512, 26547, 26596, 26604, 26632, 26662,
       26677, 26765, 26772, 26839, 26843, 27006, 27028, 27059, 27094,
       27112, 27142, 27209, 27270, 27306, 27336, 27343, 27369, 27462,
       27478, 27479, 27573, 27578, 27623, 27688, 27690, 27743, 27788,
       27809, 27946, 28008, 28057, 28058, 28138, 28154, 28183, 28198,
       28204, 28219, 28230, 28254, 28301, 28311, 28312, 28328, 28367,
       28430, 28494, 28536, 28548, 28619, 28623, 28711, 28729, 28776,
       28800, 28856, 28894, 28899, 28902, 28959, 29012, 29068, 29070,
       29222, 29313, 29353, 29371, 29386, 29389, 29402, 29476, 29486,
       29542, 29545, 29548, 29576, 29582, 29589, 29595, 29608, 29665,
       29817, 29821, 29822, 29882, 29907, 29932, 29939, 29945, 30000,
       30159, 30181, 30183, 30202, 30252, 30294, 30300, 30303, 30346,
       30391, 30455, 30545, 30620, 30676, 30680, 30692, 30733, 30835,
       30857, 30879, 30884, 30886, 30907, 30974, 30976, 31023, 31106,
       31141, 31149, 31160, 31164, 31280, 31323, 31335, 31366, 31389,
       31430, 31471, 31635, 31649, 31682, 31700, 31745, 31769, 31785,
       31837, 31848, 31856, 31932, 31941, 31975, 31980, 32001, 32035,
       32043, 32120, 32381, 32403, 32412, 32439, 32522, 32533, 32583,
       32593, 32657, 32667, 32668, 32676, 32708, 32714, 32722, 32792,
       32798, 32808, 32819, 32845, 32907, 32913, 33051, 33088, 33113,
       33120, 33175, 33192, 33217, 33247, 33250, 33264, 33336, 33379,
       33461, 33471, 33501, 33514, 33538, 33562, 33569, 33582, 33584,
       33694, 33705, 33772, 33811, 33818, 33822, 33884, 33885, 33892,
       33893, 34007, 34008, 34078, 34194, 34209, 34301, 34322, 34353,
       34400, 34448, 34454, 34479, 34504, 34523, 34564, 34604, 34611,
       34671, 34748, 34794, 34866, 34931, 34990, 34991, 35094, 35210,
       35247, 35258, 35353, 35460, 35466, 35481, 35515, 35581, 35601,
       35626, 35680, 35682, 35690, 35706, 35742, 35805, 35859, 35922,
       35948, 36040, 36096, 36106, 36138, 36170, 36214, 36252, 36281,
       36412, 36420, 36448, 36454, 36462, 36467, 36506, 36523, 36528,
       36534, 36543, 36563, 36567, 36639, 36683, 36691, 36709, 36734,
       36756, 36813, 36858, 36917, 36919, 36927, 36943, 36973, 37024,
       37043, 37147, 37212, 37226, 37239, 37240, 37272, 37310, 37365,
       37426, 37449, 37513, 37532, 37573, 37623, 37639, 37697, 37698,
       37743, 37755, 37798, 37815, 37924, 37942, 37959, 37988, 38018,
       38036, 38041, 38062, 38303, 38361, 38380, 38432, 38474, 38488,
       38525, 38536, 38567, 38573, 38575, 38625, 38627, 38891, 38893,
       38932, 38941, 38993, 38996, 39020, 39023, 39025, 39198, 39224,
       39231, 39235, 39263, 39404, 39455, 39470, 39560, 39617, 39657,
       39667, 39703, 39740, 39768, 39802, 39828, 39859, 39869, 39889,
       39906, 39908, 39996, 40012, 40016, 40029, 40086, 40095, 40098,
       40127, 40136, 40193, 40232, 40278, 40499, 40531, 40602, 40621,
       40659, 40672, 40812, 40833, 40838, 40848, 40857, 40912, 40932,
       40955, 41011, 41143, 41187, 41241, 41316, 41482, 41498, 41525,
       41527, 41580, 41583, 41599, 41635, 41642, 41752, 41832, 41866,
       41869, 41961, 41965, 41994, 42022, 42082, 42085, 42097, 42108,
       42206, 42212, 42226, 42271, 42272, 42274, 42372, 42446, 42457,
       42483, 42510, 42535, 42587, 42670, 42705, 42761, 42783, 42851,
       42855, 42857, 42962, 43019, 43025, 43058, 43069, 43126, 43132,
       43210, 43213, 43225, 43229, 43314, 43350, 43392, 43427, 43448,
       43469, 43470, 43561, 43574, 43578, 43601, 43677, 43693, 43722,
       43725, 43732, 43746, 43755, 43775, 43812, 43831, 43869, 43891,
       43905, 43962, 44094, 44102, 44164, 44168, 44197, 44202, 44268,
       44435, 44568, 44569, 44597, 44618, 44654, 44732, 44794, 44811,
       44833, 44914, 44915, 45010, 45091, 45098, 45155, 45181, 45207,
       45244, 45288, 45311, 45317, 45357, 45373, 45464, 45558, 45625,
       45626, 45651, 45662, 45669, 45779, 45794, 45849, 45851, 45860,
       45873, 45877, 45901, 45927, 45934, 46008, 46079, 46107, 46112,
       46117, 46195, 46204, 46272, 46325, 46342, 46347, 46362, 46416,
       46524, 46569, 46631, 46692, 46697, 46746, 46799, 46805, 46871,
       46875, 46879, 47041, 47141, 47243, 47274, 47295, 47296, 47321,
       47379, 47402, 47416, 47457, 47470, 47484, 47497, 47500, 47520,
       47523, 47555, 47559, 47626, 47707, 47740, 47800, 47829, 47852,
       47858, 47873, 48040, 48079, 48122, 48128, 48158, 48181, 48222,
       48250, 48280, 48282, 48290, 48338, 48404, 48411, 48484, 48603,
       48613, 48647, 48655, 48733, 48742, 48758, 48778, 48811, 48852,
       48895]), array([    7,     9,    35,   113,   157,   171,   194,   254,   356,
         383,   414,   539,   610,   698,   730,   778,   825,   827,
         998,  1049,  1103,  1113,  1343,  1470,  1551,  1648,  1707,
        1731,  1822,  1856,  1865,  1880,  1895,  1907,  1962,  2065,
        2113,  2204,  2260,  2271,  2291,  2295,  2298,  2317,  2357,
        2406,  2437,  2455,  2497,  2567,  2732,  2755,  2924,  2996,
        3013,  3025,  3080,  3212,  3219,  3256,  3285,  3350,  3540,
        3556,  3581,  3626,  3709,  3711,  3903,  3946,  3972,  3998,
        4031,  4047,  4097,  4106,  4166,  4170,  4176,  4274,  4419,
        4466,  4494,  4500,  4596,  4621,  4655,  4779,  4789,  4800,
        4804,  4963,  5058,  5166,  5172,  5211,  5277,  5341,  5388,
        5426,  5454,  5510,  5597,  5658,  5671,  5708,  5790,  5828,
        5873,  5875,  5960,  5978,  6028,  6117,  6132,  6157,  6161,
        6165,  6184,  6207,  6241,  6284,  6335,  6362,  6373,  6388,
        6410,  6440,  6496,  6552,  6567,  6610,  6629,  6661,  6685,
        6689,  6694,  6731,  6830,  6850,  6856,  6862,  6893,  6938,
        6941,  6963,  7042,  7049,  7083,  7106,  7133,  7144,  7228,
        7241,  7253,  7418,  7421,  7449,  7465,  7582,  7651,  7676,
        7677,  7740,  7766,  7767,  7893,  7905,  7969,  7981,  8026,
        8076,  8148,  8197,  8245,  8333,  8441,  8453,  8486,  8492,
        8547,  8573,  8579,  8645,  8705,  8712,  8722,  8734,  8773,
        8896,  9024,  9029,  9056,  9092,  9130,  9193,  9265,  9408,
        9411,  9504,  9603,  9720,  9759,  9767,  9774,  9799,  9809,
        9848,  9849,  9885,  9934,  9953,  9957, 10021, 10039, 10112,
       10115, 10135, 10155, 10165, 10178, 10218, 10273, 10286, 10331,
       10341, 10343, 10423, 10485, 10554, 10622, 10677, 11007, 11128,
       11140, 11160, 11196, 11214, 11231, 11233, 11254, 11275, 11278,
       11286, 11354, 11358, 11365, 11383, 11388, 11394, 11452, 11485,
       11557, 11567, 11620, 11625, 11626, 11669, 11786, 11810, 11992,
       12001, 12293, 12327, 12334, 12374, 12394, 12419, 12481, 12497,
       12520, 12602, 12737, 12738, 12766, 12779, 12800, 12845, 12923,
       13045, 13115, 13121, 13124, 13190, 13230, 13263, 13380, 13387,
       13457, 13522, 13533, 13619, 13623, 13634, 13808, 13863, 13916,
       13934, 13937, 13973, 14035, 14087, 14113, 14143, 14164, 14288,
       14394, 14444, 14447, 14469, 14587, 14603, 14615, 14631, 14685,
       14725, 14755, 14882, 14993, 15024, 15029, 15041, 15063, 15087,
       15116, 15155, 15177, 15204, 15305, 15423, 15497, 15512, 15515,
       15567, 15570, 15688, 15710, 15775, 15855, 15881, 15911, 16042,
       16142, 16157, 16177, 16228, 16260, 16296, 16335, 16337, 16401,
       16483, 16522, 16547, 16612, 16662, 16668, 16672, 16703, 16779,
       16847, 17035, 17068, 17129, 17176, 17229, 17269, 17301, 17323,
       17405, 17456, 17478, 17519, 17558, 17624, 17642, 17662, 17676,
       18047, 18063, 18156, 18210, 18251, 18298, 18319, 18326, 18387,
       18389, 18422, 18465, 18541, 18544, 18567, 18688, 18747, 18787,
       18803, 18825, 18886, 18908, 18928, 18982, 18983, 19009, 19037,
       19049, 19054, 19061, 19135, 19175, 19214, 19382, 19389, 19400,
       19411, 19430, 19455, 19485, 19526, 19556, 19619, 19633, 19663,
       19694, 19726, 19757, 19970, 20175, 20201, 20292, 20373, 20441,
       20474, 20561, 20569, 20597, 20695, 20770, 20827, 20851, 20858,
       20913, 20956, 20963, 21001, 21149, 21163, 21164, 21165, 21181,
       21219, 21253, 21271, 21326, 21343, 21401, 21432, 21449, 21474,
       21522, 21591, 21669, 21752, 21772, 21872, 21881, 21889, 21892,
       21986, 22116, 22140, 22206, 22215, 22224, 22329, 22461, 22474,
       22486, 22489, 22628, 22664, 22696, 22715, 22733, 22775, 22794,
       22821, 22833, 22837, 22859, 22860, 23033, 23069, 23102, 23110,
       23116, 23144, 23151, 23198, 23199, 23249, 23265, 23314, 23364,
       23423, 23425, 23428, 23487, 23529, 23531, 23543, 23569, 23571,
       23602, 23649, 23672, 23708, 24041, 24115, 24285, 24295, 24321,
       24414, 24440, 24574, 24609, 24635, 24822, 24831, 24857, 24858,
       24897, 25006, 25044, 25074, 25116, 25156, 25270, 25279, 25288,
       25364, 25374, 25404, 25423, 25432, 25456, 25506, 25540, 25559,
       25580, 25626, 25679, 25719, 25732, 25733, 25752, 25784, 25810,
       25852, 25861, 25884, 25903, 26074, 26092, 26128, 26155, 26223,
       26276, 26347, 26368, 26415, 26424, 26497, 26512, 26547, 26596,
       26604, 26632, 26662, 26677, 26772, 27006, 27094, 27112, 27209,
       27270, 27306, 27336, 27343, 27369, 27462, 27478, 27479, 27573,
       27578, 27623, 27688, 27690, 27743, 27788, 27809, 27946, 28008,
       28058, 28138, 28154, 28183, 28204, 28219, 28230, 28254, 28301,
       28311, 28367, 28430, 28494, 28536, 28548, 28619, 28623, 28711,
       28729, 28776, 28800, 28856, 28894, 28899, 28902, 28959, 29012,
       29068, 29070, 29222, 29297, 29313, 29353, 29371, 29386, 29389,
       29402, 29476, 29486, 29542, 29545, 29548, 29576, 29589, 29595,
       29665, 29817, 29821, 29882, 29907, 29932, 29939, 29945, 30000,
       30049, 30183, 30202, 30252, 30294, 30303, 30391, 30455, 30545,
       30620, 30676, 30733, 30835, 30857, 30879, 30884, 30886, 30907,
       31023, 31106, 31141, 31149, 31160, 31164, 31280, 31323, 31335,
       31385, 31389, 31471, 31635, 31649, 31682, 31700, 31745, 31769,
       31785, 31837, 31848, 31856, 31914, 31932, 31941, 31975, 31980,
       32001, 32035, 32043, 32120, 32381, 32403, 32412, 32439, 32583,
       32593, 32657, 32667, 32668, 32676, 32708, 32714, 32722, 32792,
       32798, 32808, 32819, 32845, 32907, 33051, 33088, 33113, 33120,
       33175, 33192, 33217, 33250, 33264, 33336, 33379, 33461, 33471,
       33514, 33538, 33562, 33569, 33582, 33584, 33705, 33772, 33811,
       33818, 33822, 33884, 33885, 33892, 33893, 33959, 34008, 34078,
       34209, 34301, 34353, 34400, 34448, 34454, 34479, 34523, 34564,
       34604, 34671, 34748, 34794, 34866, 34931, 34990, 34991, 35210,
       35247, 35258, 35460, 35466, 35515, 35581, 35601, 35626, 35680,
       35682, 35690, 35742, 35805, 35859, 35922, 35948, 36040, 36106,
       36170, 36214, 36252, 36281, 36412, 36420, 36448, 36462, 36467,
       36506, 36528, 36563, 36567, 36639, 36683, 36691, 36709, 36734,
       36756, 36813, 36858, 36917, 36919, 36927, 36943, 36973, 37024,
       37043, 37147, 37212, 37240, 37272, 37310, 37365, 37426, 37449,
       37513, 37532, 37573, 37623, 37639, 37697, 37698, 37743, 37755,
       37798, 37815, 37924, 37942, 37959, 37988, 38036, 38041, 38062,
       38184, 38361, 38380, 38474, 38488, 38525, 38536, 38567, 38573,
       38575, 38625, 38627, 38891, 38932, 38993, 38996, 39020, 39023,
       39025, 39198, 39224, 39231, 39235, 39404, 39455, 39560, 39617,
       39657, 39667, 39703, 39740, 39828, 39869, 39889, 39906, 39908,
       39996, 40012, 40016, 40029, 40086, 40095, 40098, 40127, 40193,
       40232, 40278, 40499, 40531, 40621, 40672, 40812, 40833, 40838,
       40857, 40912, 40932, 40955, 41011, 41069, 41143, 41187, 41241,
       41482, 41498, 41525, 41527, 41580, 41583, 41599, 41642, 41752,
       41832, 41866, 41869, 41961, 41965, 41994, 42022, 42082, 42085,
       42108, 42164, 42206, 42212, 42226, 42271, 42272, 42274, 42372,
       42446, 42483, 42510, 42535, 42587, 42705, 42761, 42783, 42851,
       42855, 42857, 43025, 43058, 43069, 43126, 43132, 43210, 43225,
       43229, 43314, 43350, 43392, 43427, 43448, 43469, 43470, 43561,
       43578, 43601, 43693, 43722, 43725, 43732, 43746, 43755, 43775,
       43812, 43831, 43891, 43905, 43962, 44094, 44102, 44164, 44168,
       44197, 44202, 44268, 44435, 44568, 44569, 44597, 44618, 44654,
       44732, 44811, 44833, 44914, 45010, 45091, 45098, 45207, 45244,
       45311, 45317, 45357, 45464, 45558, 45625, 45626, 45651, 45662,
       45669, 45779, 45794, 45849, 45851, 45873, 45927, 45934, 46008,
       46079, 46107, 46112, 46117, 46204, 46272, 46325, 46342, 46347,
       46362, 46416, 46432, 46524, 46569, 46631, 46692, 46746, 46799,
       46871, 46875, 46879, 47041, 47099, 47141, 47243, 47274, 47295,
       47296, 47321, 47379, 47402, 47416, 47454, 47457, 47470, 47484,
       47497, 47499, 47500, 47520, 47523, 47555, 47559, 47626, 47707,
       47800, 47858, 47873, 48040, 48079, 48128, 48158, 48181, 48222,
       48250, 48280, 48282, 48290, 48338, 48404, 48411, 48466, 48603,
       48613, 48647, 48655, 48733, 48742, 48778, 48811, 48852, 48895]), array([    7,     9,    35,   157,   171,   194,   254,   356,   414,
         610,   698,   730,   778,   825,   827,   934,   998,  1103,
        1113,  1262,  1470,  1551,  1648,  1707,  1822,  1856,  1865,
        1880,  1895,  1907,  1962,  2065,  2113,  2204,  2260,  2291,
        2295,  2298,  2317,  2357,  2406,  2437,  2455,  2497,  2567,
        2732,  2755,  2924,  2996,  3013,  3025,  3080,  3212,  3219,
        3256,  3540,  3556,  3581,  3626,  3709,  3711,  3903,  3946,
        3998,  4031,  4047,  4097,  4106,  4166,  4176,  4274,  4419,
        4466,  4494,  4500,  4596,  4621,  4779,  4789,  4800,  4804,
        5058,  5166,  5172,  5211,  5277,  5341,  5388,  5426,  5454,
        5487,  5510,  5597,  5658,  5671,  5708,  5790,  5828,  5873,
        5875,  5960,  6028,  6117,  6157,  6161,  6165,  6184,  6207,
        6335,  6362,  6373,  6388,  6410,  6440,  6496,  6552,  6567,
        6610,  6629,  6661,  6694,  6731,  6746,  6830,  6850,  6856,
        6862,  6893,  6938,  6941,  6963,  7042,  7049,  7133,  7144,
        7189,  7241,  7253,  7418,  7421,  7465,  7651,  7676,  7740,
        7766,  7767,  7893,  7905,  7969,  7981,  8026,  8076,  8148,
        8153,  8197,  8245,  8333,  8441,  8453,  8486,  8492,  8573,
        8579,  8645,  8705,  8712,  8722,  8734,  8773,  8896,  9024,
        9029,  9056,  9092,  9130,  9411,  9504,  9603,  9647,  9720,
        9759,  9767,  9774,  9809,  9848,  9885,  9934,  9953,  9957,
       10021, 10039, 10112, 10115, 10155, 10165, 10178, 10218, 10286,
       10341, 10343, 10423, 10485, 10554, 10622, 10677, 11007, 11128,
       11160, 11196, 11214, 11231, 11233, 11254, 11275, 11278, 11286,
       11354, 11365, 11388, 11394, 11452, 11557, 11567, 11620, 11625,
       11810, 11992, 12001, 12291, 12293, 12334, 12374, 12394, 12419,
       12481, 12497, 12520, 12602, 12737, 12738, 12766, 12779, 12800,
       12845, 12923, 13045, 13115, 13121, 13124, 13190, 13230, 13263,
       13380, 13387, 13457, 13619, 13623, 13634, 13808, 13863, 13916,
       13934, 13937, 13973, 14035, 14087, 14113, 14143, 14164, 14288,
       14394, 14444, 14447, 14469, 14603, 14615, 14631, 14682, 14685,
       14755, 14882, 14993, 15024, 15041, 15063, 15087, 15116, 15155,
       15177, 15204, 15423, 15497, 15512, 15515, 15567, 15775, 15855,
       15881, 15911, 16142, 16157, 16177, 16228, 16260, 16335, 16337,
       16483, 16522, 16547, 16612, 16662, 16668, 16672, 16703, 16779,
       16847, 16934, 16965, 17035, 17068, 17129, 17176, 17229, 17301,
       17405, 17456, 17478, 17519, 17558, 17624, 17642, 17662, 17676,
       18063, 18210, 18251, 18298, 18319, 18326, 18389, 18422, 18465,
       18541, 18544, 18567, 18688, 18747, 18787, 18803, 18825, 18886,
       18908, 18928, 18982, 19037, 19049, 19054, 19061, 19135, 19175,
       19214, 19382, 19389, 19411, 19430, 19455, 19485, 19526, 19556,
       19633, 19663, 19694, 19757, 19845, 19970, 20032, 20175, 20201,
       20292, 20373, 20474, 20569, 20597, 20695, 20770, 20827, 20851,
       20858, 20913, 20956, 20963, 21001, 21149, 21163, 21165, 21181,
       21253, 21271, 21326, 21343, 21401, 21432, 21449, 21474, 21591,
       21669, 21752, 21772, 21872, 21881, 21889, 21966, 21986, 22116,
       22155, 22206, 22215, 22224, 22329, 22461, 22474, 22486, 22489,
       22715, 22775, 22794, 22821, 22833, 22837, 22859, 22860, 23069,
       23102, 23110, 23116, 23151, 23198, 23199, 23249, 23265, 23314,
       23364, 23423, 23428, 23487, 23529, 23531, 23569, 23571, 23602,
       23649, 23672, 24041, 24115, 24285, 24321, 24440, 24574, 24609,
       24635, 24822, 24831, 24857, 24897, 25044, 25074, 25116, 25270,
       25288, 25364, 25374, 25423, 25432, 25456, 25506, 25540, 25559,
       25580, 25659, 25679, 25719, 25732, 25733, 25752, 25784, 25810,
       25852, 25861, 25884, 26074, 26092, 26128, 26155, 26276, 26347,
       26368, 26415, 26497, 26512, 26547, 26596, 26604, 26632, 26662,
       26677, 26772, 27006, 27094, 27112, 27209, 27270, 27306, 27336,
       27343, 27369, 27462, 27479, 27573, 27578, 27623, 27688, 27690,
       27743, 27788, 27809, 27946, 28058, 28138, 28154, 28183, 28204,
       28219, 28230, 28254, 28301, 28311, 28367, 28430, 28494, 28536,
       28548, 28729, 28776, 28800, 28856, 28894, 28902, 28959, 29012,
       29068, 29070, 29222, 29297, 29313, 29353, 29371, 29386, 29389,
       29402, 29476, 29542, 29545, 29548, 29576, 29589, 29595, 29665,
       29817, 29821, 29882, 29907, 29932, 29939, 29945, 30000, 30183,
       30202, 30252, 30294, 30303, 30391, 30455, 30545, 30620, 30676,
       30733, 30835, 30857, 30879, 30884, 30886, 30907, 31023, 31106,
       31149, 31160, 31164, 31280, 31323, 31335, 31635, 31649, 31682,
       31700, 31745, 31769, 31785, 31837, 31856, 31932, 31941, 31980,
       32001, 32035, 32043, 32381, 32412, 32439, 32522, 32583, 32593,
       32657, 32667, 32668, 32676, 32708, 32714, 32722, 32792, 32798,
       32808, 32819, 32845, 32907, 33051, 33088, 33120, 33175, 33192,
       33217, 33250, 33264, 33336, 33379, 33461, 33471, 33514, 33538,
       33562, 33569, 33582, 33584, 33705, 33772, 33811, 33818, 33822,
       33884, 33885, 33893, 34008, 34078, 34209, 34301, 34353, 34400,
       34448, 34454, 34479, 34523, 34564, 34604, 34671, 34748, 34794,
       34866, 34931, 34990, 34991, 35247, 35258, 35460, 35466, 35515,
       35581, 35626, 35680, 35682, 35690, 35742, 35805, 35859, 35922,
       35948, 36040, 36106, 36170, 36252, 36281, 36412, 36420, 36448,
       36462, 36467, 36506, 36528, 36534, 36563, 36567, 36639, 36683,
       36709, 36734, 36813, 36858, 36917, 36919, 36927, 36943, 36973,
       37024, 37043, 37147, 37212, 37240, 37272, 37310, 37365, 37426,
       37449, 37513, 37532, 37573, 37623, 37639, 37697, 37698, 37743,
       37755, 37798, 37815, 37942, 37959, 37988, 38036, 38041, 38062,
       38361, 38380, 38474, 38488, 38536, 38567, 38573, 38575, 38625,
       38627, 38891, 38932, 38993, 38996, 39023, 39025, 39198, 39224,
       39231, 39235, 39404, 39455, 39560, 39617, 39657, 39667, 39703,
       39740, 39802, 39828, 39869, 39889, 39906, 39908, 39996, 40012,
       40016, 40086, 40095, 40098, 40127, 40232, 40278, 40499, 40531,
       40621, 40672, 40812, 40833, 40838, 40857, 40912, 40932, 40955,
       41011, 41069, 41143, 41187, 41241, 41482, 41498, 41525, 41580,
       41599, 41642, 41752, 41832, 41866, 41961, 41965, 41994, 42022,
       42082, 42085, 42097, 42108, 42206, 42212, 42271, 42272, 42274,
       42446, 42483, 42510, 42535, 42587, 42705, 42761, 42851, 42857,
       43025, 43069, 43126, 43132, 43210, 43225, 43229, 43314, 43392,
       43448, 43469, 43470, 43561, 43578, 43722, 43732, 43746, 43755,
       43775, 43812, 43831, 43891, 43905, 43962, 44102, 44164, 44168,
       44197, 44202, 44268, 44435, 44568, 44569, 44597, 44654, 44732,
       44811, 44833, 44914, 45010, 45091, 45098, 45181, 45207, 45244,
       45311, 45464, 45558, 45625, 45651, 45662, 45669, 45779, 45794,
       45849, 45851, 45873, 45927, 45934, 46008, 46079, 46107, 46112,
       46117, 46195, 46272, 46325, 46342, 46347, 46362, 46416, 46432,
       46524, 46631, 46692, 46746, 46799, 46871, 46879, 47041, 47099,
       47141, 47243, 47274, 47296, 47321, 47379, 47416, 47457, 47470,
       47484, 47497, 47500, 47520, 47523, 47555, 47626, 47707, 47800,
       47858, 47873, 48040, 48079, 48128, 48158, 48181, 48222, 48250,
       48280, 48282, 48290, 48338, 48613, 48647, 48655, 48733, 48742,
       48778, 48811, 48852, 48895]), array([    7,     9,    35,   151,   171,   194,   254,   414,   610,
         825,   827,  1103,  1113,  1262,  1343,  1470,  1551,  1648,
        1707,  1822,  1856,  1865,  1880,  1895,  2113,  2204,  2260,
        2291,  2295,  2298,  2317,  2357,  2406,  2437,  2455,  2497,
        2567,  2732,  2755,  2924,  2996,  3013,  3025,  3080,  3212,
        3219,  3256,  3540,  3556,  3581,  3709,  3711,  3903,  3946,
        3998,  4031,  4097,  4106,  4166,  4176,  4274,  4419,  4466,
        4596,  4621,  4655,  4779,  4789,  4800,  4804,  5058,  5166,
        5172,  5211,  5277,  5341,  5388,  5426,  5454,  5487,  5510,
        5597,  5658,  5671,  5708,  5790,  5828,  5873,  5875,  5960,
        6028,  6117,  6161,  6165,  6184,  6207,  6335,  6362,  6388,
        6410,  6440,  6496,  6552,  6567,  6610,  6629,  6661,  6694,
        6746,  6830,  6850,  6862,  6893,  6938,  6941,  6963,  7042,
        7049,  7133,  7144,  7241,  7253,  7418,  7421,  7465,  7676,
        7740,  7766,  7767,  7893,  7905,  7969,  7981,  8026,  8076,
        8148,  8197,  8245,  8333,  8453,  8486,  8492,  8573,  8645,
        8705,  8712,  8722,  8734,  8773,  8896,  9024,  9029,  9056,
        9092,  9130,  9193,  9411,  9504,  9603,  9647,  9720,  9767,
        9774,  9809,  9848,  9885,  9934,  9953,  9957, 10021, 10039,
       10112, 10115, 10155, 10165, 10178, 10218, 10341, 10343, 10423,
       10485, 10554, 10622, 10677, 11007, 11128, 11160, 11196, 11214,
       11233, 11254, 11286, 11354, 11388, 11394, 11452, 11557, 11567,
       11620, 11625, 11810, 11992, 12293, 12334, 12374, 12394, 12419,
       12481, 12497, 12520, 12602, 12737, 12738, 12766, 12779, 12845,
       12923, 13115, 13124, 13190, 13230, 13380, 13387, 13457, 13619,
       13623, 13634, 13808, 13863, 13916, 13934, 13937, 13973, 14035,
       14087, 14113, 14143, 14288, 14394, 14444, 14447, 14469, 14603,
       14631, 14685, 14755, 14882, 14993, 15024, 15041, 15063, 15087,
       15155, 15177, 15204, 15305, 15423, 15497, 15512, 15515, 15567,
       15775, 15855, 15881, 15911, 16142, 16157, 16228, 16260, 16335,
       16337, 16522, 16612, 16668, 16672, 16703, 16779, 16847, 17035,
       17068, 17129, 17176, 17229, 17301, 17405, 17456, 17519, 17558,
       17624, 17642, 17662, 17676, 18063, 18210, 18298, 18319, 18389,
       18465, 18544, 18567, 18688, 18747, 18787, 18825, 18886, 18908,
       18928, 18982, 19037, 19049, 19054, 19061, 19135, 19175, 19214,
       19382, 19411, 19430, 19455, 19485, 19526, 19556, 19633, 19663,
       19694, 19726, 19757, 19970, 20175, 20201, 20292, 20373, 20474,
       20569, 20597, 20695, 20770, 20827, 20851, 20913, 20956, 20963,
       21001, 21149, 21163, 21165, 21181, 21253, 21271, 21326, 21343,
       21401, 21432, 21449, 21570, 21591, 21669, 21752, 21772, 21872,
       21881, 21889, 21892, 21986, 22116, 22155, 22206, 22215, 22224,
       22329, 22461, 22474, 22486, 22489, 22715, 22775, 22791, 22794,
       22821, 22833, 22837, 22859, 23033, 23069, 23102, 23110, 23144,
       23151, 23199, 23249, 23265, 23314, 23364, 23423, 23428, 23487,
       23529, 23531, 23569, 23571, 23649, 23672, 24041, 24115, 24285,
       24295, 24321, 24440, 24574, 24609, 24635, 24822, 24831, 24857,
       24897, 25044, 25074, 25116, 25270, 25288, 25364, 25374, 25423,
       25432, 25506, 25540, 25559, 25580, 25679, 25719, 25732, 25733,
       25752, 25784, 25810, 25852, 25861, 25884, 26074, 26092, 26128,
       26155, 26276, 26347, 26368, 26415, 26512, 26547, 26596, 26604,
       26632, 26662, 26677, 26772, 27006, 27094, 27112, 27209, 27270,
       27306, 27343, 27369, 27462, 27479, 27573, 27578, 27623, 27688,
       27690, 27743, 27809, 27946, 28008, 28058, 28138, 28154, 28183,
       28204, 28219, 28254, 28301, 28311, 28367, 28430, 28494, 28536,
       28548, 28729, 28776, 28800, 28856, 28894, 28902, 28959, 29012,
       29068, 29070, 29222, 29297, 29313, 29353, 29371, 29386, 29389,
       29402, 29476, 29542, 29545, 29548, 29576, 29589, 29595, 29665,
       29817, 29821, 29882, 29907, 29932, 29939, 29945, 30000, 30183,
       30202, 30252, 30294, 30391, 30545, 30620, 30676, 30733, 30835,
       30857, 30879, 30884, 30886, 30907, 31023, 31106, 31149, 31164,
       31280, 31323, 31389, 31635, 31649, 31682, 31700, 31745, 31769,
       31785, 31837, 31932, 31941, 31980, 32001, 32035, 32043, 32412,
       32439, 32522, 32583, 32593, 32657, 32667, 32668, 32676, 32708,
       32714, 32722, 32792, 32798, 32808, 32819, 32845, 32907, 33051,
       33088, 33120, 33175, 33192, 33217, 33264, 33336, 33379, 33461,
       33471, 33514, 33538, 33562, 33569, 33582, 33584, 33616, 33705,
       33772, 33811, 33818, 33822, 33884, 33885, 33893, 34008, 34078,
       34209, 34301, 34353, 34400, 34448, 34454, 34479, 34523, 34564,
       34604, 34748, 34794, 34866, 34931, 34990, 34991, 35258, 35460,
       35466, 35515, 35581, 35626, 35680, 35682, 35690, 35742, 35805,
       35859, 35922, 35948, 36170, 36252, 36281, 36412, 36420, 36448,
       36462, 36467, 36506, 36528, 36563, 36567, 36639, 36683, 36709,
       36734, 36813, 36858, 36919, 36927, 36943, 36973, 37024, 37043,
       37147, 37212, 37272, 37310, 37426, 37449, 37513, 37532, 37573,
       37623, 37639, 37697, 37743, 37755, 37815, 37942, 37959, 37988,
       38036, 38041, 38062, 38303, 38361, 38432, 38474, 38488, 38536,
       38567, 38573, 38575, 38625, 38627, 38891, 38932, 38993, 38996,
       39023, 39025, 39198, 39231, 39235, 39404, 39455, 39617, 39657,
       39667, 39703, 39740, 39802, 39828, 39869, 39889, 39906, 39996,
       40012, 40016, 40086, 40095, 40098, 40278, 40499, 40531, 40621,
       40672, 40812, 40833, 40838, 40857, 40912, 40932, 40955, 41011,
       41069, 41143, 41241, 41482, 41498, 41599, 41642, 41752, 41832,
       41866, 41961, 41965, 42082, 42085, 42108, 42206, 42212, 42271,
       42272, 42274, 42372, 42446, 42483, 42510, 42587, 42705, 42761,
       42851, 42857, 43025, 43069, 43126, 43132, 43210, 43225, 43229,
       43314, 43392, 43448, 43469, 43470, 43561, 43578, 43693, 43722,
       43725, 43732, 43746, 43755, 43775, 43831, 43891, 43905, 43962,
       44102, 44164, 44168, 44202, 44268, 44435, 44568, 44569, 44597,
       44654, 44732, 44811, 44833, 44914, 45010, 45091, 45098, 45207,
       45311, 45464, 45625, 45651, 45662, 45669, 45779, 45794, 45851,
       45873, 45927, 45934, 46008, 46079, 46107, 46112, 46117, 46195,
       46272, 46325, 46342, 46347, 46362, 46416, 46524, 46631, 46692,
       46799, 46871, 46879, 47041, 47141, 47274, 47295, 47296, 47321,
       47379, 47416, 47457, 47470, 47484, 47497, 47500, 47520, 47523,
       47555, 47626, 47707, 47800, 47858, 47873, 48040, 48079, 48158,
       48181, 48222, 48250, 48280, 48282, 48290, 48338, 48613, 48647,
       48655, 48733, 48742, 48778, 48811, 48852, 48895]), array([    7,     9,    35,   171,   194,   254,   414,   610,   825,
         827,   998,  1103,  1113,  1343,  1470,  1551,  1648,  1707,
        1822,  1856,  1865,  1880,  1895,  1962,  2204,  2260,  2291,
        2298,  2317,  2357,  2406,  2437,  2455,  2497,  2567,  2732,
        2755,  2924,  2996,  3013,  3025,  3080,  3212,  3219,  3256,
        3581,  3711,  3946,  3998,  4097,  4106,  4166,  4170,  4176,
        4274,  4419,  4466,  4596,  4655,  4779,  4789,  4800,  4804,
        5058,  5166,  5211,  5277,  5341,  5426,  5454,  5487,  5510,
        5597,  5658,  5671,  5708,  5790,  5828,  5873,  5875,  5960,
        6028,  6117,  6161,  6165,  6207,  6335,  6362,  6373,  6388,
        6410,  6440,  6496,  6552,  6629,  6661,  6850,  6862,  6893,
        6938,  6941,  6963,  7042,  7049,  7133,  7144,  7241,  7253,
        7418,  7421,  7465,  7676,  7740,  7766,  7767,  7893,  7905,
        7969,  7981,  8026,  8076,  8148,  8197,  8245,  8333,  8453,
        8486,  8492,  8573,  8645,  8705,  8712,  8722,  8734,  8773,
        8896,  9024,  9029,  9056,  9092,  9130,  9411,  9504,  9603,
        9647,  9720,  9767,  9774,  9809,  9848,  9885,  9934,  9953,
       10021, 10039, 10112, 10115, 10155, 10165, 10178, 10218, 10341,
       10343, 10423, 10485, 10554, 10622, 10677, 11007, 11128, 11160,
       11196, 11214, 11233, 11254, 11354, 11365, 11388, 11394, 11452,
       11567, 11620, 11625, 11626, 11810, 11992, 12001, 12293, 12334,
       12374, 12394, 12419, 12481, 12497, 12520, 12602, 12737, 12738,
       12766, 12779, 12845, 12923, 13115, 13124, 13190, 13230, 13380,
       13387, 13457, 13619, 13623, 13634, 13808, 13863, 13916, 13934,
       13937, 13973, 14035, 14113, 14143, 14164, 14444, 14447, 14469,
       14603, 14631, 14682, 14685, 14755, 14882, 14993, 15024, 15041,
       15063, 15087, 15155, 15177, 15204, 15423, 15497, 15512, 15515,
       15567, 15688, 15775, 15855, 15881, 15911, 16142, 16157, 16228,
       16260, 16335, 16337, 16522, 16547, 16612, 16668, 16672, 16703,
       16779, 16847, 16965, 17035, 17068, 17129, 17176, 17229, 17301,
       17405, 17456, 17478, 17519, 17558, 17624, 17642, 17662, 17676,
       18063, 18210, 18298, 18319, 18389, 18465, 18544, 18567, 18688,
       18747, 18825, 18886, 18908, 18982, 18983, 19037, 19049, 19054,
       19135, 19175, 19214, 19382, 19411, 19430, 19455, 19485, 19526,
       19633, 19663, 19694, 19726, 19757, 19970, 20175, 20201, 20292,
       20373, 20474, 20569, 20597, 20695, 20770, 20827, 20851, 20913,
       20956, 20963, 21001, 21149, 21163, 21165, 21181, 21253, 21271,
       21343, 21401, 21432, 21591, 21752, 21772, 21872, 21889, 21892,
       21986, 22116, 22206, 22215, 22224, 22329, 22461, 22474, 22486,
       22489, 22715, 22775, 22794, 22821, 22833, 22837, 22859, 23069,
       23102, 23110, 23151, 23198, 23199, 23249, 23265, 23314, 23364,
       23423, 23487, 23531, 23569, 23571, 23649, 23672, 24041, 24285,
       24321, 24440, 24574, 24609, 24635, 24822, 24831, 24857, 24897,
       25044, 25074, 25116, 25270, 25288, 25364, 25374, 25423, 25432,
       25456, 25506, 25540, 25559, 25580, 25679, 25719, 25733, 25752,
       25784, 25810, 25861, 26074, 26092, 26128, 26155, 26276, 26347,
       26368, 26415, 26512, 26547, 26596, 26604, 26632, 26662, 26677,
       26772, 27006, 27094, 27112, 27209, 27270, 27306, 27343, 27462,
       27479, 27573, 27578, 27623, 27688, 27690, 27809, 27946, 28058,
       28138, 28154, 28183, 28204, 28219, 28230, 28254, 28301, 28311,
       28367, 28430, 28536, 28548, 28729, 28776, 28856, 28894, 28902,
       28959, 29012, 29070, 29222, 29313, 29353, 29371, 29386, 29389,
       29402, 29476, 29542, 29548, 29576, 29595, 29665, 29817, 29821,
       29882, 29907, 29939, 29945, 30000, 30183, 30202, 30252, 30294,
       30391, 30545, 30620, 30676, 30733, 30835, 30857, 30879, 30884,
       30886, 30907, 31149, 31164, 31280, 31323, 31635, 31649, 31682,
       31700, 31745, 31769, 31785, 31837, 31932, 31941, 31980, 32001,
       32035, 32043, 32381, 32412, 32439, 32522, 32583, 32593, 32657,
       32667, 32668, 32708, 32714, 32722, 32792, 32798, 32808, 32819,
       32845, 32907, 33051, 33088, 33120, 33175, 33192, 33217, 33264,
       33336, 33379, 33461, 33471, 33538, 33562, 33569, 33582, 33584,
       33705, 33772, 33811, 33818, 33822, 33884, 33885, 34008, 34078,
       34209, 34301, 34353, 34400, 34448, 34454, 34479, 34523, 34564,
       34604, 34748, 34794, 34866, 34990, 34991, 35258, 35460, 35466,
       35515, 35581, 35626, 35680, 35682, 35690, 35742, 35805, 35859,
       35922, 36040, 36252, 36281, 36448, 36462, 36467, 36506, 36528,
       36563, 36567, 36639, 36683, 36691, 36734, 36813, 36858, 36917,
       36927, 36943, 36973, 37024, 37043, 37147, 37212, 37272, 37310,
       37426, 37449, 37513, 37532, 37573, 37623, 37639, 37743, 37815,
       37942, 37959, 37988, 38036, 38041, 38062, 38361, 38474, 38488,
       38536, 38567, 38573, 38575, 38625, 38627, 38891, 38932, 38993,
       38996, 39023, 39025, 39198, 39231, 39235, 39404, 39455, 39657,
       39667, 39703, 39740, 39802, 39828, 39869, 39889, 39906, 39996,
       40012, 40016, 40086, 40095, 40098, 40499, 40621, 40672, 40812,
       40833, 40857, 40912, 40932, 40955, 41011, 41069, 41143, 41241,
       41482, 41498, 41599, 41642, 41752, 41832, 41866, 41961, 41965,
       42082, 42085, 42108, 42206, 42271, 42272, 42274, 42446, 42483,
       42510, 42587, 42705, 42761, 42851, 42857, 43025, 43069, 43126,
       43132, 43210, 43225, 43229, 43392, 43448, 43469, 43470, 43561,
       43578, 43722, 43725, 43755, 43775, 43891, 43905, 43962, 44102,
       44164, 44168, 44202, 44268, 44435, 44568, 44569, 44597, 44654,
       44732, 44811, 44833, 44914, 45010, 45091, 45098, 45207, 45244,
       45311, 45464, 45625, 45626, 45651, 45669, 45779, 45794, 45851,
       45873, 45927, 45934, 46008, 46079, 46112, 46117, 46272, 46342,
       46362, 46416, 46524, 46631, 46692, 46799, 46879, 47041, 47099,
       47141, 47274, 47296, 47321, 47379, 47416, 47470, 47484, 47497,
       47500, 47520, 47523, 47555, 47626, 47707, 47800, 47858, 47873,
       48040, 48079, 48158, 48181, 48222, 48250, 48280, 48282, 48290,
       48338, 48613, 48647, 48733, 48742, 48778, 48811, 48852, 48895]), array([    7,    35,   171,   254,   286,   414,   610,   825,   827,
         998,  1103,  1113,  1470,  1551,  1648,  1707,  1856,  1865,
        1880,  1895,  2204,  2260,  2291,  2298,  2317,  2357,  2406,
        2437,  2455,  2497,  2567,  2732,  2755,  2924,  2996,  3013,
        3025,  3080,  3212,  3219,  3256,  3556,  3581,  3711,  3903,
        3946,  3998,  4097,  4106,  4166,  4176,  4274,  4419,  4466,
        4596,  4779,  4789,  4800,  4804,  5058,  5166,  5172,  5211,
        5277,  5341,  5426,  5454,  5487,  5510,  5658,  5671,  5708,
        5828,  5873,  5875,  5960,  6028,  6117,  6161,  6165,  6207,
        6277,  6335,  6362,  6373,  6388,  6410,  6440,  6496,  6552,
        6629,  6661,  6694,  6850,  6862,  6893,  6938,  6941,  6963,
        7042,  7133,  7241,  7253,  7418,  7421,  7676,  7740,  7766,
        7767,  7893,  7905,  7969,  7981,  8026,  8076,  8148,  8197,
        8245,  8333,  8453,  8486,  8492,  8573,  8645,  8705,  8712,
        8722,  8734,  8773,  8896,  9024,  9029,  9056,  9092,  9411,
        9504,  9603,  9774,  9809,  9848,  9885,  9934, 10021, 10039,
       10112, 10115, 10155, 10165, 10178, 10343, 10423, 10485, 10554,
       10622, 10677, 11007, 11128, 11196, 11214, 11233, 11254, 11354,
       11388, 11567, 11620, 11625, 11810, 11992, 12293, 12334, 12374,
       12419, 12481, 12497, 12520, 12602, 12737, 12766, 12779, 12845,
       12923, 13115, 13124, 13190, 13230, 13380, 13387, 13457, 13634,
       13808, 13863, 13916, 13937, 13973, 14035, 14113, 14394, 14447,
       14469, 14603, 14631, 14685, 14755, 14882, 14993, 15024, 15041,
       15063, 15087, 15155, 15177, 15204, 15423, 15497, 15512, 15515,
       15567, 15775, 15855, 15881, 15911, 16142, 16157, 16228, 16260,
       16335, 16337, 16522, 16612, 16668, 16672, 16703, 16779, 16847,
       17035, 17068, 17176, 17229, 17301, 17405, 17456, 17519, 17558,
       17624, 17642, 17662, 17676, 18063, 18210, 18298, 18319, 18465,
       18544, 18567, 18688, 18747, 18825, 18886, 18908, 18982, 19037,
       19049, 19054, 19135, 19175, 19214, 19382, 19400, 19411, 19430,
       19455, 19485, 19526, 19633, 19663, 19757, 19970, 20175, 20292,
       20373, 20474, 20569, 20597, 20694, 20695, 20770, 20827, 20851,
       20913, 20956, 20963, 21001, 21149, 21163, 21181, 21253, 21271,
       21343, 21401, 21432, 21591, 21752, 21772, 21872, 21889, 21892,
       21986, 22116, 22206, 22224, 22329, 22461, 22474, 22486, 22489,
       22715, 22775, 22794, 22821, 22833, 22837, 22859, 22860, 23069,
       23102, 23110, 23151, 23199, 23249, 23265, 23314, 23364, 23423,
       23487, 23529, 23531, 23569, 23571, 23649, 23672, 24041, 24115,
       24285, 24295, 24321, 24440, 24574, 24609, 24635, 24822, 24831,
       24857, 24897, 25044, 25074, 25116, 25270, 25288, 25364, 25374,
       25423, 25506, 25540, 25559, 25580, 25679, 25719, 25733, 25752,
       25784, 25810, 25861, 26074, 26092, 26128, 26155, 26276, 26347,
       26368, 26415, 26512, 26547, 26596, 26604, 26632, 26662, 26677,
       26772, 27006, 27094, 27112, 27209, 27270, 27306, 27343, 27462,
       27479, 27573, 27578, 27623, 27688, 27690, 27809, 27946, 28058,
       28138, 28154, 28183, 28219, 28301, 28311, 28367, 28430, 28536,
       28548, 28729, 28776, 28856, 28894, 29012, 29070, 29222, 29313,
       29353, 29371, 29386, 29389, 29402, 29476, 29542, 29545, 29548,
       29576, 29595, 29665, 29817, 29882, 29907, 29939, 29945, 30000,
       30202, 30294, 30303, 30391, 30545, 30620, 30676, 30733, 30835,
       30857, 30879, 30907, 31149, 31164, 31280, 31323, 31635, 31649,
       31682, 31700, 31745, 31769, 31785, 31837, 31932, 31941, 31980,
       32001, 32035, 32043, 32412, 32439, 32583, 32593, 32657, 32667,
       32668, 32708, 32714, 32722, 32792, 32798, 32808, 32819, 32845,
       32907, 33051, 33088, 33120, 33175, 33192, 33217, 33264, 33336,
       33379, 33461, 33471, 33538, 33562, 33569, 33582, 33584, 33705,
       33772, 33811, 33818, 33822, 33884, 33885, 33893, 34008, 34078,
       34209, 34301, 34353, 34400, 34448, 34454, 34479, 34523, 34564,
       34604, 34748, 34794, 34866, 34931, 34990, 34991, 35258, 35460,
       35466, 35626, 35680, 35682, 35690, 35706, 35742, 35805, 35859,
       35922, 35948, 36252, 36281, 36462, 36467, 36528, 36567, 36639,
       36683, 36734, 36813, 36858, 36927, 36973, 37024, 37147, 37212,
       37272, 37310, 37426, 37449, 37513, 37532, 37573, 37623, 37639,
       37743, 37755, 37815, 37942, 37959, 37988, 38036, 38041, 38062,
       38361, 38474, 38488, 38536, 38567, 38573, 38575, 38932, 38993,
       38996, 39023, 39025, 39198, 39231, 39404, 39455, 39657, 39667,
       39740, 39828, 39869, 39889, 39906, 39996, 40012, 40016, 40086,
       40095, 40098, 40499, 40621, 40672, 40812, 40833, 40838, 40857,
       40912, 40932, 40955, 41011, 41069, 41143, 41482, 41498, 41599,
       41642, 41752, 41832, 41866, 41961, 41965, 42082, 42085, 42097,
       42108, 42271, 42272, 42274, 42446, 42483, 42510, 42587, 42705,
       42761, 42851, 42857, 43025, 43069, 43132, 43210, 43225, 43229,
       43392, 43469, 43470, 43561, 43578, 43693, 43722, 43746, 43755,
       43775, 43891, 43905, 43962, 44102, 44164, 44168, 44202, 44268,
       44568, 44569, 44597, 44654, 44732, 44811, 44833, 44914, 45010,
       45091, 45098, 45207, 45311, 45464, 45625, 45651, 45669, 45779,
       45794, 45851, 45873, 45927, 45934, 46008, 46079, 46112, 46117,
       46272, 46342, 46362, 46416, 46524, 46631, 46692, 46799, 46879,
       47041, 47099, 47141, 47243, 47274, 47296, 47321, 47379, 47416,
       47470, 47484, 47497, 47520, 47523, 47555, 47626, 47800, 47873,
       48040, 48079, 48158, 48181, 48222, 48280, 48282, 48290, 48338,
       48613, 48647, 48733, 48742, 48778, 48811, 48852, 48895]), array([    7,     9,    35,   113,   151,   171,   194,   254,   286,
         356,   414,   610,   647,   730,   778,   825,   827,   934,
         998,  1103,  1113,  1196,  1343,  1470,  1551,  1648,  1707,
        1822,  1856,  1865,  1880,  1895,  1962,  2065,  2113,  2204,
        2260,  2291,  2295,  2298,  2317,  2357,  2406,  2437,  2448,
        2455,  2497,  2567,  2732,  2755,  2924,  2950,  2996,  3013,
        3025,  3080,  3085,  3212,  3219,  3256,  3503,  3540,  3556,
        3561,  3579,  3581,  3709,  3711,  3903,  3946,  3998,  4031,
        4097,  4106,  4166,  4176,  4202,  4274,  4419,  4466,  4494,
        4500,  4596,  4621,  4646,  4655,  4771,  4778,  4779,  4789,
        4800,  4804,  5058,  5166,  5172,  5211,  5277,  5328,  5341,
        5388,  5426,  5454,  5487,  5510,  5658,  5671,  5708,  5790,
        5819,  5828,  5873,  5875,  5960,  6028,  6117,  6126,  6133,
        6161,  6165,  6184,  6207,  6241,  6277,  6335,  6362,  6373,
        6388,  6410,  6440,  6496,  6505,  6552,  6567,  6610,  6629,
        6661,  6675,  6685,  6689,  6694,  6746,  6830,  6850,  6856,
        6862,  6893,  6938,  6941,  6963,  7042,  7049,  7051,  7083,
        7133,  7144,  7189,  7241,  7253,  7418,  7421,  7435,  7465,
        7581,  7582,  7656,  7676,  7740,  7766,  7767,  7778,  7893,
        7905,  7949,  7969,  7981,  8026,  8076,  8148,  8149,  8153,
        8197,  8245,  8333,  8339,  8441,  8453,  8486,  8492,  8538,
        8547,  8573,  8579,  8645,  8705,  8712,  8722,  8734,  8773,
        8896,  9024,  9029,  9056,  9092,  9130,  9193,  9265,  9408,
        9411,  9504,  9603,  9647,  9720,  9767,  9774,  9799,  9809,
        9848,  9885,  9922,  9934,  9953, 10021, 10039, 10112, 10115,
       10135, 10155, 10165, 10178, 10273, 10341, 10343, 10423, 10485,
       10554, 10622, 10677, 11007, 11071, 11128, 11160, 11196, 11214,
       11233, 11254, 11304, 11354, 11358, 11388, 11394, 11452, 11485,
       11557, 11567, 11620, 11625, 11810, 11992, 12001, 12232, 12291,
       12293, 12328, 12332, 12334, 12374, 12394, 12419, 12481, 12497,
       12520, 12599, 12602, 12737, 12738, 12766, 12767, 12779, 12800,
       12845, 12923, 13083, 13115, 13121, 13124, 13183, 13190, 13230,
       13263, 13380, 13387, 13457, 13619, 13623, 13634, 13808, 13863,
       13916, 13934, 13937, 13973, 14035, 14083, 14087, 14113, 14116,
       14129, 14143, 14164, 14288, 14394, 14444, 14447, 14469, 14603,
       14631, 14682, 14685, 14755, 14821, 14882, 14935, 14993, 15024,
       15029, 15041, 15063, 15087, 15155, 15177, 15204, 15305, 15423,
       15487, 15497, 15512, 15515, 15567, 15570, 15622, 15688, 15775,
       15855, 15881, 15911, 16142, 16157, 16177, 16228, 16260, 16335,
       16337, 16522, 16547, 16609, 16612, 16668, 16672, 16703, 16779,
       16847, 16922, 16983, 17035, 17068, 17129, 17176, 17229, 17269,
       17301, 17405, 17456, 17478, 17519, 17558, 17624, 17642, 17662,
       17676, 17835, 17846, 18063, 18156, 18210, 18298, 18319, 18389,
       18465, 18541, 18544, 18567, 18688, 18747, 18803, 18825, 18886,
       18908, 18982, 19009, 19037, 19049, 19054, 19061, 19135, 19175,
       19214, 19265, 19382, 19389, 19400, 19411, 19430, 19455, 19485,
       19526, 19556, 19619, 19633, 19663, 19694, 19726, 19757, 19790,
       19845, 19970, 20032, 20175, 20201, 20292, 20373, 20441, 20474,
       20561, 20569, 20588, 20597, 20694, 20695, 20770, 20827, 20851,
       20913, 20956, 20963, 21001, 21149, 21163, 21164, 21165, 21181,
       21219, 21222, 21253, 21271, 21326, 21343, 21401, 21432, 21449,
       21474, 21522, 21570, 21591, 21601, 21669, 21752, 21755, 21772,
       21872, 21889, 21892, 21986, 22116, 22140, 22152, 22155, 22206,
       22215, 22224, 22262, 22329, 22461, 22474, 22486, 22489, 22664,
       22670, 22715, 22733, 22775, 22791, 22794, 22821, 22833, 22837,
       22859, 22860, 22873, 22983, 23033, 23069, 23096, 23102, 23110,
       23116, 23144, 23151, 23198, 23199, 23249, 23265, 23314, 23364,
       23423, 23425, 23428, 23487, 23529, 23531, 23569, 23571, 23602,
       23649, 23672, 23708, 23854, 23877, 24041, 24115, 24285, 24295,
       24321, 24414, 24415, 24416, 24440, 24574, 24609, 24635, 24822,
       24831, 24857, 24858, 24897, 25044, 25074, 25116, 25128, 25266,
       25270, 25288, 25327, 25364, 25374, 25404, 25423, 25432, 25456,
       25506, 25540, 25559, 25580, 25659, 25679, 25719, 25732, 25733,
       25752, 25784, 25810, 25852, 25861, 25884, 25903, 26074, 26092,
       26128, 26155, 26157, 26188, 26276, 26347, 26362, 26368, 26415,
       26512, 26547, 26596, 26604, 26632, 26662, 26677, 26772, 27006,
       27028, 27094, 27112, 27142, 27209, 27270, 27306, 27343, 27369,
       27462, 27479, 27573, 27578, 27623, 27688, 27690, 27743, 27788,
       27809, 27946, 28008, 28057, 28058, 28114, 28138, 28154, 28183,
       28204, 28219, 28230, 28250, 28254, 28301, 28311, 28312, 28367,
       28430, 28494, 28536, 28548, 28711, 28729, 28776, 28800, 28856,
       28894, 28899, 28902, 28959, 29012, 29070, 29222, 29297, 29313,
       29353, 29371, 29386, 29389, 29402, 29476, 29486, 29542, 29545,
       29548, 29576, 29589, 29595, 29644, 29665, 29817, 29821, 29882,
       29907, 29919, 29932, 29939, 29945, 30000, 30183, 30202, 30252,
       30294, 30303, 30346, 30391, 30455, 30516, 30545, 30620, 30676,
       30692, 30733, 30835, 30857, 30879, 30884, 30886, 30907, 31023,
       31106, 31149, 31160, 31164, 31280, 31323, 31389, 31471, 31508,
       31635, 31649, 31682, 31700, 31745, 31769, 31785, 31837, 31856,
       31914, 31932, 31941, 31975, 31980, 32001, 32035, 32043, 32069,
       32120, 32381, 32412, 32439, 32522, 32533, 32583, 32593, 32657,
       32667, 32668, 32676, 32708, 32714, 32722, 32792, 32798, 32808,
       32819, 32845, 32907, 32913, 33051, 33088, 33113, 33120, 33175,
       33192, 33217, 33264, 33336, 33379, 33461, 33471, 33514, 33538,
       33562, 33569, 33582, 33584, 33616, 33705, 33772, 33811, 33818,
       33822, 33884, 33885, 33892, 33893, 34008, 34078, 34194, 34209,
       34301, 34353, 34400, 34448, 34454, 34466, 34479, 34523, 34564,
       34604, 34671, 34742, 34748, 34794, 34866, 34931, 34990, 34991,
       35093, 35094, 35210, 35247, 35258, 35460, 35466, 35515, 35545,
       35556, 35581, 35626, 35680, 35682, 35690, 35706, 35805, 35859,
       35922, 35948, 36040, 36051, 36106, 36170, 36252, 36281, 36412,
       36420, 36448, 36462, 36467, 36506, 36523, 36528, 36534, 36563,
       36567, 36639, 36683, 36691, 36734, 36756, 36813, 36830, 36858,
       36881, 36917, 36919, 36927, 36943, 36973, 37024, 37043, 37147,
       37148, 37212, 37239, 37272, 37310, 37365, 37426, 37449, 37513,
       37532, 37573, 37623, 37639, 37697, 37743, 37755, 37798, 37815,
       37924, 37942, 37959, 37988, 38018, 38036, 38041, 38062, 38184,
       38303, 38361, 38380, 38432, 38474, 38488, 38525, 38536, 38550,
       38567, 38573, 38575, 38625, 38627, 38891, 38908, 38932, 38993,
       38996, 39023, 39025, 39198, 39231, 39235, 39404, 39455, 39509,
       39560, 39657, 39667, 39703, 39740, 39785, 39802, 39828, 39869,
       39889, 39891, 39906, 39996, 40012, 40016, 40029, 40086, 40095,
       40098, 40193, 40232, 40499, 40602, 40621, 40659, 40672, 40812,
       40833, 40838, 40848, 40857, 40912, 40932, 40955, 41011, 41069,
       41143, 41187, 41241, 41482, 41498, 41525, 41527, 41578, 41599,
       41635, 41642, 41752, 41780, 41832, 41866, 41961, 41965, 42022,
       42082, 42085, 42097, 42108, 42206, 42212, 42226, 42271, 42272,
       42274, 42372, 42446, 42457, 42483, 42510, 42587, 42670, 42705,
       42761, 42783, 42851, 42857, 42962, 43021, 43025, 43069, 43126,
       43132, 43210, 43225, 43229, 43275, 43350, 43392, 43427, 43448,
       43469, 43470, 43561, 43578, 43693, 43722, 43725, 43732, 43746,
       43755, 43775, 43812, 43831, 43891, 43905, 43962, 44102, 44164,
       44168, 44202, 44268, 44375, 44435, 44468, 44568, 44569, 44597,
       44654, 44732, 44794, 44811, 44833, 44914, 45010, 45091, 45098,
       45181, 45207, 45244, 45311, 45373, 45426, 45464, 45625, 45626,
       45651, 45662, 45669, 45779, 45794, 45851, 45873, 45877, 45901,
       45927, 45934, 46008, 46079, 46107, 46112, 46117, 46183, 46272,
       46325, 46342, 46347, 46362, 46416, 46432, 46524, 46631, 46692,
       46799, 46871, 46879, 46971, 47041, 47099, 47141, 47243, 47274,
       47295, 47296, 47321, 47342, 47379, 47391, 47416, 47454, 47470,
       47484, 47489, 47497, 47500, 47520, 47523, 47555, 47626, 47707,
       47759, 47800, 47858, 47873, 48040, 48079, 48122, 48128, 48158,
       48181, 48222, 48250, 48280, 48282, 48290, 48338, 48404, 48466,
       48484, 48603, 48613, 48647, 48655, 48733, 48742, 48778, 48796,
       48811, 48852, 48895]), array([    7,     9,    35,    37,   113,   151,   171,   194,   254,
         286,   356,   414,   503,   505,   610,   647,   730,   778,
         825,   827,   934,   998,  1103,  1113,  1196,  1343,  1470,
        1551,  1648,  1698,  1707,  1822,  1856,  1863,  1865,  1880,
        1895,  1907,  1962,  2037,  2065,  2162,  2204,  2260,  2291,
        2295,  2298,  2317,  2357,  2406,  2437,  2448,  2455,  2497,
        2567,  2732,  2755,  2782,  2788,  2924,  2950,  2996,  3013,
        3025,  3080,  3085,  3176,  3212,  3219,  3256,  3353,  3540,
        3556,  3561,  3579,  3581,  3626,  3711,  3903,  3946,  3998,
        4047,  4097,  4106,  4166,  4176,  4202,  4274,  4394,  4419,
        4466,  4494,  4596,  4621,  4646,  4655,  4778,  4779,  4789,
        4800,  4804,  4849,  4963,  5058,  5166,  5172,  5211,  5277,
        5328,  5341,  5388,  5426,  5454,  5487,  5510,  5548,  5658,
        5671,  5708,  5776,  5790,  5819,  5828,  5873,  5875,  5960,
        6028,  6117,  6133,  6161,  6165,  6184,  6207,  6241,  6277,
        6335,  6362,  6373,  6388,  6410,  6440,  6496,  6505,  6552,
        6567,  6610,  6629,  6661,  6675,  6685,  6689,  6694,  6830,
        6850,  6856,  6862,  6893,  6938,  6941,  6963,  7042,  7049,
        7051,  7083,  7106,  7133,  7144,  7189,  7241,  7253,  7255,
        7417,  7418,  7421,  7435,  7465,  7581,  7582,  7651,  7656,
        7676,  7740,  7766,  7767,  7778,  7893,  7905,  7949,  7969,
        7981,  8015,  8026,  8076,  8148,  8149,  8153,  8197,  8245,
        8333,  8339,  8441,  8453,  8486,  8492,  8538,  8547,  8573,
        8579,  8645,  8705,  8712,  8722,  8734,  8773,  8896,  9024,
        9029,  9056,  9092,  9130,  9193,  9262,  9265,  9408,  9411,
        9504,  9603,  9647,  9720,  9767,  9774,  9799,  9809,  9848,
        9849,  9885,  9922,  9934,  9953, 10021, 10039, 10112, 10115,
       10135, 10155, 10165, 10178, 10273, 10331, 10341, 10343, 10423,
       10485, 10554, 10622, 10677, 10789, 11007, 11071, 11128, 11140,
       11160, 11196, 11214, 11233, 11254, 11304, 11354, 11358, 11388,
       11394, 11452, 11485, 11557, 11567, 11620, 11625, 11810, 11992,
       12001, 12200, 12232, 12291, 12293, 12327, 12328, 12332, 12334,
       12374, 12394, 12419, 12481, 12497, 12520, 12599, 12602, 12737,
       12738, 12766, 12767, 12779, 12800, 12845, 12923, 13045, 13083,
       13115, 13121, 13124, 13183, 13190, 13230, 13263, 13380, 13387,
       13457, 13619, 13623, 13634, 13677, 13786, 13808, 13863, 13916,
       13934, 13937, 13973, 14001, 14035, 14083, 14087, 14113, 14116,
       14129, 14143, 14144, 14164, 14201, 14288, 14394, 14444, 14447,
       14469, 14603, 14631, 14682, 14685, 14725, 14755, 14821, 14882,
       14935, 14993, 15024, 15029, 15041, 15063, 15087, 15155, 15177,
       15204, 15305, 15423, 15487, 15497, 15512, 15515, 15549, 15567,
       15570, 15622, 15688, 15775, 15788, 15855, 15881, 15911, 16042,
       16142, 16157, 16177, 16228, 16260, 16335, 16337, 16483, 16513,
       16522, 16547, 16609, 16612, 16662, 16668, 16672, 16703, 16779,
       16847, 16922, 16965, 16983, 17035, 17068, 17129, 17176, 17229,
       17269, 17301, 17330, 17405, 17456, 17519, 17558, 17624, 17642,
       17662, 17676, 17835, 17846, 18063, 18116, 18120, 18156, 18210,
       18251, 18298, 18319, 18326, 18406, 18422, 18465, 18541, 18544,
       18567, 18688, 18747, 18803, 18825, 18871, 18886, 18908, 18928,
       18982, 19009, 19036, 19037, 19049, 19054, 19061, 19135, 19175,
       19214, 19265, 19382, 19389, 19400, 19411, 19430, 19455, 19485,
       19526, 19556, 19633, 19663, 19694, 19726, 19757, 19790, 19845,
       19970, 20032, 20175, 20201, 20292, 20373, 20441, 20470, 20474,
       20561, 20569, 20588, 20597, 20694, 20695, 20770, 20827, 20851,
       20882, 20903, 20913, 20956, 20963, 21001, 21149, 21163, 21164,
       21165, 21181, 21219, 21222, 21253, 21271, 21326, 21343, 21350,
       21401, 21432, 21449, 21474, 21522, 21570, 21591, 21669, 21752,
       21755, 21772, 21816, 21872, 21889, 21892, 21966, 21986, 21997,
       22116, 22140, 22152, 22155, 22206, 22215, 22224, 22241, 22262,
       22329, 22461, 22474, 22486, 22489, 22664, 22670, 22715, 22733,
       22775, 22791, 22794, 22821, 22833, 22837, 22859, 22860, 22962,
       22983, 23033, 23069, 23096, 23102, 23110, 23116, 23144, 23151,
       23198, 23199, 23243, 23249, 23265, 23314, 23364, 23409, 23423,
       23425, 23487, 23510, 23529, 23531, 23569, 23571, 23602, 23649,
       23672, 23708, 23854, 23877, 24041, 24115, 24285, 24295, 24321,
       24354, 24414, 24415, 24416, 24440, 24574, 24609, 24635, 24822,
       24831, 24857, 24858, 24897, 25044, 25074, 25116, 25128, 25266,
       25270, 25288, 25327, 25364, 25374, 25404, 25423, 25432, 25456,
       25506, 25540, 25559, 25580, 25626, 25659, 25679, 25719, 25732,
       25733, 25752, 25784, 25810, 25852, 25861, 25884, 25903, 26074,
       26092, 26128, 26132, 26155, 26188, 26276, 26347, 26362, 26368,
       26415, 26424, 26435, 26512, 26547, 26564, 26596, 26604, 26632,
       26662, 26671, 26677, 26684, 26772, 26839, 27006, 27028, 27094,
       27112, 27142, 27209, 27270, 27306, 27343, 27369, 27462, 27479,
       27573, 27578, 27623, 27688, 27690, 27743, 27788, 27809, 27946,
       27999, 28008, 28057, 28058, 28114, 28138, 28154, 28183, 28204,
       28219, 28230, 28250, 28254, 28301, 28311, 28312, 28367, 28430,
       28536, 28548, 28623, 28711, 28729, 28776, 28800, 28856, 28894,
       28899, 28902, 28959, 29012, 29028, 29070, 29222, 29297, 29313,
       29353, 29371, 29386, 29389, 29402, 29476, 29486, 29542, 29545,
       29548, 29576, 29589, 29595, 29644, 29665, 29817, 29821, 29882,
       29907, 29919, 29932, 29939, 29945, 30000, 30060, 30138, 30159,
       30183, 30202, 30252, 30294, 30303, 30346, 30391, 30455, 30516,
       30545, 30620, 30676, 30692, 30733, 30835, 30857, 30879, 30884,
       30886, 30907, 31023, 31106, 31149, 31160, 31164, 31280, 31323,
       31389, 31471, 31504, 31508, 31635, 31649, 31682, 31700, 31745,
       31769, 31785, 31837, 31856, 31914, 31932, 31941, 31980, 32001,
       32035, 32043, 32069, 32120, 32343, 32381, 32412, 32439, 32522,
       32583, 32593, 32657, 32667, 32668, 32676, 32708, 32714, 32722,
       32792, 32798, 32808, 32819, 32845, 32907, 32913, 33051, 33088,
       33120, 33175, 33192, 33217, 33264, 33336, 33379, 33461, 33471,
       33514, 33538, 33562, 33569, 33582, 33584, 33616, 33705, 33772,
       33811, 33818, 33822, 33884, 33885, 33892, 33893, 34008, 34078,
       34194, 34209, 34301, 34353, 34400, 34448, 34454, 34466, 34479,
       34504, 34523, 34564, 34604, 34671, 34742, 34748, 34794, 34805,
       34866, 34931, 34990, 34991, 35093, 35094, 35166, 35210, 35247,
       35258, 35353, 35460, 35466, 35515, 35545, 35556, 35581, 35601,
       35626, 35680, 35682, 35690, 35706, 35742, 35805, 35859, 35922,
       35948, 36040, 36051, 36096, 36106, 36170, 36252, 36281, 36284,
       36420, 36448, 36462, 36467, 36506, 36523, 36528, 36534, 36563,
       36567, 36639, 36683, 36691, 36709, 36734, 36756, 36813, 36830,
       36856, 36858, 36881, 36919, 36927, 36943, 36973, 37024, 37043,
       37097, 37147, 37148, 37212, 37239, 37272, 37310, 37365, 37392,
       37404, 37426, 37449, 37513, 37532, 37573, 37623, 37639, 37697,
       37743, 37755, 37798, 37815, 37924, 37942, 37959, 37988, 38018,
       38036, 38041, 38062, 38184, 38361, 38380, 38432, 38474, 38488,
       38525, 38536, 38550, 38567, 38573, 38575, 38625, 38627, 38891,
       38908, 38932, 38993, 38996, 39016, 39023, 39025, 39198, 39231,
       39235, 39404, 39455, 39509, 39560, 39657, 39667, 39703, 39740,
       39785, 39802, 39828, 39869, 39889, 39891, 39906, 39908, 39996,
       40012, 40016, 40029, 40043, 40086, 40095, 40098, 40193, 40232,
       40278, 40463, 40499, 40531, 40600, 40602, 40621, 40659, 40672,
       40812, 40833, 40838, 40848, 40857, 40912, 40932, 40955, 41011,
       41069, 41143, 41187, 41241, 41482, 41498, 41525, 41527, 41578,
       41580, 41599, 41635, 41642, 41752, 41780, 41832, 41866, 41961,
       41965, 42082, 42085, 42097, 42108, 42182, 42206, 42212, 42226,
       42271, 42272, 42274, 42372, 42446, 42457, 42483, 42510, 42587,
       42670, 42705, 42761, 42783, 42851, 42857, 42962, 43021, 43025,
       43069, 43126, 43132, 43203, 43210, 43225, 43229, 43275, 43350,
       43392, 43427, 43448, 43469, 43470, 43561, 43574, 43578, 43693,
       43722, 43725, 43732, 43746, 43755, 43775, 43812, 43831, 43869,
       43891, 43905, 43962, 44102, 44164, 44168, 44202, 44268, 44375,
       44435, 44468, 44568, 44569, 44597, 44618, 44654, 44732, 44794,
       44811, 44833, 44914, 45010, 45091, 45098, 45155, 45207, 45244,
       45245, 45288, 45311, 45373, 45426, 45464, 45625, 45626, 45651,
       45662, 45669, 45779, 45794, 45851, 45873, 45877, 45927, 45934,
       46008, 46054, 46079, 46099, 46107, 46112, 46117, 46183, 46272,
       46325, 46342, 46347, 46362, 46416, 46432, 46524, 46631, 46692,
       46770, 46799, 46871, 46879, 46971, 47028, 47041, 47099, 47141,
       47243, 47274, 47295, 47296, 47321, 47342, 47379, 47391, 47416,
       47454, 47470, 47484, 47489, 47497, 47499, 47500, 47520, 47523,
       47555, 47626, 47707, 47759, 47800, 47858, 47873, 48040, 48079,
       48128, 48158, 48181, 48222, 48250, 48280, 48282, 48290, 48338,
       48347, 48466, 48484, 48603, 48613, 48647, 48655, 48733, 48742,
       48778, 48796, 48811, 48852, 48895])]
