training accuracy when lambda=0.8
[0.12123232323412943, 0.1310303030309051, 0.13779797979858185, 0.14074747474867888, 0.14602020202200822, 0.15294949495130114, 0.15963636363636363, 0.16818181818422645, 0.18, 0.1930909090945215, 0.206989898989899, 0.22543434344156824, 0.24280808080567254, 0.26343434343193517, 0.28377777778500257, 0.3033333333345375, 0.3258585858561776, 0.34492929293410945, 0.3672727272655025, 0.38939393938671457, 0.406262626260218, 0.4279797979846145, 0.448242424240016, 0.4634141414165497, 0.48238383838624666, 0.5002828282683787, 0.5169090909114992, 0.5330505050649547, 0.5455959596007761, 0.5612727272751356, 0.5776565656517492, 0.5899393939442105, 0.6014343434343434, 0.6147676767821264, 0.6241616161664327, 0.636646464632015, 0.6440606060606061, 0.6553737373881869, 0.6633131313034982, 0.6731919191967357, 0.6814545454689951, 0.6907474747378417, 0.6995151515007019, 0.7061010101010101, 0.7111111111014781, 0.7224242424194259, 0.7260808080856246, 0.7321818181673686, 0.7355353535449866, 0.7409292929244764]
test accuracy when lambda=0.8
[0.3677, 0.3926, 0.4033, 0.4051, 0.4167, 0.4146, 0.4167, 0.4158, 0.4085, 0.4062, 0.3964, 0.3878, 0.3718, 0.3484, 0.3463, 0.3324, 0.3211, 0.3135, 0.2929, 0.2982, 0.296, 0.2812, 0.2844, 0.2685, 0.2653, 0.2692, 0.2665, 0.254, 0.253, 0.2508, 0.2553, 0.2609, 0.2539, 0.2454, 0.2444, 0.2469, 0.2484, 0.2448, 0.2503, 0.2515, 0.2404, 0.2443, 0.2375, 0.2457, 0.2433, 0.2467, 0.2487, 0.2368, 0.241, 0.2377]
training accuracy when lambda=0.85
[0.11648484848725675, 0.12844444444504652, 0.1341010101010101, 0.14004040404281232, 0.1458181818205901, 0.15228282828282827, 0.15721212121332534, 0.16769696969757175, 0.17901010101070308, 0.19222222222342636, 0.20935353536076015, 0.22868686868446042, 0.2522828282828283, 0.27361616161736574, 0.2934343434295269, 0.3166060606132854, 0.3417171717189779, 0.3647272727284769, 0.38496969696969696, 0.40802020201297723, 0.42828282828282827, 0.44644444444926096, 0.46894949496394456, 0.4843030302958055, 0.5026060606205102, 0.5208282828186498, 0.5360606060630143, 0.5527272727224561, 0.5700202020153855, 0.5824040403968156, 0.5961212121236203, 0.6127676767580437, 0.6236161616306112, 0.6351919191822861, 0.6501616161519831, 0.6610505050360554, 0.6724242424242424, 0.6822424242520573, 0.6898181818229984, 0.6985454545358215, 0.7070303030399361, 0.7143434343530675, 0.726909090909091, 0.7321414141510472, 0.7395555555555555, 0.7450707070562574, 0.754020202010569, 0.7576363636459967, 0.763979797979798, 0.7709898990043486]
test accuracy when lambda=0.85
[0.3399, 0.375, 0.397, 0.4045, 0.4192, 0.423, 0.4084, 0.4188, 0.4143, 0.3925, 0.3767, 0.3518, 0.3481, 0.3273, 0.3051, 0.3173, 0.2885, 0.2968, 0.2796, 0.2704, 0.2525, 0.2531, 0.245, 0.2573, 0.2448, 0.2412, 0.2382, 0.2218, 0.2376, 0.2276, 0.2254, 0.2282, 0.228, 0.2253, 0.2253, 0.2314, 0.2276, 0.2231, 0.2191, 0.2269, 0.2262, 0.215, 0.2211, 0.2226, 0.2188, 0.2185, 0.221, 0.2225, 0.2267, 0.2182]
training accuracy when lambda=0.9
[0.11301010101371341, 0.12438383838624666, 0.13197979798040005, 0.1394545454569537, 0.14515151515332136, 0.1516565656577698, 0.1602424242448325, 0.17042424242424242, 0.18242424242604863, 0.20131313131433545, 0.220868686869891, 0.2428080808080808, 0.26913131313612965, 0.2925252525288649, 0.31816161616161615, 0.34436363636724876, 0.3684444444468527, 0.39446464646705476, 0.4161414141462307, 0.43848484848003194, 0.45866666666907496, 0.48105050505050506, 0.5019191919143754, 0.5211515151418821, 0.5378989898917651, 0.5596363636267305, 0.5719191919119672, 0.5913939393867146, 0.6066666666666667, 0.6215959595863265, 0.6373737373689209, 0.6486060606084689, 0.6632121212024882, 0.6748080808225304, 0.6861212121067625, 0.6945050504954174, 0.7068686868831365, 0.7158585858682189, 0.7228282828427325, 0.7342020202020202, 0.7414949495045826, 0.7495959596007762, 0.7584040403944073, 0.7616767676864008, 0.7691111110966615, 0.776626262611813, 0.7852929293073789, 0.7858383838287508, 0.79430303031748, 0.8001414141317811]
test accuracy when lambda=0.9
[0.3185, 0.3713, 0.3977, 0.3972, 0.4248, 0.4181, 0.416, 0.4105, 0.3903, 0.3786, 0.3544, 0.3333, 0.318, 0.2995, 0.2784, 0.2649, 0.255, 0.2501, 0.2404, 0.2218, 0.2264, 0.2224, 0.2185, 0.2177, 0.2097, 0.2111, 0.2129, 0.2048, 0.2004, 0.1982, 0.2056, 0.1944, 0.1983, 0.2018, 0.2024, 0.202, 0.1961, 0.1994, 0.1969, 0.1953, 0.2024, 0.1999, 0.1924, 0.1928, 0.1983, 0.1966, 0.1987, 0.2004, 0.199, 0.1972]
training accuracy when lambda=0.95
[0.10909090909452149, 0.11660606060666268, 0.12591919192280432, 0.1302020202029233, 0.1347474747480768, 0.14137373737554357, 0.14777777778139017, 0.15478787878908293, 0.1656969696978728, 0.17991919191919192, 0.19488888889069508, 0.2138383838389859, 0.23848484848003196, 0.25949494949735774, 0.28402020202742684, 0.3125858585906751, 0.33587878787999204, 0.35686868686387035, 0.3847474747426582, 0.407555555550739, 0.42638383838624666, 0.4471717171861668, 0.46945454545454546, 0.48985858585136105, 0.5065858586003082, 0.5234949494949495, 0.5420404040307709, 0.5565454545478629, 0.5693131313059066, 0.5878989898941733, 0.6024040404064487, 0.6152525252428922, 0.6263434343338012, 0.6360606060750557, 0.6485858586003082, 0.6592525252621583, 0.6731111110966616, 0.6833131312986817, 0.6921616161567996, 0.6995959595863265, 0.7101010101154597, 0.7168888888888889, 0.7277575757720254, 0.7330909090860925, 0.7375959595911431, 0.7471111111207441, 0.7478989898941734, 0.7588888888840724, 0.7615151515296011, 0.7685454545358215]
test accuracy when lambda=0.95
[0.2342, 0.288, 0.3493, 0.3519, 0.3866, 0.4011, 0.3925, 0.3995, 0.3888, 0.372, 0.344, 0.3238, 0.3053, 0.2917, 0.2589, 0.2708, 0.2422, 0.2238, 0.2323, 0.2298, 0.2122, 0.2104, 0.2037, 0.1907, 0.1945, 0.2005, 0.1872, 0.1913, 0.1944, 0.1958, 0.1829, 0.1835, 0.1902, 0.1829, 0.1849, 0.1883, 0.1813, 0.1824, 0.174, 0.1729, 0.18, 0.1772, 0.1813, 0.1817, 0.1766, 0.18, 0.172, 0.1825, 0.1779, 0.1803]
