training accuracy when lambda=0.3
[0.6283838383693888, 0.7413737373785539, 0.7654747474602979, 0.7764444444299948, 0.7871717171861667, 0.7957575757479427, 0.803050505050505, 0.8093737373833705, 0.8131919192063688, 0.8184040404136734, 0.823050505040872, 0.8267474747330251, 0.8294343434247103, 0.8336767676864008, 0.8388080808032643, 0.8425656565656565, 0.8426666666714832, 0.8440202020057525, 0.8479595959740456, 0.8492727272823604, 0.8481414141269645, 0.851070707061074, 0.8531313131361297, 0.8536969696921531, 0.853454545468995, 0.8546262626118131, 0.8547272727417223, 0.8546868687013183, 0.8556161616257947, 0.8556969696921531, 0.8565656565704731, 0.8574141414093249, 0.856989898999532, 0.8545050505195001, 0.8558383838335673, 0.8539191919143754, 0.8532525252380756, 0.8558585858585859, 0.8526262626118131, 0.8544040404040404, 0.8526666666570336, 0.849919191919192, 0.8504848484848485, 0.8481616161664327, 0.8517979797931633, 0.8474141414285911, 0.8481616161567996, 0.8462020202068368, 0.846505050500234, 0.8455959595863265]
test accuracy when lambda=0.3
[0.3895, 0.3894, 0.3972, 0.4007, 0.4003, 0.4007, 0.404, 0.3992, 0.3995, 0.4025, 0.4044, 0.4007, 0.4027, 0.4054, 0.3992, 0.3998, 0.3999, 0.4001, 0.4018, 0.3987, 0.4007, 0.4001, 0.4029, 0.4022, 0.4045, 0.3996, 0.4009, 0.4017, 0.4034, 0.4008, 0.4, 0.4034, 0.4005, 0.4, 0.3977, 0.3961, 0.3992, 0.4003, 0.4025, 0.3983, 0.3998, 0.4011, 0.3974, 0.4, 0.3961, 0.3962, 0.3996, 0.3971, 0.3984, 0.3995]
training accuracy when lambda=0.4
[0.5576969696825201, 0.6564040403992238, 0.6770101010197341, 0.6877373737325572, 0.6949292929196599, 0.7046464646512812, 0.709898989908623, 0.7130707070658905, 0.7189494949543115, 0.7227676767821264, 0.7253131313131314, 0.7257979798076128, 0.729979797989431, 0.7328686868638703, 0.7357373737325572, 0.7366262626407122, 0.7364848484944816, 0.7398181818037322, 0.743393939398756, 0.7417171717075386, 0.742989898989899, 0.7439999999903669, 0.7448282828427324, 0.742080808071175, 0.7439797979942476, 0.7431111111255607, 0.7413737373592878, 0.7436767676912173, 0.7407070707070708, 0.7417373737518234, 0.7431515151515151, 0.7412929292881127, 0.7387878787830623, 0.7369494949494949, 0.7362828282876448, 0.7360606060750556, 0.7367272727176396, 0.7335353535257204, 0.7303232323087827, 0.7341212121067625, 0.7319191919336415, 0.7333535353583519, 0.7322828282924614, 0.7312121212121212, 0.7267878787734292, 0.729878787888421, 0.7280606060702391, 0.7246666666762998, 0.7243030303078468, 0.7276363636267306]
test accuracy when lambda=0.4
[0.3873, 0.3946, 0.3933, 0.4023, 0.3989, 0.4034, 0.4058, 0.4059, 0.4023, 0.4047, 0.404, 0.4041, 0.4013, 0.4019, 0.4057, 0.407, 0.4076, 0.4053, 0.4043, 0.4039, 0.4036, 0.4097, 0.4047, 0.4088, 0.405, 0.4069, 0.4046, 0.401, 0.4013, 0.404, 0.4024, 0.4004, 0.4035, 0.3983, 0.4028, 0.3992, 0.4002, 0.3997, 0.3942, 0.3957, 0.3978, 0.3945, 0.3963, 0.3943, 0.3991, 0.3953, 0.3947, 0.3933, 0.394, 0.3971]
training accuracy when lambda=0.5
[0.13046464646645267, 0.13713131313221624, 0.14010101009860182, 0.1437171717177738, 0.14381818181938597, 0.14626262626322833, 0.1502424242448325, 0.152808080809887, 0.15313131313131312, 0.15745454545695373, 0.16038383838444045, 0.16446464646524853, 0.16802020202261028, 0.17240404040584661, 0.17638383838474148, 0.1820404040410061, 0.1875353535359556, 0.19456565656565655, 0.2036969696969697, 0.21246464646825886, 0.21939393939153112, 0.22686868687591166, 0.23646464646524853, 0.24438383838745079, 0.25535353535353533, 0.26351515151635563, 0.27042424242544655, 0.2787878787914912, 0.28753535353776183, 0.29482828282587453, 0.3014141414165497, 0.311252525250117, 0.3185454545454545, 0.3229898989874907, 0.32985858585979, 0.3361010101010101, 0.3428484848460766, 0.3484646464658506, 0.3548282828306911, 0.35684848484848486, 0.36496969696247217, 0.37151515151996806, 0.37585858586581067, 0.37898989898749075, 0.3824848484848485, 0.3885858585906751, 0.39016161616402445, 0.3946666666738915, 0.401292929290521, 0.4031111111159276]
test accuracy when lambda=0.5
[0.3888, 0.3995, 0.4085, 0.4081, 0.4089, 0.4058, 0.4099, 0.4098, 0.4059, 0.4125, 0.4107, 0.4104, 0.4089, 0.4126, 0.4068, 0.408, 0.4028, 0.405, 0.4023, 0.4053, 0.4031, 0.3988, 0.4018, 0.4005, 0.3967, 0.397, 0.3944, 0.391, 0.3957, 0.3937, 0.3914, 0.3899, 0.3887, 0.3942, 0.3928, 0.3862, 0.3897, 0.3866, 0.3884, 0.3868, 0.3849, 0.3865, 0.3869, 0.3878, 0.3847, 0.3825, 0.3829, 0.3824, 0.3837, 0.3869]
training accuracy when lambda=0.6
[0.12563636363756778, 0.1329696969709011, 0.13656565656806482, 0.14090909091149917, 0.14418181818543058, 0.14733333333694573, 0.1504646464658506, 0.15450505050565258, 0.159777777779584, 0.16551515151755977, 0.1700606060654226, 0.1789494949506991, 0.18614141414261828, 0.19654545454665867, 0.20787878788059408, 0.22046464646705474, 0.23226262626623867, 0.24892929293170118, 0.26383838384199626, 0.27682828282948696, 0.29153535353294524, 0.30337373737373735, 0.3210909090885008, 0.33816161616884094, 0.3470303030254865, 0.36012121212602866, 0.3720606060581978, 0.38428282827801175, 0.3991919191846944, 0.4043434343470467, 0.4190909090836843, 0.42656565657288137, 0.43729292928811275, 0.4437575757551675, 0.45113131313612964, 0.4598989898989899, 0.4692121212169377, 0.46967676767195116, 0.4787676767821264, 0.4865656565632483, 0.49012121212362036, 0.49533333333333335, 0.5041616161616161, 0.5036363636267306, 0.516, 0.5145656565680649, 0.5215151515055184, 0.5252929293073789, 0.533474747469931, 0.5352929292929293]
test accuracy when lambda=0.6
[0.3858, 0.4073, 0.4033, 0.41, 0.408, 0.4103, 0.4093, 0.4106, 0.411, 0.4107, 0.4114, 0.4087, 0.4145, 0.4013, 0.4019, 0.3979, 0.3968, 0.3943, 0.3936, 0.3867, 0.3854, 0.3887, 0.3802, 0.3809, 0.384, 0.3847, 0.3709, 0.3772, 0.368, 0.3707, 0.3678, 0.3745, 0.3708, 0.3731, 0.377, 0.3711, 0.3674, 0.3698, 0.3718, 0.3712, 0.3681, 0.3687, 0.3738, 0.3739, 0.3686, 0.3698, 0.3688, 0.3665, 0.3722, 0.3707]
training accuracy when lambda=0.7
[0.12406060606241226, 0.13294949494949496, 0.13777777777837985, 0.1427676767688809, 0.14521212121452948, 0.15177777778018606, 0.15523232323412944, 0.1622020202029233, 0.16898989899110312, 0.17975757575757575, 0.19147474747715573, 0.20323232322991497, 0.2206868686904811, 0.24129292929292928, 0.26080808080928497, 0.2808080808153056, 0.3041818181830223, 0.32468686868807284, 0.3434141414213662, 0.36406060605578955, 0.38448484848003195, 0.4039393939418022, 0.4204242424266507, 0.4363030303030303, 0.45266666668111627, 0.47167676768399247, 0.4801010101034184, 0.4955151515223763, 0.5091717171741255, 0.5214545454545455, 0.5276363636508132, 0.5372323232178736, 0.5459797979725731, 0.5582828282876449, 0.56640404041849, 0.5711111111111111, 0.5815555555555556, 0.5878181818205901, 0.5932525252669749, 0.598, 0.6080000000096331, 0.609434343448793, 0.6211111111159276, 0.6223232323376819, 0.6287070706926211, 0.6293737373833704, 0.6384242424290589, 0.6422626262481766, 0.6440606060630143, 0.6502828282852365]
test accuracy when lambda=0.7
[0.3827, 0.3891, 0.4089, 0.4123, 0.4143, 0.4184, 0.4205, 0.4201, 0.4196, 0.4229, 0.4111, 0.4092, 0.4094, 0.3946, 0.3924, 0.3849, 0.3843, 0.3794, 0.3728, 0.365, 0.3681, 0.3603, 0.3627, 0.3602, 0.36, 0.3664, 0.3498, 0.352, 0.3543, 0.3535, 0.3493, 0.3566, 0.3515, 0.3451, 0.3448, 0.3514, 0.3504, 0.3524, 0.3517, 0.3444, 0.3459, 0.3486, 0.3488, 0.355, 0.3488, 0.344, 0.3449, 0.3465, 0.3499, 0.3495]
training accuracy when lambda=0.8
[0.12052525252886492, 0.13165656565897393, 0.13804040404221024, 0.14484848484968899, 0.14838383838504252, 0.15583838383597556, 0.1631919191919192, 0.17224242424603664, 0.1833939393975518, 0.19981818182540662, 0.21789898990139817, 0.2421010101082349, 0.26004040404160816, 0.2827676767652685, 0.3105454545478628, 0.33630303030784686, 0.3621212121212121, 0.38349494949735774, 0.410262626260218, 0.4283838383910632, 0.4523030302958055, 0.47569696969215314, 0.49347474747474745, 0.5103434343458426, 0.5284848484848484, 0.5468080808128973, 0.5578989898989899, 0.5758989898893568, 0.5843030303030303, 0.5988686868590538, 0.6095555555579638, 0.6208080808080808, 0.6272929292881128, 0.6391111111159277, 0.6516969696873366, 0.6588686868590538, 0.6662626262578097, 0.6757777777874109, 0.6772727272679108, 0.6850303030351196, 0.6906666666618502, 0.6991111111207442, 0.7020404040500371, 0.7118585858682189, 0.7162222222125891, 0.7191515151659648, 0.7269898989947156, 0.7273535353487188, 0.7295757575805741, 0.7374141414285911]
test accuracy when lambda=0.8
[0.3725, 0.399, 0.4169, 0.4109, 0.423, 0.4226, 0.4203, 0.4205, 0.4084, 0.4094, 0.3983, 0.3934, 0.3814, 0.3673, 0.3579, 0.3446, 0.3331, 0.3324, 0.3268, 0.3184, 0.3194, 0.3111, 0.3058, 0.3092, 0.3086, 0.3076, 0.3082, 0.305, 0.3015, 0.3064, 0.3046, 0.3106, 0.3026, 0.3045, 0.299, 0.2982, 0.2943, 0.2975, 0.3032, 0.3005, 0.2978, 0.2988, 0.2996, 0.2975, 0.3052, 0.3038, 0.3053, 0.3101, 0.3118, 0.3077]
training accuracy when lambda=0.9
[0.11400000000120414, 0.12804040404040404, 0.13432323232684473, 0.14131313131433546, 0.14690909091149917, 0.1551515151527193, 0.16315151515873996, 0.17486868687109514, 0.18884848485089312, 0.20654545454545453, 0.22636363636363635, 0.248848484849689, 0.278707070709479, 0.3055959595959596, 0.33284848484848484, 0.3613333333285168, 0.3861818181794099, 0.4163232323208241, 0.44296969696969696, 0.46747474746752266, 0.48806060605338125, 0.5123838383886549, 0.5330909090860926, 0.5520202020105689, 0.5701818181842264, 0.5851111111111111, 0.5998989898965816, 0.6171717171620841, 0.6317777777825944, 0.6451919192063688, 0.6611515151466986, 0.6683636363732695, 0.6823838383790218, 0.687030303030303, 0.6994949494804998, 0.7072727272823603, 0.7144848484944816, 0.7228888888744393, 0.7328484848484849, 0.733010101010101, 0.7437575757720254, 0.7476767676815842, 0.7589696969600639, 0.7612525252380756, 0.76496969697933, 0.7692121212121212, 0.7745656565560235, 0.777939393949027, 0.7812727272582777, 0.7875555555459225]
test accuracy when lambda=0.9
[0.3116, 0.3823, 0.4158, 0.4216, 0.4189, 0.416, 0.4269, 0.4081, 0.3711, 0.3748, 0.3592, 0.3264, 0.3307, 0.3061, 0.2923, 0.2952, 0.2772, 0.2773, 0.2732, 0.2622, 0.2589, 0.2517, 0.2566, 0.2454, 0.2472, 0.2537, 0.2508, 0.2464, 0.2426, 0.2456, 0.2417, 0.2398, 0.2465, 0.2376, 0.2449, 0.241, 0.2473, 0.2437, 0.2444, 0.2528, 0.2546, 0.2474, 0.243, 0.2485, 0.2452, 0.2507, 0.2493, 0.2551, 0.2515, 0.2564]
training accuracy when lambda=1
[0.10735353535413741, 0.11721212121452948, 0.12254545454786281, 0.12995959596320836, 0.13341414141654967, 0.14129292929413342, 0.14987878788119616, 0.15686868687229927, 0.17016161616161615, 0.1866060606060606, 0.20434343434584262, 0.2248484848533014, 0.24955555555675968, 0.27317171717894195, 0.29658585858826686, 0.32555555554833077, 0.3515555555579638, 0.3742222222174057, 0.3996363636387719, 0.42874747474506647, 0.44937373737132913, 0.47486868687591166, 0.49426262626262624, 0.5125858585882669, 0.534424242438692, 0.5515959595863266, 0.5706262626166295, 0.5848888888792558, 0.6022020201875706, 0.6138787878691548, 0.6262424242568738, 0.6356363636508132, 0.6497171717316214, 0.6580808080952577, 0.6711717171620841, 0.6782222222125891, 0.6872929292977459, 0.6959191919095589, 0.7055959595911431, 0.7124040403944073, 0.7209898989754494, 0.724989898989899, 0.7296767676864008, 0.7402020202116533, 0.7433131313227644, 0.7474343434198938, 0.7533737373641043, 0.7581414141414141, 0.7653737373592877, 0.7670303030351195]
test accuracy when lambda=1
[0.2374, 0.28, 0.3252, 0.3507, 0.3514, 0.3659, 0.3624, 0.3379, 0.3153, 0.3038, 0.2741, 0.2566, 0.2432, 0.2294, 0.2319, 0.2051, 0.2052, 0.2015, 0.203, 0.2001, 0.1945, 0.1904, 0.1871, 0.189, 0.1762, 0.1839, 0.1781, 0.1807, 0.1815, 0.1753, 0.1757, 0.1795, 0.176, 0.1727, 0.1697, 0.1739, 0.1792, 0.1725, 0.1779, 0.1782, 0.1708, 0.1699, 0.1742, 0.1716, 0.1716, 0.1744, 0.1659, 0.1703, 0.1733, 0.1681]
training accuracy when lambda=0.3
[0.6323030302885807, 0.7452121212024881, 0.7698383838287508, 0.7806464646416481, 0.7901818181721851, 0.799818181827815, 0.8064848484944815, 0.8114343434343434, 0.8172525252428922, 0.8214343434487931, 0.8262626262770759, 0.8271111111014781, 0.8316363636315471, 0.835616161601712, 0.8378181818229984, 0.8417171717219882, 0.8422020202068368, 0.8445656565656565, 0.8478989898941733, 0.849393939408389, 0.8517373737518233, 0.8523838383742053, 0.8528484848629344, 0.853575757561308, 0.8538989899038064, 0.856000000009633, 0.8573939393794898, 0.8564848484800319, 0.8574141414093249, 0.8548080808128974, 0.8586060606205103, 0.8572121211976717, 0.8578585858441362, 0.8571717171669007, 0.856525252520436, 0.8526666666762998, 0.8545252525300691, 0.8562222222077727, 0.8536161616113451, 0.8539191919143754, 0.8523030302885807, 0.8513131313227644, 0.8528484848484849, 0.8503434343386178, 0.8516767676815842, 0.8482424242279746, 0.8497171717316213, 0.8488686868831364, 0.8473131313179478, 0.8479797979846145]
test accuracy when lambda=0.3
[0.3844, 0.3891, 0.3897, 0.3896, 0.3902, 0.3924, 0.3903, 0.3881, 0.3892, 0.3897, 0.3901, 0.3927, 0.3886, 0.3934, 0.3934, 0.3919, 0.392, 0.3956, 0.3921, 0.3933, 0.393, 0.3904, 0.3918, 0.3928, 0.3864, 0.3917, 0.3918, 0.3916, 0.3883, 0.3893, 0.3902, 0.3921, 0.3919, 0.3898, 0.3908, 0.3894, 0.3891, 0.3928, 0.3889, 0.3876, 0.3891, 0.3886, 0.3866, 0.3904, 0.3895, 0.3878, 0.3889, 0.3877, 0.3861, 0.3883]
training accuracy when lambda=0.4
[0.5663030303174799, 0.6609090909235406, 0.680949494959128, 0.6924848484848485, 0.6984848484752154, 0.7075555555459225, 0.7150101010052845, 0.7188686868542372, 0.7223232323280488, 0.7259595959499628, 0.7281212121163956, 0.7315151515007019, 0.7344444444540775, 0.7356161616161616, 0.7394747474651144, 0.7427070707167038, 0.7422828282828283, 0.7449090909235405, 0.7471515151659648, 0.7477171717316213, 0.7486464646368316, 0.7511111111111111, 0.7496767676864008, 0.7490303030158534, 0.7504848484752155, 0.7494343434247104, 0.7512121212121212, 0.7501414141269646, 0.7477373737229241, 0.7474747474891971, 0.7467474747619244, 0.7471111111255607, 0.7452727272630942, 0.7441212121260287, 0.7445252525300691, 0.7453131313034982, 0.7423434343530674, 0.742525252520436, 0.7420606060654226, 0.739616161601712, 0.73913131312168, 0.7389494949543115, 0.7385858585762255, 0.7356161616065285, 0.7350505050649546, 0.7358585858489528, 0.7340404040355875, 0.7364646464550134, 0.7313535353535353, 0.7331717171669007]
test accuracy when lambda=0.4
[0.3892, 0.3875, 0.3935, 0.4026, 0.3909, 0.4003, 0.3995, 0.3931, 0.3931, 0.4004, 0.4034, 0.3985, 0.4013, 0.4001, 0.3991, 0.3999, 0.4014, 0.3989, 0.397, 0.3982, 0.3948, 0.3975, 0.3997, 0.3954, 0.3925, 0.3951, 0.4004, 0.3918, 0.3965, 0.3947, 0.3938, 0.3946, 0.3906, 0.3901, 0.3956, 0.3908, 0.3902, 0.3954, 0.39, 0.3902, 0.3921, 0.3881, 0.3908, 0.3907, 0.3899, 0.3871, 0.3914, 0.3923, 0.3896, 0.389]
training accuracy when lambda=0.5
[0.1331717171729213, 0.1390909090945215, 0.14086868687229928, 0.1445050505050505, 0.1456161616167637, 0.14814141413900586, 0.14882828283189523, 0.15193939393939393, 0.15559595959656167, 0.15884848484968897, 0.16197979798040005, 0.1636969697005821, 0.16921212121332535, 0.17371717172078413, 0.1787878787951036, 0.18547474747835987, 0.1912727272739314, 0.19785858586099414, 0.20591919192280433, 0.2153737373749415, 0.22058585859308338, 0.22723232323232323, 0.23814141413900589, 0.24818181818543059, 0.25682828282948694, 0.2647878787854705, 0.2728080808092849, 0.28244444444444444, 0.28921212120971296, 0.29997979798220625, 0.30551515151755976, 0.3134141414093249, 0.31767676767676767, 0.3301010101082349, 0.33400000000481656, 0.3396767676815842, 0.34652525251802774, 0.35244444444805684, 0.35575757575877986, 0.3592929293001541, 0.36442424242424243, 0.3698585858609941, 0.374464646469463, 0.3789696969745135, 0.3854141414093249, 0.387191919199144, 0.39561616161134505, 0.39854545454786283, 0.40105050504328027, 0.40242424242183417]
test accuracy when lambda=0.5
[0.3854, 0.3883, 0.4024, 0.3925, 0.4041, 0.3966, 0.3965, 0.3994, 0.3985, 0.3945, 0.3991, 0.3992, 0.4028, 0.4, 0.3985, 0.4025, 0.3987, 0.3964, 0.3999, 0.397, 0.3913, 0.3973, 0.3951, 0.3922, 0.3938, 0.3883, 0.3913, 0.392, 0.3897, 0.3898, 0.388, 0.3857, 0.3888, 0.3856, 0.3856, 0.3879, 0.3863, 0.3869, 0.3787, 0.3849, 0.3878, 0.3852, 0.3813, 0.383, 0.3845, 0.3836, 0.3867, 0.3868, 0.3836, 0.3823]
training accuracy when lambda=0.6
[0.12527272727332933, 0.13290909090969297, 0.13743434343795582, 0.14032323233045713, 0.14296969697150316, 0.14517171717412544, 0.1476161616179678, 0.1522020202038264, 0.15616161616161617, 0.1616161616185699, 0.1673131313140344, 0.1742424242430263, 0.1829090909127033, 0.19208080808261427, 0.20331313131553957, 0.21385858586219827, 0.2256363636387719, 0.2391919191919192, 0.2557777777850026, 0.26846464646705476, 0.28353535353535353, 0.3008686868722993, 0.31565656566379047, 0.3264646464718713, 0.34165656566379043, 0.35155555555314727, 0.3656565656613822, 0.376202020209245, 0.38674747475229126, 0.40105050505291334, 0.4104444444516693, 0.4167878787830622, 0.4277777777729612, 0.43763636363636366, 0.44365656564693257, 0.4510101010028762, 0.4567878787878788, 0.4704242424242424, 0.47282828283309936, 0.4798181818205901, 0.48565656564211607, 0.49303030302066997, 0.49620202020924503, 0.5018787878836044, 0.5066666666618501, 0.5126060606084689, 0.5180606060750557, 0.5194343434343435, 0.5280000000048165, 0.5292525252477087]
test accuracy when lambda=0.6
[0.3799, 0.4009, 0.4048, 0.3933, 0.4055, 0.4055, 0.3989, 0.4062, 0.399, 0.4081, 0.4064, 0.4082, 0.4055, 0.4017, 0.4028, 0.3924, 0.3949, 0.3961, 0.3917, 0.3888, 0.3885, 0.3904, 0.3839, 0.3814, 0.3854, 0.3802, 0.3741, 0.3768, 0.377, 0.3747, 0.3767, 0.3743, 0.3751, 0.3765, 0.3698, 0.3703, 0.3694, 0.3678, 0.3704, 0.3669, 0.3687, 0.3675, 0.3716, 0.3719, 0.3702, 0.3677, 0.3665, 0.3674, 0.3704, 0.3685]
training accuracy when lambda=0.7
[0.1236969696987759, 0.13179797979888289, 0.13608080808141015, 0.14034343434463847, 0.1447272727278748, 0.14852525252585458, 0.15363636363636363, 0.1596969696969697, 0.1672323232347315, 0.17476767676827884, 0.18488888889009303, 0.1995757575805741, 0.2140404040428123, 0.23006060606301432, 0.24878787878787878, 0.26878787878908295, 0.2922626262626263, 0.31414141414261826, 0.33317171716690064, 0.3518787878787879, 0.3691515151563317, 0.39369696970178625, 0.4110707070731153, 0.4255959595887348, 0.44068686868205215, 0.4580000000144496, 0.4705454545502711, 0.4860202020226103, 0.4941414141438224, 0.5059393939393939, 0.517878787871563, 0.5315555555459225, 0.5394949494853164, 0.5493333333333333, 0.5557171717316213, 0.5681616161519831, 0.5727676767604519, 0.5835959595911431, 0.5870707070634823, 0.5934545454449124, 0.5977979798124294, 0.6079393939538436, 0.6143434343458426, 0.6172525252380756, 0.622989898999532, 0.6302626262481766, 0.6332525252669748, 0.6384646464574216, 0.6423838383742053, 0.6426666666594418]
test accuracy when lambda=0.7
[0.3667, 0.3929, 0.4005, 0.4076, 0.4169, 0.3997, 0.4104, 0.4124, 0.4123, 0.3981, 0.4037, 0.3973, 0.4019, 0.3872, 0.3858, 0.3783, 0.3739, 0.365, 0.3655, 0.3606, 0.3612, 0.3565, 0.3588, 0.3532, 0.3504, 0.3429, 0.3548, 0.3484, 0.3473, 0.3498, 0.3467, 0.3476, 0.3461, 0.3443, 0.3426, 0.3461, 0.3386, 0.3518, 0.343, 0.3529, 0.3446, 0.3455, 0.3445, 0.348, 0.345, 0.3451, 0.3434, 0.3421, 0.3454, 0.3471]
training accuracy when lambda=0.8
[0.12000000000060207, 0.13117171717262027, 0.13686868687049308, 0.14151515151635566, 0.14571717172439652, 0.15202020202080407, 0.16086868687109512, 0.1692323232329253, 0.18103030303391543, 0.19854545454906694, 0.21749494949615364, 0.2361616161664327, 0.2603838383814301, 0.2863434343446385, 0.3133939393939394, 0.3438787878787879, 0.36616161615679965, 0.39244444445166926, 0.41446464647187126, 0.4408686868735034, 0.4608484848436683, 0.4837979798052046, 0.5040000000072248, 0.5188888888744393, 0.5377979798027963, 0.5510707070731153, 0.5691919191822861, 0.5812323232467729, 0.5969898989802659, 0.6071515151466986, 0.6162222222366718, 0.6246060606108771, 0.637959595969229, 0.646969696969697, 0.6569898989754493, 0.6663636363491867, 0.673515151510335, 0.6746060605964276, 0.6865050505146836, 0.6930303030351196, 0.6973939393891229, 0.70553535354017, 0.7070909090764594, 0.7128080807984477, 0.7200808080759915, 0.7218383838287508, 0.7305252525252526, 0.733636363621914, 0.7345454545550876, 0.7391515151466986]
test accuracy when lambda=0.8
[0.3563, 0.3806, 0.3998, 0.4219, 0.417, 0.4092, 0.4113, 0.4166, 0.4048, 0.3982, 0.3911, 0.3793, 0.3707, 0.3734, 0.3508, 0.3515, 0.335, 0.321, 0.3344, 0.319, 0.3162, 0.3122, 0.3114, 0.3115, 0.3074, 0.3022, 0.3055, 0.3093, 0.3014, 0.3048, 0.303, 0.2962, 0.3021, 0.3011, 0.3127, 0.3055, 0.3029, 0.307, 0.3023, 0.2974, 0.3045, 0.3038, 0.3041, 0.3049, 0.3014, 0.3073, 0.304, 0.305, 0.3081, 0.3101]
training accuracy when lambda=0.9
[0.11583838383898591, 0.13078787878968498, 0.13838383838444046, 0.14165656565897392, 0.1466868686904811, 0.15385858586099413, 0.16539393939634767, 0.17735353535353535, 0.19478787879028706, 0.21525252525613767, 0.23981818181938594, 0.2655959595935513, 0.29272727273449756, 0.3250303030327113, 0.3518787878763796, 0.38171717172198827, 0.4134141414165497, 0.4373737373689208, 0.4635757575781658, 0.4898787878763796, 0.5109696969769217, 0.5319595959644124, 0.552121212111579, 0.573454545449729, 0.5850101010245506, 0.605979797979798, 0.620747474749883, 0.6342222222077726, 0.6444242424242425, 0.6598989899038065, 0.6706060606060606, 0.6789494949543114, 0.6866060606205102, 0.6993535353631685, 0.7051919191919191, 0.7144848484848485, 0.7246060606205103, 0.7290101010197341, 0.7364242424146094, 0.7429292929244764, 0.7493131312986817, 0.7579393939393939, 0.7587676767773098, 0.7665252525300691, 0.7675757575757576, 0.7734343434343435, 0.7780404040355875, 0.7862020202068367, 0.7893333333381499, 0.791414141428591]
test accuracy when lambda=0.9
[0.3506, 0.3677, 0.3957, 0.413, 0.414, 0.4175, 0.4051, 0.4031, 0.3822, 0.3638, 0.3382, 0.3376, 0.3293, 0.2972, 0.2828, 0.2754, 0.2684, 0.2576, 0.2598, 0.2481, 0.2552, 0.2437, 0.246, 0.2441, 0.2374, 0.2487, 0.2343, 0.2333, 0.231, 0.2324, 0.2372, 0.2332, 0.2348, 0.2383, 0.237, 0.2359, 0.2379, 0.2403, 0.2385, 0.2361, 0.2391, 0.238, 0.2407, 0.2347, 0.2372, 0.2444, 0.2406, 0.2482, 0.2464, 0.2391]
training accuracy when lambda=1
[0.10597979798341038, 0.11503030303391543, 0.12319191919252126, 0.1290707070719112, 0.13537373737734978, 0.1397171717171717, 0.14820202020442846, 0.15923232323593564, 0.17066666666666666, 0.19066666666847287, 0.20951515151635566, 0.23032323233045712, 0.2548282828306911, 0.2796767676767677, 0.30658585858345033, 0.33460606060846887, 0.36301010101732584, 0.3879999999951835, 0.41618181817700167, 0.44436363637808596, 0.46571717171476346, 0.49002020201056895, 0.5113131313131313, 0.5347878787830622, 0.5528888888840724, 0.5685656565656566, 0.5906666666714832, 0.6062222222270388, 0.6179595959644125, 0.6355555555603721, 0.6501212121356618, 0.6582020202164698, 0.6702424242376077, 0.6809292929148433, 0.6884848484703989, 0.7018181818085487, 0.7139393939442105, 0.7185454545550877, 0.7252121212217543, 0.7327070707215203, 0.7411717171572676, 0.7466262626358957, 0.7506060606060606, 0.7585252525397022, 0.7631717171572676, 0.7692323232275067, 0.7725050505050505, 0.7792727272775438, 0.7846868686916852, 0.7888282828186498]
test accuracy when lambda=1
[0.234, 0.2644, 0.277, 0.351, 0.3318, 0.3303, 0.3588, 0.314, 0.3219, 0.2922, 0.2784, 0.2557, 0.2296, 0.2163, 0.2163, 0.2101, 0.2109, 0.1994, 0.1964, 0.1951, 0.1832, 0.1905, 0.1822, 0.1823, 0.1763, 0.1817, 0.1843, 0.1762, 0.1735, 0.1735, 0.1758, 0.1672, 0.1659, 0.1646, 0.1714, 0.1655, 0.1644, 0.1673, 0.1647, 0.1602, 0.1695, 0.1652, 0.162, 0.1619, 0.1605, 0.1596, 0.1607, 0.1649, 0.1669, 0.164]
