[ 5925 10786 14904  3547 23415 21778 29152 15500 14602 28497 23460 28421
 13182 27847 23628 18994 21717  5174 24774 15765 32371  1000 27146 34017
 21237 23748 23475  1140 20169  1934 23101 16308  1462  6446 20353 10366
 25642 31445  1353  2125 33343 23571 17570  2963 33430  9713 12297 31785
 11361 28682  6677 20339 34394 23008  8521  7054 31938  5527 13657  1571
 37432 36982 15522 21440 37937  2077 20537 11871 35082  6190 13185 25629
  6435 33345 30465 26575   166 12335  6754 14732  7559  7289 14050  4773
 13070  4563  7932  8358 12190  3160 37863 32001 22515 28166 13769 31929
  8221 16784   188 34082]
[   57   121   166   188   242   306   558   768   887   923   947  1000
  1079  1140  1171  1263  1327  1353  1462  1536  1560  1571  1616  1651
  1762  1798  1850  1934  1941  2077  2125  2238  2455  2482  2887  2963
  3160  3212  3252  3307  3332  3400  3410  3428  3525  3527  3547  4022
  4055  4148  4258  4297  4353  4373  4563  4676  4686  4773  4801  5074
  5174  5527  5925  6063  6208  6386  6435  6446  6493  6677  6741  6754
  6840  6971  7054  7198  7216  7289  7559  7635  7932  8176  8177  8221
  8358  8425  8459  8521  8532  8534  9004  9020  9142  9201  9713  9739
  9837 10158 10280 10324 10366 10371 10380 10414 10462 10588 10781 10782
 10786 10992 10999 11129 11361 11396 11490 11672 11676 11732 11734 11871
 12141 12159 12190 12297 12335 12402 12448 12573 12691 12698 13042 13070
 13182 13185 13250 13293 13461 13467 13542 13657 13908 13984 14050 14191
 14295 14355 14451 14602 14664 14688 14690 14732 14839 14904 14926 14944
 15020 15067 15068 15265 15477 15500 15522 15552 15567 15628 15673 15674
 15765 15940 16056 16308 16705 16784 17038 17108 17155 17384 17486 17570
 17649 17737 17914 17982 18028 18135 18279 18285 18523 18681 18698 18753
 18831 18839 18956 18994 19118 19183 19314 19453 19751 19780 19890 20080
 20169 20230 20334 20339 20341 20353 20474 20537 20765 20816 20863 21237
 21398 21440 21464 21635 21717 21778 21809 21818 21898 22300 22515 22571
 22937 22957 23008 23043 23101 23395 23415 23460 23475 23571 23603 23628
 23748 24449 24626 24774 24807 24918 25239 25374 25629 25642 25657 25754
 25903 25916 26182 26253 26437 26476 26575 26629 26734 26762 26784 27049
 27084 27124 27146 27252 27397 27404 27441 27571 27632 27847 27875 27986
 28166 28201 28218 28339 28421 28497 28539 28682 28755 28849 28927 29041
 29048 29128 29152 29233 29239 29254 29407 29419 29531 29626 29639 29732
 29742 29996 30138 30206 30212 30236 30338 30401 30465 30521 30930 31148
 31169 31278 31325 31326 31397 31403 31404 31445 31663 31785 31906 31929
 31938 32001 32284 32371 32603 32704 33257 33343 33345 33430 33528 33622
 33667 33688 33811 33835 33849 34017 34020 34082 34281 34338 34394 34459
 34478 34544 34785 34976 35038 35074 35082 35084 35296 35324 35721 35871
 36102 36285 36558 36615 36753 36935 36965 36982 36990 37006 37259 37330
 37395 37432 37482 37547 37651 37664 37863 37917 37937 37967]
[   57   121   166   242   306   324   342   511   512   558   724   742
   768   887   923   947  1000  1024  1079  1110  1140  1171  1195  1212
  1263  1327  1353  1373  1422  1536  1545  1560  1571  1616  1651  1695
  1762  1798  1850  1934  1941  1954  2077  2125  2215  2238  2289  2455
  2843  2853  2868  2887  2963  3007  3139  3160  3212  3252  3281  3307
  3332  3400  3410  3428  3525  3527  3547  3702  3761  3912  4022  4055
  4148  4258  4297  4353  4373  4423  4563  4676  4686  4773  4801  4805
  4948  4999  5074  5151  5370  5527  5609  5748  5749  5925  5969  6063
  6099  6208  6386  6435  6446  6493  6661  6677  6724  6741  6754  6840
  6955  6971  7054  7183  7198  7216  7289  7334  7539  7559  7599  7635
  7749  7871  7932  8114  8161  8176  8177  8221  8246  8358  8425  8459
  8521  8532  8534  8714  8931  8992  9004  9017  9020  9142  9189  9201
  9713  9739  9837  9987 10158 10280 10324 10366 10371 10380 10414 10462
 10528 10588 10657 10736 10781 10782 10786 10992 10999 11126 11129 11361
 11396 11490 11576 11672 11676 11708 11732 11871 11938 12140 12141 12159
 12190 12297 12317 12335 12402 12448 12573 12597 12688 12691 12698 12774
 12822 12842 12900 13015 13042 13054 13070 13126 13182 13185 13250 13293
 13461 13467 13542 13657 13905 13908 13930 13957 13984 14050 14191 14295
 14355 14451 14602 14664 14688 14690 14732 14839 14904 14907 14926 14944
 15020 15041 15067 15068 15235 15265 15370 15384 15402 15414 15416 15477
 15487 15500 15506 15522 15552 15567 15628 15673 15674 15750 15765 15940
 16056 16077 16302 16308 16342 16483 16488 16617 16705 16784 17038 17108
 17155 17384 17444 17470 17486 17570 17627 17649 17737 17867 17914 17982
 18028 18135 18279 18285 18378 18411 18523 18561 18681 18698 18753 18831
 18838 18839 18880 18956 18977 18994 19118 19183 19314 19453 19622 19751
 19780 19890 20080 20119 20169 20230 20334 20339 20341 20353 20378 20474
 20480 20537 20544 20600 20667 20709 20765 20799 20816 20852 20863 20980
 21226 21227 21237 21375 21398 21440 21456 21547 21717 21778 21809 21818
 21898 22078 22206 22300 22515 22571 22775 22825 22835 22937 22957 23008
 23043 23101 23141 23324 23395 23415 23459 23460 23475 23571 23603 23628
 23748 23969 24449 24600 24609 24626 24774 24807 24918 24958 24979 25159
 25239 25374 25494 25629 25642 25657 25689 25718 25754 25903 25916 26095
 26182 26225 26253 26437 26476 26575 26629 26734 26762 26784 26991 27049
 27084 27146 27192 27237 27252 27397 27404 27441 27503 27571 27632 27840
 27875 27986 28166 28201 28218 28275 28303 28339 28358 28421 28433 28497
 28535 28539 28650 28682 28729 28755 28849 28880 28927 29041 29048 29128
 29152 29233 29239 29254 29407 29419 29463 29531 29639 29646 29653 29732
 29742 29913 29996 30063 30083 30138 30206 30212 30228 30236 30338 30401
 30446 30465 30482 30521 30930 31148 31169 31278 31325 31326 31397 31403
 31404 31445 31663 31785 31906 31929 31938 32001 32027 32049 32284 32371
 32603 32704 32820 32878 32898 33000 33257 33280 33343 33345 33396 33430
 33517 33622 33667 33688 33811 33835 33849 34017 34020 34082 34281 34306
 34338 34394 34459 34463 34478 34544 34604 34785 34792 34976 35038 35074
 35082 35084 35296 35324 35496 35630 35690 35710 35721 35871 36102 36285
 36558 36615 36686 36746 36753 36782 36850 36884 36935 36965 36982 36990
 37006 37105 37121 37259 37330 37432 37441 37482 37547 37651 37664 37863
 37917 37937 37967]
[   57   121   166   208   242   306   324   342   482   511   512   558
   724   733   742   768   887   923   947  1000  1024  1079  1110  1140
  1171  1195  1209  1212  1263  1327  1353  1373  1422  1536  1545  1560
  1571  1585  1616  1651  1695  1762  1798  1850  1886  1934  1941  1954
  2077  2125  2215  2238  2289  2455  2793  2843  2853  2868  2887  2937
  2943  2963  3007  3139  3160  3212  3241  3252  3281  3307  3332  3400
  3410  3428  3525  3527  3547  3702  3761  3779  3912  4022  4055  4148
  4258  4297  4353  4373  4423  4563  4676  4686  4717  4773  4801  4805
  4999  5020  5074  5151  5174  5370  5527  5748  5749  5811  5925  5969
  6063  6099  6208  6386  6435  6446  6493  6661  6677  6724  6741  6754
  6840  6955  6971  6998  7054  7145  7183  7198  7216  7289  7334  7539
  7559  7599  7635  7684  7749  7871  7893  7901  7918  7932  8105  8114
  8161  8176  8177  8221  8246  8301  8358  8459  8521  8532  8534  8667
  8714  8931  8992  9004  9017  9020  9142  9189  9201  9454  9587  9595
  9713  9739  9837  9987 10017 10077 10158 10222 10280 10324 10366 10371
 10379 10380 10414 10462 10528 10588 10657 10736 10781 10782 10786 10992
 10999 11126 11129 11151 11361 11396 11417 11434 11490 11576 11672 11676
 11708 11716 11732 11871 11938 12017 12140 12141 12159 12190 12290 12297
 12335 12402 12448 12573 12597 12688 12691 12698 12774 12822 12838 12842
 12900 12912 13013 13015 13042 13054 13070 13126 13185 13250 13293 13339
 13467 13470 13507 13542 13632 13657 13905 13908 13930 13957 13984 14031
 14050 14191 14207 14295 14355 14451 14516 14602 14664 14690 14732 14800
 14839 14876 14904 14907 14926 14944 15020 15067 15068 15235 15255 15265
 15370 15384 15402 15414 15416 15477 15487 15500 15506 15522 15552 15567
 15609 15628 15673 15674 15750 15765 15876 15915 15918 15940 16056 16077
 16302 16308 16342 16488 16500 16617 16705 16784 16974 17038 17108 17155
 17384 17444 17447 17470 17486 17570 17649 17737 17751 17854 17867 17914
 17982 18018 18030 18135 18279 18285 18378 18411 18523 18561 18681 18698
 18753 18831 18838 18839 18880 18887 18956 18977 18994 19118 19183 19314
 19425 19453 19470 19622 19751 19769 19780 19890 20080 20119 20169 20230
 20269 20334 20339 20341 20351 20353 20378 20474 20480 20537 20544 20600
 20621 20667 20709 20765 20799 20816 20852 20863 20980 21226 21227 21375
 21398 21440 21456 21547 21717 21778 21809 21818 21898 21922 21971 22078
 22206 22300 22515 22571 22775 22825 22835 22937 22944 22949 22957 23008
 23043 23101 23123 23141 23324 23395 23415 23459 23460 23475 23571 23603
 23628 23748 23875 23924 23969 24297 24392 24449 24462 24600 24609 24626
 24774 24807 24918 24958 24979 25159 25239 25315 25374 25494 25629 25642
 25657 25689 25718 25724 25754 25903 25916 26095 26108 26182 26225 26253
 26319 26338 26434 26437 26476 26535 26575 26629 26734 26762 26784 26991
 27014 27049 27084 27113 27146 27192 27224 27237 27252 27297 27322 27397
 27404 27441 27503 27571 27632 27840 27875 27986 28166 28201 28218 28275
 28303 28339 28358 28421 28433 28497 28535 28539 28650 28682 28729 28755
 28849 28880 28927 29041 29048 29128 29152 29233 29239 29254 29407 29419
 29451 29463 29468 29518 29531 29544 29593 29611 29639 29646 29653 29732
 29742 29913 29996 30028 30063 30083 30138 30178 30206 30212 30228 30236
 30338 30401 30433 30446 30465 30482 30521 30930 31148 31169 31172 31278
 31325 31326 31397 31403 31404 31445 31663 31785 31906 31929 31938 32001
 32027 32049 32097 32192 32284 32311 32371 32569 32637 32704 32820 32878
 32898 33000 33257 33280 33345 33430 33509 33517 33622 33667 33688 33811
 33835 33911 34017 34020 34082 34115 34137 34267 34281 34306 34338 34394
 34459 34463 34478 34538 34544 34604 34785 34792 34801 34976 35038 35074
 35082 35084 35296 35324 35480 35496 35591 35630 35690 35710 35721 35871
 36102 36110 36285 36318 36430 36442 36558 36615 36686 36746 36753 36782
 36850 36872 36884 36935 36946 36965 36982 36990 37006 37105 37121 37155
 37176 37259 37330 37387 37395 37441 37482 37547 37651 37664 37863 37917
 37931 37937 37967]
[   57   104   121   166   208   214   242   306   324   342   373   482
   511   512   558   724   733   742   763   768   887   923   947  1000
  1024  1079  1110  1140  1171  1195  1209  1212  1263  1327  1353  1373
  1536  1545  1560  1571  1585  1616  1651  1695  1762  1798  1850  1934
  1941  1954  2077  2125  2215  2238  2289  2455  2718  2768  2843  2853
  2868  2871  2887  2937  2943  2963  3007  3139  3160  3212  3241  3252
  3281  3307  3332  3344  3400  3410  3428  3525  3527  3547  3573  3675
  3702  3761  3779  3912  3958  3969  4022  4055  4148  4258  4261  4297
  4353  4373  4423  4563  4676  4686  4727  4773  4801  4805  4948  4999
  5020  5074  5227  5357  5363  5370  5527  5748  5749  5811  5925  5969
  6063  6099  6208  6386  6435  6446  6493  6661  6677  6724  6741  6754
  6840  6955  6971  6998  7054  7145  7183  7198  7216  7221  7289  7334
  7347  7529  7539  7555  7559  7599  7635  7684  7749  7871  7893  7901
  7918  7932  7977  8105  8114  8161  8170  8176  8177  8221  8246  8301
  8358  8425  8459  8521  8532  8534  8638  8667  8714  8917  8931  8992
  9004  9017  9020  9092  9142  9170  9189  9201  9203  9454  9587  9595
  9713  9739  9837  9895  9965  9987 10017 10077 10158 10222 10280 10324
 10366 10380 10414 10462 10470 10528 10588 10657 10692 10736 10781 10782
 10786 10877 10930 10980 10992 10999 11126 11129 11151 11248 11361 11396
 11417 11434 11458 11490 11576 11672 11676 11708 11716 11732 11810 11871
 11934 11938 12017 12140 12141 12159 12190 12266 12290 12297 12335 12402
 12448 12573 12597 12688 12691 12698 12774 12822 12838 12842 12900 12912
 13013 13015 13042 13054 13070 13126 13185 13250 13293 13467 13470 13507
 13542 13547 13657 13746 13905 13908 13930 13957 13984 14031 14050 14164
 14191 14207 14295 14355 14451 14516 14602 14664 14690 14732 14739 14800
 14839 14876 14904 14907 14926 14944 15020 15026 15041 15067 15068 15235
 15255 15265 15370 15384 15402 15414 15416 15477 15487 15500 15506 15522
 15552 15567 15609 15628 15673 15674 15750 15765 15876 15915 15918 15940
 16056 16077 16183 16302 16308 16342 16488 16500 16617 16705 16784 16897
 16974 17027 17034 17038 17108 17155 17384 17444 17447 17470 17486 17570
 17649 17737 17751 17854 17867 17914 17982 18009 18018 18030 18135 18249
 18279 18285 18378 18411 18523 18561 18681 18698 18753 18831 18838 18839
 18880 18887 18956 18977 18994 19037 19118 19124 19183 19314 19356 19425
 19453 19470 19622 19751 19769 19780 19890 20080 20119 20169 20230 20334
 20339 20341 20351 20353 20378 20474 20480 20537 20544 20600 20621 20667
 20709 20765 20799 20816 20852 20863 20980 21021 21226 21227 21371 21375
 21398 21440 21456 21547 21717 21718 21778 21809 21818 21898 21922 21971
 22078 22206 22258 22300 22515 22545 22571 22598 22775 22825 22835 22937
 22944 22949 22957 23008 23043 23083 23101 23123 23141 23324 23395 23415
 23459 23460 23475 23571 23603 23628 23748 23762 23858 23875 23924 23969
 24297 24392 24449 24462 24543 24600 24609 24626 24774 24807 24918 24958
 24979 24991 25159 25239 25315 25374 25494 25629 25642 25657 25689 25718
 25724 25735 25744 25754 25903 25916 26095 26108 26182 26225 26253 26319
 26338 26434 26437 26476 26629 26734 26762 26784 26841 26922 26991 27014
 27049 27084 27113 27146 27192 27224 27237 27252 27297 27322 27397 27404
 27441 27503 27553 27571 27632 27840 27875 27986 28166 28201 28218 28275
 28303 28339 28358 28372 28421 28433 28497 28535 28539 28650 28682 28729
 28755 28776 28849 28880 28927 28930 29041 29048 29128 29152 29233 29239
 29254 29407 29419 29451 29463 29468 29518 29531 29544 29593 29611 29626
 29639 29646 29653 29720 29732 29742 29770 29772 29913 29952 29996 30028
 30063 30083 30138 30178 30206 30212 30228 30236 30338 30401 30433 30446
 30465 30482 30521 30783 30930 31124 31148 31169 31172 31278 31325 31326
 31397 31403 31404 31445 31663 31742 31785 31836 31906 31929 31938 32001
 32027 32049 32097 32192 32284 32311 32337 32371 32569 32637 32704 32820
 32878 32898 33000 33194 33257 33280 33345 33430 33509 33517 33622 33667
 33688 33773 33811 33835 33911 33915 33994 34017 34020 34082 34115 34137
 34267 34281 34306 34338 34394 34402 34459 34463 34478 34538 34544 34579
 34604 34785 34792 34801 34938 34976 35038 35074 35082 35084 35296 35324
 35496 35591 35630 35690 35710 35721 35871 36102 36110 36285 36318 36430
 36442 36558 36615 36686 36746 36753 36782 36850 36872 36884 36935 36946
 36965 36982 36990 37006 37105 37121 37155 37176 37259 37330 37387 37395
 37441 37482 37547 37651 37664 37863 37917 37931 37937 37958 37967]
[   57   104   121   166   208   214   242   306   324   342   373   482
   511   512   558   603   724   733   742   763   768   887   923   947
  1000  1024  1042  1079  1110  1140  1171  1195  1209  1212  1263  1327
  1353  1373  1536  1545  1571  1585  1616  1630  1651  1695  1762  1798
  1850  1934  1941  1954  2077  2125  2215  2238  2289  2455  2718  2768
  2843  2853  2868  2871  2887  2937  2943  2963  3007  3139  3160  3212
  3241  3252  3281  3307  3332  3344  3400  3410  3428  3525  3527  3547
  3573  3702  3761  3779  3912  3934  3958  3969  4022  4055  4148  4258
  4261  4297  4353  4373  4423  4563  4676  4686  4717  4727  4773  4774
  4801  4805  4948  4999  5020  5074  5227  5357  5363  5370  5527  5609
  5748  5749  5811  5925  5969  6063  6099  6208  6386  6415  6435  6446
  6493  6661  6677  6724  6741  6754  6840  6955  6971  6998  7054  7145
  7183  7198  7216  7221  7289  7334  7347  7529  7539  7559  7599  7629
  7635  7684  7718  7749  7871  7893  7901  7918  7932  8114  8161  8170
  8176  8177  8221  8246  8301  8358  8425  8459  8521  8532  8534  8638
  8667  8714  8917  8931  8992  9004  9017  9020  9092  9142  9170  9189
  9201  9203  9587  9595  9713  9739  9837  9895  9965  9987 10017 10077
 10158 10222 10280 10324 10366 10371 10380 10414 10462 10470 10528 10588
 10657 10692 10736 10781 10782 10786 10980 10992 10999 11126 11129 11151
 11248 11361 11396 11417 11434 11458 11471 11490 11576 11672 11676 11708
 11716 11732 11810 11871 11938 12017 12140 12141 12142 12159 12190 12266
 12290 12297 12317 12335 12402 12448 12485 12573 12597 12688 12691 12698
 12774 12822 12838 12842 12900 12912 13013 13015 13042 13054 13070 13100
 13126 13185 13192 13250 13280 13293 13467 13470 13507 13542 13547 13599
 13632 13657 13667 13746 13905 13908 13930 13957 13984 14031 14050 14164
 14191 14207 14295 14355 14451 14516 14602 14664 14690 14732 14739 14800
 14839 14876 14904 14907 14926 14944 15041 15067 15068 15235 15255 15370
 15384 15402 15414 15416 15477 15487 15500 15506 15522 15552 15567 15609
 15628 15673 15674 15750 15765 15876 15915 15918 15940 16056 16077 16183
 16302 16308 16342 16488 16500 16617 16705 16784 16897 16974 16983 17027
 17038 17108 17155 17292 17384 17444 17447 17470 17486 17570 17649 17737
 17751 17780 17830 17854 17867 17914 17982 18018 18030 18135 18249 18279
 18285 18378 18411 18523 18561 18681 18698 18753 18831 18838 18839 18880
 18887 18956 18977 18994 19037 19118 19124 19183 19219 19314 19356 19425
 19453 19470 19622 19693 19751 19769 19780 19890 20080 20119 20169 20230
 20269 20334 20339 20341 20351 20353 20378 20384 20474 20480 20537 20544
 20600 20621 20667 20709 20765 20799 20816 20852 20863 20980 21226 21227
 21304 21371 21375 21398 21440 21456 21547 21717 21778 21809 21818 21898
 21922 21971 22078 22206 22258 22300 22377 22515 22545 22571 22598 22775
 22825 22835 22944 22949 22957 23008 23043 23083 23101 23123 23141 23324
 23395 23415 23459 23460 23475 23571 23603 23628 23748 23762 23858 23875
 23924 23969 24297 24392 24449 24462 24543 24600 24609 24626 24918 24958
 24979 24991 25159 25239 25315 25374 25494 25629 25642 25657 25689 25718
 25724 25735 25744 25754 25903 25916 26095 26108 26182 26225 26253 26319
 26338 26434 26437 26476 26535 26629 26734 26762 26784 26841 26922 26940
 26980 26991 27014 27049 27084 27113 27146 27192 27224 27237 27252 27297
 27322 27397 27404 27441 27503 27553 27571 27632 27840 27875 27986 28166
 28201 28218 28275 28303 28339 28358 28421 28433 28497 28535 28539 28650
 28682 28729 28755 28849 28856 28880 28927 28930 29041 29048 29128 29152
 29233 29239 29254 29407 29419 29451 29468 29518 29531 29544 29593 29611
 29639 29646 29653 29720 29732 29742 29770 29772 29913 29952 29996 30028
 30063 30083 30138 30178 30206 30212 30228 30236 30338 30401 30446 30465
 30521 30783 30930 31148 31169 31172 31278 31325 31397 31403 31404 31445
 31663 31708 31742 31785 31836 31906 31929 31938 32001 32027 32049 32097
 32192 32284 32311 32337 32371 32418 32569 32637 32704 32820 32878 32898
 33000 33257 33280 33345 33430 33509 33517 33622 33667 33688 33773 33811
 33835 33864 33911 33915 34017 34020 34082 34115 34137 34181 34267 34281
 34306 34338 34394 34402 34459 34463 34478 34538 34544 34579 34604 34785
 34792 34801 34938 34976 35038 35074 35082 35084 35141 35296 35324 35496
 35591 35630 35690 35710 35721 35871 36102 36110 36285 36318 36430 36442
 36558 36621 36686 36746 36753 36782 36850 36872 36884 36935 36946 36965
 36982 36990 37006 37105 37121 37155 37176 37259 37330 37387 37441 37482
 37547 37651 37664 37863 37917 37931 37937 37958 37967]
[   52    57   104   121   166   208   214   242   306   324   342   373
   482   511   512   558   724   733   742   763   768   833   923   947
  1000  1024  1042  1079  1110  1140  1171  1195  1209  1212  1263  1327
  1353  1373  1536  1545  1571  1585  1616  1630  1651  1695  1762  1798
  1850  1886  1934  1941  1954  2077  2101  2125  2215  2238  2289  2455
  2718  2768  2843  2853  2868  2871  2887  2937  2943  2963  3007  3139
  3160  3212  3241  3252  3281  3307  3332  3344  3400  3410  3428  3525
  3527  3547  3573  3675  3702  3761  3779  3912  3934  3958  3969  4022
  4055  4148  4258  4261  4297  4353  4373  4423  4461  4563  4676  4686
  4717  4727  4773  4774  4801  4805  4921  4999  5020  5074  5151  5174
  5227  5357  5363  5370  5527  5609  5748  5749  5811  5838  5925  5969
  6063  6099  6208  6303  6386  6415  6435  6446  6493  6661  6677  6724
  6741  6754  6767  6840  6955  6971  6998  7054  7145  7183  7198  7216
  7221  7289  7334  7347  7529  7539  7555  7559  7599  7629  7635  7684
  7718  7749  7843  7871  7893  7901  7918  7932  7977  8105  8114  8161
  8170  8176  8177  8221  8246  8301  8358  8425  8459  8460  8521  8532
  8534  8638  8667  8714  8917  8931  8992  9004  9017  9020  9092  9142
  9170  9189  9201  9203  9454  9587  9595  9713  9739  9837  9848  9965
  9987 10017 10077 10158 10222 10280 10324 10366 10371 10380 10414 10462
 10470 10528 10560 10588 10657 10692 10736 10781 10782 10786 10930 10980
 10992 10999 11126 11129 11151 11248 11361 11396 11417 11434 11458 11471
 11490 11576 11664 11672 11676 11708 11716 11732 11734 11810 11871 11938
 12017 12140 12141 12159 12190 12228 12266 12290 12297 12317 12335 12399
 12402 12448 12485 12495 12573 12597 12688 12691 12698 12774 12822 12838
 12842 12900 12912 13013 13015 13042 13054 13070 13100 13126 13185 13192
 13250 13280 13293 13467 13469 13470 13507 13542 13547 13596 13599 13632
 13657 13667 13746 13905 13908 13930 13957 13984 14031 14050 14164 14191
 14207 14295 14355 14451 14481 14516 14602 14664 14690 14732 14739 14800
 14815 14839 14876 14904 14907 14926 14944 15026 15041 15067 15068 15235
 15255 15370 15384 15402 15414 15416 15477 15487 15500 15506 15522 15552
 15567 15609 15628 15673 15674 15724 15750 15765 15876 15915 15918 15940
 16056 16077 16183 16302 16308 16342 16488 16500 16555 16617 16705 16784
 16974 16983 17027 17038 17108 17155 17292 17384 17444 17447 17470 17486
 17570 17599 17649 17737 17751 17780 17830 17854 17867 17914 17982 18009
 18018 18030 18135 18249 18279 18285 18378 18411 18523 18561 18681 18698
 18753 18788 18831 18838 18839 18880 18887 18956 18977 18994 19037 19053
 19118 19124 19183 19219 19314 19356 19425 19453 19470 19622 19693 19751
 19769 19780 19890 20080 20119 20169 20230 20269 20334 20339 20341 20351
 20353 20378 20474 20480 20537 20544 20600 20621 20667 20709 20765 20799
 20816 20837 20852 20863 20980 21226 21227 21304 21375 21398 21440 21456
 21547 21628 21717 21718 21778 21809 21818 21898 21922 21971 22078 22206
 22258 22296 22300 22460 22515 22545 22571 22598 22775 22825 22835 22944
 22949 22957 23008 23043 23083 23101 23123 23141 23324 23395 23415 23459
 23460 23475 23571 23603 23628 23748 23762 23858 23875 23924 23969 24016
 24297 24392 24449 24462 24543 24600 24609 24626 24697 24807 24918 24958
 24979 24991 25159 25239 25315 25374 25494 25629 25642 25657 25689 25718
 25724 25735 25744 25754 25903 25916 26065 26095 26108 26182 26225 26253
 26319 26338 26434 26437 26476 26517 26535 26629 26734 26738 26762 26784
 26841 26922 26980 26991 27014 27049 27084 27113 27146 27192 27224 27237
 27252 27297 27322 27397 27404 27441 27503 27553 27571 27627 27632 27840
 27875 27945 27986 27998 28166 28201 28218 28275 28303 28339 28358 28421
 28433 28497 28535 28539 28639 28650 28682 28729 28755 28767 28849 28856
 28880 28927 28930 29041 29048 29128 29152 29233 29239 29254 29407 29419
 29451 29468 29518 29531 29544 29593 29611 29639 29646 29653 29720 29732
 29742 29770 29772 29913 29952 29996 30028 30063 30083 30119 30138 30178
 30206 30212 30228 30236 30338 30401 30433 30446 30465 30482 30521 30783
 30926 30930 31124 31148 31169 31172 31260 31278 31325 31326 31357 31397
 31403 31404 31445 31663 31708 31742 31785 31836 31906 31929 31938 31944
 32001 32027 32049 32097 32192 32284 32311 32337 32371 32418 32569 32637
 32704 32820 32878 32898 33000 33257 33280 33345 33430 33509 33517 33622
 33667 33688 33773 33811 33835 33864 33911 33915 33994 34017 34020 34082
 34115 34137 34181 34267 34281 34306 34338 34394 34402 34459 34463 34478
 34538 34544 34579 34604 34785 34792 34801 34938 34976 35038 35074 35082
 35084 35296 35324 35496 35591 35630 35690 35710 35721 35871 36102 36110
 36285 36299 36318 36430 36442 36558 36570 36621 36686 36746 36753 36782
 36850 36872 36884 36886 36935 36946 36965 36982 36990 37006 37105 37121
 37155 37176 37259 37330 37387 37441 37482 37547 37635 37651 37664 37863
 37917 37931 37937 37958 37967]
[   52    57   104   121   166   208   214   242   306   324   342   373
   482   511   512   558   603   724   733   742   763   768   833   923
   947  1000  1024  1042  1079  1110  1140  1171  1195  1209  1212  1263
  1327  1353  1373  1536  1545  1571  1585  1616  1630  1651  1695  1762
  1798  1850  1886  1934  1941  1954  2077  2125  2215  2238  2289  2455
  2718  2734  2768  2843  2853  2868  2871  2887  2937  2943  2963  3007
  3139  3160  3212  3241  3252  3281  3307  3332  3344  3400  3410  3428
  3525  3527  3547  3573  3675  3702  3761  3779  3785  3912  3934  3958
  3969  4022  4055  4148  4258  4261  4297  4353  4373  4423  4563  4643
  4676  4686  4717  4727  4773  4801  4805  4921  4948  4999  5020  5074
  5151  5227  5357  5363  5370  5527  5609  5748  5749  5811  5838  5925
  5969  6063  6099  6208  6325  6386  6435  6446  6493  6661  6677  6724
  6741  6754  6767  6840  6902  6955  6971  6998  7054  7145  7183  7198
  7216  7221  7289  7334  7347  7529  7539  7555  7559  7599  7629  7635
  7684  7718  7749  7843  7871  7893  7901  7918  7932  7977  8105  8114
  8161  8170  8176  8177  8221  8246  8301  8358  8425  8459  8521  8532
  8534  8541  8638  8667  8714  8917  8931  8992  9004  9017  9020  9092
  9142  9170  9189  9201  9203  9454  9513  9587  9595  9713  9739  9837
  9848  9900  9965  9987 10017 10077 10158 10222 10280 10324 10366 10371
 10380 10414 10462 10470 10528 10560 10588 10657 10692 10736 10781 10782
 10786 10877 10930 10980 10992 10999 11126 11129 11151 11248 11334 11361
 11396 11417 11434 11458 11471 11490 11576 11672 11676 11708 11716 11732
 11734 11810 11871 11938 12017 12140 12141 12159 12190 12228 12235 12266
 12290 12297 12317 12335 12384 12402 12448 12485 12495 12573 12597 12688
 12691 12698 12774 12822 12838 12842 12900 12912 13013 13015 13042 13054
 13068 13070 13100 13126 13185 13192 13250 13280 13293 13467 13470 13507
 13542 13547 13596 13599 13632 13650 13657 13667 13746 13905 13908 13930
 13957 13984 14031 14050 14164 14191 14207 14295 14355 14451 14481 14516
 14564 14602 14664 14690 14732 14739 14800 14815 14839 14876 14904 14907
 14926 14944 15020 15041 15067 15068 15235 15255 15370 15384 15402 15414
 15416 15477 15487 15500 15506 15522 15552 15567 15609 15628 15673 15674
 15750 15765 15876 15918 15940 16056 16077 16183 16302 16308 16342 16488
 16500 16555 16617 16705 16784 16974 16983 17027 17038 17108 17155 17292
 17384 17444 17447 17470 17486 17570 17649 17737 17751 17780 17830 17854
 17867 17914 17982 18009 18018 18030 18135 18190 18249 18279 18285 18378
 18411 18523 18561 18681 18698 18753 18831 18838 18839 18880 18887 18956
 18977 18994 19037 19053 19118 19124 19183 19219 19314 19356 19425 19453
 19470 19622 19693 19751 19769 19780 19890 20080 20119 20169 20230 20269
 20334 20339 20341 20351 20353 20378 20474 20480 20537 20544 20600 20621
 20667 20709 20765 20799 20816 20852 20863 20980 21226 21227 21304 21375
 21398 21440 21456 21547 21628 21717 21718 21778 21809 21818 21898 21922
 21971 22078 22206 22258 22296 22300 22377 22515 22545 22571 22598 22775
 22825 22835 22944 22949 22957 23008 23043 23101 23123 23141 23234 23324
 23395 23415 23459 23460 23475 23571 23603 23628 23739 23748 23762 23858
 23875 23924 23969 24016 24297 24392 24449 24462 24543 24558 24600 24609
 24626 24807 24918 24958 24979 24991 25159 25239 25315 25374 25494 25500
 25629 25642 25657 25689 25718 25724 25735 25744 25754 25903 25916 26065
 26095 26108 26182 26225 26253 26319 26338 26434 26437 26476 26535 26629
 26734 26738 26762 26784 26841 26922 26980 26991 27014 27049 27084 27113
 27146 27192 27224 27237 27252 27297 27322 27331 27397 27404 27441 27503
 27553 27571 27627 27632 27840 27875 27945 27986 27998 28166 28201 28218
 28275 28303 28339 28358 28372 28421 28433 28497 28535 28539 28639 28650
 28682 28729 28755 28767 28849 28856 28880 28927 28930 29041 29048 29128
 29152 29233 29239 29254 29407 29419 29451 29468 29518 29531 29544 29593
 29611 29639 29646 29653 29720 29732 29742 29770 29772 29913 29952 29996
 30028 30063 30083 30119 30138 30178 30206 30212 30228 30236 30338 30401
 30446 30465 30521 30783 30926 30930 31148 31169 31172 31260 31278 31325
 31326 31357 31397 31403 31404 31445 31663 31708 31742 31785 31836 31906
 31929 31938 31944 32001 32027 32049 32097 32192 32284 32311 32337 32371
 32418 32569 32637 32704 32820 32878 32898 33000 33257 33280 33345 33430
 33509 33517 33622 33667 33688 33773 33811 33835 33864 33911 33915 33994
 34017 34020 34082 34115 34137 34181 34267 34281 34306 34338 34394 34402
 34459 34463 34478 34538 34544 34579 34604 34785 34792 34801 34938 34976
 35038 35074 35082 35084 35296 35324 35496 35591 35630 35690 35710 35721
 35871 36102 36110 36285 36318 36430 36442 36558 36570 36621 36686 36746
 36753 36782 36850 36872 36884 36886 36935 36946 36965 36982 36990 37006
 37105 37121 37155 37176 37259 37330 37387 37441 37482 37547 37635 37651
 37664 37863 37917 37931 37937 37958 37967]
[   52    57   104   121   166   208   214   242   306   324   342   373
   482   512   558   603   724   733   742   763   768   833   923   947
  1000  1024  1042  1079  1110  1140  1171  1195  1209  1212  1263  1327
  1353  1373  1536  1545  1571  1585  1616  1630  1651  1695  1762  1798
  1850  1886  1934  1941  1954  2077  2125  2215  2238  2289  2455  2718
  2734  2768  2843  2853  2868  2871  2887  2937  2943  2963  3007  3139
  3150  3160  3212  3241  3252  3281  3307  3332  3344  3400  3410  3428
  3525  3527  3547  3573  3675  3702  3761  3779  3871  3912  3934  3958
  3969  4022  4055  4148  4258  4261  4297  4353  4373  4423  4563  4643
  4676  4686  4717  4727  4773  4774  4801  4805  4921  4948  4999  5020
  5074  5151  5227  5357  5363  5370  5527  5609  5748  5749  5811  5838
  5925  5969  6063  6099  6208  6325  6386  6415  6435  6446  6493  6661
  6677  6724  6741  6754  6767  6840  6955  6971  6998  7054  7145  7183
  7198  7216  7221  7289  7334  7347  7529  7539  7555  7559  7599  7629
  7635  7684  7691  7718  7749  7843  7871  7893  7901  7918  7932  7977
  8105  8114  8161  8170  8176  8177  8221  8246  8301  8358  8425  8459
  8521  8532  8534  8638  8667  8714  8820  8917  8931  8992  9004  9017
  9020  9092  9142  9170  9189  9201  9203  9454  9587  9595  9713  9739
  9837  9848  9900  9965  9987 10017 10077 10158 10222 10280 10324 10366
 10371 10380 10414 10462 10470 10528 10588 10657 10692 10736 10781 10782
 10786 10877 10930 10980 10992 10999 11126 11129 11151 11248 11361 11396
 11417 11434 11458 11471 11490 11576 11664 11672 11676 11708 11716 11732
 11734 11810 11871 11934 11938 12017 12140 12141 12142 12159 12190 12228
 12235 12266 12290 12297 12317 12335 12402 12448 12485 12495 12573 12597
 12688 12691 12698 12774 12822 12838 12842 12900 12912 13013 13015 13042
 13054 13070 13100 13126 13185 13192 13250 13280 13293 13467 13469 13470
 13507 13542 13547 13578 13596 13599 13632 13650 13657 13667 13746 13905
 13908 13930 13957 13984 14031 14050 14164 14191 14207 14295 14355 14451
 14481 14516 14564 14602 14664 14690 14732 14739 14800 14815 14839 14876
 14904 14907 14926 14944 15020 15041 15067 15068 15235 15255 15370 15384
 15402 15414 15416 15477 15487 15500 15506 15522 15552 15567 15609 15628
 15673 15674 15724 15750 15765 15876 15918 15940 16056 16077 16183 16302
 16308 16342 16488 16500 16555 16617 16705 16757 16784 16974 16983 17027
 17038 17108 17155 17292 17342 17384 17444 17447 17470 17486 17570 17599
 17627 17649 17737 17751 17780 17830 17854 17867 17914 17982 18009 18018
 18030 18135 18190 18242 18249 18279 18285 18378 18411 18523 18561 18681
 18698 18753 18831 18838 18839 18880 18887 18956 18977 18994 19037 19118
 19124 19183 19219 19314 19356 19425 19453 19470 19622 19693 19751 19769
 19780 19890 20080 20119 20169 20230 20269 20334 20339 20341 20351 20353
 20369 20378 20474 20480 20537 20544 20600 20621 20667 20709 20765 20799
 20816 20837 20852 20863 20980 21226 21227 21304 21375 21398 21440 21456
 21547 21580 21628 21717 21778 21809 21818 21898 21922 21971 22078 22206
 22258 22296 22300 22335 22515 22545 22571 22598 22775 22825 22835 22944
 22949 22957 23008 23043 23101 23123 23141 23324 23395 23415 23459 23460
 23475 23571 23603 23628 23692 23739 23748 23762 23858 23875 23924 23969
 24016 24297 24392 24449 24462 24543 24558 24600 24609 24626 24697 24807
 24918 24958 24979 24991 25159 25239 25315 25374 25494 25500 25596 25629
 25642 25657 25689 25718 25724 25735 25744 25903 25916 25961 26065 26095
 26108 26182 26225 26253 26319 26338 26434 26437 26476 26517 26535 26629
 26734 26738 26762 26784 26841 26922 26940 26980 26991 27014 27049 27084
 27113 27146 27192 27224 27237 27252 27297 27322 27331 27397 27404 27441
 27503 27553 27571 27627 27632 27840 27855 27875 27945 27986 27998 28166
 28201 28218 28275 28303 28339 28358 28421 28433 28497 28535 28539 28639
 28650 28682 28729 28755 28767 28849 28856 28880 28927 28930 28999 29041
 29048 29128 29152 29233 29239 29254 29407 29419 29451 29468 29518 29531
 29544 29593 29611 29639 29646 29653 29720 29732 29742 29770 29772 29913
 29952 29996 30028 30063 30083 30138 30178 30206 30212 30228 30236 30338
 30401 30446 30465 30521 30783 30930 31148 31169 31172 31260 31278 31325
 31326 31397 31403 31404 31445 31663 31708 31742 31785 31836 31906 31929
 31938 31944 32001 32027 32049 32097 32192 32284 32311 32337 32371 32418
 32569 32637 32704 32820 32878 32898 33000 33194 33257 33280 33345 33430
 33509 33517 33622 33666 33667 33688 33773 33811 33835 33864 33911 33915
 33963 33994 34017 34020 34082 34115 34137 34181 34267 34281 34306 34338
 34394 34402 34459 34463 34478 34538 34544 34579 34604 34785 34792 34801
 34938 34976 35038 35074 35082 35084 35296 35324 35496 35591 35630 35690
 35710 35721 35871 36102 36110 36285 36318 36430 36442 36558 36570 36621
 36686 36746 36753 36782 36850 36856 36872 36884 36886 36935 36946 36965
 36982 36990 37006 37105 37121 37155 37176 37259 37330 37387 37441 37547
 37635 37651 37664 37690 37863 37917 37931 37937 37958 37967]
[   52    57   104   121   166   208   214   242   306   324   342   373
   482   512   558   603   724   733   742   763   768   833   923   947
  1000  1024  1042  1079  1110  1140  1171  1195  1209  1212  1263  1327
  1353  1373  1536  1545  1571  1585  1616  1630  1651  1695  1762  1798
  1850  1886  1934  1941  1954  2077  2125  2215  2238  2289  2455  2718
  2734  2768  2843  2853  2868  2871  2887  2937  2943  2963  3007  3139
  3142  3150  3160  3212  3241  3252  3281  3307  3332  3344  3400  3410
  3428  3525  3527  3547  3573  3675  3702  3761  3779  3785  3871  3912
  3934  3958  3969  4022  4055  4148  4258  4261  4297  4353  4373  4423
  4563  4643  4676  4686  4717  4727  4773  4774  4801  4805  4921  4948
  4999  5020  5074  5151  5174  5227  5262  5357  5363  5370  5527  5609
  5748  5749  5811  5838  5925  5969  6063  6099  6208  6303  6325  6386
  6415  6435  6446  6493  6624  6661  6677  6724  6741  6754  6767  6840
  6902  6955  6971  6998  7054  7145  7183  7198  7216  7221  7222  7289
  7334  7347  7529  7539  7555  7559  7599  7629  7635  7684  7691  7718
  7749  7843  7871  7893  7901  7918  7932  7977  8105  8114  8161  8170
  8176  8177  8221  8246  8301  8358  8425  8459  8521  8532  8534  8638
  8667  8714  8820  8917  8931  8992  9004  9017  9020  9092  9142  9170
  9189  9201  9203  9257  9454  9513  9587  9595  9713  9739  9837  9848
  9965  9987 10017 10077 10158 10217 10222 10280 10324 10366 10371 10380
 10414 10462 10470 10528 10560 10588 10657 10692 10736 10781 10782 10786
 10877 10930 10980 10992 10999 11126 11129 11151 11248 11334 11361 11362
 11396 11417 11434 11458 11471 11490 11576 11664 11672 11676 11708 11716
 11732 11734 11810 11871 11934 11938 12017 12140 12141 12142 12159 12190
 12228 12235 12266 12290 12297 12317 12335 12384 12399 12402 12448 12485
 12495 12573 12597 12688 12691 12698 12774 12822 12838 12842 12900 12912
 13013 13015 13042 13054 13070 13100 13126 13185 13192 13250 13280 13293
 13467 13469 13470 13507 13542 13547 13578 13596 13599 13632 13650 13657
 13667 13746 13905 13908 13930 13957 13984 14031 14033 14050 14164 14191
 14207 14295 14355 14451 14481 14516 14564 14602 14664 14690 14732 14739
 14800 14815 14839 14876 14904 14907 14926 14944 15020 15026 15041 15067
 15068 15235 15255 15370 15384 15402 15414 15416 15477 15487 15500 15506
 15522 15552 15567 15609 15628 15673 15674 15724 15750 15765 15876 15915
 15918 15940 16056 16077 16183 16302 16308 16342 16488 16500 16555 16617
 16705 16757 16784 16903 16974 16983 17027 17038 17108 17155 17292 17384
 17444 17447 17470 17486 17570 17599 17627 17649 17737 17751 17780 17830
 17854 17867 17914 17982 18009 18018 18030 18135 18190 18242 18249 18279
 18285 18378 18411 18523 18561 18681 18698 18753 18831 18838 18839 18880
 18887 18956 18977 18994 19015 19037 19053 19118 19124 19183 19219 19314
 19356 19425 19453 19470 19550 19622 19693 19751 19769 19780 19890 20080
 20119 20169 20230 20269 20334 20339 20341 20351 20353 20369 20378 20474
 20480 20537 20544 20600 20621 20667 20709 20765 20799 20816 20837 20852
 20863 20980 21021 21226 21227 21304 21375 21398 21440 21456 21547 21580
 21628 21717 21778 21809 21818 21898 21922 21971 22078 22138 22206 22258
 22296 22300 22335 22515 22545 22571 22598 22775 22825 22835 22942 22944
 22949 22957 23008 23043 23101 23123 23141 23324 23395 23415 23459 23460
 23475 23571 23603 23628 23692 23739 23748 23762 23858 23875 23924 23969
 24016 24297 24392 24449 24462 24464 24543 24558 24600 24609 24626 24697
 24804 24807 24918 24958 24979 24991 25159 25239 25315 25346 25374 25494
 25500 25596 25629 25642 25657 25689 25718 25724 25725 25735 25744 25754
 25903 25916 25961 26095 26108 26182 26225 26253 26319 26338 26434 26437
 26476 26517 26535 26629 26734 26738 26762 26784 26841 26922 26940 26980
 26991 27014 27049 27084 27113 27146 27192 27224 27237 27252 27259 27297
 27322 27331 27397 27404 27441 27503 27553 27571 27627 27632 27840 27855
 27875 27945 27986 27998 28166 28201 28218 28275 28303 28339 28358 28372
 28421 28433 28497 28535 28539 28639 28650 28682 28729 28755 28767 28849
 28856 28880 28927 28930 28999 29041 29048 29128 29152 29233 29239 29254
 29407 29419 29451 29468 29518 29531 29544 29593 29611 29639 29646 29653
 29720 29732 29742 29770 29772 29913 29952 29996 30028 30063 30083 30138
 30178 30206 30212 30228 30236 30338 30401 30446 30465 30482 30521 30783
 30930 31148 31169 31172 31260 31278 31325 31326 31357 31397 31403 31404
 31445 31446 31663 31708 31742 31785 31836 31906 31929 31938 31944 32001
 32027 32049 32097 32192 32284 32311 32337 32418 32569 32637 32704 32820
 32878 32898 33000 33257 33280 33345 33425 33430 33509 33517 33622 33666
 33667 33688 33773 33811 33835 33864 33911 33915 33963 33994 34017 34020
 34082 34115 34137 34181 34267 34281 34306 34338 34394 34402 34459 34463
 34478 34538 34544 34579 34604 34642 34728 34785 34792 34801 34938 34976
 35038 35074 35082 35084 35296 35324 35496 35591 35630 35690 35710 35721
 35871 36102 36110 36285 36318 36430 36442 36558 36570 36621 36686 36746
 36753 36782 36850 36856 36872 36884 36886 36935 36946 36965 36982 36990
 37006 37105 37121 37155 37169 37176 37259 37330 37387 37441 37547 37635
 37651 37664 37690 37863 37917 37931 37937 37958 37967]
