training accuracy when lambda=0.7
[0.24136, 0.305, 0.33236, 0.3516, 0.36418, 0.37944, 0.38972, 0.4031, 0.41606, 0.42794, 0.44194, 0.45476, 0.46694, 0.47928, 0.49416, 0.5101, 0.51872, 0.53546, 0.5501, 0.56198, 0.57394, 0.58848, 0.59852, 0.61228, 0.62284, 0.6378, 0.64784, 0.65738, 0.67028, 0.68174, 0.69352, 0.70192, 0.71274, 0.72004, 0.72982, 0.73968, 0.74882, 0.75374, 0.76354, 0.76762, 0.77696, 0.78164, 0.7906, 0.79452, 0.79932, 0.80334, 0.8096, 0.81182, 0.8149, 0.82006]
test accuracy when lambda=0.7
[0.4966, 0.5589, 0.5747, 0.5992, 0.6143, 0.6218, 0.6383, 0.6255, 0.6283, 0.6175, 0.6202, 0.6117, 0.6107, 0.6029, 0.596, 0.596, 0.5774, 0.578, 0.5701, 0.5671, 0.5588, 0.5476, 0.545, 0.5399, 0.5324, 0.5204, 0.5276, 0.5246, 0.5232, 0.5154, 0.5116, 0.5082, 0.5044, 0.5042, 0.5055, 0.4968, 0.4955, 0.4975, 0.494, 0.49, 0.4996, 0.4922, 0.4973, 0.5024, 0.5031, 0.4961, 0.4883, 0.4857, 0.4884, 0.4906]
training accuracy when lambda=0.75
[0.23494, 0.30496, 0.33248, 0.3535, 0.36894, 0.38404, 0.39764, 0.41116, 0.42492, 0.44022, 0.45474, 0.4698, 0.48494, 0.49996, 0.51452, 0.52948, 0.54704, 0.56164, 0.58038, 0.59278, 0.60698, 0.62434, 0.63728, 0.65454, 0.66554, 0.67988, 0.69328, 0.70386, 0.71932, 0.7285, 0.73786, 0.74884, 0.75818, 0.76864, 0.77824, 0.78466, 0.7926, 0.80102, 0.80714, 0.81452, 0.81996, 0.82122, 0.8341, 0.83754, 0.84114, 0.847, 0.84878, 0.85434, 0.8575, 0.85954]
test accuracy when lambda=0.75
[0.5086, 0.5629, 0.5806, 0.6075, 0.6124, 0.6333, 0.6305, 0.6232, 0.6233, 0.6239, 0.6029, 0.6117, 0.6002, 0.5975, 0.5867, 0.5738, 0.5725, 0.5623, 0.5621, 0.5495, 0.5369, 0.5239, 0.5297, 0.5223, 0.5087, 0.5116, 0.507, 0.4988, 0.4951, 0.4915, 0.4885, 0.4849, 0.4807, 0.483, 0.4837, 0.4784, 0.4836, 0.481, 0.4845, 0.483, 0.477, 0.4752, 0.4742, 0.4846, 0.473, 0.4813, 0.4751, 0.4796, 0.4785, 0.4841]
training accuracy when lambda=0.8
[0.23382, 0.30258, 0.33396, 0.35446, 0.37172, 0.3871, 0.40084, 0.41412, 0.42928, 0.4421, 0.45566, 0.47484, 0.49146, 0.5023, 0.52146, 0.53436, 0.55348, 0.56888, 0.58648, 0.60318, 0.61868, 0.6349, 0.6491, 0.66222, 0.67978, 0.69416, 0.70842, 0.71844, 0.73092, 0.742, 0.75516, 0.7652, 0.77422, 0.783, 0.7951, 0.80252, 0.81056, 0.82024, 0.82448, 0.83256, 0.84132, 0.84518, 0.8524, 0.85442, 0.86426, 0.86596, 0.86774, 0.87588, 0.87836, 0.8812]
test accuracy when lambda=0.8
[0.4985, 0.5587, 0.5885, 0.6116, 0.6265, 0.6358, 0.6414, 0.6343, 0.6329, 0.6216, 0.6242, 0.6183, 0.5965, 0.5955, 0.5843, 0.5811, 0.5683, 0.5615, 0.5528, 0.5354, 0.5344, 0.5221, 0.5193, 0.5055, 0.5046, 0.5102, 0.5049, 0.4961, 0.4964, 0.4903, 0.4904, 0.4776, 0.4673, 0.4786, 0.4691, 0.4651, 0.4714, 0.4605, 0.4574, 0.4621, 0.4623, 0.4664, 0.4637, 0.4659, 0.4603, 0.4578, 0.4721, 0.4649, 0.4658, 0.4519]
training accuracy when lambda=0.85
[0.22734, 0.29418, 0.32732, 0.3508, 0.3669, 0.38294, 0.39904, 0.41198, 0.42722, 0.43998, 0.45742, 0.47132, 0.48876, 0.5058, 0.52368, 0.54152, 0.55996, 0.57806, 0.5957, 0.61382, 0.63292, 0.64618, 0.66182, 0.67942, 0.6979, 0.70828, 0.72294, 0.74208, 0.74922, 0.76268, 0.77616, 0.78912, 0.79566, 0.80962, 0.8167, 0.82804, 0.83212, 0.8448, 0.84952, 0.85826, 0.86246, 0.86714, 0.87724, 0.87842, 0.88414, 0.8869, 0.89192, 0.89482, 0.89846, 0.90086]
test accuracy when lambda=0.85
[0.4783, 0.5133, 0.579, 0.6131, 0.6192, 0.6314, 0.64, 0.629, 0.6225, 0.6193, 0.613, 0.6074, 0.5936, 0.5896, 0.5697, 0.5652, 0.5574, 0.5401, 0.5331, 0.5277, 0.5208, 0.4988, 0.4973, 0.4977, 0.4827, 0.4787, 0.4687, 0.4716, 0.4661, 0.4684, 0.4623, 0.4616, 0.4477, 0.4416, 0.4466, 0.4414, 0.4363, 0.4488, 0.4439, 0.4417, 0.441, 0.4463, 0.4439, 0.4315, 0.4356, 0.4437, 0.4426, 0.4409, 0.4378, 0.4353]
training accuracy when lambda=0.9
[0.21538, 0.28836, 0.32008, 0.34256, 0.36078, 0.37596, 0.39304, 0.405, 0.42422, 0.43568, 0.45218, 0.4716, 0.48736, 0.50694, 0.52362, 0.54196, 0.55914, 0.5787, 0.59628, 0.61488, 0.63044, 0.64978, 0.66784, 0.6834, 0.69588, 0.71096, 0.72472, 0.73824, 0.75264, 0.76328, 0.77584, 0.78892, 0.7957, 0.80738, 0.81958, 0.82746, 0.8344, 0.84144, 0.85068, 0.8574, 0.8647, 0.87052, 0.87432, 0.87818, 0.8859, 0.89074, 0.89304, 0.8973, 0.90164, 0.90724]
test accuracy when lambda=0.9
[0.4665, 0.5397, 0.5563, 0.611, 0.6185, 0.6273, 0.6268, 0.6342, 0.6297, 0.6166, 0.6076, 0.5972, 0.5932, 0.5888, 0.5745, 0.5563, 0.5497, 0.5253, 0.5115, 0.5088, 0.4981, 0.4982, 0.4834, 0.4772, 0.4693, 0.4757, 0.4526, 0.4508, 0.4435, 0.4404, 0.4389, 0.4301, 0.4237, 0.4265, 0.4355, 0.4331, 0.4176, 0.4284, 0.4196, 0.4234, 0.4126, 0.4115, 0.4141, 0.413, 0.4242, 0.4332, 0.429, 0.4241, 0.4054, 0.4204]
training accuracy when lambda=0.95
[0.2191, 0.28356, 0.31662, 0.33918, 0.36202, 0.37874, 0.39408, 0.40938, 0.42456, 0.44162, 0.45848, 0.47744, 0.4943, 0.51368, 0.53334, 0.55174, 0.573, 0.5925, 0.61112, 0.6325, 0.64934, 0.66514, 0.68574, 0.69898, 0.71366, 0.7322, 0.7428, 0.75798, 0.76838, 0.77898, 0.79184, 0.8023, 0.81342, 0.822, 0.83242, 0.83942, 0.8476, 0.8551, 0.86006, 0.86818, 0.87312, 0.8785, 0.88594, 0.88748, 0.89112, 0.8984, 0.9006, 0.90442, 0.90884, 0.91072]
test accuracy when lambda=0.95
[0.4497, 0.5304, 0.5699, 0.5992, 0.6088, 0.6126, 0.6308, 0.6203, 0.5952, 0.6075, 0.5982, 0.589, 0.5672, 0.5494, 0.5313, 0.5264, 0.5181, 0.4944, 0.4957, 0.4765, 0.4655, 0.4597, 0.449, 0.4555, 0.4514, 0.4409, 0.4328, 0.4273, 0.4238, 0.4148, 0.4156, 0.4134, 0.4152, 0.4081, 0.3951, 0.4102, 0.4004, 0.4078, 0.4075, 0.405, 0.4065, 0.3985, 0.3861, 0.3965, 0.3912, 0.4, 0.3963, 0.4082, 0.3949, 0.3902]
