training accuracy when lambda=0.2
[0.6142020201875706, 0.7462424242568738, 0.7739191919240085, 0.7888282828186498, 0.7995959596007761, 0.8028282828282828, 0.8123434343386178, 0.8153939393794898, 0.8218585858441363, 0.8217979797931633, 0.8279393939442105, 0.8298787878739713, 0.8356363636508133, 0.837575757561308, 0.8377979798076128, 0.8412727272727273, 0.8429090909139074, 0.8454747474699309, 0.8459595959740456, 0.848646464632015, 0.8499595959547794, 0.8529696969648805, 0.8557171717219882, 0.8546666666811162, 0.8570505050649546, 0.8562626262674428, 0.8608080808032643, 0.860989898989899, 0.8603232323184158, 0.8634343434198938, 0.8628888888840723, 0.8662020201875706, 0.8650909090957256, 0.8653737373785539, 0.8672121212024881, 0.8676363636315471, 0.8683838383742053, 0.8680808080808081, 0.870909090918724, 0.8700808080856246, 0.8714949494804999, 0.8728686868735034, 0.8714747474891971, 0.8749898989995321, 0.8743030303126634, 0.8750505050649546, 0.8734343434391599, 0.8749494949543115, 0.8741616161712492, 0.8748080808032642]
test accuracy when lambda=0.2
[0.395, 0.4032, 0.4083, 0.4132, 0.4096, 0.4094, 0.4118, 0.4111, 0.4145, 0.4131, 0.4142, 0.4086, 0.4138, 0.4136, 0.4175, 0.4141, 0.4142, 0.4115, 0.4128, 0.4152, 0.4187, 0.4139, 0.4161, 0.4183, 0.4164, 0.4173, 0.4123, 0.4133, 0.4166, 0.4199, 0.4162, 0.4198, 0.4175, 0.4194, 0.4187, 0.4146, 0.4137, 0.414, 0.4164, 0.416, 0.4192, 0.4188, 0.4163, 0.4182, 0.4169, 0.4166, 0.4162, 0.4162, 0.4206, 0.4157]
training accuracy when lambda=0.3
[0.5879191919047423, 0.7088484848581179, 0.7358989898893569, 0.7478383838287508, 0.7567878788023285, 0.7636767676767677, 0.7686464646560978, 0.7727878788023284, 0.775494949490133, 0.7787474747378417, 0.7826868686820522, 0.7861010101154597, 0.7888080808080808, 0.7906666666618501, 0.789434343448793, 0.7930505050601381, 0.7963232323184158, 0.7994141414237745, 0.8010909090909091, 0.8016767676767677, 0.8021414141558637, 0.8075757575661245, 0.8079191919191919, 0.8077373737470068, 0.8095555555700051, 0.8094343434487931, 0.8126464646320151, 0.811575757570941, 0.8126666666618502, 0.8157979798027963, 0.8131717171861668, 0.8170505050456885, 0.8159797979653484, 0.8185252525397021, 0.8169090909235405, 0.8226464646320151, 0.8187878787878788, 0.8211515151563317, 0.821555555550739, 0.8220404040548537, 0.822282828297278, 0.8219595959692291, 0.8242222222222222, 0.8247272727176397, 0.8227878787975118, 0.8215151515103349, 0.8212323232371398, 0.8228282828282828, 0.8220202020057524, 0.8225858585762255]
test accuracy when lambda=0.3
[0.3907, 0.4134, 0.4123, 0.4153, 0.4172, 0.423, 0.4208, 0.4199, 0.4298, 0.4257, 0.4315, 0.4211, 0.4296, 0.4282, 0.4282, 0.428, 0.4275, 0.4281, 0.4291, 0.424, 0.4241, 0.4295, 0.4316, 0.4317, 0.4269, 0.4302, 0.4303, 0.4335, 0.4265, 0.4303, 0.4326, 0.4278, 0.4287, 0.4306, 0.4293, 0.4313, 0.4336, 0.4314, 0.4324, 0.433, 0.4296, 0.4364, 0.4264, 0.4311, 0.4313, 0.4283, 0.4338, 0.4293, 0.4318, 0.4275]
training accuracy when lambda=0.4
[0.504545454540638, 0.6060202020346517, 0.6284646464646465, 0.6397575757720254, 0.6458787878739713, 0.6508282828330993, 0.65456565656084, 0.6588282828138332, 0.6619999999951834, 0.6660808080904411, 0.6692323232226901, 0.6720404040500371, 0.672101010091377, 0.6756363636508133, 0.6762222222174057, 0.6785656565752897, 0.6801414141558637, 0.6827272727369058, 0.6845050505098671, 0.686424242438692, 0.6884040404088569, 0.6883232323135993, 0.6903232323232323, 0.6920808080808081, 0.6928686868831365, 0.6947676767532271, 0.6936161616161616, 0.6933535353679849, 0.6978787878643382, 0.6983030303030303, 0.6986464646609143, 0.6994343434439765, 0.6992525252621583, 0.7003030303030303, 0.7015151515247846, 0.7024646464501969, 0.7038787878787879, 0.7036161616306112, 0.7043030302885807, 0.7046666666570336, 0.7051717171572676, 0.7063232323232324, 0.7056363636267305, 0.706666666652217, 0.707050505040872, 0.706525252520436, 0.7062020202116532, 0.7065858585906751, 0.7067272727128231, 0.7098989898893568]
test accuracy when lambda=0.4
[0.4117, 0.4332, 0.4269, 0.432, 0.4346, 0.4375, 0.4362, 0.4358, 0.4447, 0.4432, 0.4432, 0.4468, 0.441, 0.4447, 0.4406, 0.4487, 0.4434, 0.4495, 0.446, 0.4474, 0.4445, 0.4512, 0.4516, 0.4514, 0.4467, 0.4501, 0.4531, 0.4556, 0.4472, 0.4505, 0.4471, 0.4465, 0.4534, 0.4534, 0.4472, 0.4476, 0.447, 0.4504, 0.4492, 0.4475, 0.4554, 0.4512, 0.4453, 0.4474, 0.4492, 0.4498, 0.4489, 0.4513, 0.4505, 0.4428]
training accuracy when lambda=0.5
[0.21771717171476346, 0.24583838384560863, 0.2521414141420162, 0.25822222221981395, 0.2619191919264167, 0.26450505050986706, 0.2686868686904811, 0.2716767676815842, 0.27507070707431946, 0.27585858585858586, 0.27921212120971295, 0.2821616161640244, 0.2838787878787879, 0.2850505050456885, 0.2894747474723392, 0.290444444449261, 0.2927272727308851, 0.2971717171717172, 0.29799999999759175, 0.3018585858561776, 0.3037373737301489, 0.306888888890093, 0.3095959596031844, 0.3129090909066826, 0.31602020201779374, 0.3194949494925412, 0.3238787878691548, 0.3249494949506991, 0.32751515151635563, 0.3301414141390059, 0.33254545455267936, 0.33719191919432745, 0.34074747476192435, 0.3431111111135194, 0.34604040404281233, 0.3494949494985619, 0.35121212121693773, 0.35589898989417335, 0.35840404039922386, 0.3597171717147635, 0.3664040403968156, 0.36769696969456145, 0.3696363636411802, 0.37135353534871884, 0.37539393938912285, 0.37749494949013296, 0.3807878787951036, 0.38632323232323235, 0.3867272727200479, 0.3903232323160075]
test accuracy when lambda=0.5
[0.4209, 0.4321, 0.4444, 0.4521, 0.4564, 0.4601, 0.4637, 0.465, 0.472, 0.4689, 0.4712, 0.4736, 0.4645, 0.4717, 0.4704, 0.4769, 0.4722, 0.4782, 0.48, 0.4697, 0.4835, 0.4775, 0.4785, 0.4796, 0.4764, 0.4772, 0.4788, 0.4805, 0.4828, 0.4778, 0.4807, 0.4834, 0.4808, 0.4762, 0.4744, 0.4757, 0.4765, 0.4748, 0.4706, 0.4757, 0.4728, 0.4769, 0.4675, 0.4764, 0.4699, 0.4693, 0.4677, 0.47, 0.4688, 0.4701]
training accuracy when lambda=0.6
[0.21084848484607657, 0.24383838384199624, 0.2542828282852366, 0.26062626262626265, 0.2656767676839925, 0.2713535353547395, 0.2750909090885008, 0.2798787878763796, 0.2838787878763796, 0.28832323232804885, 0.2947676767676768, 0.2945454545502711, 0.30272727272486444, 0.3060202020214062, 0.3091313131337214, 0.3130505050480968, 0.31668686868205215, 0.320181818189043, 0.32385858586099414, 0.328262626260218, 0.331898989900194, 0.33715151515151515, 0.3408282828282828, 0.3441616161592079, 0.34923232323713976, 0.35505050505050506, 0.3605454545502711, 0.3653939393939394, 0.36822222221981393, 0.37319191918951095, 0.37795959596682077, 0.3845656565704731, 0.3865656565584318, 0.391474747479564, 0.39767676766954285, 0.40543434342711865, 0.4074545454449124, 0.4124444444468527, 0.4185050505050505, 0.4215555555579638, 0.42917171717412544, 0.4333535353583519, 0.4370505050529133, 0.4422424242472408, 0.44579797978834673, 0.45088888888407236, 0.4552323232419563, 0.45909090908127603, 0.4638585858537693, 0.4646060605964275]
test accuracy when lambda=0.6
[0.4123, 0.4445, 0.4534, 0.4625, 0.4734, 0.4741, 0.479, 0.4821, 0.4829, 0.4905, 0.4979, 0.4947, 0.4942, 0.5011, 0.492, 0.5027, 0.5013, 0.4991, 0.4938, 0.4945, 0.5032, 0.4972, 0.4994, 0.5046, 0.5021, 0.505, 0.5026, 0.5026, 0.5019, 0.5031, 0.4928, 0.495, 0.5008, 0.4978, 0.4925, 0.4924, 0.491, 0.496, 0.4909, 0.4874, 0.4917, 0.4864, 0.4898, 0.4871, 0.4841, 0.4845, 0.4796, 0.4836, 0.4798, 0.4866]
