training accuracy when lambda=0.2
[0.6041212121163956, 0.742909090909091, 0.7719797979942475, 0.783575757570941, 0.7936363636267305, 0.8007878787926953, 0.8061414141414142, 0.8104444444396279, 0.8161818181770016, 0.820484848480032, 0.8228080808080808, 0.8284242424097928, 0.8289494949350453, 0.8326868687013183, 0.8354141414141414, 0.8371313131168635, 0.8382020201923871, 0.8432525252669749, 0.8439797979701649, 0.8443030303126634, 0.8483636363588198, 0.8498989898845403, 0.8476161616209782, 0.853515151519968, 0.8532323232371398, 0.85496969697933, 0.8590707070851566, 0.8579595959595959, 0.857535353530537, 0.8583030302982138, 0.8584040403992239, 0.8602222222366719, 0.8663030303030304, 0.8649494949446784, 0.8666464646416481, 0.8653131312986817, 0.8636161616161616, 0.8664444444492609, 0.8683030302885807, 0.8664242424097928, 0.8683838383693888, 0.8724040404184901, 0.8700000000144497, 0.868626262621446, 0.8716767676912173, 0.8723838383693888, 0.8713737373689209, 0.8740606060557895, 0.8751515151466986, 0.8738383838335673]
test accuracy when lambda=0.2
[0.3905, 0.3979, 0.3981, 0.3984, 0.4008, 0.4025, 0.4036, 0.4016, 0.4043, 0.4006, 0.4075, 0.4051, 0.4007, 0.4013, 0.4052, 0.4037, 0.4073, 0.4047, 0.4051, 0.4058, 0.4023, 0.4019, 0.4032, 0.4041, 0.4052, 0.4024, 0.3989, 0.4074, 0.4056, 0.4059, 0.4054, 0.4025, 0.4047, 0.3993, 0.4064, 0.4044, 0.4018, 0.4064, 0.4044, 0.4019, 0.4074, 0.404, 0.4065, 0.4067, 0.4058, 0.4089, 0.4075, 0.4052, 0.4038, 0.4049]
training accuracy when lambda=0.3
[0.5690101010004679, 0.7066464646609143, 0.733393939398756, 0.7435757575757576, 0.7554747474699309, 0.7635555555555555, 0.7686060606060606, 0.7720202020346516, 0.7781818181770016, 0.7788282828282829, 0.7841414141414141, 0.789595959591143, 0.7908686868638704, 0.7930303030447526, 0.7947070707022542, 0.7987070707022542, 0.8010909090957257, 0.8011313131313131, 0.8021010100961936, 0.8038989898989899, 0.8070505050649547, 0.8066060606012441, 0.8097575757623923, 0.8104848484944815, 0.8125656565512069, 0.8145858585954917, 0.8131919191919192, 0.8149494949639445, 0.8146666666714832, 0.8151515151659647, 0.8172121212073047, 0.8198989898989899, 0.8186666666618502, 0.8208282828234663, 0.8203636363732695, 0.8200202020250186, 0.8199191919240084, 0.8219393939249443, 0.8224242424242424, 0.8233333333381498, 0.8215555555603721, 0.8250707070658906, 0.824040404040404, 0.825555555550739, 0.8233939394035724, 0.824060606060606, 0.8275959595911431, 0.8243434343578839, 0.8256363636508133, 0.8264444444588941]
test accuracy when lambda=0.3
[0.3932, 0.4091, 0.4116, 0.4136, 0.4172, 0.4158, 0.4215, 0.4164, 0.4172, 0.4188, 0.4172, 0.4192, 0.4228, 0.4145, 0.4177, 0.4229, 0.4186, 0.4197, 0.4222, 0.4193, 0.4201, 0.4231, 0.4222, 0.4215, 0.4229, 0.4167, 0.4244, 0.4228, 0.4234, 0.4213, 0.422, 0.4213, 0.4246, 0.424, 0.4218, 0.4265, 0.4162, 0.4212, 0.4223, 0.4208, 0.4227, 0.4244, 0.4233, 0.4251, 0.4261, 0.4239, 0.4244, 0.4253, 0.4256, 0.4248]
training accuracy when lambda=0.4
[0.5069090909235405, 0.6124646464501968, 0.6310505050456885, 0.6414747474747474, 0.6491717171813502, 0.6546666666618501, 0.6562020201972036, 0.6607676767580437, 0.6653737373689208, 0.6667070706974376, 0.670424242438692, 0.6724444444444444, 0.6742222222222222, 0.6768484848581179, 0.6761212121356618, 0.6795757575902072, 0.6824646464790961, 0.6828282828186497, 0.6858989899038065, 0.6861212121115791, 0.6892323232419563, 0.6897171717316213, 0.6915555555411059, 0.6916363636459967, 0.6958585858682189, 0.697393939408389, 0.6919393939345774, 0.6977373737470068, 0.6996363636363636, 0.7007070707022541, 0.6991919191822861, 0.7007878788023284, 0.7004242424097928, 0.7016969697114193, 0.7005858585762255, 0.7028686868542373, 0.7044040404136734, 0.7016161616065285, 0.7048282828186497, 0.7042424242568739, 0.7053131313083147, 0.7055959596055926, 0.7052525252669749, 0.7060202020153855, 0.7060202020153855, 0.7063232323135993, 0.7069696969696969, 0.7069696969841466, 0.7055555555459225, 0.7067878787830623]
test accuracy when lambda=0.4
[0.4046, 0.421, 0.4216, 0.4244, 0.4348, 0.4296, 0.4338, 0.4367, 0.4402, 0.4309, 0.438, 0.4374, 0.4383, 0.4361, 0.4414, 0.4449, 0.441, 0.4422, 0.4411, 0.4464, 0.4435, 0.4446, 0.4471, 0.448, 0.4357, 0.444, 0.4498, 0.4355, 0.4455, 0.445, 0.4468, 0.4436, 0.4459, 0.443, 0.4371, 0.4457, 0.4412, 0.4363, 0.4386, 0.4375, 0.4461, 0.4475, 0.443, 0.4399, 0.4463, 0.4437, 0.44, 0.4439, 0.4433, 0.4445]
training accuracy when lambda=0.5
[0.21262626262806883, 0.24052525252525253, 0.24761616161616162, 0.2552727272739314, 0.2574141414093249, 0.26072727272847684, 0.26454545453582146, 0.2676969696921532, 0.26913131312890487, 0.2723838383814301, 0.2751717171741254, 0.2762626262638304, 0.27935353535594365, 0.2807474747486789, 0.28690909090668265, 0.2882424242436284, 0.2897979798052046, 0.2932525252573418, 0.29389898989959196, 0.29680808080567256, 0.29913131313131314, 0.3013535353583519, 0.3070101010076927, 0.3093939394011642, 0.31183838383958795, 0.3130707070755236, 0.31925252525252523, 0.3196767676695429, 0.322828282821058, 0.32434343433620955, 0.329777777780186, 0.3315151515223763, 0.3338383838359756, 0.3374747474747475, 0.3401616161664327, 0.3439595959614022, 0.34616161616161617, 0.3468484848533014, 0.35131313130831476, 0.35703030303271127, 0.3586262626262626, 0.3608484848436683, 0.36412121212602866, 0.3667070707215203, 0.36997979797498143, 0.3735757575685328, 0.3767272727224562, 0.378262626260218, 0.3821212121284369, 0.3827676767628602]
test accuracy when lambda=0.5
[0.4161, 0.4212, 0.4368, 0.4364, 0.4473, 0.4451, 0.4528, 0.4483, 0.458, 0.4566, 0.4647, 0.46, 0.4621, 0.4637, 0.4557, 0.4663, 0.4676, 0.4675, 0.4676, 0.4656, 0.4665, 0.4683, 0.4659, 0.4682, 0.4669, 0.4683, 0.4669, 0.4692, 0.4742, 0.4679, 0.4614, 0.4752, 0.4661, 0.4671, 0.4684, 0.4632, 0.4708, 0.4651, 0.4649, 0.4632, 0.469, 0.4682, 0.4674, 0.4654, 0.4674, 0.4618, 0.4663, 0.4599, 0.4676, 0.4614]
training accuracy when lambda=0.6
[0.2079595959571877, 0.24381818181095702, 0.25345454544732066, 0.2609696969672887, 0.2675353535353535, 0.27315151515874, 0.275494949490133, 0.2808686868686869, 0.2850303030278948, 0.2885656565632483, 0.29131313132035613, 0.2971717171717172, 0.30062626262867087, 0.303272727270319, 0.3076767676779718, 0.31151515151635567, 0.31810101010341835, 0.32054545455267935, 0.32509090909572563, 0.32894949495671977, 0.3341010101082349, 0.3380606060678309, 0.34416161616884094, 0.3471717171620841, 0.34997979797257317, 0.35606060606783085, 0.36094949495069906, 0.3664040404040404, 0.37284848485209726, 0.3755151515151515, 0.38064646465128116, 0.3853535353511271, 0.39145454545695374, 0.39468686868205216, 0.39872727272004793, 0.4046464646440564, 0.4092727272630942, 0.4153333333261085, 0.4204242424242424, 0.42698989898508244, 0.43210101010582663, 0.43410101010823493, 0.4392727272630942, 0.44658585858104205, 0.44771717170753866, 0.45323232322509843, 0.45812121213566176, 0.459454545459362, 0.46422222222944703, 0.4678989898989899]
test accuracy when lambda=0.6
[0.4048, 0.4435, 0.4581, 0.4619, 0.4629, 0.4735, 0.4787, 0.4745, 0.4822, 0.4854, 0.4858, 0.4865, 0.4923, 0.4913, 0.4925, 0.502, 0.4964, 0.5004, 0.4963, 0.5037, 0.4936, 0.5063, 0.4933, 0.4949, 0.4957, 0.4831, 0.4876, 0.4966, 0.4952, 0.4875, 0.4889, 0.4961, 0.4918, 0.4908, 0.4903, 0.4861, 0.4852, 0.4901, 0.483, 0.487, 0.4848, 0.4853, 0.4899, 0.4826, 0.4832, 0.48, 0.4821, 0.479, 0.4787, 0.4777]
