[]
[   95   222   251   308   360   392   822   823   925   953  1327  1394
  1729  1772  1849  1881  2159  2243  2369  2633  2639  2767  2796  2993
  2995  3250  3364  3432  3486  3621  3981  4363  4446  4617  4877  4882
  4963  5150  5299  5303  5610  5776  5890  5912  5981  6174  6210  6265
  6350  6403  6568  6904  7059  7149  7308  7375  7472  7640  7705  7790
  7791  8047  8103  8155  8495  8805  8894  8896  8973  9161  9168  9282
  9308  9318  9323  9348  9481  9568  9687  9744  9762  9807 10178 10262
 10310 10552 10674 10881 10983 11010 11097 11124 11268 11562 11714 11719
 11811 11948 11958 11965 11994 12060 12242 12297 12622 12700 12788 12923
 12938 12942 13037 13102 13131 13388 13417 13631 13941 14044 14112 14250
 14368 14371 14700 14919 15136 15177 15317 15351 15412 15431 15555 15562
 15594 15754 15811 15869 15911 16060 16124 16181 16320 16520 16529 16558
 16590 16833 16852 16866 17049 17177 17316 17540 17589 17692 17732 17786
 17932 18016 18136 18326 18423 18468 18582 18667 18679 18727 18750 18751
 18839 18953 18965 19001 19046 19062 19068 19130 19144 19303 19309 19324
 19382 19714 19894 19933 20034 20085 20142 20191 20405 20410 20546 20638
 20644 20704 20746 20753 20810 20957 21074 21097 21211 21238 21241 21252
 21262 21302 21323 21361 21396 21588 21798 21855 22061 22066 22244 22272
 22297 22309 22439 22615 22645 22841 22932 22937 23012 23093 23413 23426
 23560 23615 23713 23813 23888 23911 23973 24100 24151 24254 24447 24688
 24833 24927 25068 25368 25384 25411 26203 26491 26651 26681 26991 27026
 27183 27467 27527 27739 27775 27974 28091 28112 28179 28264 28285 28483
 28512 28579 28629 28652 28709 28750 28986 29041 29208 29267 29502 29561
 29682 29769 29997 30225 30269 30558 30601 30803 30822 31006 31017 31229
 31287 31398 31407 31470 31652 31725 31766 31934 31975 31999 32080 32329
 32342 32358 32397 32649 32738 32998 33173 33483 33508 33556 33731 33830
 33870 33914 34111 34198 34384 34473 34495 34704 34796 34824 34962 35017
 35061 35064 35325 35357 35385 35782 35861 36053 36202 36428 36529 36673
 36730 37001 37030 37071 37075 37252 37580 37604 37726 37851 37875 37906
 37917 38229 38273 38280 38452 38475 38688 38748 38906 39098 39120 39394
 39534 39625 39805 39897 39975 40011 40134 40187 40229 40531 40543 40795
 40812 41054 41171 41180 41253 41265 41308 41333 41713 41899 42100 42227
 42314 42341 42445 42677 42711 42748 42818 42895 42970 42976 43031 43096
 43495 43668 43729 44026 44135 44389 44438 44498 44572 44589 44659 44759
 44816 44866 44882 44957 45041 45044 45104 45268 45339 45675 45782 45902
 45943 45949 46241 46443 46526 46639 46786 46895 46981 47505 47640 47876
 47936 48128 48283 48304 48413 48547 48657 48737 48843 48914 48931 48994]
[]
[]
[]
[  225   527   798  1003  1084  1099  1732  1783  1787  1888  1891  2083
  2246  2280  2291  2415  2595  2719  2814  2873  3030  3050  3120  3121
  3139  3386  3460  3716  3816  3877  3972  4004  4223  4333  4361  4418
  4651  4765  4768  5100  5287  5455  5501  5544  5547  5591  5613  5782
  6141  6279  6324  6422  6458  6471  6652  6668  6811  6813  6919  6992
  7021  7050  7060  7067  7095  7165  7254  7278  7394  7516  7616  7702
  7716  7915  7979  8068  8229  8436  8584  8596  8668  8768  9085  9096
  9407  9408  9447  9463  9706  9842 10083 10226 10231 10320 10324 10331
 10421 10572 10598 10611 10705 10765 11013 11061 11215 11218 11248 11341
 11365 11634 11682 11715 11750 11823 11828 11864 11901 12007 12249 12346
 12377 12504 12817 12839 13235 13339 13344 13443 13783 13950 14035 14109
 14118 14427 14447 14524 14544 14558 14758 14793 14794 14800 15113 15365
 15439 15537 15709 15766 16096 16118 16200 16268 16427 16548 16793 16801
 16876 16946 17033 17080 17343 17379 17388 17435 17459 17484 17758 17770
 17919 17956 18351 18448 18472 18515 18560 18592 18598 18670 18740 18744
 18833 18901 18961 19007 19155 19200 19400 19525 19543 19741 19816 19846
 19873 19891 20425 20435 20567 20747 20798 20824 20906 21070 21611 21612
 21717 21723 21808 22229 22626 22656 22716 22750 22838 22917 22965 23007
 23015 23138 23215 23221 23296 23392 23511 23790 23822 23902 24011 24015
 24031 24055 24075 24243 24256 24258 24272 24315 24327 24529 24690 24721
 24815 24919 24932 24995 25022 25071 25269 25596 25709 25782 25825 25926
 25927 26083 26116 26338 26540 26700 27330 27469 27568 27635 27639 27645
 27675 27808 27971 28050 28441 28480 28573 28673 28802 28921 28968 29109
 29114 29126 29233 29315 29327 29485 29656 29704 29992 30174 30417 30465
 30478 30530 30566 30687 30850 31004 31069 31215 31238 31244 31254 31321
 31416 31418 31428 31480 31549 31730 31816 31866 31953 31955 32065 32109
 32207 32473 32568 32767 33179 33331 33489 33504 33542 33626 33780 33970
 34090 34271 34369 34465 34501 34503 34774 34894 34909 34989 35104 35219
 35296 35458 35564 35619 35849 35855 35954 36025 36123 36184 36268 36299
 36321 36549 36604 36605 36619 36695 36734 36735 36964 37011 37172 37350
 37390 37457 37512 37528 37606 37624 37628 37787 37911 37945 38003 38144
 38352 38374 38395 38399 38506 38518 38586 38700 39050 39090 39105 39185
 39491 39712 39798 40036 40046 40105 40189 40191 40234 40271 40386 40389
 40448 40466 40495 40566 40666 40743 41164 41632 41670 41709 41749 41764
 41771 41781 41911 41957 41999 42003 42096 42225 42325 42361 42411 42571
 42682 42699 42732 42896 43023 43166 43416 43464 43725 43935 43945 44001
 44025 44071 44120 44251 44410 44415 44711 44736 44739 45101 45129 45141
 45449 45514 45634 45747 45784 45920 45952 45974 46135 46170 46371 46438
 46514 46621 46626 46703 46864 46887 46953 46969 47148 47258 47389 47407
 47441 47442 47458 47912 47920 47991 48024 48141 48289 48345 48526 48559
 48774 48795 48885 48998 49000 49464]
[]
[   35    68   314   418   606   613   735   783   794   832   923  1113
  1123  1153  1353  1478  1880  1910  2064  2073  2250  2333  2424  2516
  2585  2629  2803  2823  2951  3176  3237  3282  3381  3572  3607  3744
  4133  4144  4209  4214  4341  4460  4639  5264  5286  5304  5395  5444
  5482  5506  5513  5543  5553  5680  5714  5727  5763  5884  6000  6088
  6196  6269  6325  6399  6452  6476  6539  6618  6697  6759  6929  7220
  7266  7497  7500  7538  7657  7739  7759  7884  7966  7980  7992  8057
  8166  8238  8242  8243  8334  8532  8543  8575  8581  8640  8647  8665
  8806  8828  8990  9124  9152  9202  9226  9402  9819 10181 10212 10329
 10525 10656 10725 10940 11009 11115 11231 11328 11469 11504 11868 11930
 12331 12356 12417 12501 12577 12609 12650 12731 12912 13121 13150 13325
 13333 13365 13768 13828 13837 13861 13960 13971 14070 14092 14126 14190
 14271 14287 14445 14530 14623 14790 14843 15182 15246 15282 15463 15583
 15960 16183 16405 16512 16785 16963 17251 17254 17341 17362 17643 17654
 17846 17853 18077 18159 18280 18603 18660 18883 18885 18942 19026 19124
 19236 19250 19338 19416 19572 19633 19638 19699 19877 20554 20568 20876
 21019 21029 21119 21203 21338 21402 21425 21645 21676 21871 22136 22390
 22403 22406 22561 22580 22915 22948 22967 23026 23045 23088 23108 23363
 23369 23453 23454 23680 23745 23768 23827 23933 24680 24681 24884 25105
 25131 25351 25548 25652 25713 25860 26002 26098 26254 26365 26393 26422
 26600 26656 26730 26902 26960 27397 27571 27643 27668 27778 27927 27990
 28114 28192 28557 28605 28641 28738 28902 29168 29245 29325 29383 29583
 29683 29701 29768 29798 29889 29895 29907 30261 30480 30524 30575 30942
 31050 31057 31183 31204 31354 31604 31711 31715 31836 31920 31941 31963
 31976 32147 32274 32459 32754 33068 33167 33360 33443 33683 33815 33819
 33950 34046 34067 34249 34578 34725 34795 34820 34876 34915 34977 35635
 35837 35897 35934 35959 36060 36082 36306 36425 36474 36479 36807 36834
 36848 36853 36859 36891 36909 36949 37026 37174 37339 37360 37599 37627
 37782 37852 38092 38142 38211 38283 38414 38437 38460 38483 38797 39085
 39092 39301 39345 39352 39407 39434 39436 39627 39636 39643 39870 40070
 40181 40306 40509 40597 40643 40915 40946 40948 41020 41107 41255 41278
 41332 41352 41435 41691 41842 41916 41932 41960 41984 42078 42189 42567
 42616 42707 42900 43027 43201 43223 43292 43466 43513 43579 43648 43701
 43916 44019 44266 44615 44863 45032 45033 45119 45262 45501 45827 45896
 45933 45953 46096 46123 46480 46577 46738 46831 47352 47776 47875 47973
 47981 48004 48040 48381 48565 48646 48669 48710 48769 48779 49096 49231
 49275 49302 49310 49350]
[]
[  103   199   202   265   360   585   607   669   695   742   951  1090
  1091  1173  1217  1534  1569  1680  1689  1995  2093  2145  2179  2277
  2295  2420  2444  2547  2633  2639  2700  2977  2990  3015  3147  3241
  3298  3328  3351  3449  3562  3603  3626  3637  3726  3737  3782  3958
  4071  4244  4246  4295  4391  4462  4511  4519  4575  4596  4688  4769
  4922  4942  5032  5094  5184  5377  5407  5445  5938  6115  6304  6548
  6616  6808  7037  7080  7293  7635  7654  7770  7888  8080  8125  8237
  8249  8353  8404  8474  8484  8511  8612  8675  8747  9025  9112  9168
  9568  9680  9782  9802  9988 10039 10073 10259 10530 10595 10619 10708
 10801 10832 10865 10873 10938 11031 11111 11131 11274 11382 11404 11422
 11432 11436 11557 11669 11979 12046 12076 12171 12536 12557 12589 12687
 12708 12727 13075 13145 13177 13263 13304 13357 13403 13668 13986 14112
 14255 14303 14466 14589 14929 14935 15065 15150 15350 15462 15541 15856
 15913 16038 16040 16083 16259 16336 16391 16459 17062 17073 17120 17312
 17447 17501 17518 17585 17711 17804 17818 17823 18001 18044 18170 18206
 18271 18329 18368 18509 18642 18756 18965 19112 19153 19174 19224 19309
 19352 19367 19410 19613 19709 19910 20042 20085 20397 20490 20523 20638
 20724 20742 20769 20916 20924 21018 21049 21084 21086 21093 21134 21194
 21417 21465 21478 21488 21523 21672 21833 22164 22215 22349 22642 22811
 22893 22937 22945 22993 23028 23111 23240 23242 23307 23333 23353 23379
 23391 23615 23634 23734 23816 23840 23936 24027 24045 24049 24155 24347
 24407 24421 24726 24763 24782 24783 24822 24833 24862 24968 25136 25266
 25341 25466 25750 25832 25836 25903 26063 26235 26282 26386 26440 26740
 26776 26896 27041 27106 27435 27448 27564 27729 28112 28258 28265 28285
 28293 28409 28483 28603 28604 28764 28809 28832 28860 28874 28973 28991
 29387 29610 29664 29671 29673 29682 29967 29982 30072 30192 30195 30470
 30484 30600 30611 30642 30683 30763 30818 31275 31333 31390 31400 31502
 31639 31828 31840 31871 31934 31973 31981 32227 32286 32488 32518 32524
 32819 32932 33239 33376 33442 33460 33608 33651 34022 34119 34151 34173
 34294 34557 34565 34568 34736 34760 34913 35033 35043 35190 35282 35517
 35683 35684 35707 36107 36349 36386 36405 36633 36849 37047 37381 37493
 37620 37847 37866 38130 38559 38748 38948 38958 39054 39117 39346 39743
 39801 39805 39821 39876 39883 40031 40178 40564 40759 40784 40847 40881
 40940 41458 41493 41503 41560 41594 41636 41718 41734 41767 42147 42153
 42314 42315 42341 42428 42619 42668 42710 42774 42793 42979 43098 43212
 43228 43484 43738 43779 43816 43910 44162 44438 44577 44676 44731 44847
 44982 45286 45358 45391 45622 45741 45962 46054 46148 46512 46532 46539
 46692 46707 47226 47452 47625 47715 47795 48149 49084 49087 49162]
[0, 0.795045045045045, 0, 0, 0, 0.7263374485596708, 0, 0.841743119266055, 0, 0.5582417582417583]
[0, 444, 0, 0, 0, 486, 0, 436, 0, 455]
