[array([19852, 16148, 11868,  1621, 47918, 16374, 36814,  7247, 30404,
        1706, 32143, 16596, 21585, 29075,  2821, 16623, 37613, 43615,
       36599, 21510, 18815, 37242, 15179, 42661,  4010, 28737, 23449,
        8079, 31420, 34709, 24916, 36500, 41461, 15687,  7795, 41319,
       15880,  7708,  4600, 15051,   423, 45902, 30986, 28969, 31861,
       40022, 22147, 46575, 18957, 31970, 26013,   257, 33487, 35598,
       18637, 12208, 31091, 33472,  5417, 18248, 35476, 32557, 32099,
       45934, 17349,  2034,  2040,  6326, 24811, 31230, 43014,  6190,
       32543, 24804, 19222, 17751, 22432, 40284, 39607, 16785, 45050,
       43726, 43404, 47396,  9721, 38505, 20887, 31512,  1087, 26320,
       23915, 28362, 14545, 34483, 44828, 47480, 34183, 14507,  8983,
       14500, 32346, 25325,  8859, 13331,  3471, 42440, 23853, 34047,
       11684, 13467, 20416, 14744, 41735, 28712, 31470,  3313, 24163,
         744, 25041, 30085, 36947,  3359, 37075, 44972, 42108, 42356,
       34086, 10039,  3861,  8590, 32424, 42207, 42212, 25918,  6154,
       17629,   676, 27350, 34100, 14041, 14094,  6157, 14018,  9742,
        6150, 35420,  5780, 32440, 18790, 24709, 38039, 28561, 18575,
       29793, 36716, 18526, 46581, 34807, 42263, 48183, 44493, 18434,
       40033, 27183, 46457, 42427, 34134, 22291, 43861, 18001, 40259,
         848, 36086, 24617, 40447, 37228, 48344,  1101, 16081, 34967,
        7591,  1491,  7712, 42613, 23260, 15699, 15696, 14778, 41834,
       30406, 15547, 37327, 44973, 23421, 15390, 30207, 14878, 36247,
        1298, 36249, 24309, 32291, 49172, 37336,  6294, 27809, 30430,
       24167, 14154,  9123, 29940, 17138, 25208, 27487, 22758,  6799,
       43964, 22846, 16663, 16145,  7092, 36300,  1741, 27672, 43996,
       30518, 41985, 32947, 45639, 16300, 30464, 37513, 30453, 24483,
       41095, 10624, 43668, 39091, 19233, 12000, 20174,  3044, 11298,
       20325, 19137, 19130, 38439, 11347, 26102, 38129, 31724, 31722,
       38479, 26289, 36585, 11421, 39133, 31390, 19409, 47024, 35663,
       19481,  4565, 26779, 11161,  4491,  4770, 19671, 47179, 21513,
       47206, 25099, 29277, 19986, 24903, 19247, 31864, 31260, 29161,
       39682, 26379,  3424, 35835, 38684, 26418, 21917, 20727, 25029,
       39730, 26082, 31655, 18888,  3635, 39808,  4596, 39257, 21072,
       24887, 45507, 16140, 34641, 16125, 24121,  1880, 33183,  4401,
        7590,  9658, 30391, 45414,  7665, 34692, 41274, 34831,  4341,
       26064, 45830, 23049, 31671, 33370, 33124, 16761, 33763, 33363,
       42910,  7182,  7190, 25771, 21611, 11157,  7223, 19657,  3372,
       28564,   517,  1683,  1648, 16276, 21529,  6892,  3344,  7738,
       23867,  4206, 28706,  9087, 47541, 38985, 42088,  8643, 13227,
       37157, 14599, 42592, 41937, 48889,   962,  9834, 47538, 48895,
       14540, 25474, 34932, 28371, 13336, 37097, 26464, 20631, 42012,
       31476, 33263,  1180, 44679, 25339,   529,  2961, 44093, 27953,
       33903,  3468, 11253,  8071, 11604, 38738, 23996, 23257, 15404,
       34252,  8182, 11753,  3035, 45095, 21686, 37252, 23561,  9172,
       20287, 15020, 24316, 13064, 21957, 27777,   725, 30776,  2665,
       46974, 12497, 46394, 10777, 40522, 12491, 32565, 33440, 39671,
       21854, 19338, 35386, 31949, 12518, 46455, 39534, 17991, 28908,
       24800, 31842,  6743, 12444, 43854, 40432, 35649, 31207,  2688,
       46894, 48270, 17599, 27310, 17900, 19163, 46144, 26864, 30717,
       17199, 24775, 48084, 27492,  5264, 31144, 17084, 10532, 18757,
       25169, 10959, 40681, 40684,  5217, 26969, 31073, 18908, 49360,
       17937, 40299, 24062, 28195, 18662, 48090, 13152, 48834, 20353,
       43145,  2452,  9607, 43036, 22473,   545, 36743,  2179, 33284,
       27028, 20182, 48291, 39572, 20202, 23474, 36248, 48778, 48782,
       23501, 46722, 15183, 28115, 42688, 38706, 20847, 21299,  5103,
       43158,  3549, 40069, 30993, 14347, 23964, 39674, 38766, 31565,
       44731, 49344, 34873, 38774, 34073, 34887, 36041,  9082, 27114,
       14129, 28661, 43790,  3148, 36912, 24298, 37986,  3472, 49466,
       46324, 29127,  5890, 49481, 11707,  8668, 25006,  1100,  3796,
        5778,  9969, 23781, 12413, 43415, 33233, 33203, 34350, 40737,
        8270, 39277, 24406,  6982, 33837, 32535,  1829, 45607, 25657,
       42957, 17369,  7252, 17103, 46160, 38338, 12730,  7166,   123,
       31411, 38270, 10342, 12509, 41105, 23057,  6424, 32055,  4773,
       27784, 41134, 45707, 36427, 11870, 21516, 12495, 40439, 30371,
       38191, 16610, 48429,  4876, 42745, 34349, 12646,   181, 45980,
        2978, 49313,  6915, 23319, 15715, 33659, 16879, 17706, 38360,
       45833, 10414, 17650, 17323, 22725,  4231, 37648, 29072,  4494,
       36594,  4744, 11970, 35388, 17717, 21154,  6635, 26434, 44671,
        5458, 26089, 35995,  6613, 38777, 19343, 14260, 18972, 46990,
       16620,  1897, 46770,  6808, 46721,  6810, 42350, 35565,  6864,
       42294, 29826, 35359, 28484, 22052,  9398, 39380, 22832, 17122,
       38722, 24040,  1790, 42198,  4585,  9264, 42179, 14080, 18577,
       29906, 40931, 14103, 16627, 19524, 18441,  8036, 28370, 34010,
       47429,  2106, 40477, 32991, 45427, 48630, 20315, 48815,  8418,
       20269, 48283,  7726, 37267, 17746, 15204, 15851, 21418,  8169,
       48026, 20044, 22497, 25580, 48258, 26602, 33872,  1281, 23281,
       32921, 47850, 38404,  6198, 30407, 40487,  8589, 38895, 23034,
       46975, 22991, 41989,  8903, 20523,  8938, 25734, 22955, 31020,
       45673,  9010, 35689, 26460, 35266, 14511,  5728, 20406, 16167,
       45527,  3834,  3823, 28263, 18271, 33248, 23762,  7389, 30750,
       33087, 30465, 33543,  4978, 26095, 35488, 43680, 36488, 36600,
       29100, 36805, 12272,   238, 42584, 32462, 34651, 49228, 12276,
       29162, 10451, 43701, 29384, 49484, 12606, 10284, 10916, 29211,
         317, 10469, 34371, 28768, 36546, 25062, 10164, 36525, 42678,
        9666, 13639, 32455,  9872, 10329, 36584, 42392, 12257, 10706,
       27381,  8609, 42844, 18667, 38301,  5550, 26290, 33854, 17697,
        5319, 26681, 25767, 35300, 14446, 10268, 11382, 26671, 48364,
       42922,  6878,  1163, 45372, 11333,  6895,  2423, 29302, 31323,
        3082, 36729,  1475, 42796, 42625,   276, 27601,  3165, 27849,
        8705, 44769, 35189,  7080, 29321, 44041, 11632, 16600, 11211,
       16184, 45524, 17521, 38317, 42994, 17672, 23112, 21999, 49423,
        9844, 18374,  2530, 44020, 35696,  5005, 17597, 32944, 45772,
       45768, 35416, 16250, 24787, 20475, 19567, 25056, 40537, 45469,
        1773, 45457, 32956, 45375, 45059, 41672, 39763, 33910, 40718,
        1343, 15397, 37694, 45304, 43557, 43915, 44412, 39033,  5158,
       47636, 12369, 15600, 28545, 49053, 44449, 42399, 49290, 17806,
       12372, 32721, 44103,  7971, 28541, 15109, 40222, 15078, 15826,
       40592,   166, 17318, 27549, 37310, 37390, 25576, 41760, 44405,
        2502, 11826, 28080, 48770,  7820, 48368, 38174,  7792, 11222,
       15317, 22445, 11743, 49293,  6417, 45999, 31409, 28191, 31672,
       39591, 19382, 20256,  6607, 43363, 45024, 21690, 25103, 40290,
       23140, 41090, 15358, 44824, 47903,  1072, 30796, 11017, 24625,
       36676, 23132, 30819, 43595, 44777, 27193, 38313,  3146, 38385,
       26623, 10319, 35765, 42700, 36237, 42638, 26270, 21329, 15928,
       10021, 31504, 43723,  7823,  5036, 48843, 47246, 41751, 25911,
       17729, 43837, 26676, 42841, 34003, 19977, 12383, 15778, 30341,
        7735, 32862, 28767, 35773,  1541, 31472,  7652, 30041, 23376,
       15567,  8778, 31723, 33005, 17798, 34580, 26514, 43523, 33546,
        7936, 47797, 38073, 30965,  8711, 28149, 22358, 13254, 33266,
       27858, 40180,  8427, 32220, 17281, 19728, 20890, 48202, 40916,
        2679, 28859, 31048, 37609, 47002, 16634, 25116, 16969, 39492,
       28978,  9797, 30778, 39457,  2090,  5466, 11098,  7119, 35276,
       40560, 21178, 35274, 39529, 28403,   833, 27407, 24826, 22596,
       32806, 39615, 43114,  4677, 18468, 45807, 13551, 24044, 33525,
        5336, 37005,  2426, 10486, 18649, 28609, 21640, 13952, 37032,
       30639,  4633, 35839, 17439, 47563, 22600, 12575, 13801, 10475,
       41017, 27448, 39945, 12477, 41033, 47089, 44389, 18569, 45973,
       13431, 44705, 37081, 24453, 40662, 14257, 44410, 38185, 47085,
        3329, 46921, 25330,  9520, 27054, 47712, 44390, 12747,  3368,
       36485, 43279, 18904, 41649, 14005,  9399, 37729, 34428, 44512,
       18824, 22116,  2511, 41555, 18990, 38634, 20189, 23453, 46630,
       26259, 43440, 17416,  8219,  4685, 32203,  6637, 34495, 35033,
        2762, 40358, 41661,  2221,  6100, 35860, 47994, 36624, 24326,
         372, 15512,  9495, 29408, 15144, 35456, 24327, 47289, 46239,
       48162, 41472, 35769, 46364, 33609,  6800, 40680, 34178,  3978,
       36592, 41747, 20850, 36073, 45888, 10610, 39909, 35087, 12122,
       25022, 46375, 32608, 37674, 36393, 32101, 49192, 34065, 25910,
       39817, 36199, 34297,  7176, 36295, 25472, 42562, 23815, 32183,
       40965,  9746, 22502, 19837, 36175, 35790, 12716, 25977, 37463,
       20661, 22909, 34753, 32997, 22252, 29690, 47515, 11172, 27383,
       13391, 45613, 14340, 34057,  4991, 12462, 29724, 34888, 37113,
       23908, 20214,   473,  2356, 11147, 14229, 12323, 12324, 11414,
       36884, 19825, 36582, 40029,  2399,    33, 28248, 27624, 24398,
        2628, 47464, 25486, 33006,  8759, 29498, 23760,  2408, 19875,
       23727,  4309,  4325, 25766, 41855, 43675, 37424, 27415,  8040,
       29531,  6254, 33592, 48564,  4423,  8074, 12790, 32731,  2879,
       34505, 17129, 23078, 40873, 16297,  4653, 47124, 10762, 17552,
       25643, 46024, 16358,  1847, 45627, 48546,  4439, 12500, 17156,
        8173, 19716, 19228, 34612, 39650, 35076, 20165, 40311, 34592,
       31156, 16043, 30821, 49231, 30409,   194, 17680, 46893, 11235,
       37796, 31770, 49302, 11821, 16975, 48349, 17488, 45743, 16070,
       15710, 28917, 45477, 38111, 22606, 26142,  7907, 40808,  2664,
       37442, 37692, 45554,  6879, 36143, 35706, 35623, 46959, 45248,
        4152,  4167, 29472, 10243, 39474, 21827, 45781, 26104, 27642,
       33014, 48595, 24477, 37399,  1744, 21520, 48147, 37255, 45052,
       35540, 31546, 28296, 38521,  8788,   670, 41822, 22285, 28522,
       24666,  2508, 11289, 28684,  1102, 34813, 47601, 11419,  8658,
        5910, 31050, 36990, 43479, 28718,  3447,  5361,   247,  3830,
       14649,  9474,  5748, 34024, 46466,  1124, 48970, 24664, 42158,
       30977, 22060, 44656, 14522, 17925,   729, 44381, 27013,  5595,
        9684, 38899, 47730, 47785, 48975, 29757, 13492, 37971, 28098,
       35859, 35150, 41340,  9076, 28783, 23222, 21614,  2938, 39820,
       38066, 45661, 32699, 21610, 49341, 18403, 18994, 41314, 47819,
       44960, 33750,  4586, 33224, 16615, 41824, 34770, 23258, 30356,
       24951, 25155, 35804, 27707, 38458, 32930,   338, 44759, 16129,
        6246, 10341, 25251, 21244, 45492, 22523,  5682, 23079, 23082,
       48055, 46450, 20520, 29679,  7435,  6221, 42539, 39677,  7344,
       29672, 42085,  9838, 13225,  4559,  7248, 31122, 26520, 29659,
       23207, 33367, 29667, 38320, 23761, 31315, 25721, 41055, 47146,
       43120,  2909, 44263, 16103, 32499, 16679, 34447, 10509, 32667,
       12343, 24109, 41646, 25604, 39904, 31142, 30149, 22146, 29307,
       36715, 36251, 39473,  5869,  2468, 21784, 27115, 37253, 47658,
        6689,  4778,  2256, 17352, 22754, 26076, 45943, 34160,  6078,
         800, 35083, 11061, 43166, 12617, 45246, 23492,   228, 30618,
       42676, 36165, 40625,  6559, 46556, 25398, 14979, 43325, 17236,
       24012, 31019, 43454, 17244, 17264, 15291, 21321, 40597, 45788,
       46268, 11714, 36633,  4038, 12968, 37380, 27608,  3347,  4856,
       19733, 29084, 27184, 11492,  6553, 11180, 37772, 23825, 43066,
       38303, 44762, 22514, 32062, 22094, 28984, 47164, 30011,  6649,
        6236, 37116, 36828, 42031, 27083,  9516, 45599, 12569,  5009,
        2728, 35389,  2395, 32351, 11613, 28452, 38762, 21599, 24479,
        5322, 39456, 30553, 33648,  4657, 35674, 29885, 32051, 43412,
       18670, 43406,  7059, 17479, 12451,   915,   901, 17476, 40514,
        5311,   278,  6318, 36347, 40534, 27055, 19626, 17062,  6714,
       35245, 47641, 35247,  2838, 48527, 30581,  3677, 37962, 28974,
       44461, 40049, 12769, 39486, 19169,  9711,  4694, 16487, 12763,
       25059, 14218, 30545, 23946,  5618, 16925,  7044, 31442, 43328,
       19014, 12427, 15651, 13147, 47282, 48279, 33597, 39146, 47789,
       18772, 24719, 18883, 27039, 20084, 25924,  8294,  1554, 42657,
       44164, 43838, 28013,  4218,  7673, 19948, 33867, 23662, 41322,
        1165,  3884,  6143, 37198, 38984, 33315,  2301, 18157, 45001,
       15887, 23642, 13204,  5807,  1189, 25920, 41867, 39767, 14899,
       10952,  8097, 30231, 27808, 25100, 10312, 32269, 39850, 39087,
       43009, 24981, 24413, 24621,  5993, 45137, 34546, 26205, 37277,
       37285, 28746, 39622, 34188, 10221,  3196, 49000, 28441,  2601,
       45773, 42182, 14972, 39423, 25762, 16696,  1965,  9572, 10622,
        9254, 47051, 11787, 32446,  7796, 25409, 12710, 15290, 20249,
       31951, 15329, 15250, 28618, 15334, 11625, 13656,  3893, 11501,
       12531, 45134, 46100, 12398, 41337, 33667, 14925,  2071, 36394,
       29900,  9605, 49171, 37632, 18467, 40372, 36989, 26633, 27431,
       29377, 10609,  6751, 19368, 39088, 13877,  1271, 29830, 42268,
       36124, 17016,  8025,  8303,  4139, 42292, 40714, 26888, 18537,
       22743,  6681,   568, 19223, 48799, 20052,  7967, 31811, 33046,
       15237, 25589, 48741, 19287, 45804,  5862, 45954, 37372,  1851,
       13975,  5963, 19154, 41418, 28977, 29314, 26412,  7940, 39141,
       24192, 22797, 11429, 22145, 27067, 43974, 19405, 33236, 44259,
       34886,  1543, 46857, 28343, 39202, 37092, 23059,  3127, 37167,
       48059, 38273, 49245, 26477, 30010, 40488, 16401,  6162, 45567,
        7358, 35509, 15992, 16452, 34335, 41892, 18346, 36311, 20482,
       48062, 30030, 39659,  7655, 31120,  9963, 45678,   643, 10896,
       18687, 23099, 45541,  9813, 45536, 11637, 13376,  1587, 16380,
       20650, 46757, 18276,  4507,   486,  4369, 43677, 19000,  1760,
       31503, 14212, 48513, 27177, 35184, 23546, 46479, 46711, 36207,
        2907, 39500, 22771, 29988, 48727, 33625, 31543, 15148, 26632,
       45092, 30864, 42046, 47137, 47477, 34911, 20566, 42883, 43396,
       40457,  8236,  4830, 16178,  9676, 17622,  8850, 14438, 23093,
       11556, 22405, 48019, 46273, 11980, 30444, 26604, 31526, 40601,
       46011,  3746,  2118, 25168, 22697, 49055, 12164, 37736, 21541,
       40694, 18317, 21720, 37523, 25691, 17090, 41163, 37916, 12124,
        6039, 42573, 23425,  8245, 36081,  3462, 28954, 37352, 43484,
       23706, 12886, 11126, 14243, 24595, 47824, 26655, 47042, 16509,
       23315,  2173, 41445, 31277, 46199,  9298, 18847, 16759, 10459,
       22541, 17529, 10407, 23631, 23963, 27664, 33868, 23249, 28829,
       21815,  1448, 13491, 18392,  7056, 42162, 21313, 18981, 32923,
       37884, 24950, 10444, 20417, 46755, 15692, 14029, 16777, 16038,
       18470, 12338, 48531, 29980, 26312, 40234, 31605, 30295,   107,
       48623,  9392, 14300, 20788, 45624, 16024, 24513, 30490,  8416,
         421, 13906, 44296, 28958, 11603, 19596, 40205, 12252, 18092,
       14007, 31002,  2636, 12260,   323, 43155, 31217,  5002,  6345,
       10668, 46633, 34582, 31013, 12332, 49373, 36686,  2290,  6466,
       38002,  5555, 12504, 40272,  5847, 17350,  2100,  2353,  5625,
       29400, 46284, 17525, 37913, 10660,  6472, 17536, 37906, 19123,
       36750, 18769]), array([   33,   107,   123,   166,   181,   194,   228,   238,   247,
         257,   276,   317,   338,   372,   423,   446,   473,   486,
         517,   529,   545,   670,   676,   725,   744,   800,   833,
         848,   855,   901,   915,   962,   988,  1072,  1087,  1100,
        1101,  1165,  1180,  1189,  1193,  1281,  1298,  1343,  1448,
        1475,  1491,  1541,  1554,  1587,  1621,  1648,  1683,  1706,
        1741,  1744,  1773,  1790,  1829,  1838,  1847,  1880,  1897,
        1962,  2034,  2040,  2071,  2090,  2100,  2106,  2118,  2132,
        2173,  2179,  2221,  2256,  2301,  2356,  2395,  2399,  2408,
        2423,  2426,  2452,  2468,  2502,  2511,  2521,  2530,  2601,
        2628,  2636,  2664,  2665,  2679,  2688,  2762,  2821,  2909,
        2938,  2961,  2978,  2980,  3035,  3044,  3082,  3127,  3146,
        3148,  3165,  3185,  3313,  3329,  3344,  3346,  3347,  3359,
        3368,  3372,  3383,  3394,  3424,  3447,  3448,  3462,  3468,
        3471,  3472,  3474,  3542,  3549,  3565,  3635,  3643,  3724,
        3735,  3796,  3823,  3830,  3834,  3861,  3884,  3893,  3978,
        4010,  4139,  4167,  4206,  4231,  4309,  4325,  4341,  4355,
        4369,  4401,  4423,  4491,  4494,  4559,  4565,  4569,  4585,
        4586,  4596,  4600,  4633,  4653,  4657,  4677,  4694,  4744,
        4758,  4770,  4773,  4778,  4830,  4840,  4876,  4978,  4991,
        5005,  5009,  5036,  5103,  5108,  5158,  5217,  5264,  5311,
        5319,  5322,  5336,  5339,  5348,  5361,  5417,  5458,  5466,
        5509,  5548,  5550,  5555,  5595,  5618,  5682,  5728,  5748,
        5750,  5772,  5778,  5780,  5807,  5847,  5869,  5890,  5910,
        5963,  5993,  6055,  6078,  6150,  6154,  6157,  6162,  6190,
        6198,  6236,  6246,  6254,  6294,  6326,  6417,  6422,  6424,
        6553,  6559,  6607,  6613,  6635,  6637,  6681,  6689,  6714,
        6723,  6743,  6751,  6799,  6800,  6808,  6810,  6864,  6878,
        6879,  6892,  6895,  6915,  6982,  7044,  7056,  7059,  7080,
        7087,  7092,  7119,  7166,  7176,  7182,  7190,  7223,  7247,
        7248,  7252,  7358,  7435,  7590,  7591,  7595,  7652,  7655,
        7665,  7673,  7708,  7712,  7726,  7738,  7792,  7795,  7796,
        7820,  7823,  7907,  7936,  7967,  7971,  8025,  8036,  8040,
        8071,  8074,  8079,  8097,  8169,  8173,  8182,  8219,  8245,
        8270,  8294,  8303,  8416,  8418,  8427,  8429,  8507,  8589,
        8590,  8609,  8643,  8658,  8668,  8705,  8711,  8759,  8778,
        8807,  8847,  8859,  8903,  8938,  8959,  8983,  9010,  9061,
        9082,  9087,  9123,  9172,  9264,  9298,  9398,  9399,  9495,
        9516,  9520,  9607,  9652,  9657,  9658,  9666,  9676,  9684,
        9721,  9742,  9746,  9797,  9834,  9838,  9844,  9872,  9963,
        9969, 10021, 10039, 10164, 10243, 10268, 10284, 10319, 10329,
       10342, 10414, 10451, 10469, 10475, 10486, 10509, 10532, 10610,
       10622, 10624, 10668, 10706, 10762, 10777, 10779, 10819, 10896,
       10916, 10959, 11011, 11017, 11061, 11098, 11147, 11157, 11161,
       11172, 11180, 11189, 11211, 11222, 11235, 11253, 11289, 11298,
       11333, 11347, 11350, 11382, 11414, 11419, 11421, 11429, 11491,
       11604, 11612, 11613, 11625, 11632, 11684, 11707, 11714, 11743,
       11753, 11756, 11787, 11821, 11826, 11868, 11870, 11871, 11970,
       12000, 12044, 12075, 12103, 12122, 12124, 12176, 12208, 12252,
       12257, 12272, 12276, 12324, 12343, 12369, 12372, 12383, 12398,
       12413, 12444, 12451, 12462, 12468, 12477, 12491, 12495, 12497,
       12500, 12509, 12518, 12531, 12540, 12575, 12606, 12617, 12646,
       12710, 12730, 12747, 12763, 12769, 12865, 12886, 12968, 13064,
       13080, 13098, 13121, 13152, 13204, 13227, 13254, 13322, 13331,
       13336, 13374, 13376, 13391, 13467, 13492, 13551, 13639, 13801,
       13819, 13877, 13889, 13892, 13950, 14005, 14018, 14029, 14041,
       14080, 14094, 14103, 14129, 14154, 14198, 14212, 14218, 14229,
       14243, 14257, 14260, 14340, 14347, 14446, 14500, 14507, 14511,
       14522, 14540, 14545, 14599, 14649, 14691, 14744, 14761, 14778,
       14865, 14878, 14899, 14979, 15020, 15051, 15078, 15109, 15144,
       15148, 15154, 15179, 15183, 15203, 15204, 15237, 15290, 15291,
       15317, 15358, 15390, 15397, 15404, 15492, 15512, 15547, 15567,
       15600, 15651, 15653, 15687, 15696, 15699, 15710, 15715, 15737,
       15778, 15826, 15836, 15851, 15880, 15887, 15928, 16081, 16103,
       16125, 16140, 16145, 16148, 16167, 16184, 16191, 16250, 16276,
       16300, 16358, 16374, 16380, 16401, 16487, 16494, 16596, 16600,
       16610, 16615, 16620, 16623, 16627, 16634, 16663, 16679, 16696,
       16761, 16763, 16785, 16879, 16916, 16925, 16926, 16937, 16945,
       16969, 16972, 16975, 17062, 17084, 17090, 17098, 17103, 17129,
       17138, 17156, 17199, 17281, 17318, 17323, 17349, 17350, 17352,
       17369, 17416, 17439, 17476, 17479, 17488, 17521, 17533, 17536,
       17552, 17597, 17599, 17605, 17622, 17629, 17650, 17672, 17680,
       17697, 17706, 17717, 17729, 17746, 17751, 17798, 17806, 17855,
       17878, 17900, 17925, 17937, 17989, 17991, 18001, 18049, 18128,
       18157, 18248, 18271, 18276, 18317, 18318, 18346, 18374, 18392,
       18403, 18405, 18434, 18441, 18467, 18468, 18470, 18526, 18569,
       18575, 18577, 18604, 18637, 18649, 18659, 18662, 18667, 18670,
       18687, 18757, 18769, 18772, 18790, 18815, 18824, 18888, 18904,
       18908, 18957, 18972, 18980, 18990, 18994, 19000, 19130, 19137,
       19163, 19169, 19222, 19223, 19228, 19233, 19234, 19247, 19338,
       19343, 19382, 19405, 19409, 19481, 19521, 19524, 19567, 19626,
       19657, 19671, 19728, 19825, 19837, 19852, 19868, 19875, 19912,
       19977, 19986, 20044, 20052, 20084, 20159, 20174, 20182, 20189,
       20202, 20214, 20249, 20256, 20269, 20287, 20315, 20325, 20353,
       20406, 20416, 20417, 20475, 20520, 20523, 20566, 20631, 20727,
       20847, 20850, 20887, 20890, 21072, 21154, 21178, 21299, 21313,
       21321, 21329, 21418, 21510, 21513, 21516, 21529, 21541, 21585,
       21599, 21610, 21611, 21614, 21640, 21686, 21690, 21716, 21854,
       21893, 21917, 21957, 21999, 22052, 22060, 22072, 22094, 22145,
       22147, 22216, 22252, 22285, 22291, 22358, 22405, 22432, 22445,
       22473, 22497, 22502, 22523, 22541, 22596, 22600, 22725, 22743,
       22754, 22758, 22797, 22832, 22846, 22854, 22909, 22955, 22991,
       23034, 23049, 23057, 23059, 23078, 23082, 23099, 23112, 23132,
       23140, 23156, 23257, 23260, 23281, 23315, 23319, 23385, 23421,
       23425, 23449, 23453, 23464, 23471, 23474, 23492, 23501, 23552,
       23561, 23642, 23662, 23706, 23727, 23760, 23761, 23762, 23773,
       23781, 23795, 23815, 23825, 23853, 23867, 23909, 23915, 23946,
       23963, 23964, 23996, 24040, 24044, 24062, 24109, 24121, 24163,
       24167, 24211, 24298, 24309, 24316, 24326, 24327, 24348, 24398,
       24406, 24413, 24453, 24470, 24477, 24483, 24507, 24553, 24595,
       24617, 24625, 24664, 24666, 24709, 24719, 24775, 24787, 24800,
       24804, 24811, 24826, 24887, 24903, 24916, 24951, 24981, 25006,
       25008, 25022, 25029, 25041, 25056, 25059, 25062, 25099, 25100,
       25103, 25116, 25155, 25169, 25208, 25251, 25325, 25330, 25339,
       25398, 25400, 25472, 25474, 25484, 25486, 25576, 25580, 25589,
       25643, 25657, 25688, 25734, 25760, 25762, 25766, 25767, 25771,
       25810, 25910, 25911, 25918, 25920, 25924, 25977, 26009, 26013,
       26048, 26064, 26082, 26089, 26095, 26102, 26104, 26142, 26259,
       26270, 26289, 26290, 26312, 26320, 26376, 26379, 26412, 26418,
       26434, 26460, 26464, 26514, 26520, 26602, 26623, 26632, 26633,
       26655, 26670, 26671, 26676, 26681, 26685, 26689, 26742, 26779,
       26864, 26882, 26888, 26930, 26969, 27013, 27028, 27039, 27054,
       27114, 27115, 27177, 27183, 27193, 27310, 27350, 27381, 27383,
       27407, 27415, 27431, 27448, 27487, 27492, 27549, 27601, 27608,
       27642, 27672, 27707, 27763, 27777, 27784, 27808, 27809, 27845,
       27849, 27858, 27953, 28013, 28080, 28098, 28115, 28142, 28149,
       28191, 28195, 28248, 28263, 28342, 28362, 28370, 28371, 28403,
       28441, 28452, 28484, 28522, 28541, 28545, 28549, 28561, 28564,
       28609, 28618, 28661, 28684, 28706, 28712, 28737, 28746, 28767,
       28768, 28783, 28829, 28908, 28917, 28958, 28969, 28971, 28974,
       28977, 28978, 28984, 29075, 29084, 29100, 29127, 29161, 29162,
       29211, 29277, 29302, 29314, 29321, 29384, 29408, 29472, 29498,
       29531, 29667, 29679, 29690, 29692, 29724, 29757, 29793, 29799,
       29826, 29885, 29906, 29940, 29988, 30010, 30011, 30030, 30041,
       30063, 30085, 30149, 30207, 30231, 30278, 30341, 30356, 30371,
       30391, 30404, 30406, 30407, 30409, 30430, 30453, 30464, 30465,
       30490, 30518, 30553, 30581, 30639, 30717, 30750, 30776, 30778,
       30796, 30819, 30821, 30833, 30834, 30864, 30965, 30977, 30986,
       30993, 31019, 31020, 31048, 31073, 31091, 31120, 31122, 31142,
       31144, 31156, 31207, 31217, 31230, 31260, 31323, 31390, 31409,
       31411, 31420, 31442, 31470, 31476, 31491, 31504, 31512, 31526,
       31543, 31565, 31655, 31671, 31672, 31722, 31723, 31724, 31770,
       31842, 31861, 31864, 31878, 31949, 31951, 31970, 31981, 32053,
       32055, 32099, 32101, 32143, 32203, 32220, 32269, 32291, 32328,
       32346, 32351, 32397, 32424, 32440, 32455, 32461, 32462, 32499,
       32535, 32543, 32557, 32565, 32602, 32608, 32667, 32675, 32699,
       32721, 32731, 32765, 32806, 32862, 32921, 32944, 32947, 32956,
       32991, 33005, 33014, 33087, 33124, 33134, 33183, 33203, 33233,
       33236, 33248, 33263, 33284, 33315, 33363, 33367, 33370, 33440,
       33472, 33487, 33525, 33543, 33546, 33567, 33597, 33609, 33648,
       33659, 33763, 33837, 33854, 33867, 33868, 33872, 33903, 33910,
       34010, 34024, 34047, 34057, 34065, 34073, 34086, 34100, 34134,
       34160, 34178, 34183, 34188, 34252, 34297, 34349, 34350, 34371,
       34428, 34447, 34483, 34495, 34505, 34512, 34546, 34582, 34592,
       34612, 34641, 34651, 34692, 34709, 34753, 34770, 34807, 34813,
       34826, 34831, 34868, 34873, 34887, 34888, 34932, 34967, 35025,
       35076, 35083, 35087, 35150, 35189, 35232, 35245, 35247, 35266,
       35276, 35300, 35359, 35386, 35388, 35416, 35420, 35456, 35476,
       35488, 35540, 35565, 35598, 35649, 35663, 35674, 35689, 35696,
       35706, 35765, 35769, 35773, 35790, 35804, 35835, 35839, 35860,
       35921, 35941, 35995, 36041, 36073, 36081, 36086, 36124, 36143,
       36175, 36180, 36199, 36207, 36237, 36247, 36248, 36249, 36251,
       36300, 36311, 36347, 36387, 36393, 36394, 36403, 36410, 36427,
       36488, 36500, 36525, 36546, 36582, 36584, 36585, 36592, 36594,
       36599, 36600, 36624, 36633, 36676, 36686, 36715, 36716, 36729,
       36737, 36743, 36763, 36805, 36814, 36828, 36884, 36901, 36912,
       36947, 36989, 36990, 37003, 37016, 37032, 37075, 37081, 37097,
       37113, 37116, 37138, 37157, 37198, 37228, 37242, 37252, 37255,
       37267, 37277, 37288, 37310, 37327, 37336, 37352, 37372, 37380,
       37390, 37442, 37463, 37513, 37613, 37632, 37648, 37674, 37694,
       37729, 37786, 37916, 37962, 37971, 37986, 38039, 38066, 38073,
       38093, 38111, 38129, 38135, 38174, 38185, 38191, 38270, 38301,
       38313, 38317, 38320, 38338, 38360, 38385, 38404, 38410, 38439,
       38458, 38473, 38479, 38505, 38634, 38684, 38706, 38717, 38722,
       38738, 38760, 38766, 38772, 38774, 38777, 38895, 38899, 38930,
       38933, 38984, 38985, 39033, 39065, 39087, 39088, 39091, 39133,
       39146, 39253, 39257, 39277, 39322, 39380, 39386, 39428, 39456,
       39457, 39473, 39474, 39486, 39490, 39492, 39529, 39534, 39572,
       39591, 39607, 39615, 39622, 39650, 39671, 39674, 39682, 39730,
       39763, 39767, 39808, 39817, 39820, 39850, 39904, 39909, 39945,
       40022, 40029, 40033, 40069, 40131, 40180, 40205, 40222, 40234,
       40248, 40259, 40284, 40290, 40299, 40358, 40372, 40432, 40439,
       40447, 40477, 40487, 40488, 40514, 40522, 40534, 40537, 40560,
       40592, 40597, 40601, 40625, 40662, 40680, 40681, 40684, 40694,
       40714, 40718, 40737, 40752, 40808, 40873, 40916, 40931, 40951,
       40965, 41017, 41033, 41055, 41090, 41095, 41105, 41134, 41163,
       41274, 41291, 41314, 41319, 41337, 41418, 41445, 41461, 41472,
       41555, 41646, 41649, 41661, 41672, 41695, 41735, 41747, 41751,
       41760, 41834, 41855, 41892, 41898, 41937, 41985, 41989, 42012,
       42031, 42085, 42088, 42108, 42158, 42162, 42166, 42179, 42182,
       42198, 42207, 42210, 42212, 42223, 42263, 42268, 42292, 42294,
       42350, 42356, 42392, 42399, 42427, 42440, 42539, 42562, 42573,
       42584, 42592, 42613, 42625, 42648, 42661, 42676, 42678, 42688,
       42700, 42702, 42745, 42796, 42844, 42883, 42910, 42922, 42957,
       42994, 43009, 43014, 43036, 43041, 43063, 43066, 43105, 43114,
       43145, 43158, 43166, 43183, 43325, 43328, 43363, 43404, 43406,
       43412, 43415, 43440, 43454, 43479, 43484, 43523, 43557, 43595,
       43615, 43668, 43675, 43677, 43680, 43701, 43726, 43758, 43790,
       43837, 43838, 43854, 43861, 43915, 43964, 43974, 43996, 44020,
       44041, 44053, 44093, 44103, 44164, 44263, 44355, 44381, 44389,
       44390, 44405, 44410, 44412, 44449, 44484, 44493, 44512, 44656,
       44671, 44679, 44685, 44705, 44731, 44759, 44762, 44769, 44777,
       44824, 44828, 44936, 44945, 44972, 44973, 45001, 45024, 45050,
       45052, 45059, 45095, 45137, 45246, 45248, 45304, 45372, 45375,
       45414, 45427, 45457, 45469, 45492, 45507, 45524, 45527, 45534,
       45541, 45567, 45599, 45607, 45613, 45624, 45626, 45627, 45639,
       45673, 45678, 45707, 45768, 45772, 45781, 45788, 45804, 45807,
       45827, 45830, 45833, 45902, 45934, 45954, 45973, 45980, 45999,
       46024, 46085, 46100, 46144, 46160, 46199, 46223, 46239, 46259,
       46268, 46273, 46284, 46324, 46364, 46375, 46394, 46450, 46455,
       46457, 46466, 46546, 46575, 46581, 46597, 46630, 46721, 46722,
       46747, 46770, 46893, 46894, 46921, 46959, 46974, 46975, 46990,
       47002, 47024, 47051, 47089, 47124, 47146, 47164, 47179, 47206,
       47207, 47246, 47282, 47289, 47391, 47396, 47429, 47480, 47515,
       47529, 47538, 47541, 47563, 47601, 47636, 47658, 47709, 47712,
       47730, 47785, 47789, 47797, 47819, 47824, 47850, 47918, 48026,
       48055, 48059, 48062, 48084, 48090, 48147, 48183, 48202, 48258,
       48270, 48279, 48283, 48291, 48313, 48344, 48349, 48364, 48368,
       48429, 48450, 48513, 48527, 48531, 48564, 48595, 48630, 48727,
       48741, 48770, 48778, 48782, 48799, 48815, 48834, 48843, 48889,
       48895, 48931, 49011, 49055, 49082, 49171, 49172, 49188, 49192,
       49228, 49232, 49245, 49290, 49293, 49313, 49341, 49344, 49346,
       49360, 49368, 49423, 49466, 49480, 49481, 49484]), array([  123,   166,   181,   238,   247,   257,   317,   338,   423,
         473,   486,   517,   529,   545,   676,   725,   744,   800,
         833,   848,   901,   962,  1087,  1101,  1165,  1180,  1189,
        1281,  1298,  1343,  1475,  1491,  1587,  1621,  1645,  1648,
        1683,  1706,  1741,  1773,  1790,  1829,  1847,  1880,  1897,
        1962,  2034,  2040,  2071,  2090,  2100,  2106,  2179,  2221,
        2301,  2395,  2399,  2408,  2423,  2452,  2468,  2502,  2530,
        2628,  2664,  2665,  2688,  2762,  2821,  2838,  2909,  2938,
        2961,  2978,  2980,  3035,  3044,  3082,  3146,  3148,  3165,
        3313,  3329,  3344,  3359,  3372,  3424,  3448,  3462,  3468,
        3471,  3472,  3549,  3635,  3796,  3823,  3830,  3834,  3861,
        3978,  4010,  4206,  4231,  4309,  4325,  4341,  4401,  4423,
        4491,  4494,  4565,  4585,  4596,  4600,  4657,  4677,  4744,
        4770,  4773,  4778,  4840,  4991,  5005,  5009,  5036,  5103,
        5158,  5217,  5264,  5319,  5322,  5361,  5417,  5458,  5509,
        5550,  5595,  5618,  5682,  5728,  5748,  5750,  5778,  5780,
        5890,  5963,  6150,  6154,  6157,  6190,  6198,  6236,  6246,
        6254,  6294,  6326,  6417,  6422,  6424,  6553,  6559,  6607,
        6613,  6635,  6637,  6689,  6714,  6743,  6799,  6800,  6808,
        6810,  6864,  6878,  6879,  6892,  6895,  6915,  6982,  7080,
        7087,  7092,  7166,  7176,  7182,  7190,  7223,  7247,  7248,
        7252,  7590,  7591,  7652,  7665,  7708,  7712,  7726,  7738,
        7792,  7795,  7820,  7823,  7936,  7971,  8036,  8040,  8071,
        8079,  8097,  8169,  8173,  8219,  8245,  8270,  8294,  8303,
        8416,  8418,  8589,  8590,  8609,  8643,  8658,  8668,  8705,
        8711,  8778,  8859,  8903,  8983,  9082,  9123,  9172,  9264,
        9298,  9398,  9495,  9520,  9607,  9658,  9666,  9721,  9742,
        9797,  9834,  9844,  9872,  9969, 10021, 10039, 10164, 10284,
       10329, 10342, 10451, 10469, 10486, 10532, 10610, 10624, 10667,
       10706, 10777, 10779, 10916, 11011, 11017, 11098, 11147, 11157,
       11161, 11172, 11211, 11235, 11253, 11298, 11333, 11347, 11382,
       11414, 11419, 11421, 11429, 11491, 11501, 11604, 11612, 11632,
       11684, 11707, 11743, 11753, 11756, 11787, 11821, 11826, 11868,
       11870, 11970, 12000, 12075, 12122, 12124, 12208, 12252, 12272,
       12276, 12324, 12369, 12372, 12383, 12413, 12444, 12462, 12468,
       12491, 12495, 12497, 12500, 12509, 12518, 12575, 12583, 12606,
       12617, 12646, 12730, 12747, 12763, 12769, 12865, 12968, 13064,
       13121, 13227, 13254, 13322, 13331, 13336, 13391, 13467, 13551,
       13639, 13801, 13877, 14018, 14041, 14080, 14094, 14103, 14129,
       14154, 14212, 14218, 14257, 14260, 14347, 14446, 14500, 14507,
       14511, 14540, 14545, 14599, 14744, 14778, 14878, 14979, 15020,
       15051, 15078, 15109, 15144, 15179, 15183, 15204, 15291, 15317,
       15358, 15390, 15397, 15404, 15492, 15547, 15567, 15600, 15687,
       15696, 15699, 15710, 15715, 15737, 15778, 15822, 15826, 15851,
       15880, 15928, 16081, 16103, 16125, 16140, 16145, 16148, 16167,
       16191, 16250, 16276, 16300, 16358, 16374, 16401, 16487, 16596,
       16600, 16610, 16615, 16620, 16623, 16627, 16634, 16663, 16761,
       16785, 16879, 16925, 16926, 16945, 16969, 16972, 17084, 17103,
       17129, 17138, 17156, 17199, 17281, 17318, 17323, 17349, 17352,
       17369, 17476, 17479, 17481, 17521, 17533, 17597, 17599, 17629,
       17650, 17672, 17697, 17706, 17717, 17729, 17746, 17751, 17798,
       17900, 17937, 17989, 17991, 18001, 18157, 18248, 18271, 18374,
       18392, 18403, 18434, 18441, 18468, 18470, 18526, 18537, 18569,
       18575, 18577, 18637, 18649, 18662, 18667, 18769, 18772, 18790,
       18815, 18824, 18888, 18904, 18908, 18957, 18972, 18980, 18990,
       19000, 19130, 19137, 19163, 19222, 19233, 19247, 19338, 19343,
       19382, 19409, 19481, 19524, 19657, 19671, 19728, 19852, 19875,
       19912, 19986, 20044, 20052, 20174, 20182, 20202, 20214, 20249,
       20256, 20269, 20287, 20315, 20325, 20353, 20406, 20416, 20475,
       20523, 20631, 20727, 20847, 20850, 20887, 20890, 21072, 21154,
       21299, 21329, 21418, 21510, 21513, 21516, 21520, 21529, 21585,
       21611, 21615, 21640, 21686, 21690, 21854, 21893, 21917, 21957,
       21999, 22052, 22094, 22147, 22291, 22358, 22432, 22445, 22473,
       22497, 22502, 22523, 22600, 22725, 22743, 22754, 22758, 22832,
       22846, 22955, 22991, 23034, 23049, 23057, 23078, 23079, 23082,
       23112, 23113, 23132, 23140, 23156, 23260, 23281, 23421, 23449,
       23471, 23474, 23492, 23501, 23561, 23662, 23727, 23762, 23781,
       23795, 23815, 23853, 23867, 23915, 23964, 23996, 24040, 24044,
       24062, 24109, 24121, 24132, 24163, 24167, 24211, 24309, 24316,
       24326, 24327, 24398, 24406, 24453, 24483, 24617, 24664, 24709,
       24775, 24787, 24800, 24804, 24811, 24887, 24903, 24916, 24939,
       24951, 24981, 25006, 25022, 25029, 25041, 25056, 25059, 25062,
       25099, 25100, 25103, 25116, 25155, 25169, 25208, 25251, 25325,
       25339, 25474, 25576, 25580, 25657, 25688, 25734, 25762, 25767,
       25771, 25810, 25910, 25918, 25924, 26013, 26048, 26064, 26082,
       26089, 26095, 26102, 26259, 26270, 26289, 26290, 26320, 26379,
       26412, 26418, 26434, 26460, 26464, 26602, 26623, 26632, 26671,
       26676, 26681, 26685, 26742, 26779, 26864, 26888, 26969, 27028,
       27054, 27114, 27177, 27183, 27193, 27310, 27350, 27381, 27407,
       27415, 27431, 27448, 27487, 27492, 27642, 27672, 27777, 27784,
       27808, 27809, 27858, 27953, 28013, 28080, 28115, 28149, 28191,
       28195, 28248, 28263, 28362, 28370, 28371, 28403, 28441, 28484,
       28541, 28545, 28561, 28564, 28609, 28618, 28661, 28706, 28712,
       28737, 28746, 28767, 28783, 28908, 28958, 28969, 28977, 28978,
       28984, 29072, 29075, 29100, 29127, 29161, 29162, 29211, 29277,
       29302, 29321, 29384, 29472, 29667, 29724, 29757, 29793, 29799,
       29826, 29906, 29940, 30010, 30041, 30085, 30207, 30341, 30371,
       30391, 30404, 30406, 30407, 30409, 30430, 30453, 30464, 30465,
       30518, 30581, 30618, 30639, 30717, 30750, 30776, 30778, 30796,
       30819, 30821, 30864, 30965, 30977, 30986, 30993, 31019, 31048,
       31073, 31091, 31120, 31122, 31144, 31156, 31207, 31217, 31230,
       31260, 31390, 31409, 31411, 31420, 31442, 31470, 31476, 31504,
       31512, 31543, 31565, 31655, 31671, 31672, 31722, 31723, 31724,
       31842, 31861, 31864, 31949, 31970, 32055, 32099, 32101, 32143,
       32155, 32203, 32269, 32291, 32346, 32424, 32440, 32455, 32462,
       32535, 32543, 32557, 32565, 32608, 32667, 32699, 32731, 32862,
       32921, 32944, 32947, 32956, 32991, 33005, 33014, 33087, 33124,
       33134, 33183, 33203, 33233, 33236, 33248, 33263, 33284, 33363,
       33370, 33440, 33472, 33487, 33525, 33546, 33648, 33659, 33763,
       33837, 33854, 33867, 33868, 33872, 33903, 34024, 34047, 34065,
       34073, 34086, 34100, 34134, 34178, 34183, 34252, 34335, 34349,
       34350, 34371, 34483, 34495, 34505, 34582, 34592, 34641, 34692,
       34709, 34753, 34770, 34807, 34813, 34831, 34887, 34932, 34967,
       35025, 35076, 35189, 35232, 35247, 35266, 35276, 35359, 35386,
       35388, 35420, 35456, 35476, 35488, 35514, 35540, 35565, 35598,
       35649, 35663, 35674, 35689, 35765, 35773, 35790, 35835, 35839,
       35860, 35921, 35941, 35995, 36073, 36086, 36199, 36237, 36247,
       36248, 36249, 36300, 36311, 36427, 36488, 36500, 36525, 36546,
       36582, 36584, 36585, 36599, 36600, 36633, 36686, 36715, 36716,
       36743, 36805, 36814, 36828, 36912, 36947, 37016, 37075, 37081,
       37097, 37157, 37198, 37228, 37242, 37252, 37310, 37327, 37336,
       37352, 37390, 37442, 37613, 37648, 37674, 37694, 37786, 37916,
       37971, 37986, 38039, 38073, 38129, 38174, 38185, 38191, 38270,
       38301, 38313, 38338, 38360, 38385, 38404, 38439, 38458, 38479,
       38505, 38684, 38706, 38717, 38738, 38766, 38774, 38777, 38895,
       38899, 39033, 39088, 39091, 39133, 39146, 39257, 39277, 39322,
       39380, 39386, 39474, 39486, 39534, 39572, 39591, 39607, 39615,
       39671, 39674, 39682, 39730, 39763, 39767, 39808, 39817, 39820,
       39904, 39945, 40022, 40029, 40033, 40131, 40180, 40222, 40234,
       40259, 40284, 40290, 40299, 40358, 40439, 40447, 40477, 40487,
       40488, 40522, 40534, 40592, 40597, 40601, 40625, 40680, 40681,
       40684, 40718, 40737, 40752, 40873, 40931, 40965, 41017, 41033,
       41055, 41090, 41095, 41134, 41163, 41274, 41314, 41319, 41375,
       41418, 41445, 41461, 41472, 41661, 41672, 41695, 41735, 41747,
       41751, 41760, 41834, 41855, 41892, 41937, 41985, 41989, 42012,
       42085, 42088, 42108, 42158, 42162, 42166, 42207, 42212, 42263,
       42294, 42350, 42356, 42392, 42427, 42440, 42592, 42613, 42625,
       42661, 42676, 42678, 42688, 42745, 42796, 42910, 42994, 43014,
       43036, 43105, 43114, 43145, 43158, 43166, 43279, 43363, 43404,
       43406, 43415, 43523, 43557, 43615, 43668, 43677, 43680, 43701,
       43726, 43790, 43854, 43861, 43915, 43964, 43996, 44020, 44041,
       44053, 44093, 44263, 44355, 44381, 44390, 44412, 44449, 44493,
       44512, 44671, 44679, 44705, 44731, 44759, 44769, 44777, 44824,
       44828, 44972, 44973, 45024, 45050, 45052, 45095, 45246, 45304,
       45372, 45375, 45414, 45427, 45457, 45469, 45507, 45524, 45527,
       45534, 45541, 45607, 45613, 45639, 45673, 45678, 45707, 45772,
       45807, 45830, 45833, 45902, 45934, 45973, 45980, 45999, 46024,
       46085, 46144, 46259, 46268, 46273, 46284, 46364, 46394, 46455,
       46457, 46575, 46581, 46597, 46721, 46722, 46770, 46894, 46921,
       46959, 46974, 46990, 47024, 47089, 47124, 47146, 47179, 47206,
       47246, 47396, 47429, 47464, 47480, 47515, 47538, 47541, 47563,
       47601, 47709, 47712, 47789, 47850, 47918, 48084, 48090, 48183,
       48258, 48270, 48291, 48344, 48368, 48429, 48513, 48527, 48531,
       48564, 48595, 48630, 48727, 48741, 48770, 48778, 48815, 48843,
       48889, 48895, 49000, 49011, 49171, 49172, 49188, 49192, 49228,
       49245, 49290, 49293, 49313, 49341, 49344, 49360, 49423, 49466,
       49481]), array([  123,   166,   181,   238,   247,   257,   317,   423,   517,
         529,   545,   676,   725,   744,   800,   833,   848,   901,
         962,  1087,  1101,  1165,  1180,  1281,  1298,  1343,  1475,
        1491,  1621,  1648,  1706,  1741,  1773,  1790,  1829,  1880,
        2034,  2040,  2090,  2106,  2179,  2301,  2399,  2408,  2423,
        2426,  2452,  2468,  2502,  2530,  2628,  2665,  2688,  2821,
        2909,  2961,  3035,  3044,  3082,  3148,  3313,  3329,  3359,
        3372,  3424,  3468,  3471,  3472,  3549,  3635,  3796,  3823,
        3861,  3978,  4010,  4206,  4231,  4309,  4341,  4401,  4423,
        4491,  4494,  4565,  4585,  4600,  4677,  4744,  4770,  4773,
        4830,  4840,  4991,  5036,  5103,  5108,  5158,  5264,  5319,
        5322,  5336,  5361,  5417,  5458,  5595,  5618,  5682,  5728,
        5778,  5780,  5890,  6150,  6154,  6157,  6190,  6198,  6236,
        6246,  6254,  6294,  6326,  6417,  6424,  6553,  6607,  6637,
        6743,  6799,  6810,  6864,  6892,  6915,  6982,  7080,  7092,
        7119,  7166,  7182,  7190,  7223,  7247,  7248,  7252,  7590,
        7591,  7652,  7665,  7708,  7712,  7726,  7738,  7792,  7795,
        7820,  7823,  7936,  7971,  8036,  8040,  8079,  8097,  8169,
        8173,  8219,  8270,  8303,  8416,  8589,  8590,  8643,  8668,
        8711,  8859,  8983,  9123,  9172,  9264,  9398,  9607,  9658,
        9721,  9742,  9834,  9844,  9872,  9969, 10039, 10164, 10319,
       10342, 10451, 10469, 10486, 10532, 10610, 10624, 10667, 10706,
       10777, 10916, 11147, 11161, 11211, 11235, 11253, 11298, 11347,
       11382, 11419, 11421, 11604, 11632, 11684, 11707, 11743, 11753,
       11787, 11826, 11868, 11870, 11970, 12000, 12208, 12272, 12276,
       12369, 12372, 12413, 12444, 12462, 12468, 12491, 12495, 12497,
       12500, 12509, 12518, 12575, 12646, 13022, 13064, 13227, 13254,
       13322, 13331, 13336, 13467, 13551, 13801, 14018, 14041, 14080,
       14094, 14103, 14129, 14154, 14257, 14260, 14347, 14500, 14507,
       14511, 14540, 14545, 14599, 14744, 14778, 14878, 14979, 15020,
       15051, 15078, 15109, 15144, 15179, 15183, 15203, 15204, 15358,
       15390, 15404, 15547, 15567, 15600, 15687, 15696, 15699, 15737,
       15778, 15826, 15851, 15880, 16081, 16125, 16140, 16145, 16148,
       16167, 16250, 16276, 16300, 16358, 16374, 16401, 16596, 16610,
       16623, 16627, 16663, 16761, 16785, 16925, 16926, 16945, 16972,
       17084, 17103, 17138, 17156, 17199, 17281, 17323, 17349, 17352,
       17369, 17479, 17488, 17597, 17599, 17614, 17629, 17650, 17672,
       17697, 17706, 17717, 17729, 17751, 17798, 17900, 17937, 17989,
       17991, 18001, 18248, 18271, 18374, 18403, 18434, 18441, 18470,
       18526, 18569, 18575, 18577, 18637, 18649, 18662, 18667, 18769,
       18790, 18815, 18824, 18888, 18957, 18972, 19000, 19130, 19137,
       19163, 19222, 19233, 19338, 19343, 19382, 19409, 19481, 19524,
       19657, 19671, 19728, 19825, 19852, 19875, 19986, 20044, 20052,
       20174, 20202, 20214, 20249, 20269, 20287, 20325, 20353, 20406,
       20416, 20475, 20520, 20523, 20631, 20727, 20847, 20850, 20887,
       20890, 21299, 21329, 21418, 21510, 21513, 21516, 21529, 21585,
       21611, 21686, 21854, 21917, 21957, 22052, 22094, 22147, 22358,
       22432, 22445, 22473, 22497, 22502, 22725, 22743, 22758, 22846,
       22955, 22991, 23034, 23049, 23057, 23078, 23082, 23112, 23132,
       23260, 23281, 23315, 23421, 23449, 23492, 23501, 23552, 23561,
       23762, 23781, 23815, 23853, 23867, 23915, 23964, 24040, 24044,
       24062, 24121, 24132, 24163, 24167, 24211, 24309, 24316, 24326,
       24327, 24406, 24453, 24483, 24617, 24709, 24775, 24800, 24804,
       24811, 24887, 24903, 24916, 25006, 25029, 25041, 25056, 25062,
       25099, 25100, 25103, 25155, 25169, 25208, 25325, 25339, 25474,
       25576, 25580, 25657, 25762, 25767, 25771, 25910, 25918, 25924,
       26013, 26064, 26082, 26089, 26095, 26102, 26259, 26270, 26289,
       26290, 26320, 26379, 26412, 26418, 26460, 26464, 26602, 26681,
       26685, 26689, 26742, 26779, 26864, 26969, 27028, 27054, 27114,
       27183, 27310, 27350, 27381, 27448, 27487, 27492, 27608, 27777,
       27784, 27809, 27953, 28013, 28080, 28115, 28142, 28149, 28191,
       28195, 28263, 28362, 28370, 28371, 28484, 28541, 28545, 28561,
       28564, 28618, 28661, 28706, 28712, 28737, 28746, 28969, 28984,
       29075, 29100, 29161, 29211, 29277, 29302, 29384, 29724, 29757,
       29826, 29906, 29940, 30010, 30085, 30207, 30371, 30391, 30404,
       30406, 30430, 30453, 30464, 30465, 30518, 30581, 30717, 30750,
       30776, 30796, 30819, 30965, 30977, 30986, 30993, 31073, 31091,
       31120, 31122, 31144, 31156, 31207, 31217, 31230, 31260, 31390,
       31411, 31420, 31470, 31476, 31512, 31543, 31565, 31655, 31671,
       31672, 31722, 31724, 31842, 31861, 31864, 31949, 31970, 32055,
       32099, 32101, 32143, 32155, 32203, 32291, 32346, 32424, 32440,
       32455, 32462, 32535, 32543, 32557, 32565, 32608, 32667, 32699,
       32731, 32921, 32947, 32956, 33005, 33014, 33087, 33124, 33183,
       33203, 33233, 33248, 33284, 33440, 33472, 33487, 33525, 33659,
       33763, 33837, 33854, 33872, 33903, 34047, 34065, 34073, 34086,
       34100, 34134, 34178, 34183, 34252, 34349, 34350, 34483, 34505,
       34582, 34592, 34641, 34692, 34709, 34770, 34807, 34831, 34932,
       34967, 35189, 35266, 35359, 35386, 35388, 35420, 35456, 35476,
       35488, 35598, 35649, 35663, 35689, 35773, 35790, 35835, 35921,
       35995, 36086, 36237, 36247, 36248, 36249, 36300, 36311, 36427,
       36488, 36500, 36525, 36546, 36582, 36584, 36585, 36599, 36600,
       36633, 36716, 36743, 36814, 36912, 36947, 37075, 37081, 37097,
       37198, 37228, 37242, 37252, 37310, 37327, 37336, 37352, 37613,
       37648, 37674, 37694, 37786, 37971, 37986, 38039, 38073, 38129,
       38174, 38191, 38270, 38301, 38313, 38338, 38360, 38385, 38404,
       38439, 38458, 38479, 38505, 38684, 38738, 38766, 38774, 38777,
       38895, 39033, 39088, 39091, 39133, 39146, 39257, 39277, 39474,
       39591, 39607, 39615, 39671, 39674, 39682, 39730, 39767, 39808,
       40022, 40029, 40033, 40222, 40259, 40284, 40439, 40447, 40477,
       40487, 40488, 40522, 40534, 40560, 40592, 40597, 40625, 40680,
       40684, 40718, 40873, 40931, 41055, 41095, 41134, 41274, 41319,
       41375, 41461, 41472, 41661, 41672, 41695, 41735, 41751, 41834,
       41855, 41985, 41989, 42085, 42088, 42108, 42162, 42207, 42212,
       42263, 42294, 42350, 42356, 42427, 42440, 42592, 42613, 42625,
       42661, 42676, 42678, 42688, 42745, 42796, 42910, 43014, 43036,
       43114, 43158, 43404, 43406, 43415, 43479, 43523, 43615, 43668,
       43677, 43680, 43726, 43790, 43854, 43861, 43915, 43964, 43996,
       44053, 44381, 44390, 44412, 44449, 44493, 44512, 44679, 44705,
       44731, 44759, 44769, 44777, 44824, 44828, 44936, 44972, 45024,
       45050, 45095, 45375, 45414, 45457, 45507, 45524, 45527, 45607,
       45613, 45639, 45673, 45678, 45707, 45830, 45833, 45902, 45934,
       45980, 45999, 46100, 46144, 46259, 46364, 46394, 46455, 46457,
       46575, 46581, 46597, 46722, 46770, 46894, 46959, 46974, 47024,
       47146, 47179, 47206, 47396, 47429, 47480, 47515, 47538, 47541,
       47563, 47709, 47712, 47789, 47918, 48084, 48090, 48183, 48270,
       48291, 48344, 48368, 48429, 48531, 48630, 48778, 48834, 48889,
       48895, 49172, 49228, 49293, 49313, 49344, 49423, 49466, 49481]), array([  123,   181,   238,   247,   257,   423,   517,   529,   545,
         676,   725,   744,   833,   848,   901,   962,  1087,  1101,
        1165,  1180,  1298,  1343,  1475,  1491,  1621,  1645,  1648,
        1706,  1741,  1790,  1829,  1880,  2034,  2040,  2090,  2106,
        2179,  2301,  2408,  2423,  2452,  2468,  2502,  2665,  2688,
        2821,  2961,  3035,  3044,  3082,  3148,  3313,  3359,  3372,
        3424,  3448,  3468,  3471,  3472,  3549,  3823,  3861,  3978,
        4010,  4206,  4341,  4401,  4423,  4491,  4565,  4585,  4600,
        4677,  4744,  4770,  4773,  4830,  4840,  4991,  5009,  5103,
        5158,  5319,  5322,  5361,  5417,  5595,  5618,  5682,  5728,
        5778,  5780,  5890,  6150,  6154,  6157,  6190,  6198,  6236,
        6294,  6326,  6417,  6424,  6553,  6637,  6743,  6799,  6810,
        6892,  6982,  7087,  7092,  7166,  7182,  7190,  7223,  7247,
        7252,  7590,  7652,  7665,  7708,  7726,  7792,  7795,  7820,
        7971,  8036,  8040,  8079,  8097,  8173,  8219,  8270,  8303,
        8416,  8589,  8590,  8643,  8668,  8711,  8859,  8983,  9123,
        9172,  9398,  9607,  9658,  9721,  9742,  9834,  9844,  9872,
        9969, 10039, 10164, 10342, 10451, 10469, 10532, 10610, 10624,
       10667, 10706, 10777, 10916, 11017, 11147, 11161, 11211, 11253,
       11298, 11347, 11382, 11421, 11604, 11684, 11707, 11743, 11753,
       11787, 11826, 11868, 11870, 12208, 12272, 12276, 12372, 12413,
       12444, 12462, 12468, 12491, 12495, 12497, 12509, 12518, 12646,
       13064, 13227, 13254, 13322, 13331, 13336, 13467, 13551, 13801,
       14018, 14041, 14080, 14094, 14154, 14260, 14347, 14500, 14507,
       14511, 14540, 14545, 14599, 14744, 14778, 14878, 14979, 15020,
       15051, 15078, 15179, 15204, 15358, 15390, 15404, 15547, 15567,
       15600, 15687, 15778, 15826, 15851, 15880, 16081, 16125, 16140,
       16145, 16148, 16276, 16300, 16358, 16374, 16401, 16487, 16596,
       16610, 16623, 16627, 16663, 16761, 16785, 16945, 16972, 17084,
       17103, 17138, 17156, 17199, 17281, 17323, 17349, 17352, 17369,
       17479, 17597, 17599, 17622, 17629, 17672, 17706, 17717, 17751,
       17798, 17900, 17937, 17989, 17991, 18001, 18248, 18374, 18403,
       18526, 18569, 18575, 18577, 18637, 18649, 18662, 18667, 18790,
       18815, 18824, 18888, 18957, 18972, 19130, 19137, 19163, 19222,
       19233, 19338, 19343, 19409, 19481, 19657, 19671, 19852, 20044,
       20174, 20249, 20269, 20287, 20325, 20406, 20523, 20631, 20847,
       20887, 20890, 21299, 21418, 21513, 21516, 21529, 21585, 21611,
       21854, 21917, 21957, 21999, 22052, 22094, 22147, 22358, 22432,
       22445, 22473, 22725, 22743, 22758, 22846, 23034, 23049, 23057,
       23078, 23082, 23112, 23132, 23260, 23281, 23421, 23449, 23492,
       23501, 23561, 23662, 23762, 23781, 23815, 23853, 23867, 23915,
       23964, 24040, 24062, 24163, 24309, 24316, 24326, 24327, 24483,
       24617, 24709, 24800, 24804, 24811, 24887, 24903, 24916, 25029,
       25041, 25062, 25099, 25103, 25169, 25208, 25325, 25339, 25474,
       25576, 25580, 25657, 25762, 25767, 25771, 25910, 25918, 25924,
       26013, 26064, 26082, 26089, 26095, 26102, 26259, 26289, 26290,
       26320, 26418, 26464, 26685, 26689, 26779, 26864, 27028, 27114,
       27177, 27183, 27350, 27381, 27448, 27487, 27492, 27809, 27953,
       28115, 28142, 28149, 28191, 28263, 28362, 28484, 28541, 28545,
       28564, 28618, 28661, 28706, 28712, 28737, 28746, 28783, 28969,
       28984, 29075, 29100, 29161, 29211, 29277, 29384, 29757, 29906,
       29940, 30010, 30085, 30207, 30371, 30391, 30404, 30406, 30430,
       30453, 30464, 30518, 30534, 30581, 30717, 30750, 30776, 30819,
       30965, 30986, 30993, 31091, 31120, 31122, 31156, 31207, 31230,
       31260, 31390, 31411, 31420, 31470, 31476, 31512, 31565, 31655,
       31671, 31672, 31722, 31724, 31861, 31864, 31949, 31970, 32099,
       32143, 32155, 32203, 32346, 32424, 32440, 32455, 32462, 32543,
       32557, 32565, 32667, 32699, 32921, 32947, 33014, 33124, 33183,
       33203, 33248, 33284, 33472, 33487, 33659, 33763, 33872, 33903,
       34047, 34073, 34086, 34100, 34134, 34178, 34183, 34252, 34349,
       34350, 34483, 34505, 34592, 34641, 34692, 34709, 34807, 34831,
       34932, 34967, 35266, 35386, 35388, 35420, 35456, 35476, 35540,
       35565, 35598, 35663, 35773, 35790, 35835, 35921, 35995, 36086,
       36199, 36247, 36248, 36249, 36300, 36311, 36427, 36488, 36500,
       36525, 36546, 36584, 36585, 36599, 36600, 36716, 36743, 36814,
       36947, 37075, 37081, 37228, 37242, 37252, 37310, 37327, 37336,
       37613, 37648, 37674, 37694, 37786, 37971, 37986, 38039, 38129,
       38174, 38191, 38360, 38385, 38404, 38439, 38505, 38684, 38738,
       38766, 38774, 38895, 39033, 39088, 39091, 39133, 39257, 39277,
       39474, 39591, 39607, 39615, 39671, 39674, 39682, 39730, 39767,
       39808, 40022, 40029, 40033, 40131, 40222, 40259, 40284, 40290,
       40439, 40477, 40487, 40488, 40522, 40534, 40560, 40592, 40625,
       40684, 40873, 41055, 41095, 41134, 41319, 41461, 41472, 41661,
       41672, 41695, 41735, 41834, 41855, 41985, 41989, 42088, 42108,
       42162, 42207, 42263, 42350, 42356, 42427, 42440, 42613, 42625,
       42661, 42676, 42678, 42688, 42745, 42796, 42910, 43014, 43114,
       43158, 43404, 43406, 43415, 43523, 43615, 43680, 43726, 43790,
       43854, 43861, 43915, 43964, 43996, 44381, 44390, 44412, 44493,
       44679, 44705, 44731, 44759, 44777, 44824, 44828, 44972, 44973,
       45050, 45095, 45375, 45457, 45469, 45507, 45524, 45527, 45607,
       45613, 45639, 45673, 45707, 45830, 45833, 45902, 45934, 45980,
       45999, 46259, 46455, 46457, 46575, 46581, 46597, 46722, 46747,
       46894, 46959, 46974, 47024, 47179, 47206, 47396, 47480, 47515,
       47541, 47563, 47712, 47789, 47918, 48183, 48344, 48368, 48429,
       48531, 48630, 48815, 49172, 49293, 49344, 49466, 49481]), array([  123,   181,   238,   247,   257,   423,   517,   529,   676,
         725,   744,   848,   901,   962,  1087,  1101,  1165,  1180,
        1298,  1343,  1491,  1621,  1648,  1706,  1741,  1829,  1880,
        2034,  2040,  2090,  2179,  2408,  2423,  2452,  2468,  2502,
        2530,  2665,  2821,  2961,  3035,  3044,  3082,  3148,  3313,
        3359,  3372,  3424,  3468,  3471,  3472,  3549,  3823,  3861,
        3978,  4010,  4206,  4309,  4341,  4491,  4565,  4600,  4744,
        4770,  4773,  4830,  4840,  4991,  5103,  5158,  5264,  5319,
        5322,  5361,  5595,  5618,  5682,  5728,  5778,  5780,  6154,
        6157,  6190,  6198,  6236,  6294,  6326,  6417,  6424,  6553,
        6743,  6799,  6810,  6892,  6915,  7087,  7092,  7166,  7247,
        7652,  7665,  7708,  7792,  7795,  7820,  8040,  8079,  8097,
        8173,  8219,  8270,  8303,  8416,  8589,  8590,  8643,  8711,
        8859,  8983,  9123,  9172,  9264,  9398,  9607,  9658,  9721,
        9742,  9834,  9844,  9872,  9969, 10021, 10039, 10164, 10451,
       10469, 10532, 10667, 10706, 10777, 10916, 11147, 11161, 11211,
       11235, 11253, 11298, 11347, 11382, 11604, 11632, 11707, 11743,
       11753, 11787, 11826, 11868, 11870, 12075, 12208, 12272, 12276,
       12372, 12413, 12444, 12462, 12468, 12491, 12500, 12509, 12518,
       13227, 13254, 13322, 13331, 13336, 13467, 13551, 13801, 14018,
       14041, 14080, 14094, 14260, 14347, 14500, 14511, 14540, 14545,
       14599, 14744, 14778, 14878, 14979, 15020, 15051, 15078, 15144,
       15204, 15358, 15390, 15404, 15567, 15600, 15687, 15778, 15826,
       15851, 15880, 16081, 16125, 16145, 16148, 16250, 16276, 16300,
       16358, 16374, 16401, 16596, 16610, 16623, 16635, 16663, 16761,
       16785, 17084, 17103, 17138, 17156, 17199, 17281, 17323, 17349,
       17369, 17597, 17599, 17629, 17672, 17900, 17937, 17989, 17991,
       18001, 18248, 18374, 18403, 18441, 18526, 18569, 18577, 18637,
       18649, 18662, 18667, 18815, 18824, 18888, 18957, 18972, 19000,
       19130, 19137, 19163, 19222, 19233, 19338, 19343, 19409, 19671,
       19852, 20044, 20174, 20249, 20269, 20287, 20325, 20406, 20523,
       20631, 20847, 20887, 20890, 21299, 21418, 21513, 21516, 21529,
       21585, 21854, 21957, 22052, 22094, 22147, 22358, 22432, 22473,
       22725, 22743, 22758, 23034, 23057, 23078, 23082, 23132, 23260,
       23281, 23315, 23421, 23492, 23501, 23561, 23762, 23781, 23815,
       23853, 23915, 23964, 24040, 24109, 24132, 24163, 24211, 24309,
       24316, 24326, 24327, 24483, 24617, 24709, 24800, 24804, 24811,
       24887, 24903, 24916, 25029, 25041, 25062, 25099, 25103, 25169,
       25208, 25339, 25474, 25576, 25580, 25657, 25771, 25910, 25918,
       25924, 26013, 26064, 26082, 26089, 26095, 26102, 26259, 26320,
       26379, 26418, 26464, 26685, 26689, 26779, 26864, 27028, 27114,
       27177, 27183, 27350, 27381, 27448, 27487, 27492, 27809, 27953,
       28013, 28142, 28149, 28263, 28362, 28370, 28484, 28541, 28618,
       28706, 28712, 28737, 28746, 28969, 28984, 29075, 29100, 29161,
       29211, 29277, 29724, 29757, 29906, 29940, 30010, 30085, 30207,
       30371, 30391, 30404, 30406, 30430, 30453, 30464, 30518, 30581,
       30717, 30750, 30819, 30965, 30986, 30993, 31091, 31122, 31156,
       31260, 31390, 31411, 31420, 31470, 31476, 31512, 31565, 31655,
       31671, 31672, 31722, 31724, 31861, 31864, 31949, 31970, 32099,
       32143, 32155, 32346, 32424, 32440, 32455, 32462, 32543, 32557,
       32667, 32699, 32921, 32947, 33124, 33183, 33203, 33248, 33284,
       33472, 33487, 33659, 33763, 33903, 34047, 34073, 34086, 34100,
       34134, 34178, 34183, 34252, 34349, 34350, 34483, 34505, 34592,
       34692, 34709, 34807, 34831, 34932, 34967, 35189, 35386, 35388,
       35420, 35476, 35540, 35598, 35663, 35773, 35835, 35995, 36086,
       36199, 36248, 36249, 36300, 36311, 36427, 36488, 36500, 36525,
       36582, 36584, 36585, 36599, 36716, 36743, 36814, 36947, 37075,
       37228, 37242, 37327, 37336, 37613, 37648, 37786, 37986, 38039,
       38129, 38191, 38301, 38360, 38385, 38404, 38505, 38684, 38738,
       38766, 38774, 39088, 39091, 39133, 39257, 39277, 39474, 39591,
       39607, 39615, 39671, 39674, 39730, 39767, 39808, 40022, 40029,
       40033, 40131, 40222, 40259, 40284, 40439, 40487, 40534, 40560,
       40592, 40625, 40684, 40873, 41055, 41095, 41134, 41319, 41375,
       41461, 41472, 41672, 41735, 41834, 41855, 41985, 41989, 42085,
       42088, 42108, 42207, 42263, 42350, 42356, 42427, 42440, 42625,
       42661, 42678, 42688, 42796, 42910, 43014, 43114, 43158, 43404,
       43406, 43415, 43523, 43615, 43668, 43680, 43726, 43790, 43854,
       43861, 43915, 43964, 43996, 44381, 44390, 44412, 44493, 44679,
       44731, 44759, 44777, 44824, 44828, 45050, 45095, 45375, 45457,
       45469, 45507, 45524, 45527, 45607, 45613, 45639, 45673, 45830,
       45833, 45902, 45980, 45999, 46259, 46455, 46457, 46575, 46597,
       46722, 46894, 46974, 47024, 47179, 47206, 47396, 47429, 47480,
       47515, 47541, 47563, 47918, 48183, 48270, 48368, 48429, 48630,
       48815, 49172, 49344, 49466, 49481]), array([  123,   181,   228,   238,   247,   257,   423,   486,   517,
         529,   545,   676,   725,   744,   800,   833,   848,   901,
         962,  1087,  1101,  1165,  1180,  1298,  1343,  1475,  1491,
        1621,  1645,  1648,  1706,  1741,  1773,  1790,  1829,  1847,
        1880,  1897,  2034,  2040,  2090,  2106,  2179,  2221,  2301,
        2399,  2408,  2423,  2452,  2468,  2502,  2530,  2601,  2665,
        2688,  2690,  2821,  2909,  2961,  3035,  3044,  3068,  3082,
        3146,  3148,  3313,  3347,  3359,  3372,  3424,  3448,  3468,
        3471,  3472,  3549,  3635,  3796,  3823,  3861,  3893,  3978,
        4010,  4206,  4231,  4309,  4325,  4341,  4401,  4423,  4491,
        4494,  4565,  4585,  4600,  4657,  4677,  4694,  4744,  4758,
        4770,  4773,  4830,  4978,  4991,  5009,  5103,  5108,  5158,
        5264,  5311,  5319,  5322,  5361,  5417,  5458,  5548,  5595,
        5618,  5682,  5728,  5772,  5778,  5780,  5890,  5963,  6150,
        6154,  6157,  6190,  6198,  6236,  6294,  6326,  6417,  6424,
        6553,  6689,  6743,  6799,  6808,  6810,  6878,  6879,  6915,
        7080,  7087,  7092,  7166,  7223,  7247,  7248,  7252,  7590,
        7652,  7665,  7708,  7726,  7738,  7792,  7795,  7820,  7823,
        7907,  7936,  7959,  7971,  8036,  8040,  8071,  8079,  8097,
        8169,  8173,  8219,  8270,  8303,  8416,  8589,  8590,  8643,
        8658,  8668,  8711,  8859,  8903,  8983,  9087,  9123,  9172,
        9240,  9264,  9398,  9454,  9607,  9658,  9721,  9742,  9834,
        9844,  9872,  9969, 10039, 10164, 10268, 10284, 10342, 10451,
       10469, 10486, 10532, 10610, 10624, 10667, 10706, 10777, 10779,
       10896, 10916, 11011, 11147, 11161, 11211, 11253, 11298, 11347,
       11382, 11385, 11421, 11429, 11604, 11612, 11625, 11632, 11684,
       11707, 11743, 11753, 11787, 11821, 11826, 11868, 11870, 11970,
       12000, 12075, 12124, 12208, 12272, 12276, 12324, 12369, 12372,
       12383, 12413, 12444, 12462, 12468, 12491, 12495, 12497, 12500,
       12509, 12518, 12575, 12646, 12769, 12808, 13121, 13227, 13254,
       13273, 13322, 13331, 13336, 13467, 13551, 13801, 13842, 14018,
       14041, 14080, 14094, 14103, 14129, 14154, 14257, 14260, 14347,
       14500, 14507, 14511, 14540, 14545, 14599, 14744, 14778, 14878,
       14979, 15020, 15051, 15078, 15144, 15179, 15183, 15203, 15204,
       15358, 15390, 15397, 15404, 15547, 15567, 15600, 15687, 15696,
       15737, 15778, 15826, 15851, 15880, 15887, 16081, 16103, 16125,
       16140, 16145, 16148, 16250, 16276, 16300, 16358, 16374, 16380,
       16401, 16487, 16596, 16610, 16623, 16627, 16635, 16663, 16761,
       16763, 16785, 16945, 16972, 16975, 17062, 17084, 17098, 17103,
       17138, 17156, 17199, 17281, 17323, 17349, 17352, 17369, 17416,
       17439, 17479, 17481, 17597, 17599, 17614, 17622, 17629, 17672,
       17697, 17706, 17717, 17729, 17751, 17798, 17900, 17937, 17989,
       17991, 18001, 18248, 18271, 18346, 18374, 18392, 18403, 18434,
       18441, 18526, 18569, 18575, 18577, 18637, 18649, 18662, 18667,
       18769, 18790, 18815, 18824, 18883, 18888, 18957, 18972, 19000,
       19130, 19136, 19137, 19163, 19222, 19233, 19247, 19338, 19343,
       19382, 19409, 19481, 19671, 19728, 19825, 19852, 19868, 19986,
       20044, 20174, 20214, 20249, 20269, 20287, 20315, 20325, 20353,
       20406, 20523, 20631, 20727, 20847, 20850, 20887, 20890, 21244,
       21299, 21418, 21510, 21513, 21516, 21529, 21585, 21854, 21917,
       21957, 22052, 22072, 22094, 22147, 22358, 22432, 22445, 22473,
       22725, 22743, 22758, 22846, 22991, 22999, 23034, 23049, 23057,
       23078, 23082, 23112, 23132, 23260, 23281, 23315, 23421, 23449,
       23492, 23501, 23552, 23561, 23662, 23762, 23781, 23795, 23815,
       23853, 23915, 23964, 23996, 24036, 24040, 24044, 24062, 24109,
       24121, 24132, 24163, 24167, 24211, 24298, 24309, 24316, 24326,
       24327, 24453, 24470, 24483, 24617, 24709, 24775, 24800, 24804,
       24811, 24887, 24903, 24916, 24981, 25006, 25029, 25041, 25056,
       25062, 25099, 25103, 25169, 25208, 25325, 25339, 25474, 25576,
       25580, 25643, 25657, 25762, 25767, 25771, 25910, 25918, 25924,
       26013, 26064, 26082, 26089, 26095, 26102, 26104, 26259, 26290,
       26320, 26379, 26412, 26418, 26464, 26520, 26671, 26681, 26685,
       26689, 26742, 26779, 26864, 27028, 27054, 27114, 27177, 27183,
       27350, 27381, 27383, 27431, 27448, 27487, 27492, 27549, 27608,
       27809, 27953, 28013, 28080, 28115, 28142, 28149, 28191, 28195,
       28248, 28263, 28362, 28370, 28371, 28403, 28484, 28541, 28545,
       28561, 28564, 28618, 28661, 28684, 28706, 28712, 28737, 28746,
       28969, 28978, 28984, 29075, 29100, 29127, 29161, 29211, 29277,
       29302, 29314, 29384, 29472, 29724, 29757, 29799, 29885, 29906,
       29940, 30010, 30011, 30041, 30085, 30207, 30371, 30391, 30404,
       30406, 30430, 30453, 30464, 30518, 30581, 30639, 30717, 30750,
       30776, 30778, 30819, 30864, 30965, 30986, 30993, 31019, 31091,
       31120, 31122, 31144, 31156, 31207, 31217, 31230, 31260, 31390,
       31411, 31420, 31470, 31476, 31512, 31543, 31565, 31655, 31671,
       31672, 31722, 31724, 31842, 31861, 31864, 31949, 31970, 32055,
       32099, 32101, 32143, 32155, 32203, 32269, 32291, 32346, 32424,
       32440, 32455, 32462, 32483, 32535, 32543, 32557, 32565, 32608,
       32667, 32699, 32731, 32921, 32947, 32956, 33014, 33124, 33183,
       33203, 33233, 33236, 33248, 33284, 33290, 33315, 33363, 33472,
       33487, 33525, 33659, 33763, 33854, 33872, 33903, 34047, 34073,
       34086, 34100, 34134, 34178, 34183, 34252, 34349, 34350, 34447,
       34483, 34505, 34582, 34592, 34641, 34692, 34709, 34753, 34807,
       34831, 34887, 34932, 34967, 35189, 35386, 35388, 35420, 35476,
       35540, 35565, 35598, 35649, 35663, 35674, 35689, 35773, 35790,
       35835, 35921, 35995, 36086, 36199, 36247, 36248, 36249, 36300,
       36311, 36427, 36488, 36500, 36525, 36546, 36582, 36584, 36585,
       36594, 36599, 36600, 36633, 36716, 36729, 36743, 36814, 36828,
       36912, 36947, 37005, 37075, 37081, 37097, 37198, 37228, 37242,
       37252, 37310, 37327, 37336, 37352, 37442, 37613, 37648, 37694,
       37786, 37916, 37971, 37986, 38039, 38111, 38129, 38174, 38185,
       38191, 38270, 38301, 38313, 38338, 38360, 38385, 38404, 38439,
       38479, 38505, 38684, 38738, 38766, 38774, 38777, 38895, 39021,
       39033, 39088, 39091, 39133, 39146, 39257, 39277, 39380, 39456,
       39474, 39572, 39591, 39607, 39615, 39671, 39674, 39730, 39767,
       39808, 39945, 40022, 40029, 40033, 40122, 40131, 40180, 40222,
       40259, 40284, 40290, 40358, 40439, 40477, 40487, 40488, 40514,
       40522, 40534, 40560, 40592, 40625, 40684, 40737, 40873, 40931,
       41055, 41090, 41095, 41134, 41163, 41274, 41319, 41375, 41445,
       41461, 41472, 41661, 41672, 41695, 41735, 41834, 41855, 41898,
       41937, 41985, 41989, 42083, 42085, 42088, 42108, 42162, 42207,
       42212, 42263, 42350, 42356, 42427, 42440, 42592, 42613, 42625,
       42661, 42676, 42688, 42745, 42796, 42910, 43014, 43036, 43063,
       43114, 43145, 43158, 43404, 43406, 43415, 43479, 43523, 43615,
       43668, 43680, 43726, 43790, 43854, 43861, 43915, 43964, 43996,
       44020, 44053, 44381, 44390, 44405, 44412, 44449, 44493, 44512,
       44543, 44656, 44671, 44679, 44705, 44731, 44759, 44769, 44777,
       44824, 44828, 44972, 45024, 45050, 45052, 45095, 45246, 45304,
       45375, 45414, 45457, 45469, 45507, 45524, 45527, 45607, 45613,
       45639, 45673, 45707, 45804, 45807, 45827, 45830, 45833, 45902,
       45926, 45934, 45973, 45980, 45999, 46100, 46144, 46259, 46273,
       46284, 46450, 46455, 46457, 46575, 46581, 46597, 46649, 46721,
       46722, 46747, 46770, 46894, 46959, 46974, 47007, 47024, 47179,
       47206, 47396, 47429, 47464, 47480, 47515, 47538, 47541, 47563,
       47601, 47712, 47789, 47918, 48026, 48084, 48090, 48183, 48270,
       48291, 48344, 48368, 48429, 48531, 48564, 48630, 48727, 48770,
       48778, 48799, 48815, 48889, 48895, 49000, 49055, 49172, 49192,
       49290, 49293, 49344, 49346, 49423, 49466, 49481]), array([  123,   181,   228,   238,   247,   257,   423,   473,   486,
         517,   529,   545,   676,   725,   744,   800,   833,   848,
         901,   912,   962,  1087,  1101,  1165,  1180,  1298,  1343,
        1475,  1491,  1587,  1621,  1645,  1648,  1706,  1741,  1773,
        1790,  1792,  1829,  1838,  1847,  1880,  1897,  1962,  2034,
        2040,  2090,  2106,  2179,  2221,  2301,  2399,  2408,  2423,
        2452,  2468,  2502,  2530,  2601,  2664,  2665,  2679,  2687,
        2688,  2690,  2821,  2907,  2909,  2938,  2961,  3035,  3044,
        3068,  3082,  3146,  3148,  3313,  3329,  3347,  3359,  3372,
        3424,  3447,  3448,  3462,  3468,  3471,  3472,  3549,  3635,
        3643,  3735,  3796,  3823,  3834,  3861,  3893,  3978,  4010,
        4206,  4231,  4309,  4325,  4335,  4341,  4401,  4423,  4491,
        4494,  4565,  4569,  4585,  4600,  4657,  4677,  4694,  4744,
        4770,  4773,  4830,  4840,  4978,  4991,  5009,  5036,  5103,
        5108,  5158,  5264,  5319,  5322,  5361,  5417,  5458,  5548,
        5550,  5595,  5618,  5728,  5748,  5750,  5772,  5778,  5780,
        5890,  5963,  5993,  6150,  6154,  6157,  6190,  6198,  6236,
        6246,  6294,  6326,  6417,  6424,  6553,  6689,  6743,  6799,
        6808,  6810,  6878,  6915,  7056,  7080,  7087,  7092,  7166,
        7182,  7190,  7223,  7247,  7248,  7252,  7590,  7652,  7665,
        7708,  7712,  7726,  7792,  7795,  7820,  7823,  7907,  7936,
        7959,  7971,  8036,  8040,  8079,  8097,  8169,  8173,  8219,
        8270,  8294,  8303,  8416,  8589,  8590,  8643,  8658,  8668,
        8711,  8759,  8859,  8903,  8959,  8983,  9076,  9087,  9123,
        9172,  9240,  9264,  9398,  9454,  9607,  9658,  9721,  9742,
        9797,  9834,  9844,  9872,  9969, 10021, 10039, 10164, 10268,
       10284, 10319, 10342, 10451, 10469, 10486, 10532, 10610, 10624,
       10667, 10706, 10777, 10779, 10896, 10916, 10952, 10994, 11011,
       11017, 11147, 11161, 11211, 11235, 11253, 11298, 11347, 11382,
       11385, 11419, 11421, 11429, 11433, 11604, 11612, 11625, 11632,
       11684, 11707, 11714, 11743, 11753, 11756, 11821, 11826, 11868,
       11870, 11970, 12000, 12075, 12208, 12272, 12276, 12324, 12369,
       12372, 12383, 12413, 12444, 12462, 12468, 12491, 12495, 12497,
       12500, 12504, 12509, 12518, 12540, 12575, 12583, 12617, 12646,
       12710, 12769, 12808, 12865, 13098, 13121, 13227, 13254, 13273,
       13322, 13331, 13336, 13467, 13551, 13801, 13842, 13892, 14018,
       14041, 14080, 14094, 14103, 14129, 14154, 14212, 14257, 14260,
       14347, 14500, 14507, 14511, 14540, 14545, 14599, 14744, 14778,
       14878, 14979, 15020, 15051, 15078, 15144, 15179, 15183, 15203,
       15204, 15274, 15358, 15390, 15397, 15404, 15547, 15567, 15600,
       15687, 15696, 15737, 15778, 15826, 15851, 15880, 15887, 16081,
       16103, 16125, 16140, 16145, 16148, 16250, 16276, 16300, 16358,
       16374, 16380, 16401, 16410, 16487, 16596, 16610, 16615, 16620,
       16623, 16634, 16635, 16663, 16761, 16763, 16785, 16925, 16945,
       16972, 16975, 17062, 17084, 17098, 17103, 17138, 17156, 17199,
       17281, 17323, 17349, 17352, 17369, 17416, 17439, 17479, 17481,
       17597, 17599, 17614, 17622, 17629, 17650, 17672, 17697, 17706,
       17717, 17729, 17751, 17798, 17900, 17937, 17989, 17991, 18001,
       18248, 18271, 18346, 18374, 18392, 18403, 18434, 18441, 18470,
       18526, 18569, 18575, 18577, 18637, 18649, 18662, 18667, 18769,
       18790, 18815, 18824, 18883, 18888, 18957, 18972, 18990, 19000,
       19130, 19136, 19137, 19163, 19222, 19233, 19247, 19338, 19343,
       19382, 19409, 19481, 19524, 19531, 19657, 19671, 19728, 19825,
       19852, 19868, 19875, 19986, 20044, 20174, 20214, 20249, 20269,
       20287, 20315, 20325, 20353, 20406, 20416, 20475, 20523, 20631,
       20847, 20850, 20887, 20890, 21244, 21299, 21329, 21418, 21510,
       21513, 21516, 21529, 21585, 21611, 21854, 21917, 21957, 22001,
       22052, 22072, 22094, 22147, 22358, 22432, 22445, 22473, 22497,
       22502, 22600, 22725, 22743, 22758, 22819, 22827, 22846, 22991,
       22999, 23034, 23049, 23057, 23059, 23078, 23082, 23112, 23113,
       23132, 23207, 23260, 23281, 23315, 23421, 23449, 23456, 23471,
       23492, 23501, 23552, 23561, 23662, 23762, 23781, 23795, 23815,
       23853, 23915, 23964, 23996, 24036, 24040, 24062, 24109, 24121,
       24132, 24163, 24167, 24211, 24298, 24309, 24316, 24326, 24327,
       24398, 24406, 24453, 24483, 24617, 24709, 24775, 24800, 24804,
       24811, 24826, 24887, 24903, 24916, 24939, 24979, 24981, 25006,
       25029, 25041, 25056, 25062, 25099, 25100, 25103, 25169, 25208,
       25325, 25339, 25474, 25576, 25580, 25643, 25657, 25762, 25767,
       25771, 25910, 25918, 25924, 26013, 26064, 26082, 26089, 26095,
       26102, 26104, 26259, 26290, 26320, 26379, 26412, 26418, 26464,
       26520, 26602, 26671, 26676, 26681, 26685, 26689, 26742, 26779,
       26864, 26969, 27028, 27054, 27070, 27114, 27115, 27177, 27183,
       27193, 27350, 27381, 27383, 27431, 27448, 27487, 27492, 27549,
       27608, 27642, 27672, 27777, 27809, 27858, 27953, 28013, 28080,
       28115, 28142, 28149, 28191, 28248, 28263, 28362, 28370, 28371,
       28403, 28484, 28541, 28545, 28561, 28564, 28618, 28661, 28684,
       28706, 28712, 28737, 28746, 28783, 28969, 28971, 28978, 28984,
       29075, 29100, 29127, 29161, 29211, 29277, 29302, 29314, 29384,
       29408, 29472, 29724, 29757, 29799, 29826, 29885, 29906, 29940,
       30010, 30011, 30041, 30063, 30085, 30207, 30231, 30371, 30391,
       30404, 30406, 30407, 30430, 30453, 30464, 30518, 30534, 30639,
       30717, 30750, 30776, 30778, 30819, 30864, 30986, 30993, 31019,
       31073, 31091, 31122, 31144, 31156, 31207, 31217, 31230, 31260,
       31390, 31411, 31420, 31470, 31476, 31512, 31526, 31565, 31655,
       31671, 31672, 31722, 31724, 31811, 31842, 31861, 31864, 31949,
       31951, 31970, 32055, 32099, 32101, 32143, 32155, 32203, 32269,
       32291, 32346, 32424, 32440, 32455, 32461, 32462, 32483, 32535,
       32543, 32557, 32565, 32608, 32667, 32699, 32731, 32862, 32921,
       32947, 32956, 33005, 33014, 33087, 33124, 33183, 33203, 33233,
       33284, 33290, 33440, 33472, 33487, 33525, 33567, 33597, 33659,
       33722, 33763, 33854, 33872, 33903, 34047, 34073, 34086, 34100,
       34134, 34178, 34183, 34225, 34252, 34349, 34350, 34447, 34483,
       34505, 34582, 34592, 34641, 34651, 34692, 34709, 34753, 34807,
       34831, 34911, 34932, 34967, 35076, 35189, 35276, 35386, 35388,
       35420, 35456, 35476, 35540, 35559, 35565, 35598, 35649, 35663,
       35674, 35689, 35765, 35773, 35790, 35804, 35835, 35839, 35921,
       35995, 36086, 36143, 36180, 36199, 36247, 36248, 36249, 36300,
       36311, 36410, 36427, 36488, 36500, 36525, 36546, 36582, 36584,
       36585, 36592, 36594, 36599, 36600, 36633, 36715, 36716, 36729,
       36737, 36743, 36805, 36814, 36828, 36884, 36912, 36947, 36989,
       37005, 37075, 37081, 37097, 37198, 37228, 37242, 37252, 37310,
       37327, 37336, 37442, 37613, 37648, 37674, 37694, 37786, 37916,
       37971, 37986, 38039, 38111, 38129, 38174, 38185, 38191, 38270,
       38301, 38313, 38338, 38360, 38385, 38404, 38439, 38479, 38505,
       38684, 38706, 38738, 38766, 38774, 38777, 38895, 38985, 39021,
       39033, 39088, 39091, 39133, 39146, 39257, 39277, 39380, 39428,
       39456, 39474, 39490, 39529, 39572, 39591, 39607, 39615, 39658,
       39671, 39674, 39682, 39730, 39767, 39808, 39872, 39945, 40022,
       40029, 40033, 40122, 40131, 40180, 40222, 40248, 40259, 40284,
       40290, 40358, 40439, 40447, 40477, 40487, 40488, 40522, 40534,
       40537, 40560, 40592, 40625, 40680, 40684, 40694, 40704, 40737,
       40752, 40931, 41055, 41090, 41095, 41134, 41163, 41274, 41319,
       41375, 41445, 41461, 41472, 41661, 41672, 41695, 41735, 41834,
       41855, 41892, 41898, 41937, 41985, 41989, 42083, 42085, 42088,
       42108, 42158, 42162, 42207, 42212, 42263, 42350, 42356, 42427,
       42440, 42592, 42613, 42625, 42661, 42676, 42678, 42688, 42745,
       42796, 42910, 43014, 43036, 43063, 43114, 43145, 43158, 43404,
       43406, 43415, 43479, 43523, 43615, 43668, 43680, 43726, 43790,
       43854, 43861, 43915, 43964, 43996, 44020, 44053, 44093, 44263,
       44381, 44390, 44405, 44412, 44449, 44493, 44512, 44656, 44671,
       44679, 44685, 44705, 44731, 44759, 44769, 44777, 44824, 44828,
       44936, 44972, 45024, 45050, 45052, 45059, 45069, 45095, 45137,
       45246, 45304, 45375, 45427, 45457, 45469, 45507, 45524, 45527,
       45607, 45613, 45639, 45673, 45678, 45707, 45772, 45804, 45807,
       45827, 45830, 45833, 45902, 45919, 45926, 45934, 45973, 45980,
       45999, 46100, 46144, 46199, 46259, 46273, 46284, 46364, 46450,
       46455, 46457, 46575, 46581, 46597, 46649, 46721, 46722, 46770,
       46894, 46959, 46974, 46995, 47007, 47024, 47179, 47206, 47396,
       47429, 47464, 47480, 47515, 47538, 47541, 47563, 47601, 47658,
       47712, 47789, 47918, 47938, 48026, 48084, 48090, 48183, 48270,
       48291, 48344, 48368, 48429, 48531, 48564, 48630, 48727, 48770,
       48778, 48782, 48815, 48843, 48889, 48895, 49000, 49055, 49172,
       49192, 49228, 49290, 49293, 49313, 49341, 49344, 49346, 49423,
       49466, 49481]), array([  123,   181,   228,   238,   247,   257,   423,   473,   486,
         516,   517,   529,   545,   670,   676,   725,   744,   800,
         833,   848,   901,   912,   962,   988,  1087,  1101,  1165,
        1180,  1298,  1343,  1475,  1491,  1541,  1587,  1621,  1645,
        1648,  1706,  1741,  1773,  1790,  1792,  1829,  1838,  1847,
        1880,  1897,  1962,  2034,  2040,  2090,  2106,  2179,  2221,
        2256,  2301,  2399,  2408,  2423,  2452,  2468,  2502,  2530,
        2601,  2664,  2665,  2680,  2687,  2688,  2690,  2821,  2907,
        2938,  2961,  3035,  3044,  3068,  3082,  3146,  3148,  3185,
        3313,  3329,  3347,  3359,  3372,  3424,  3447,  3468,  3471,
        3472,  3549,  3635,  3643,  3735,  3823,  3861,  3884,  3893,
        3978,  4010,  4206,  4231,  4309,  4325,  4335,  4341,  4401,
        4423,  4491,  4494,  4565,  4585,  4600,  4657,  4677,  4694,
        4744,  4758,  4770,  4773,  4830,  4840,  4978,  4991,  5009,
        5103,  5108,  5158,  5264,  5319,  5322,  5361,  5417,  5458,
        5548,  5550,  5595,  5618,  5728,  5748,  5750,  5772,  5778,
        5780,  5890,  5963,  6150,  6154,  6157,  6190,  6198,  6236,
        6246,  6294,  6326,  6417,  6424,  6553,  6743,  6799,  6808,
        6810,  6878,  6879,  6915,  7056,  7080,  7087,  7092,  7119,
        7166,  7182,  7223,  7247,  7248,  7252,  7590,  7652,  7665,
        7708,  7712,  7726,  7738,  7792,  7795,  7820,  7823,  7907,
        7936,  7959,  7971,  8040,  8079,  8097,  8169,  8173,  8219,
        8270,  8294,  8303,  8416,  8589,  8590,  8643,  8658,  8668,
        8711,  8759,  8859,  8903,  8959,  8983,  9076,  9087,  9123,
        9172,  9240,  9264,  9398,  9454,  9607,  9658,  9721,  9742,
        9797,  9834,  9844,  9872,  9969, 10021, 10027, 10039, 10164,
       10268, 10284, 10319, 10342, 10451, 10469, 10486, 10532, 10610,
       10624, 10667, 10706, 10777, 10779, 10896, 10916, 10952, 10959,
       11011, 11017, 11147, 11161, 11211, 11235, 11253, 11298, 11347,
       11382, 11385, 11419, 11421, 11429, 11433, 11604, 11612, 11625,
       11632, 11707, 11714, 11743, 11753, 11756, 11787, 11821, 11826,
       11868, 11870, 11871, 11970, 12000, 12075, 12122, 12124, 12208,
       12272, 12276, 12324, 12369, 12372, 12383, 12388, 12413, 12444,
       12462, 12468, 12491, 12495, 12497, 12500, 12509, 12518, 12575,
       12583, 12617, 12710, 12747, 12769, 12808, 12865, 13022, 13098,
       13121, 13135, 13227, 13254, 13273, 13322, 13331, 13336, 13467,
       13551, 13801, 13842, 13892, 14018, 14041, 14080, 14094, 14103,
       14129, 14154, 14212, 14243, 14257, 14260, 14347, 14500, 14507,
       14511, 14540, 14545, 14599, 14744, 14778, 14878, 14882, 14979,
       15020, 15051, 15078, 15144, 15179, 15183, 15203, 15204, 15274,
       15358, 15390, 15404, 15547, 15567, 15600, 15687, 15737, 15778,
       15826, 15851, 15880, 15887, 15992, 16081, 16103, 16125, 16140,
       16145, 16148, 16167, 16191, 16250, 16276, 16300, 16358, 16374,
       16380, 16401, 16410, 16487, 16596, 16610, 16615, 16623, 16627,
       16634, 16635, 16663, 16761, 16763, 16785, 16945, 16969, 16972,
       16975, 17062, 17084, 17098, 17103, 17138, 17156, 17199, 17281,
       17323, 17349, 17352, 17369, 17416, 17439, 17479, 17481, 17597,
       17599, 17614, 17622, 17629, 17672, 17697, 17699, 17706, 17717,
       17729, 17739, 17751, 17798, 17900, 17937, 17989, 17991, 18001,
       18248, 18271, 18346, 18374, 18392, 18403, 18434, 18441, 18467,
       18470, 18526, 18569, 18575, 18577, 18637, 18649, 18662, 18667,
       18769, 18790, 18815, 18824, 18883, 18888, 18957, 18972, 18990,
       19000, 19130, 19136, 19137, 19163, 19222, 19233, 19247, 19338,
       19343, 19382, 19409, 19481, 19524, 19531, 19567, 19657, 19671,
       19728, 19825, 19852, 19868, 19912, 19986, 20044, 20174, 20214,
       20249, 20269, 20315, 20325, 20353, 20406, 20416, 20523, 20631,
       20847, 20850, 20887, 20890, 21244, 21299, 21418, 21510, 21513,
       21516, 21529, 21585, 21854, 21893, 21917, 21957, 22001, 22052,
       22072, 22094, 22147, 22358, 22432, 22445, 22473, 22725, 22743,
       22758, 22819, 22827, 22846, 22991, 22999, 23034, 23049, 23057,
       23078, 23079, 23082, 23112, 23113, 23132, 23207, 23260, 23281,
       23315, 23421, 23449, 23456, 23471, 23492, 23501, 23552, 23561,
       23642, 23662, 23762, 23781, 23795, 23815, 23853, 23915, 23964,
       23996, 24036, 24040, 24062, 24109, 24121, 24132, 24163, 24167,
       24211, 24298, 24309, 24316, 24326, 24327, 24406, 24453, 24470,
       24483, 24617, 24709, 24775, 24800, 24804, 24811, 24826, 24887,
       24903, 24916, 24939, 24979, 24981, 25029, 25041, 25056, 25062,
       25099, 25100, 25103, 25169, 25208, 25325, 25339, 25474, 25576,
       25580, 25643, 25657, 25762, 25767, 25771, 25810, 25910, 25918,
       25924, 26013, 26064, 26082, 26089, 26095, 26102, 26104, 26259,
       26290, 26320, 26379, 26412, 26418, 26464, 26520, 26671, 26681,
       26685, 26689, 26742, 26779, 26864, 26969, 27028, 27054, 27070,
       27114, 27115, 27177, 27183, 27193, 27350, 27381, 27383, 27431,
       27448, 27487, 27492, 27549, 27642, 27672, 27777, 27784, 27785,
       27809, 27953, 28013, 28080, 28115, 28142, 28149, 28191, 28248,
       28263, 28362, 28370, 28371, 28403, 28484, 28541, 28545, 28564,
       28618, 28661, 28684, 28706, 28712, 28737, 28746, 28767, 28783,
       28969, 28971, 28978, 28984, 29075, 29100, 29161, 29211, 29277,
       29302, 29314, 29384, 29472, 29724, 29799, 29826, 29885, 29906,
       29940, 30010, 30011, 30030, 30041, 30063, 30085, 30207, 30231,
       30371, 30391, 30404, 30406, 30407, 30430, 30453, 30464, 30465,
       30518, 30534, 30581, 30639, 30717, 30750, 30776, 30778, 30819,
       30864, 30965, 30986, 30993, 31019, 31073, 31091, 31122, 31144,
       31156, 31207, 31217, 31230, 31260, 31390, 31411, 31420, 31445,
       31470, 31476, 31512, 31526, 31543, 31565, 31655, 31671, 31672,
       31722, 31724, 31842, 31861, 31864, 31949, 31951, 31970, 32055,
       32099, 32101, 32143, 32155, 32203, 32291, 32346, 32424, 32440,
       32455, 32461, 32462, 32465, 32483, 32535, 32543, 32557, 32565,
       32608, 32667, 32699, 32731, 32862, 32921, 32944, 32947, 32956,
       33005, 33014, 33088, 33124, 33165, 33183, 33203, 33284, 33290,
       33315, 33472, 33487, 33525, 33567, 33597, 33659, 33722, 33763,
       33872, 33903, 34047, 34073, 34086, 34100, 34134, 34178, 34183,
       34225, 34252, 34349, 34350, 34447, 34483, 34505, 34582, 34592,
       34641, 34651, 34692, 34709, 34753, 34807, 34831, 34911, 34932,
       34967, 35025, 35076, 35189, 35276, 35386, 35388, 35420, 35456,
       35476, 35540, 35559, 35565, 35598, 35649, 35663, 35674, 35689,
       35772, 35773, 35790, 35804, 35835, 35839, 35921, 35995, 36086,
       36180, 36248, 36249, 36300, 36311, 36410, 36427, 36488, 36500,
       36525, 36546, 36582, 36584, 36585, 36594, 36599, 36600, 36633,
       36716, 36729, 36737, 36743, 36814, 36828, 36884, 36912, 36947,
       37005, 37075, 37081, 37097, 37198, 37228, 37242, 37252, 37310,
       37327, 37336, 37442, 37504, 37613, 37648, 37674, 37694, 37786,
       37825, 37906, 37916, 37971, 37986, 38039, 38111, 38129, 38174,
       38185, 38191, 38270, 38301, 38338, 38360, 38385, 38404, 38439,
       38479, 38505, 38684, 38738, 38766, 38774, 38777, 38895, 39021,
       39033, 39088, 39091, 39133, 39146, 39257, 39277, 39380, 39428,
       39456, 39474, 39490, 39529, 39591, 39607, 39615, 39658, 39671,
       39674, 39730, 39767, 39808, 39872, 39945, 40022, 40029, 40033,
       40122, 40131, 40180, 40222, 40248, 40259, 40284, 40290, 40358,
       40439, 40447, 40477, 40487, 40488, 40514, 40522, 40534, 40560,
       40592, 40625, 40680, 40684, 40704, 40752, 40788, 40931, 41055,
       41090, 41095, 41134, 41163, 41274, 41319, 41375, 41445, 41461,
       41472, 41661, 41672, 41695, 41735, 41834, 41855, 41867, 41898,
       41937, 41985, 41989, 42083, 42085, 42088, 42108, 42162, 42207,
       42212, 42263, 42350, 42356, 42399, 42427, 42440, 42592, 42613,
       42625, 42661, 42676, 42688, 42745, 42796, 42910, 43014, 43033,
       43036, 43063, 43114, 43145, 43158, 43404, 43406, 43415, 43479,
       43523, 43557, 43565, 43615, 43668, 43680, 43726, 43790, 43837,
       43854, 43861, 43915, 43964, 43996, 44020, 44041, 44053, 44259,
       44381, 44390, 44412, 44449, 44493, 44512, 44543, 44656, 44679,
       44731, 44759, 44762, 44769, 44777, 44824, 44828, 44936, 44972,
       45024, 45050, 45052, 45059, 45069, 45095, 45137, 45246, 45304,
       45375, 45457, 45469, 45507, 45524, 45527, 45607, 45613, 45639,
       45673, 45678, 45699, 45707, 45804, 45807, 45827, 45830, 45833,
       45902, 45926, 45934, 45973, 45980, 45999, 46100, 46144, 46199,
       46259, 46273, 46284, 46324, 46450, 46455, 46457, 46575, 46581,
       46597, 46649, 46721, 46722, 46747, 46770, 46894, 46959, 46974,
       46995, 47007, 47024, 47179, 47206, 47396, 47429, 47464, 47480,
       47515, 47538, 47541, 47563, 47601, 47712, 47789, 47918, 47938,
       48026, 48084, 48090, 48183, 48270, 48344, 48368, 48429, 48531,
       48564, 48630, 48727, 48741, 48770, 48778, 48815, 48843, 48889,
       48895, 48957, 49000, 49055, 49172, 49211, 49232, 49290, 49293,
       49344, 49346, 49349, 49423, 49466, 49481]), array([  123,   181,   228,   238,   247,   257,   423,   486,   517,
         529,   545,   676,   725,   744,   800,   833,   848,   901,
         912,   962,   988,  1087,  1101,  1165,  1180,  1298,  1343,
        1475,  1491,  1541,  1587,  1621,  1645,  1648,  1706,  1741,
        1773,  1790,  1829,  1838,  1847,  1880,  1897,  1962,  2034,
        2040,  2090,  2100,  2106,  2179,  2221,  2301,  2399,  2408,
        2423,  2452,  2468,  2502,  2530,  2601,  2664,  2665,  2687,
        2688,  2690,  2821,  2838,  2907,  2909,  2938,  2961,  3035,
        3044,  3068,  3082,  3146,  3148,  3313,  3347,  3359,  3372,
        3424,  3447,  3448,  3462,  3468,  3471,  3472,  3549,  3635,
        3643,  3735,  3823,  3834,  3861,  3893,  3978,  4010,  4206,
        4231,  4309,  4325,  4335,  4341,  4401,  4423,  4491,  4494,
        4565,  4569,  4585,  4600,  4657,  4677,  4694,  4744,  4770,
        4773,  4830,  4991,  5009,  5103,  5108,  5158,  5264,  5319,
        5322,  5361,  5417,  5458,  5466,  5548,  5550,  5595,  5618,
        5682,  5728,  5772,  5778,  5780,  5890,  5963,  5993,  6150,
        6154,  6157,  6190,  6198,  6236,  6294,  6326,  6417,  6424,
        6553,  6743,  6799,  6810,  6878,  6879,  6892,  6915,  6982,
        7056,  7080,  7087,  7092,  7119,  7166,  7182,  7190,  7223,
        7247,  7248,  7252,  7590,  7652,  7665,  7708,  7712,  7726,
        7738,  7792,  7795,  7820,  7823,  7907,  7936,  7959,  7971,
        8036,  8040,  8079,  8097,  8169,  8173,  8219,  8270,  8294,
        8303,  8416,  8589,  8590,  8643,  8658,  8668,  8711,  8759,
        8859,  8903,  8959,  8983,  9076,  9082,  9087,  9123,  9172,
        9240,  9264,  9398,  9454,  9607,  9658,  9721,  9742,  9797,
        9834,  9844,  9872,  9969, 10021, 10027, 10039, 10164, 10268,
       10284, 10319, 10342, 10451, 10469, 10509, 10532, 10610, 10624,
       10667, 10706, 10777, 10779, 10896, 10916, 10959, 10994, 11011,
       11147, 11161, 11211, 11235, 11253, 11298, 11347, 11382, 11385,
       11421, 11429, 11433, 11604, 11612, 11615, 11625, 11632, 11684,
       11707, 11714, 11743, 11753, 11756, 11787, 11821, 11826, 11868,
       11870, 11970, 12000, 12075, 12122, 12124, 12208, 12272, 12276,
       12324, 12369, 12372, 12383, 12398, 12413, 12444, 12462, 12468,
       12491, 12495, 12497, 12500, 12509, 12518, 12540, 12575, 12583,
       12606, 12617, 12710, 12769, 12808, 12865, 13064, 13098, 13121,
       13135, 13225, 13227, 13254, 13273, 13322, 13331, 13336, 13391,
       13467, 13551, 13801, 13842, 13892, 14018, 14041, 14080, 14094,
       14103, 14129, 14154, 14212, 14243, 14256, 14257, 14260, 14347,
       14500, 14507, 14511, 14540, 14545, 14599, 14744, 14778, 14878,
       14882, 14979, 15020, 15051, 15078, 15144, 15179, 15183, 15203,
       15204, 15274, 15358, 15390, 15404, 15547, 15567, 15600, 15687,
       15698, 15699, 15737, 15778, 15826, 15851, 15880, 15887, 15992,
       16081, 16103, 16125, 16140, 16145, 16148, 16167, 16250, 16276,
       16300, 16358, 16374, 16380, 16401, 16410, 16487, 16596, 16610,
       16615, 16623, 16627, 16634, 16635, 16663, 16665, 16761, 16763,
       16785, 16879, 16925, 16945, 16972, 16975, 17062, 17084, 17098,
       17103, 17129, 17138, 17156, 17199, 17281, 17323, 17349, 17352,
       17369, 17416, 17439, 17479, 17481, 17525, 17597, 17599, 17614,
       17622, 17629, 17650, 17672, 17697, 17699, 17706, 17717, 17729,
       17751, 17798, 17900, 17937, 17989, 17991, 18001, 18248, 18271,
       18346, 18374, 18392, 18403, 18434, 18441, 18467, 18470, 18526,
       18569, 18575, 18577, 18637, 18649, 18662, 18667, 18769, 18790,
       18815, 18824, 18883, 18888, 18957, 18972, 18990, 19000, 19130,
       19136, 19137, 19163, 19222, 19233, 19247, 19338, 19343, 19382,
       19409, 19481, 19524, 19531, 19567, 19657, 19671, 19728, 19825,
       19852, 19868, 19875, 19986, 20044, 20174, 20214, 20249, 20269,
       20315, 20325, 20353, 20406, 20416, 20523, 20631, 20727, 20847,
       20850, 20887, 20890, 21244, 21299, 21418, 21510, 21513, 21516,
       21529, 21585, 21611, 21854, 21893, 21957, 22001, 22052, 22072,
       22094, 22147, 22358, 22432, 22473, 22639, 22725, 22743, 22758,
       22819, 22827, 22846, 22991, 22999, 23034, 23049, 23057, 23078,
       23079, 23082, 23112, 23113, 23132, 23140, 23257, 23260, 23281,
       23315, 23421, 23449, 23456, 23492, 23501, 23546, 23552, 23561,
       23642, 23662, 23762, 23781, 23795, 23815, 23853, 23915, 23964,
       23996, 24036, 24040, 24062, 24109, 24121, 24132, 24163, 24167,
       24211, 24255, 24298, 24309, 24316, 24326, 24327, 24406, 24453,
       24483, 24617, 24709, 24746, 24775, 24800, 24804, 24811, 24887,
       24903, 24916, 24939, 24979, 24981, 25006, 25029, 25041, 25056,
       25062, 25099, 25100, 25103, 25169, 25208, 25325, 25339, 25474,
       25576, 25580, 25643, 25657, 25762, 25767, 25771, 25910, 25918,
       25924, 26013, 26064, 26082, 26089, 26095, 26102, 26104, 26142,
       26259, 26290, 26320, 26379, 26412, 26418, 26464, 26520, 26671,
       26681, 26685, 26689, 26742, 26779, 26864, 26969, 27028, 27054,
       27070, 27114, 27115, 27177, 27183, 27193, 27350, 27381, 27383,
       27431, 27448, 27487, 27492, 27549, 27642, 27672, 27777, 27809,
       27845, 27953, 28013, 28080, 28115, 28142, 28149, 28191, 28195,
       28248, 28263, 28362, 28370, 28371, 28403, 28484, 28522, 28541,
       28545, 28561, 28564, 28618, 28661, 28684, 28706, 28712, 28737,
       28746, 28767, 28783, 28969, 28971, 28977, 28978, 28984, 29075,
       29100, 29161, 29211, 29277, 29302, 29314, 29384, 29408, 29472,
       29724, 29757, 29799, 29885, 29906, 29940, 30010, 30011, 30041,
       30085, 30207, 30371, 30391, 30404, 30406, 30407, 30430, 30453,
       30464, 30465, 30518, 30534, 30581, 30639, 30717, 30750, 30776,
       30778, 30819, 30846, 30864, 30965, 30986, 30993, 31019, 31073,
       31091, 31122, 31144, 31156, 31207, 31217, 31230, 31260, 31390,
       31411, 31419, 31420, 31445, 31470, 31476, 31512, 31526, 31543,
       31565, 31605, 31655, 31671, 31672, 31674, 31722, 31724, 31811,
       31842, 31861, 31864, 31949, 31951, 31970, 32055, 32099, 32101,
       32143, 32155, 32203, 32291, 32346, 32424, 32440, 32455, 32461,
       32462, 32465, 32483, 32535, 32543, 32557, 32565, 32608, 32667,
       32699, 32721, 32731, 32862, 32921, 32947, 32956, 33005, 33014,
       33085, 33087, 33088, 33124, 33134, 33165, 33183, 33203, 33233,
       33248, 33284, 33290, 33315, 33363, 33440, 33472, 33487, 33525,
       33567, 33659, 33722, 33763, 33854, 33872, 33903, 34047, 34073,
       34086, 34100, 34134, 34178, 34183, 34225, 34252, 34349, 34350,
       34371, 34447, 34483, 34505, 34582, 34592, 34641, 34651, 34692,
       34709, 34753, 34770, 34807, 34831, 34932, 34967, 35076, 35189,
       35276, 35386, 35388, 35420, 35456, 35476, 35540, 35559, 35565,
       35598, 35663, 35674, 35689, 35769, 35772, 35773, 35790, 35804,
       35835, 35839, 35921, 35995, 36086, 36180, 36199, 36247, 36248,
       36249, 36300, 36311, 36371, 36410, 36413, 36427, 36488, 36500,
       36525, 36546, 36582, 36584, 36585, 36594, 36599, 36600, 36633,
       36716, 36729, 36737, 36743, 36814, 36828, 36947, 37005, 37075,
       37081, 37097, 37198, 37228, 37242, 37252, 37288, 37310, 37327,
       37336, 37352, 37442, 37523, 37613, 37648, 37674, 37694, 37786,
       37825, 37913, 37916, 37971, 37986, 38039, 38111, 38129, 38174,
       38185, 38191, 38270, 38301, 38313, 38338, 38360, 38385, 38404,
       38439, 38479, 38505, 38684, 38706, 38738, 38766, 38774, 38777,
       38895, 39021, 39033, 39088, 39091, 39133, 39146, 39257, 39277,
       39380, 39456, 39474, 39490, 39492, 39529, 39572, 39591, 39607,
       39615, 39616, 39671, 39674, 39730, 39767, 39808, 39872, 39945,
       40022, 40029, 40033, 40122, 40131, 40180, 40222, 40248, 40259,
       40284, 40290, 40358, 40439, 40447, 40477, 40487, 40488, 40514,
       40522, 40534, 40560, 40592, 40625, 40680, 40684, 40694, 40704,
       40752, 40788, 40873, 40931, 41055, 41090, 41095, 41134, 41163,
       41274, 41319, 41375, 41445, 41461, 41472, 41661, 41672, 41695,
       41735, 41834, 41855, 41892, 41898, 41937, 41985, 41989, 42083,
       42085, 42088, 42108, 42162, 42166, 42207, 42212, 42263, 42294,
       42350, 42356, 42387, 42399, 42427, 42440, 42592, 42613, 42625,
       42661, 42676, 42688, 42745, 42796, 42910, 43014, 43033, 43063,
       43114, 43145, 43158, 43404, 43406, 43412, 43415, 43479, 43523,
       43557, 43565, 43615, 43668, 43680, 43726, 43758, 43790, 43837,
       43854, 43861, 43915, 43964, 43996, 44013, 44020, 44041, 44053,
       44381, 44390, 44412, 44449, 44493, 44512, 44543, 44656, 44671,
       44679, 44685, 44705, 44731, 44759, 44762, 44769, 44777, 44824,
       44828, 44936, 44972, 45024, 45050, 45052, 45069, 45095, 45137,
       45246, 45304, 45375, 45414, 45457, 45469, 45492, 45507, 45524,
       45527, 45607, 45613, 45639, 45673, 45678, 45699, 45707, 45804,
       45807, 45827, 45830, 45833, 45902, 45919, 45926, 45934, 45980,
       45999, 46085, 46100, 46144, 46259, 46273, 46284, 46394, 46450,
       46455, 46457, 46575, 46581, 46597, 46649, 46721, 46722, 46770,
       46894, 46959, 46974, 46995, 47007, 47024, 47179, 47206, 47282,
       47396, 47429, 47464, 47480, 47515, 47538, 47541, 47563, 47601,
       47712, 47789, 47918, 47938, 48026, 48084, 48090, 48183, 48270,
       48344, 48368, 48429, 48531, 48564, 48630, 48727, 48741, 48770,
       48778, 48815, 48843, 48889, 49000, 49011, 49055, 49172, 49192,
       49211, 49228, 49290, 49293, 49344, 49346, 49349, 49423, 49466,
       49481])]
