training accuracy when lambda=0.3
[0.6525454545358215, 0.7534747474651144, 0.7744040403895908, 0.7835555555459225, 0.7941414141365976, 0.802020202029835, 0.8059393939297609, 0.8109090909235405, 0.8183232323376819, 0.8211111111159276, 0.8235757575805741, 0.828404040408857, 0.8289494949398619, 0.8349494949543115, 0.834505050509867, 0.838464646469463, 0.8407474747474748, 0.8399393939297609, 0.8440202020346517, 0.842929292938926, 0.8472727272582776, 0.8457979798076128, 0.8503030302885807, 0.847959595969229, 0.847979797989431, 0.8517979797883467, 0.850383838388655, 0.84959595958151, 0.8500000000144496, 0.8510909090860925, 0.8504646464598299, 0.8504040403992239, 0.8507676767676767, 0.8501212121356617, 0.8486060605964275, 0.8485454545310049, 0.8502424242376077, 0.8475555555700052, 0.8474949495093991, 0.8461414141365976, 0.8447272727320893, 0.8467070707215203, 0.8459999999951835, 0.8453535353439022, 0.8435757575805741, 0.84440404041849, 0.8444242424194259, 0.8395757575661245, 0.8425656565704731, 0.8429696969745135]
test accuracy when lambda=0.3
[0.3826, 0.3891, 0.3924, 0.3905, 0.392, 0.3934, 0.3929, 0.3937, 0.3937, 0.3947, 0.3983, 0.3973, 0.3911, 0.3953, 0.3954, 0.3975, 0.3995, 0.3938, 0.3948, 0.3968, 0.3934, 0.3934, 0.3942, 0.3942, 0.3972, 0.3957, 0.3978, 0.3947, 0.3983, 0.3984, 0.3962, 0.3945, 0.3934, 0.3961, 0.395, 0.3907, 0.397, 0.3942, 0.3938, 0.3936, 0.391, 0.3936, 0.392, 0.3932, 0.3913, 0.3939, 0.3909, 0.3901, 0.3904, 0.3912]
training accuracy when lambda=0.4
[0.5653535353631685, 0.6503232323087828, 0.668424242429059, 0.6782828282780118, 0.6857373737421902, 0.6897171717123551, 0.6936767676671346, 0.6993333333237003, 0.7022828282972778, 0.7046868687013182, 0.7073535353390857, 0.7088888888937054, 0.7124040403895908, 0.714989898989899, 0.7162020201875706, 0.7181616161471666, 0.7206262626358957, 0.7204040404040404, 0.7212525252380756, 0.7237373737518233, 0.7237575757479426, 0.724686868672419, 0.7238383838528335, 0.724525252530069, 0.7248888888792558, 0.726040404030771, 0.7254545454449124, 0.7253535353390858, 0.7264040404040404, 0.7238383838432004, 0.7243636363564115, 0.7226666666762998, 0.7242020201972037, 0.7244040404136735, 0.7235555555459224, 0.7214141413996918, 0.7200202020153855, 0.7225252525397021, 0.7209494949591281, 0.7186666666570336, 0.7196969697114193, 0.722929292938926, 0.717010101010101, 0.7200202020057525, 0.7180202020153855, 0.718040404030771, 0.7179191919047423, 0.7149090909090909, 0.7149090909139074, 0.7131111111062945]
test accuracy when lambda=0.4
[0.3811, 0.3922, 0.391, 0.3935, 0.3987, 0.3965, 0.4008, 0.4006, 0.4001, 0.3986, 0.4004, 0.3981, 0.399, 0.3987, 0.4041, 0.4027, 0.3998, 0.4008, 0.4021, 0.3983, 0.4004, 0.4014, 0.3954, 0.3975, 0.3959, 0.3981, 0.3991, 0.3973, 0.3998, 0.398, 0.3957, 0.3991, 0.3966, 0.3983, 0.3917, 0.3935, 0.3973, 0.3933, 0.3941, 0.3939, 0.3924, 0.3909, 0.3916, 0.3924, 0.3881, 0.3928, 0.3898, 0.3901, 0.3914, 0.3892]
training accuracy when lambda=0.5
[0.12753535353625664, 0.13464646465007704, 0.13783838384199623, 0.13935353535714776, 0.13955555555645865, 0.14264646464827085, 0.14448484848725676, 0.14717171717412544, 0.14937373737614565, 0.15234343434524056, 0.15543434343795584, 0.15874747474928094, 0.16402020202381443, 0.16606060606060605, 0.17195959596200422, 0.17581818181938597, 0.183737373739782, 0.18814141414141414, 0.19571717171897793, 0.2013333333339354, 0.2121010101028163, 0.21826262626503454, 0.2282020202020202, 0.23771717171957998, 0.2462424242430263, 0.2541010101010101, 0.2632727272775438, 0.2744040404076528, 0.28115151515151515, 0.2890303030327113, 0.29903030302789474, 0.3057777777729612, 0.31339393939153115, 0.3192727272775438, 0.32523232323352735, 0.3330101010113051, 0.3412121212145295, 0.3458787878763796, 0.35050505050625463, 0.3566060606084689, 0.3638989899038064, 0.36505050504568853, 0.3732727272655025, 0.3774343434295269, 0.37969696970178624, 0.3869292929341095, 0.3914949494949495, 0.394161616168841, 0.3961616161567996, 0.4006262626262626]
test accuracy when lambda=0.5
[0.3878, 0.3943, 0.3963, 0.3873, 0.3975, 0.4031, 0.3944, 0.3982, 0.3989, 0.4033, 0.398, 0.4021, 0.4008, 0.408, 0.398, 0.3995, 0.4037, 0.4011, 0.4006, 0.3949, 0.4001, 0.3996, 0.4001, 0.4008, 0.3942, 0.396, 0.3915, 0.3941, 0.3949, 0.3897, 0.3887, 0.392, 0.3879, 0.3907, 0.3835, 0.3887, 0.3853, 0.3859, 0.3864, 0.3858, 0.3866, 0.3872, 0.3824, 0.386, 0.3854, 0.3906, 0.3875, 0.3884, 0.3838, 0.3832]
training accuracy when lambda=0.6
[0.12626262626322832, 0.13343434343795585, 0.13694949495130115, 0.1394545454569537, 0.1415151515169577, 0.1447878787878788, 0.14765656565837185, 0.15129292929533755, 0.15600000000120415, 0.15977777777898192, 0.16597979798160417, 0.17109090909211322, 0.1782626262638304, 0.18630303030664272, 0.19808080808080808, 0.2075353535377618, 0.22062626262626261, 0.23317171717412544, 0.24725252525252525, 0.26127272727633966, 0.2740202020226103, 0.2907070707070707, 0.30440404040885694, 0.31787878787878787, 0.33125252525252524, 0.3493535353583519, 0.35880808080326426, 0.3718989899013982, 0.38359595959836784, 0.39367676768399246, 0.4079393939345774, 0.4163232323256406, 0.4243232323160075, 0.43274747474265823, 0.4485454545454545, 0.451737373739782, 0.4609292929437425, 0.4650505050553216, 0.4757777777777778, 0.48028282828282826, 0.4878585858561776, 0.4938989898917651, 0.5012727272630942, 0.5020202020250185, 0.5111919192063688, 0.5185252525156194, 0.5200808080832163, 0.5246868686724191, 0.5308282828427324, 0.5370909091053587]
test accuracy when lambda=0.6
[0.3831, 0.3912, 0.3945, 0.4034, 0.4036, 0.4053, 0.4131, 0.412, 0.4072, 0.4123, 0.4076, 0.4113, 0.4103, 0.4063, 0.41, 0.4088, 0.4027, 0.3981, 0.3952, 0.3925, 0.397, 0.393, 0.3885, 0.3877, 0.3897, 0.3887, 0.3862, 0.3816, 0.3797, 0.3816, 0.3764, 0.3723, 0.3695, 0.3735, 0.3687, 0.3746, 0.3765, 0.377, 0.3778, 0.3699, 0.3715, 0.3685, 0.3703, 0.3701, 0.3721, 0.3721, 0.3665, 0.371, 0.3731, 0.3697]
training accuracy when lambda=0.7
[0.12393939394300635, 0.1322020202038264, 0.13678787879028706, 0.14149494949615363, 0.14387878788059408, 0.14812121212241625, 0.1522222222246305, 0.15882828282828282, 0.16505050505050506, 0.17420202020262227, 0.18503030303030302, 0.1985252525276608, 0.2128484848508931, 0.2274949494985619, 0.2469494949446784, 0.26492929293651774, 0.2886060606060606, 0.30569696969817384, 0.32713131313612964, 0.3503434343446385, 0.36579797979316325, 0.3827676767749016, 0.4047878787890829, 0.4225454545358215, 0.43945454545936197, 0.45080808081048906, 0.47074747474747475, 0.48258585860030817, 0.49464646464646467, 0.5023636363491868, 0.5197373737277406, 0.5323232323135992, 0.539737373730149, 0.5528888888912972, 0.5553131313083147, 0.570929292938926, 0.5743838383742053, 0.5815353535257205, 0.5891515151563317, 0.5928282828427325, 0.6027878788023284, 0.6088282828186498, 0.6133131312986817, 0.620363636378086, 0.6242020201947954, 0.6290101010245506, 0.6341818181866348, 0.6372323232371397, 0.6452323232178736, 0.6488484848340352]
test accuracy when lambda=0.7
[0.3858, 0.3996, 0.3992, 0.4062, 0.4047, 0.4119, 0.4149, 0.4136, 0.4127, 0.4119, 0.4114, 0.4064, 0.4073, 0.3958, 0.394, 0.3849, 0.3777, 0.3764, 0.3791, 0.3675, 0.3683, 0.3666, 0.3599, 0.3603, 0.3622, 0.3497, 0.3523, 0.3498, 0.3506, 0.3469, 0.3516, 0.3514, 0.3488, 0.3519, 0.3569, 0.3516, 0.3492, 0.3528, 0.35, 0.3507, 0.3473, 0.3422, 0.3497, 0.3536, 0.3512, 0.3507, 0.3486, 0.3453, 0.3462, 0.3454]
training accuracy when lambda=0.8
[0.1208888888925013, 0.13119191919553158, 0.13769696969817383, 0.14046464646524853, 0.1458989899007961, 0.15131313131553958, 0.15850505050745878, 0.16961616161977403, 0.17965656565897392, 0.19242424242665068, 0.21145454545514752, 0.23008080808141015, 0.25258585858104204, 0.27919191919673575, 0.3034343434271186, 0.32836363636363636, 0.35563636363395534, 0.3806868686796439, 0.4032525252453004, 0.43014141414141416, 0.4514343434343434, 0.4741212121356617, 0.4917373737301489, 0.5107878787782457, 0.5304848484992981, 0.5424242424097928, 0.5617373737373738, 0.5722222222125891, 0.5879797979942476, 0.600525252530069, 0.608505050509867, 0.6225454545358214, 0.6289090909235405, 0.6410505050601382, 0.651393939408389, 0.6537979798027963, 0.6649292929341095, 0.6715959596055927, 0.6798585858585858, 0.6884242424146093, 0.6961414141269645, 0.6982020202116532, 0.7010101009956514, 0.708040404040404, 0.71159595958151, 0.7195757575853906, 0.7261414141269645, 0.726484848489665, 0.7341010101010101, 0.7364444444492609]
test accuracy when lambda=0.8
[0.3717, 0.3895, 0.3857, 0.4072, 0.4092, 0.4214, 0.4191, 0.4114, 0.4149, 0.4023, 0.404, 0.3938, 0.3719, 0.3631, 0.3537, 0.3463, 0.3399, 0.3263, 0.325, 0.3229, 0.3158, 0.3106, 0.3101, 0.3069, 0.305, 0.3051, 0.3165, 0.313, 0.3113, 0.3094, 0.3106, 0.3058, 0.309, 0.3021, 0.3082, 0.3079, 0.3085, 0.3061, 0.3025, 0.3056, 0.3079, 0.3116, 0.3089, 0.3079, 0.3099, 0.3108, 0.3125, 0.3104, 0.3133, 0.3109]
