training accuracy when lambda=0.3
[0.6794747474747475, 0.7733939393987559, 0.7903434343434343, 0.8022424242376077, 0.8090909091053587, 0.8193333333285168, 0.8224848484752154, 0.8291111110966615, 0.8330303030351196, 0.8367272727320892, 0.8397575757527592, 0.8450101010052845, 0.8491313131409463, 0.8512121212073047, 0.8532121212073047, 0.8572323232371397, 0.8608888888937054, 0.8611515151466986, 0.8644848484944816, 0.866646464632015, 0.8699393939393939, 0.8708686868735034, 0.8719191919288249, 0.8725050505195001, 0.8736969696825201, 0.8755555555700052, 0.8740606060557895, 0.8775151515296011, 0.8777373737518234, 0.8781616161664327, 0.8783232323184158, 0.8771515151370656, 0.8795353535449866, 0.8798989898941734, 0.876666666652217, 0.8783838383838384, 0.8772323232178736, 0.8759797979749815, 0.8770909090909091, 0.8761818181770017, 0.8741414141365976, 0.8758585858634024, 0.8756969697017862, 0.8738585858585859, 0.8753333333381499, 0.8750101010197341, 0.8726060605916109, 0.8727676767628603, 0.8702828282780117, 0.8716363636315471]
test accuracy when lambda=0.3
[0.3952, 0.401, 0.4131, 0.4129, 0.4126, 0.4194, 0.4202, 0.4168, 0.4129, 0.4208, 0.4177, 0.4209, 0.4232, 0.4222, 0.421, 0.4214, 0.4261, 0.4216, 0.428, 0.4202, 0.423, 0.4237, 0.4251, 0.4214, 0.4257, 0.4233, 0.4251, 0.4222, 0.4197, 0.4257, 0.4207, 0.4204, 0.4232, 0.4204, 0.4223, 0.427, 0.4231, 0.422, 0.423, 0.4242, 0.4222, 0.4235, 0.4226, 0.4207, 0.4223, 0.4212, 0.4193, 0.4209, 0.4204, 0.4169]
training accuracy when lambda=0.4
[0.6152525252477087, 0.7088282828330994, 0.7264848484944816, 0.7352323232467728, 0.7413737373689209, 0.7492323232226902, 0.756020202010569, 0.7582828282924614, 0.7624242424242424, 0.7668686868831365, 0.7674141414045084, 0.7718181818085488, 0.7746666666666666, 0.7774545454641786, 0.7801212121212121, 0.7821616161471665, 0.7833939393939394, 0.7846464646512812, 0.7875353535257205, 0.787494949490133, 0.7869292929196599, 0.7895151515296012, 0.7889898989995321, 0.7906464646512812, 0.7908282828186498, 0.7897979798027963, 0.7898787878739714, 0.7908888888937055, 0.7908686868590538, 0.7884444444348113, 0.7897979797979798, 0.7871717171813503, 0.7873939393939394, 0.7857979797931632, 0.7859393939297609, 0.7852525252573418, 0.7829090908994578, 0.7816161616306112, 0.7813939393939394, 0.7802020202068367, 0.7813737373833705, 0.7798585858489527, 0.7767070707070707, 0.7754141414093249, 0.7770909091005421, 0.7753535353631684, 0.7718383838383839, 0.7742424242568738, 0.7730303030399361, 0.7732727272823603]
test accuracy when lambda=0.4
[0.4029, 0.4182, 0.4215, 0.4224, 0.4266, 0.4307, 0.4342, 0.4343, 0.4383, 0.4388, 0.4387, 0.4355, 0.4422, 0.4402, 0.4387, 0.4422, 0.4422, 0.446, 0.4394, 0.4427, 0.4441, 0.4465, 0.443, 0.4452, 0.4408, 0.444, 0.4423, 0.4414, 0.4431, 0.4435, 0.4451, 0.4438, 0.4453, 0.4429, 0.4442, 0.4465, 0.4457, 0.4392, 0.4462, 0.4369, 0.4471, 0.444, 0.4399, 0.4385, 0.4425, 0.4417, 0.4399, 0.4403, 0.4369, 0.4419]
training accuracy when lambda=0.5
[0.21781818181818183, 0.2429494949506991, 0.2511717171729213, 0.2564646464658506, 0.2615555555531473, 0.26618181818302233, 0.26971717171235515, 0.2738989898965816, 0.27571717171837584, 0.2805858585930834, 0.28248484848725675, 0.28812121211880387, 0.29292929293651776, 0.29672727272727273, 0.2984848484860526, 0.3051515151539234, 0.3086464646488729, 0.3164444444444444, 0.3205454545430463, 0.32721212121212123, 0.3316161616185699, 0.3359393939369857, 0.34381818181336526, 0.35111111111592763, 0.3562626262674428, 0.36511111111833594, 0.3698787878763796, 0.3749292929244764, 0.38400000000481654, 0.39090909090909093, 0.3959393939418022, 0.4023636363660446, 0.40785858586581064, 0.41288888889129716, 0.4175353535401701, 0.42464646464646466, 0.4289898989826742, 0.436424242429059, 0.43767676767676766, 0.4419797979725732, 0.448060606050973, 0.4546464646416481, 0.4536969696897449, 0.4577171717243965, 0.4628888888888889, 0.4643030302982138, 0.4706060606084689, 0.472525252520436, 0.47535353534631053, 0.4801414141365976]
test accuracy when lambda=0.5
[0.4075, 0.4259, 0.4364, 0.4488, 0.4457, 0.4519, 0.448, 0.4528, 0.4531, 0.459, 0.4611, 0.4565, 0.4589, 0.4569, 0.4598, 0.4654, 0.4655, 0.4613, 0.4676, 0.4574, 0.4602, 0.4602, 0.4632, 0.4584, 0.4626, 0.4549, 0.4548, 0.4589, 0.4556, 0.4591, 0.4514, 0.4519, 0.4533, 0.4509, 0.451, 0.4553, 0.449, 0.4487, 0.4518, 0.4537, 0.4495, 0.4503, 0.4518, 0.4475, 0.4435, 0.4503, 0.4457, 0.4471, 0.4425, 0.45]
training accuracy when lambda=0.6
[0.2193737373809622, 0.24901010101010101, 0.2608080808116932, 0.26684848484848483, 0.27343434343554757, 0.2792323232275067, 0.28470707070827483, 0.2901212121212121, 0.29608080808080806, 0.3013737373689208, 0.30624242424001596, 0.3139797979846145, 0.31753535353655765, 0.3258181818133653, 0.3336161616233864, 0.34181818182179424, 0.3490909090885008, 0.3601414141438224, 0.3692121212121212, 0.37818181818422647, 0.38872727272486446, 0.3982020201972037, 0.4072323232347315, 0.41987878788119615, 0.4278383838335673, 0.4405858585882669, 0.45010101010341835, 0.4589898990043486, 0.4673131313059065, 0.47610101009619354, 0.48717171716449237, 0.4945858585786338, 0.5017575757720254, 0.5094949494804999, 0.5184848484776237, 0.5230101010052844, 0.53103030302067, 0.5368484848484848, 0.5443636363636364, 0.5471717171717172, 0.5566666666714832, 0.5586868686916853, 0.5636565656589739, 0.5691515151418821, 0.5685252525276608, 0.5822020201923871, 0.5813131313179478, 0.5826868686916852, 0.5865050504906009, 0.5937373737421903]
test accuracy when lambda=0.6
[0.4278, 0.4433, 0.4593, 0.4647, 0.4735, 0.4875, 0.483, 0.4894, 0.4926, 0.4874, 0.4861, 0.4908, 0.4954, 0.4896, 0.4937, 0.4893, 0.4969, 0.4965, 0.4903, 0.4941, 0.493, 0.4892, 0.4839, 0.4892, 0.4791, 0.484, 0.4835, 0.4839, 0.478, 0.4777, 0.4826, 0.4782, 0.477, 0.4753, 0.4776, 0.4726, 0.4731, 0.4743, 0.4711, 0.4715, 0.4662, 0.4713, 0.468, 0.4742, 0.4714, 0.4715, 0.4706, 0.4699, 0.4647, 0.4661]
training accuracy when lambda=0.7
[0.2204646464658506, 0.25472727272847684, 0.26955555555736177, 0.28070707070225415, 0.2899191919216002, 0.2997171717147635, 0.3068888888937054, 0.3170101010173258, 0.32331313131072303, 0.33119191918710267, 0.33806060605338123, 0.34935353534631053, 0.35628282828042, 0.3684040404064487, 0.3802828282900531, 0.390242424240016, 0.40032323231841577, 0.41541414142136623, 0.4295151515079267, 0.44408080808321637, 0.4557575757479427, 0.4744040403944073, 0.48422222223667183, 0.49898989898749074, 0.5153131313275809, 0.5259393939297609, 0.5381010101010101, 0.5458585858634024, 0.5595959595983678, 0.5685252525252525, 0.5792323232250984, 0.5895555555700052, 0.5993535353487188, 0.6072727272727273, 0.6155757575902072, 0.623151515141882, 0.6281414141558638, 0.6373737373689209, 0.6412929292784797, 0.6463030303126633, 0.6568484848436683, 0.6590909090909091, 0.6655959595959596, 0.6722626262529932, 0.6732525252669749, 0.6810101010245506, 0.6831313131168635, 0.6874545454689951, 0.6925454545382297, 0.6956969696921531]
test accuracy when lambda=0.7
[0.438, 0.4604, 0.4923, 0.5013, 0.5099, 0.5282, 0.5254, 0.5357, 0.5375, 0.5322, 0.5339, 0.5356, 0.5282, 0.5357, 0.5346, 0.5326, 0.5247, 0.5254, 0.5232, 0.5184, 0.5189, 0.5136, 0.5117, 0.5091, 0.5006, 0.5033, 0.4951, 0.4921, 0.4916, 0.4977, 0.4934, 0.489, 0.4891, 0.4922, 0.485, 0.4977, 0.4823, 0.4855, 0.479, 0.4824, 0.4841, 0.4804, 0.4815, 0.4755, 0.4776, 0.4787, 0.4825, 0.483, 0.4767, 0.4751]
training accuracy when lambda=0.8
[0.21799999999759173, 0.26444444444926096, 0.283292929290521, 0.2965858585930834, 0.30903030302789475, 0.3203434343458426, 0.330545454540638, 0.3412929292881128, 0.34955555554833073, 0.36135353535473946, 0.3732121212048964, 0.38183838383597557, 0.3941212121236204, 0.40789898989658163, 0.42305050504328023, 0.4379595959547794, 0.4522020201972037, 0.46763636362673056, 0.484545454540638, 0.5053535353463106, 0.5223636363564116, 0.5351313131457628, 0.5521010101058267, 0.5665858585762256, 0.5803838383742053, 0.60056565656084, 0.6136565656517491, 0.6265454545358214, 0.6357575757720254, 0.6476969697017863, 0.6564242424097928, 0.6703838383886549, 0.6770909090957257, 0.6910505050649547, 0.6961010100961935, 0.704040404040404, 0.7127878787878787, 0.7170303030399361, 0.7247070707070707, 0.7290707070658905, 0.7366464646512811, 0.7447878787975118, 0.7496969696969698, 0.753575757561308, 0.761474747479564, 0.7626868686916852, 0.7665858585762255, 0.7688282828282829, 0.7736363636459967, 0.7768686868638703]
test accuracy when lambda=0.8
[0.4386, 0.4939, 0.5067, 0.5455, 0.5439, 0.5646, 0.5711, 0.5647, 0.5674, 0.5736, 0.5667, 0.5746, 0.5669, 0.5612, 0.5605, 0.5563, 0.5415, 0.5326, 0.5333, 0.529, 0.5199, 0.5139, 0.511, 0.5057, 0.502, 0.5054, 0.4956, 0.4957, 0.4988, 0.4896, 0.4885, 0.4892, 0.4906, 0.4897, 0.483, 0.4771, 0.4802, 0.479, 0.474, 0.4812, 0.4731, 0.4736, 0.4699, 0.4761, 0.4691, 0.4752, 0.4724, 0.4686, 0.477, 0.4739]
