training accuracy when lambda=0
[0.640525252520436, 0.7675959596055927, 0.7942222222174057, 0.8094949494997661, 0.8204040403895908, 0.8284040404136734, 0.8336161616306113, 0.8430505050360554, 0.8446868687013183, 0.849979797989431, 0.8542828282972779, 0.860545454531005, 0.8613737373641043, 0.864464646469463, 0.8668080808032643, 0.8719797979846146, 0.8742626262674428, 0.8745454545502711, 0.8793939393843063, 0.8817171717123552, 0.8802222222174056, 0.885595959591143, 0.8864444444299948, 0.8882626262481766, 0.8910303030399361, 0.8943030303174799, 0.8953939393891228, 0.893636363621914, 0.8979191919191919, 0.8985656565752896, 0.9002828282731952, 0.9047070707022542, 0.9018787878739714, 0.904545454531005, 0.9044848484703989, 0.908969696969697, 0.9072121212073047, 0.9098383838239342, 0.9110505050601381, 0.909494949490133, 0.9097575757720253, 0.913636363621914, 0.9130505050360554, 0.9157979797931632, 0.915515151500702, 0.9158989898845403, 0.9169494949350453, 0.9160606060654226, 0.915474747479564, 0.9178787878884209]
test accuracy when lambda=0
[0.3599, 0.3642, 0.3709, 0.3676, 0.3657, 0.3751, 0.3709, 0.3753, 0.3738, 0.3745, 0.3739, 0.3804, 0.381, 0.3791, 0.3732, 0.3715, 0.3772, 0.3765, 0.3763, 0.3784, 0.3742, 0.375, 0.3764, 0.3757, 0.372, 0.3711, 0.3752, 0.3773, 0.3754, 0.3742, 0.378, 0.3773, 0.3747, 0.3787, 0.3773, 0.3771, 0.3828, 0.3753, 0.3782, 0.379, 0.3765, 0.3786, 0.3778, 0.3781, 0.3803, 0.3794, 0.3785, 0.376, 0.3786, 0.375]
training accuracy when lambda=0.2
[0.645535353520904, 0.7642626262578097, 0.7905858585954917, 0.8032323232419563, 0.8103030303078469, 0.8199999999903669, 0.8234141414093249, 0.8287474747378417, 0.8330909090764594, 0.8384242424386921, 0.8402626262481766, 0.8442626262674428, 0.8502222222222222, 0.8517777777681447, 0.8533737373785539, 0.8588080808177139, 0.8624040404136735, 0.8602222222270388, 0.8676565656710152, 0.8647676767628603, 0.8679797979701649, 0.8708686868542372, 0.8722222222318553, 0.8747474747330252, 0.8767878788023284, 0.8787272727224562, 0.8811313131409462, 0.8821010100961936, 0.8825858585906752, 0.8845050505195001, 0.8872323232178736, 0.8882626262770759, 0.8899999999951834, 0.891373737378554, 0.8919595959644125, 0.8934141414141414, 0.8943838383886549, 0.8937373737421903, 0.8986060606205102, 0.8966262626214461, 0.8978383838335673, 0.8985050504906009, 0.8987878787830622, 0.9014545454497289, 0.9024646464501969, 0.9023232323328654, 0.9022222222270387, 0.9035555555411059, 0.905474747469931, 0.9050303030303031]
test accuracy when lambda=0.2
[0.3633, 0.3743, 0.3709, 0.3757, 0.3736, 0.3725, 0.3703, 0.3691, 0.3736, 0.3751, 0.3753, 0.3794, 0.3758, 0.3748, 0.378, 0.3829, 0.3705, 0.3768, 0.3742, 0.3787, 0.3723, 0.3738, 0.3758, 0.3782, 0.3813, 0.3743, 0.381, 0.3767, 0.3769, 0.3787, 0.3774, 0.3776, 0.3786, 0.3754, 0.3777, 0.38, 0.3769, 0.3744, 0.378, 0.3807, 0.3812, 0.378, 0.3787, 0.3765, 0.3796, 0.3751, 0.3742, 0.3753, 0.3771, 0.3764]
training accuracy when lambda=0.3
[0.6294747474747475, 0.7486262626262626, 0.7777979798124294, 0.7900808080663585, 0.8014343434343434, 0.8052121212169377, 0.81446464645983, 0.8171313131313132, 0.8232121212169378, 0.8290505050553216, 0.8299393939297609, 0.8329494949639445, 0.8370707070658905, 0.8379999999903669, 0.8447070706974377, 0.8458181818229984, 0.849474747489197, 0.8510505050649546, 0.8533535353487188, 0.8554747474602978, 0.8531919191871027, 0.8603838383693888, 0.8586262626310792, 0.8629494949398618, 0.8629090909139074, 0.8656969697017862, 0.8661010101154597, 0.8677979797931633, 0.8682020202068368, 0.870080808071175, 0.8699595959547795, 0.8722020202068368, 0.8739191919143754, 0.8732727272582776, 0.8762020202116533, 0.8746262626310791, 0.8743030302982138, 0.874444444458894, 0.8771313131313131, 0.877616161611345, 0.8770101010149175, 0.8782424242568738, 0.8781212121163956, 0.8782222222318553, 0.8782626262674428, 0.8792323232275067, 0.8792121212169377, 0.8788888888744393, 0.8810505050360554, 0.881111111101478]
test accuracy when lambda=0.3
[0.3663, 0.3664, 0.3771, 0.3815, 0.3725, 0.3814, 0.3798, 0.3842, 0.3839, 0.3866, 0.3792, 0.3825, 0.3805, 0.3815, 0.3785, 0.3842, 0.3808, 0.3798, 0.3807, 0.3808, 0.3805, 0.3794, 0.3797, 0.3806, 0.3819, 0.3826, 0.3818, 0.381, 0.3798, 0.3828, 0.3794, 0.3839, 0.3805, 0.3802, 0.3804, 0.3804, 0.3821, 0.381, 0.3807, 0.3793, 0.3804, 0.3814, 0.3788, 0.3787, 0.3755, 0.3785, 0.3839, 0.3807, 0.3799, 0.378]
training accuracy when lambda=0.4
[0.561555555550739, 0.6760404040355875, 0.69846464645983, 0.7086060606156936, 0.7210303030158535, 0.7265454545550876, 0.7307272727320893, 0.737414141418958, 0.7398383838287508, 0.7426666666618501, 0.7461818181866348, 0.7482626262722594, 0.7503232323087827, 0.75313131312168, 0.754626262621446, 0.7562828282780117, 0.7604242424194259, 0.7617777777874108, 0.7649898989754493, 0.7646868687013183, 0.7676565656613822, 0.7669494949494949, 0.7697777777633281, 0.7701414141558638, 0.7728080808080808, 0.7735555555459225, 0.773393939408389, 0.7733131313083148, 0.7734545454641786, 0.7742828282828282, 0.7760404040259544, 0.7768282828282829, 0.7775959595959596, 0.7763838383742053, 0.7773131313083148, 0.776949494949495, 0.7769292929196598, 0.778020202010569, 0.7781414141462307, 0.7774343434343435, 0.7766464646609142, 0.7780606060702391, 0.778040404030771, 0.7762020202116533, 0.7769696969600639, 0.776929292938926, 0.777090909090909, 0.7759595959499629, 0.7759191919143754, 0.7744040404040404]
test accuracy when lambda=0.4
[0.3611, 0.3776, 0.3768, 0.3813, 0.3808, 0.384, 0.3845, 0.3807, 0.3812, 0.3847, 0.3829, 0.3807, 0.3888, 0.3815, 0.3813, 0.3789, 0.3763, 0.3871, 0.3785, 0.3813, 0.3828, 0.3783, 0.3805, 0.3814, 0.3773, 0.3851, 0.3771, 0.3804, 0.3864, 0.3859, 0.3799, 0.3824, 0.3793, 0.3837, 0.3804, 0.3776, 0.3799, 0.3856, 0.3824, 0.3798, 0.3825, 0.3804, 0.3793, 0.3831, 0.3818, 0.3799, 0.3781, 0.3831, 0.3791, 0.3824]
training accuracy when lambda=0.5
[0.1265050505068567, 0.1313737373755436, 0.13400000000240828, 0.13521212121272327, 0.13602020202110512, 0.13638383838564458, 0.1385656565668607, 0.13911111111171318, 0.14179797980038808, 0.14088888889129716, 0.1421818181830223, 0.1433737373749415, 0.14420202020262227, 0.14715151515211722, 0.14830303030363237, 0.1493131313137334, 0.1515353535377618, 0.1517777777789819, 0.15367676767767077, 0.15553535353655767, 0.15783838384199625, 0.15917171717352338, 0.16046464646825886, 0.16133333333694574, 0.1657373737379758, 0.16701010101190722, 0.16925252525252527, 0.17234343434704674, 0.1762222222228243, 0.1776767676779718, 0.1815959595968627, 0.18430303030363238, 0.1857777777850026, 0.19103030302789475, 0.1921010101010101, 0.1965252525258546, 0.20040404041126522, 0.20252525252284426, 0.2076969696987759, 0.20975757575998402, 0.21373737373857787, 0.2171717171729213, 0.22133333333513955, 0.22282828282346628, 0.225191919199144, 0.23117171717292131, 0.23466666666907493, 0.23587878787938996, 0.2420606060581978, 0.2420808080880329]
test accuracy when lambda=0.5
[0.3559, 0.3666, 0.3739, 0.3868, 0.3916, 0.3775, 0.3817, 0.3862, 0.3866, 0.3882, 0.3813, 0.3869, 0.3886, 0.3871, 0.3815, 0.3898, 0.386, 0.3893, 0.387, 0.3887, 0.3886, 0.3898, 0.3917, 0.3868, 0.3846, 0.3849, 0.3809, 0.3832, 0.3832, 0.3831, 0.3842, 0.3824, 0.3814, 0.3846, 0.3817, 0.3798, 0.3818, 0.3803, 0.3805, 0.3815, 0.3829, 0.3807, 0.3747, 0.374, 0.3802, 0.3787, 0.3795, 0.3772, 0.3772, 0.3784]
training accuracy when lambda=0.6
[0.12187878788059409, 0.12941414141414143, 0.1330303030309051, 0.134888888889792, 0.1368282828306911, 0.1371111111120142, 0.1387676767688809, 0.140787878789685, 0.14248484848846088, 0.1444040404049435, 0.14690909091149917, 0.14884848484848484, 0.15040404040644867, 0.15428282828523654, 0.15585858586099413, 0.1591717171729213, 0.16167676768038008, 0.16363636363997605, 0.16886868687591167, 0.1736565656577698, 0.17559595959716373, 0.17935353536076015, 0.185878787879992, 0.18919191919432746, 0.19418181818242025, 0.19923232323593565, 0.20612121212482454, 0.20937373737554357, 0.21765656565656566, 0.22292929292929292, 0.2295353535377618, 0.23709090909211322, 0.24230303030784683, 0.24747474746993095, 0.25234343434704676, 0.2605050505050505, 0.26658585858826683, 0.2714545454617703, 0.2783434343482509, 0.28567676768158423, 0.2896161616161616, 0.29393939393939394, 0.3000404040416082, 0.3057777777813902, 0.3109292929341095, 0.3154141414141414, 0.32133333333453745, 0.3253737373809622, 0.3302626262698511, 0.33519191918710267]
test accuracy when lambda=0.6
[0.3694, 0.3749, 0.3839, 0.3831, 0.3874, 0.3864, 0.3912, 0.3927, 0.3849, 0.3912, 0.3922, 0.3902, 0.3933, 0.3891, 0.398, 0.3893, 0.3877, 0.393, 0.3912, 0.3948, 0.3898, 0.3855, 0.3917, 0.382, 0.3857, 0.3889, 0.382, 0.3831, 0.3807, 0.3821, 0.3836, 0.3789, 0.3765, 0.3759, 0.381, 0.375, 0.3756, 0.3728, 0.3713, 0.3749, 0.3711, 0.3728, 0.3712, 0.3717, 0.3697, 0.3671, 0.3692, 0.3669, 0.3674, 0.3666]
training accuracy when lambda=0.7
[0.12254545454605661, 0.12929292929533756, 0.1331313131337214, 0.13593939394300633, 0.13749494949555155, 0.1401616161628203, 0.14256565656746276, 0.144, 0.1475151515169577, 0.14890909091270332, 0.15339393939634766, 0.1567070707106831, 0.16058585858826685, 0.16523232323412942, 0.17070707070887692, 0.17446464646524854, 0.18204040404160818, 0.1879393939418022, 0.1960808080783998, 0.20325252525252524, 0.2104040404112652, 0.21963636363997605, 0.22907070707793187, 0.23850505050264223, 0.2476767676779718, 0.2577979798015922, 0.26632323232443644, 0.27636363636724876, 0.28365656566379044, 0.29359595959355134, 0.3017373737445985, 0.31195959595959594, 0.31682828282828285, 0.3230707070719112, 0.33212121211880385, 0.34420202020442847, 0.35327272727453346, 0.36123232322991494, 0.36711111110147804, 0.37016161616884097, 0.3845858585882668, 0.3854141414069166, 0.3926666666642584, 0.40183838383838383, 0.4051313131289049, 0.4123636363660446, 0.4188686868735034, 0.4217979798003881, 0.4250707070658905, 0.4308484848533014]
test accuracy when lambda=0.7
[0.3645, 0.3756, 0.3826, 0.3848, 0.3917, 0.3899, 0.3868, 0.3952, 0.4024, 0.4003, 0.4005, 0.3938, 0.4011, 0.4027, 0.3954, 0.3989, 0.3906, 0.3953, 0.3951, 0.3948, 0.3928, 0.3854, 0.3864, 0.384, 0.3813, 0.379, 0.3777, 0.3772, 0.3702, 0.3701, 0.3706, 0.3741, 0.3703, 0.3637, 0.3612, 0.3611, 0.3648, 0.3582, 0.3576, 0.3574, 0.3577, 0.3557, 0.3554, 0.3554, 0.3551, 0.3576, 0.3555, 0.3535, 0.3512, 0.3499]
training accuracy when lambda=0.8
[0.11844444444625064, 0.1276969696969697, 0.13288888889069508, 0.13539393939484248, 0.13814141414201622, 0.1411111111111111, 0.14519191919432747, 0.1485858585930834, 0.15238383838383837, 0.15830303030363238, 0.1621818181854306, 0.17098989899351139, 0.18002020202140614, 0.1869898989935114, 0.19929292929533757, 0.20743434343554756, 0.22064646464646465, 0.23175757576118816, 0.24369696969215315, 0.25478787878908293, 0.26751515151274324, 0.28129292929774585, 0.2920404040355875, 0.3043434343458426, 0.31965656565656564, 0.32727272727513557, 0.3398383838359756, 0.35115151515151516, 0.3640606060581978, 0.3719393939418022, 0.38511111111592766, 0.39206060606421844, 0.4038585858489528, 0.4120606060630143, 0.4196161616113451, 0.42983838383597556, 0.4373939393939394, 0.4436161616089368, 0.45327272727031903, 0.4625252525252525, 0.46644444444444444, 0.4727676767676768, 0.48107070707311533, 0.488727272729681, 0.495414141428591, 0.49955555555555553, 0.5025656565801062, 0.5163030303030303, 0.5135151515127433, 0.5207878787782457]
test accuracy when lambda=0.8
[0.3546, 0.3723, 0.3925, 0.3982, 0.3959, 0.4006, 0.3976, 0.4033, 0.4077, 0.4043, 0.4038, 0.4097, 0.4056, 0.403, 0.3979, 0.3812, 0.3881, 0.3774, 0.3701, 0.3763, 0.378, 0.365, 0.3578, 0.3506, 0.3487, 0.3507, 0.3497, 0.3376, 0.3409, 0.3456, 0.3329, 0.3415, 0.3342, 0.3229, 0.3303, 0.319, 0.3255, 0.3256, 0.3269, 0.3169, 0.3187, 0.3203, 0.3168, 0.3168, 0.3204, 0.3121, 0.3143, 0.3177, 0.3128, 0.3042]
