[17569  6335  2130 46973 18066  2117 46977  6331 19570 46984 31540  4666
 14710 19578 37336 10049  6321 14691  2084 37308 37292 25291 19621 10119
 14671 19624  4676 17018 21319 10135 41755 37318 27257 43879 10040  9906
  6371 37531  6367  2222 37524 37521 37517  9929 41677 37489  2195  9951
  9955 46905 21600 37476 19550 37391 14740 19547 27248 41704 22350 19546
 25374 28643 37434 28649  9978 37458 43886 46859 31613 47108 31741  6217
 31753 41825 41829 27303 31759 37110 19694 10276 41841 31790 25194 10308
 37139 37079 14515  1894 25183 47296 47297 31813 28554 47302 41860 31814
 37040 17091 31820 43748 14521 25230 10250 41820 41769 47112 31644 19645
 28595 37228 47136 28587 14619 28586 41784 18050 10186 18046  1993 27291
  6239 19675 47220 41814 17064 31705 21164 14647 31699 37169 21587 14595
  1975 22058  1978 47202 47326  9885 14811 28773 31148  4552  6481 31151
 37974 46608 43996 37965  9587 37959 25553 25551  9590 25563  2453  2448
 22860 41538 18132 14972  2435  2434 22862 18131 46644 28748 37928 31180
  2425 37954  2487  6501 31135  2584  9404  2577 46478 44043 31072 31078
  2566 38136 46498 44042  2549 16855  4527 38098 46521 25609  9534 41499
 46573 41497  6508 27168 31181 25576 46554 41479 41476 28787 25579 25599
 38051 43921  9632  9647 31282  9772 31305 25475  9789 46775  9796  9803
 22633  2305  9808 31332 27201 31336 41618 31342 25454 22630 25452 28687
 21896  4608 46828 31381 31382 22882 22888 31386  2252 41660 46804 46746
 37738 41611 31216 25520 18126  9657 37864  6453  2409 37861 46670 46673
  9699 25513 46693 25507 31260 25495 23577 46742 46737 31279 14904  2357
 14909 31188  9732 31264 37773 37778 46711 46709  9711  9731 25156  6183
 37005 36150 32395 11059 43536 27461  5956  5954  1319 32403 42213 28325
 32411  1307 42220 43538  1303 14032 23625 20087 11108 36058 24707 42234
 11138 22094 43524 11145  5928  1264 11152 48032 42198 32393  5967 43565
 10959 10961  4891 36284  5995 42171 22952  1414 17912  1412 10970 42175
  1408 32346 10981 32353 28343 36197 11015  1367 14077 47949 14002 47945
 14082 36212 14084 32360 47932 36231 20034 10957 48074 42239 13920 32591
  5882 42267 17275 43463 11300  1165 22549 11315 17281 48169 35822  5865
 32579 22103 20193 13897 11325 17845 35805 32630 27555 20206 24557 48205
 17296 35790 35785 28241 48183 28284 24601 48142 11167 36016 20112 11177
 24683 17883  1235 21880  5910  1229 27494 48099 22297  1222 11203 35965
  1215 13953 20971 35920 35932  4960 35944 24695 27496 32500 48113 20139
 11210 24645 24648 48120 10955 43569 10950 47498 27349 31971 23425 19829
 31989 41955 21568 10558 43693  6133 32006  1715  6129 28490 41961 25032
 10576 14369 10592 19856 28472 25006 14353  1684 41973 36688 14349 19867
 36683 25036 22929 31948  1764 37002 10381  1852  6181 28529  1843 10392
 21576  1834 36977 19753 47377 31870 47394 10422 47400 14460 36837 31933
 41895 10484 31925 10478 41994  1779  6160  6162 10454 36926  4760 31899
 25089  6104 36671 22613 27421 17941 36431 14196 32200  1516 19946 47800
 36396 10856 47814 47818 24873 47830 47836 10876 32250  6003 32303 32300
 10924 47877 42150 42108 28389 17188 10906  6016 32279 47853 10881 32296
 46471 32179 47746 21109 47601  4811 14333 10643 17975  1651  1648 43653
 17968 10678 17967 24961  6064  1615 47664 32122 14212 14224 32154 43616
 47716 21822 14205 19919 32139 10735 23224 14264  6053 42058 42069  6555
 15081 31055 45176  3589 18673  3585 39886 26433 26882 39879 21067 18355
 16008 40856 45203 45205 29201 40864 29847  7899 15990 45214 15988 45221
  7919  4181 15962 18718  4185 16539 39765 15949 39865 44444 39894 23346
 16498  3673 40008  7771 29227 39992 44469 40825 16523 26489 18647 16063
 16062 45107 39967 40833  4149  7047  4159 22451 40841 16035 44450 39757
 29784 18664 26457 16042 39938 26471 39946 18666 26525 39755 16540 18774
 39592  4224 18323 16576 30028  8135  3414 15833 30032  4232 30035 39549
 44378 18773 26303 39537 44373 30060 39526 29140  4242 26274 30083 21063
 26265 45488 30091  8224 30101 26298 39621 15860  8096  8000 16542  8007
 18731 26914  4195 15921 40901  8030 26358  7001  3481  3479  3478  6995
 16551 26354 40947 39634 40937 29984 15877  3448 39752  8066 45343 15899
  8051 29161 15906  6986 44392  7079 45065 18616  4056 29473  3932  3931
  7374 18428 16299 22479 22481 44748  7397 40672 29493  7404  7193 40390
 18504 40360 40675 40351 16271  7446  7178 29540  7460  3878 29573 18525
 40294 44820 21217 26780 40427  7365 44642 16379  4006 44649  7262  7263
 44655 26746 18443  3996 26745 18460  7229 44670 29416 16401 16402 29466
 23359 44596  3952 40473 16331 44822 44707 16345 44702 18438 44697  4040
 26731  7222 26794 21731 40285 29672 44947  4114 40141  7118  7649  3749
 40140 21071 44968 29696 40101  7114 40090  7109 45001 40074 26532 18611
 45043 18605 18390 29736 44499 40058 40803  3705 45017 18596  7721 18595
  7731 30103 21947 44502 18535 16220 26636 16440 40253 40243 29623  7562
 44529 22472  3808  7578  7586  7594  7595  7599 22482  7633 40151 29657
  3772 29652  7131 44943 44523 44524  3789  3792 44902 29641 26813 44907
 42308 15782 29128 44158  8974 28937  6727 38689 25861 41235  2853  6711
 38671 22013 41251 38662  6700 30698  6699 38608 30762 38582 41263 15290
 38573 19152 30772 38544 38540 15269 46216 16764  9110 38610  2872  6734
 38710 44209 38825 19074 27054 25915 46063 16721  2934 46071 18215 15397
 46082 44182 30628 38772 25897 27057 41228 15357 28944 19114  2884 46125
  9123  8933 27066 38749 46109 25890 25893 38756 38735 30587 28892  2780
 46378 38310 22513 38299  9289  9295  9306 25725 46407  9308 41394 19257
 27151 38261  6605  9331 16822  2632  2630 31019 46423 44059 21783 15097
  9380 46432  2607 46445 31051 38183 19264 19232 15159 38318 38499  2775
  2774 41288  6675 21184 46260 28877 30868  6641 30879 46275  2749  9174
 15207 25803 38430 38335 16809 16808 30939 15173  9240 19165 38362  4470
 38383 25776 15185  9209 25799 38378 44210  2957  8833 39278  8414  3225
  3220 45686 18888 39254 45698 29060 39247  8450  8460 45721 45722 45660
 39218 26134 44293 18911  8486 26129  8493 15646 16645 30294 26122 44290
 30308 39148  3152 26143 26191  6891 26216 26246 22689 23338 15765 45533
  8267 39425 41012 30136 45552 23506  8280 30140  8290  3315 45569 41016
 30197  8354 41034  8346 18848 45610 15606 39359 39372 30169 26971  3299
  8309 26236 30173  8541 30339 30340 25969 27031 30510  3029 45961 16690
 15482 22003  3019 25953 38917 45980 45983 15475 21190  3002 38910  8819
 25931 38870 19052 30559  4375 23497  2969 25937 46017 15465  8778 19036
 15473  8810 44361 15499 25979  8559 29035  8571 18945 29033  8587  8598
 45857 21057  8607 41110 18962  3108 30409 45881 29009 30430 27023 15514
 30468 45934 23318 30446 41130 44249 29005 18992  8654 44255  4338 45906
 15539 21524  4021 32828 42771 12023 34971 34422 43101 20512 33144 12009
 33142 11735 34388 20308 43300 33485 12473 22587 11573 13511 24360 20505
 49161 43235 34379 24214 27961 13769 24456 34444  5708 11732 21477   361
 12389 13465 33435 12399   599 11709 34478 42462 12047 23631 33192 33446
 33185 11727 12043 33180 33171 21376 27758 49129 27763 48420 12430 12432
 23636 48417 34961 34491 17366 11564 42799 17753   258 32786 12555 42393
 20757 23913 35515 27942 33561 34242 49214 22583 34234  5700 23906 27686
 35529 21442 13143 11959 35028 35230 49247 48754 34193 35006 33130   517
 23197 48382  5476 28177 20496  5475 34356  5269 23937   972 33521 42790
 12516 11549 34320 27784 48364 35491 12522 48363 34304 48360   653 12528
 34301 27687 33533 35251 11981 42831 32918 20946  5170 20950 12124 20625
   547  5546 17457 43186 20349 24144   462 33220 24409 11691   558 12255
 48470 34652 34863 48515 20553 42688  5214   450 34864 11375 48879 12217
 49002 43329 23444 34811 42452 28030 13418 23020 35376 12144   891 12157
 42626 33259 33260 12141 33267 48934 32865 34751 20604  5074 48500 17350
  5174   497 20340   880 32840 34726 43194   594 49003 35319   393 22225
 13461 48864 12349  5719 12353 12074 21513 13284  5500 20538 12361 34532
 33423 34520   375   372 20536 21474 13269 32823   590 34498  5602 11585
 24376 42500 48878 12087 12089 32835 13350 35318 32906 13342 13340   566
 17669 33354 27737 12310 24424 12311 12312 48876 27708 20661   413  5601
 24020 24390 35420 13303 32831 11700  5165   927 13751 20281 48920   216
 24333 13016 35105 43391  5384 23660 48271 23795 49405 33963 24283 13564
 33960 33957 24290  5662 48262 13000  1068  5663 33010 27870 48641 17582
 17801 33721 27883 20277 35593   133 11471 27815 43388 42551 34025 48614
 43020 17799 24270 49368 35090 32747   800 20964 23834   722 43280 43010
   107 34009  1048 43005 42350 23772 32704 24326 27581 33034 17575 11387
 12879 12960 12954 33799 24318 32675 49485 12941 33818  5686 27567 12906
 33841 32665 33820 12929 20414 22176  5353 20929   775 42317 21840 49356
 12846 11839 48684   737   741  5375 27845 28217 17810 12822 33938   746
 48676 42342   752 23747 42517 23668 49424 42946 33761 12837 11837 32686
 23739 28219 33918 11840 24260 20835 42566 20271 21436 42373 35038 17726
 13081 33090 49322 35042 17409 35210 11795  5645 17795 43052 13078 35572
 33646 27909 11922 27908 35207  5416  5038 24488  1032 20791 32779 20780
 49258   210 35030 42843 49265  5433   677 33611 12641 33612 28113 48743
 48742   684   196 33615 21438 12658 24349 48597 34114 12672 17539 34100
 13054  1027  5693 12720 33678 49352 22193 13065 13059 35063 34053 19634
  2609 47095 18106 31630  2611 10152  9387  9844 42617  9351 20421 25383
  6568 37362 13432 19438 37430 25385 41651 35035  9415 22644  9409 42582
 41619 20561 38181 47077 38187 35013 38191 47088 46442  9779 38244 24312
  2308 37680 15143 25726 37894 21644 41697   766 10175 19390  9977 47135
 25732 10179  2196 19461 42583  6588 33246  4574 18105 48671  9334 21810
  9795 48898 25470  2642  2643 31638 19473 27277 37838 28032 28695 25449
 42555 38235 19537  4570  9766 24162  2504 25403 42547 24215 27190  2204
  9527 35093 24157 46549 48702 43234 25589 25479  5158 28039 41582 10064
 37354   646 24278  6357  9546 37984 12065 12071 46943  4547  9940 21031
 37373 25391 37769 37764 43872 10052 38069 46757 34873 42594  6535  2395
 34955 38114  9456 15047 47054 23583 18099 28076 31603 34956   755 33113
 34917 28642 15059 19404 15045 48681 13508  9703 10007 16859  4660 38095
  4664 24241 25426 37502 31482 31557 41464  2167 28618 48877  4524 33077
  2343 35754  4480 16524 12693 40840 23869 18671  7044 12677 44442 18686
  7871 33629 39864 13111 39814 26411 39935 27920 39937 39961 16084 40030
 18387 23853 42902 21235 45072  7763 40012 22194 26493  7786 45112 20807
 39962 18367 39809  3526 15967 15854 45381 23912  8145  6949 45426  4237
 33536 39529 45455 15809  3384 18807 44367  4253 42823  8088 20765 49219
 26900 15957 45270 34165 49262 18345 27798  5400 45323 27796 23152 29937
 39683 21974 39640 34233  5288 18832 29734 26564 40414 40395 42986  3900
 16418 12991  7459 22723 40315 40313 16237 44812 12824 22579  3858  7389
 44543 29483 18432 12921 16378 29386 23676 40559 22480 16369 40533 40526
 16349 12957 29353 40642 33869 33891 12853 29590 40263 29591 26581   113
 20825 26817 33698 33694  3730 23524  4124 40756  3724 23837 16102 16101
 16477 33704 17546 26591 44916 42995 40707 40255  3829 21725 29612 13001
  7719 40722 40195 29299 44891 44896 49391 12780 18569  7579 39420 15751
 45563 12267  6741   443 46127 42704 15355 34640   453 46152  8976 16742
 18200  6713 30716 38674 30665 17674 41211 13348  6779 24017  5230   410
 19057 13314 49037 16711 41188 30612 49022 34612 28956  8901 44173  8913
 27079  9027 38642 46273 13398 19176 34747 12187 38417 34767 43204 46305
 28011 41342 15178 30925 25762  9260 41310 16783 21467 25814  9036 38636
 12243 21045  4431 27081 18191 16705 25830 38530   479 27091 28003 24096
 21143 38490  9089   400 15472  5512  8402   313 18886 45685  4293  3210
 44317 41056  8451 44306  3195 41066 23974   337  8501 16630 21255 39327
 39332  3318 39405  4266 44341 44339 33488 21988 30300 15738  4275  3289
 21061 20719  5481 15717 18283 44336 44067  3165 42759 49075  8674 15528
  3053  8703 38940  3036 38930  3032 27035 49058  3021 44236  3009 45994
 38991 18991 18987 33432 39172 22787 27756 39129 23975 30366  8585  5252
 44275 16664 41112 39036 30416 26049 39013 16675]
[24749 25098 39000 38998 25123 13523 46981  5981 38907 19658  5993 38897
 25068 38887  6015  6024 13460 13454 13421 16611 16614 13417 38749 38748
 25349  6007 25065 25047 13574 24927  5802 13644 39267  5823 13631 24954
 39187 39183 13601 13599 39144 46895 25001 19727 19714 13577  5890  1543
 39111 39103 16558 39098  1534 25042  6094 13648 16619 25368 19504  1402
  6265  1397  1394 47142 25595 38345 19478  6305 25663  1405 25665 38273
 38257  1364 16697 19437 47186 25701 19433 13229 47196  6370 38280 38412
 38433 38450 47062 38688  1459 25378 38673 19577  1453 13388 25384 13384
 38607 25406 38576 19541  6174  6178 38549 13346 38538 25468  6210 38481
 38475 38461 13319  6099 24899  5785 16529 24273 24278 16396 13957 40011
 40010 24319 24323  1729 13941 39975  5303 46625  5406 39897 24387 24406
 46636  5435 46639 16411 39867  5445 39827 39911 24254  5299 40088 46493
 46497 46499  5184 40270 46526 24100 16367 46532 14057 40229  1772 20042
 20034 14044 40187 46557 24151 24195 14010 40134 14003 24232 20011 40109
 13882  5476 39799 24464 39499 24730 46760 13736 39452 13729  5689 46796
 46799 39442 39429  5720 13702  1604 24833 24844 46820 19794 24851 13686
 16520 39374  5748 24867 13672 24722 25730 24688 13765 39786 13869 19910
 16441 19894 39704  1680 16445 39702 13843 39689 39680 46698 24525 24537
 39655 24559  5582 39625 39592 19872 39562 24655 13771 13769 39534 47213
 38197  6403  7190 36633 26753  7196 12648 36616 36579 36568 26791 12622
 36537 26748 36529 36509 47787 19068 12605  7272 19062 47808 36456 36428
 12589 36422 12619 36651 36656  1067 12749 36967 16874 19173  7031 47640
 12741  7059 36880 47669 19144  7083 47671 26651 36764 36761 19130 47694
 36730 36719  7149 36700  1075 12658 36673  7305 26888 19046  1009  7472
 36149 27145   953 36125  7493  7502  7504 36097 27183 36058 18953 36056
 12421 36043  7537 36029 27210 27220 12411  7560   925 27238 35986 35981
 36158  7018 27106 27085 36403 26937 26938 36384 36369 47876 26971 12542
 47891 47892 26991  7375   986  7382 27010 36263 47936 36245 36243 27026
 12510 19001 12496 27082 36202 36198 46489  7012  7002  6568 37851 37847
 25991 47331 37817  6599 37814  1272 37793 16762 37875 37756 19324 37734
 37726 16769  6640 13037 26057 37687 26097 19309 37677 26045 25937 13097
 25911 47218 44847 38124 13198 13194  1327 38098 47243  6440 25780 13177
 38038 25811 25828 19382  6488 37979 13145 13131 13124 37917 37916 13118
 37906 37897 37675  6669 19305 26121 37252 26385 19224 16832 16833 12850
 26407 12846  6904 26440 26450 16852  6937 12806 47573 37098  6953 37075
 12788 16866  6977 12779 26536 37030 37010 37296 37001  6832 47500 37604
 19303 26198 26203 37580 26211 16791  6736 12942 37493  6751 37482 12938
 37474 26247 12930 12923 12918 16806 37443  6787 26277  1203 37395 37381
 47505 40307 20058  1802 45339 20746 43515 43495 45354 43487 21855  3432
  3434  3444 43371 15345  3469  3486  2369 45395 20723 21963 21974 15249
 21985 43245 43233 43231 45391 15351 43601 21801 43864 43851 15431 43841
 15932 15428 43811 21696 15413 15412 45268 21724 43717  3328 20770 43668
 21776 45308  3346  3349  3351  2417 20760 21798  3364 43214 22015 45427
 43184 42967 20663  3683 22215 16038  3704 22244  3715 42895  2281 45535
 16046 20649 42852 22272 20644 22275 42829 42822 22297 42818 42811 22309
 42796 16060 42970  3241 42976 15136 22048 22066 45450 43161 20710 45461
 22081  3589 15177 43096  2330 20706 22109 43087  3621 22130 22144  3641
 43035 20683 16021 22181 22187 42994 42991  3664 22325 20802  3234 21004
 21238 44957 44958 44589 21252 44962 20984 44572 21262  2602 21222 21268
  2858 20966 15682 20957 21302 15851 44481 20939 15665 21323 21331 44981
 44631 21215 21005 44866 21049 44799 21097 44769 44882 21039 44759 21026
 15754 21018  2726 15811 44745 21140  2639 15730  2767  2633 44659  2772
 44653 44645  2783 21211 20933  2574 15652 44438  2520  3053  3065 44165
 45125 44135 15538 21517 44132 21519 21523  3137 45158 44056 21588 15911
 44045 44026  3169  2479 21631  3198 45197 20810 43910 15562 43878 21464
 44238 45034  2928  2564 44422 15635 44389 15867 44380 45044 15869 21361
 44372  2976 15607 44322 44317  2993 20901  2995 15594 44281 21434 44250
 20880 44243  2527 27251 42748 42740 20268  4643  1961 23500 41180 20254
  1956  1954 41171  1952 20250 41220 41125 23560  1936 23591  1929 46210
 14368  4771 40970 20191 23654 20190 14407 14461 41230  4618 23333 46055
 14535  4511 41399 23370  4538 23376 23379 20291 41333 23409 16241 46089
 41308  1984 23426  4578 41293  4584 23444 41265 41262 41253  4617 46241
 40903 40887 40882 20121 40543 23895 40531 16338 16339 46393 14174 20116
 23911 40489  5074 20102 23936 14141 20085 23973 23975 46443 23984 23997
 40391 46460 14112  5150 23888 41458 23883 40577 40844 20178 23713 20176
 40837 40812  4877  4882  1886 40795  4915  4925 40726 16320 14250 46309
 20142 23818 14229  4963  4967 23826 40610  5001 23869 16330 20620  4490
 46039 14919 22588 14911 45739 22608 42372 22615 45766  2159 42341 42314
  3981 20526 42295  2145 42245 42244 20519 16124 42242 42215  2132  4142
 42136 14874 14929 45719  3971 42714  2243 42711 42710 22349 42677 20592
 20590 42630  2223  3884 22439 45675 22472 22486 42504 42501 14952 14947
 42477 22552 20546 42460 14943 42445 45824 42105 42100 22835  4363  4365
 23093 16181 20406 20405 41699  2048 23135  2043  4412 41573 41560 23211
 46002 46003 46004 20364 20362 20359  4446 41522 23256 23282  4468 45949
 23324 41718 14667 42095 22841 42083 45842 41986 22920 22932 22937 41946
  4246 41935 16157 41899  4268 22993 14700 45900 41852 45902  4306  4309
 45914 23064 20410 45938 45943 35948 21074  7584 28924 48719 11457 18339
  8926  8928 11445  8962 18326 48737  8973 33566 33556 48746  8996 28986
 33516 48035 33508 28910 18290 17316 11478 28791 48657 33830  8791 11545
 11544 28823  8805  8807 28825  8817 33787 28840 28851 28887  8861  8865
 28893  8879  8894 33866 33483 29041 29221 11299 33173 33157  9225 29263
 29267  9234   392 18188 29277 18187 11268 33076 48874 48875  9281  9282
 29351 11303 33478 48843 33259 33448 11374 33422 11370  9097 17356 33371
 33357 18248  9127 29110  9133 11344 29125 33311  9146  9161 33288  9168
 29209 33000 11562 33874   669 11815 34532  8401 18582 34495 28342 34477
   654 17204 34473 34466 34463  8445 28407  8454 28432  8480 34384 34565
 34370 28312 34572 28179 18636 18631 34704 48413 17162 11866 48417 28252
  8319 34669 28264 34656 28270 34636 28278 28285  8370 17177 17178 33870
  8494 18519 28608 28620 28629  8649 18469 28652 34016 28696 28709 33968
  8708 33964 11602 33948 48629 33938 11594 33914 28750 34111  8495 34119
  8618 34365 34362 28483 34340  8524 28506 28512  8531 11719 48547 28522
 11714 34223 48552 11702 34209 34198 28579 34159 34126 32998 18154 29354
 30254 30269 10770  9984 17872 31573 49296 10700 30411 10674 10105 31411
 17589 17831 31407 31398    95 30488 17820 30253 10178 30234 31640 31857
 17929 30115 31817 17540 31798 49219   166 31766 17548 10825 17912 30189
 31671 31669  9948 31652 30225 49266 17561 10881 17811 31271    32 10482
 30771 30781 17732 31006 10474 30796 30803 30948 30818 30822 30834 30936
 30924 17692 49497 30898 10419 31017 31287 17742 10510 30555 30558    71
 10232 30601 31201    60    59 17786 10262 10552 49419 10543 30673 10301
 10310 30690 31056 10323 30752  9807 49164 31934  9440 32649  9461 29561
 48988  9481   308   307 11124 48994 48996   300 18080  9500 29626 32550
 32524 32513 29660 18092 11073   321 18099 18136  9308  9318  9323  9327
 17427   360 48899 17429 18124 32873 48914   350  9348 11209 32822 29454
 48941  9387 32787 11069 49026 29694  9680 29880   222 29912 29922 32081
 32080  9744 32015 31999 29997  9762 30013 31975  9774 30025   202 10901
  9797 10983  9668 29866 29860 32420 32397  9568   265 32356  9598 11037
 29746   258 17153 11035 32329 11031   253 11029   251 32300 29787 49097
 11010 18016 28129 29015 12125 35739 27633 12195 48184  7841 28091 11972
  8108 18679  8058 48254 28027 27537 12184 27751 11931 18754 35782 35500
 12319  7678 35311  7679 28112 17049 34824 34962 28122  8155 12200 48131
 48093  8047 34986 34952 27527 27488 18732 27720  7916 35459 34913 35061
 35687 35451  8103 12168 35357 27468 18727 48304 12297  7934 35064 12046
 35323   822 27739 12264 11948 12270  7727 48283 27467 18817 35325 28055
 34897 35470  7672 35385 27870 18750 34796 27946   772 35267 27794 35891
 27576  8022 35861  7640  8013 48058 27835 35873  7813 27300 27974 35017
 18839 12103  7790 12242 48082 48336 28120 12060 48211 48263 35285 34999
 18667 18751 35282 18669 11994 12240 27775 42253 32417 22669 22420 45804
 42270 45783  4138 12642 47797 49108 20477 42673  3846 35534 22388  3855
 20489 11078 29672  9539 17467 20588 42127 42134 36600 15009 29682 19099
 22398 22405 45656 22645 42298 42575 20562 42442 42558 22453 42057 49093
 12204  1040 45679 22477 26834 32301 29771 16099 17501  9620 42508 42496
 32282 22478 42587 12606  3988 12632   271 16117  4044 32378 29742 42346
 42351 32358 36560 42619 20583  4010  7821 22601 32276 42391  3996  7224
 42419 14999 49051 36528 45950 29623 19163 26588 41041 14395 23586 20237
 12735 41096 41104 14415 41139 29312  7066 14382 23531 12721 35290 23463
 46121 23458  4608 41254 32925 29386 12708 29387 47684 23413 11244 26681
 23615 40998 29187 23784  9180 40751 40759 23744 29208 23740 14295 40836
 23715  4852 33216 14377 48196 14331  4810 11284  4805  4794 27771 36942
 40958  7963 33110 40994 46221 14371 33192  9333  1091 29405  4398 41679
  9425 32703 23102 41713 36707  3818   318  2062 23080 29573  2069 32738
 23060 27726 18081 23012 41886 48999 22971 16156 35349 41940 49002 29610
 41956 32578 47711 23137 29502 29495  9342 14515 26697  4529 48915 23353
 14526 26698 41434 47692 41454 46054 23338 48921 36752 18109 23326  9363
 41479 41493 23305 32801 48939 46019 14589 36744 29462 32793 32791 14766
   232  3737 22336 30482 21486 45118 44155 30484 49354  7709 20874 31332
 31325  3047 31322 45095 44139 15894 31307  7705 27433 21430 44286 44289
 30553 10197 18896 36165 20910  7467 30578 30506 30451 21509 45136 31514
  3250 31497 49316 17585 43880 10699 21672  3223 43941 27455  3206 43943
 10673 43969 31429 10094 21619 31419 44009 10109 16950 21564 35734  3123
 44102 30446 20857 10650 21396 44341 31231 31229 44613 21002 21227  2787
 17731 10475 27311 49471 30785 30982  2765 30793 15734 44713  2741 30806
  7615 21035 35987  2712  2699 10428 44798  7599 35932 35933 44841 15785
 15793 21233 19013 10353 27333 15630 45041 31193  2939 44431   954  7666
 30626 30644  2898 45019 12438 18900 44498 35825    45 44528  7648 44983
 49432 21275 36066 18965 30709 30717 44574 12343 44575 17743 12347 15420
 15419 43804  7777 47841 49161  3660 10893  3654 17531  7308 43031 17532
 30047 22168 20684 31917 17932  9832 20704  2327   862  9845 10865 10864
 43138 49192 30107 36398   863 49206 27544 10902 22061  7304 42935  3810
 47800 15065 10981  3792  7279  9687 42774  3782 22315 29910 36457  7804
 20636 29951 20638 22268 32077 42858  2278 29961 35588 40718 42868 47813
 36426 42911 42916  7782 16935  7277 22057 17542 21837 43549 45332 31639
 49267  7376 36311 20753 43609 15361 12531 36293 30281   132 36292 12526
 45290 17866 21748 43727 45286 43729 45269 31530 31524  3280 43781  3276
 30340 36326 31804 31645 20742  3557 22018 31789   168 30148 36367  3499
 43303  2365 30173 31725 21940 10809 43363 26980 43376 20740  3458 15315
 45372 43439 31658 43446 45364 45360  3417 12541 31651  7751 43508 29147
 28128 18216  8661 34043 13645  8679 16808 24924 11633 39313  5776 36995
 39362 46844 24948  5742 37429  5736 28723 39388 39394   560  8731 17277
 24808 24782 19815 13720 33965 27975 39197 13609 34942 34200 48557 39029
 46955 39045 39049 19689 46941 25062 11685 28584 28022 19696 46919 34150
  8611  1542 28604 18483 39120 26242  1548 11980 28627  1557 39175  1614
  8567 13722 33919 48674 39683 18374 39701 16826 11539 17295 27940 12862
  5531 39751  5497 24533 17297 16829  6885 46666 39795 39805 33758 33746
 13885 39832 24447 19933 37193 39773  1663 19884 37310 39449 16817 16819
 46786 39462 16482 39463 39465 24763 24761 33901 39478  8756 19840 24737
 24700 37353  8775 48654 47507 33862  5615  5614 18377 48655  5595 12885
 48630 13909 19682 19293 25731 26020 38229 13051]
[   41   709   896   962  1443  1770  1819  1900  2321  2404  2548  2625
  2730  2795  2827  2895  2901  3042  3045  3144  3202  3540  3848  4016
  4233  4443  4464  4569  4719  4790  5113  5242  5765  6169  6258  6560
  7239  7330  7410  7534  7736  7850  8162  8379  8740  8839  8957  8964
  9113  9813  9892 10196 10373 10411 10852 11121 11122 11320 11355 11779
 11780 12073 12129 12254 12598 13468 13557 13573 13676 13706 13845 13887
 14031 14061 14267 14402 14703 15122 15233 15235 15253 15366 15446 15605
 15679 15832 15854 15878 15919 16686 17061 17473 17496 17691 17879 17901
 17936 17988 18236 18346 19066 19247 19254 19297 19922 19931 20078 20213
 20390 20643 21892 21975 22312 22328 22372 22386 22497 22771 23198 23288
 23308 23428 23667 23682 24063 24453 24800 24965 24966 25088 25201 25209
 25289 25627 25711 26228 26339 27045 27075 27580 27653 27705 27830 27894
 28021 28106 28117 28135 28370 28428 29727 29817 30011 30078 30311 30362
 30425 30489 30667 31103 31171 31240 31258 31422 31486 31622 31698 31727
 31740 31861 32283 32495 32620 32656 33206 33247 33468 33575 34019 34299
 34335 34440 34784 35152 35280 35528 35538 35669 35983 36250 36278 36344
 36366 36593 36908 37214 37398 37611 37638 37988 38196 38209 38620 38902
 38959 39017 39160 39307 39390 39553 39969 40224 40379 40515 40549 40991
 41014 41039 41044 41099 41552 41681 41775 41824 42103 42151 42156 42226
 42264 42390 42515 42611 42712 42839 43219 43259 43268 43283 43544 43718
 43742 44200 44576 44696 44825 45060 45126 45194 45220 45266 45394 45403
 45835 45863 45908 46000 46064 46103 46306 46358 46391 46525 46590 46710
 46834 46843 47006 47019 47036 47376 47378 47478 47751 47792 48132 48660
 48822]
[   21   155   180   254   352   417   441   597   623   716   728   739
   795   828   843   884   921  1084  1185  1244  1266  1432  1444  1470
  1486  1552  1617  1650  1702  1823  1855  1902  2000  2026  2169  2197
  2198  2312  2350  2445  2539  2863  2876  2906  2933  2954  2956  2973
  2980  3030  3038  3075  3184  3335  3348  3416  3426  3439  3460  3462
  3525  3533  3537  3556  3577  3823  3854  3916  3920  4032  4076  4145
  4151  4262  4359  4370  4381  4385  4465  4543  4559  4594  4645  4741
  4749  4761  4773  4800  4831  4870  4984  5029  5057  5084  5097  5099
  5266  5272  5273  5323  5328  5336  5339  5449  5491  5545  5775  5787
  5824  6029  6189  6316  6519  6580  6716  6719  6720  7095  7477  7506
  7681  7746  7830  7875  7915  7949  7953  7958  7996  8034  8036  8089
  8121  8260  8343  8514  8525  8596  8645  8666  8668  8681  8720  8736
  8868  8954  9019  9023  9096  9200  9250  9395  9407  9502  9504  9643
  9691  9696  9745 10573 10639 10780 10948 11196 11218 11296 11305 11346
 11391 11477 11565 11611 11617 11722 11854 11870 11899 11901 12029 12148
 12161 12163 12263 12377 12500 12519 12527 12615 12670 12718 12739 12948
 13105 13120 13135 13349 13430 13536 13606 13688 13852 13901 14035 14118
 14231 14279 14524 14628 14747 14821 14991 15090 15303 15305 15461 15559
 15780 15839 16039 16061 16131 16133 16140 16163 16236 16250 16268 16318
 16319 16398 16474 16475 16486 16640 16743 16801 17080 17159 17219 17343
 17369 17451 17504 17521 17552 17599 17649 17707 17770 17946 18023 18077
 18151 18158 18181 18350 18464 18492 18655 18691 18696 18707 18864 18906
 18926 18972 19096 19241 19427 19574 19779 19851 19874 20146 20150 20192
 20232 20274 20344 20355 20377 20425 20502 20645 20715 20895 20945 20953
 20967 21090 21415 21536 21539 21542 21551 21567 21637 21666 21691 21749
 21853 21970 22140 22177 22213 22520 22652 22699 22714 22777 22899 23127
 23180 23187 23335 23472 23475 23520 23534 23563 23767 23780 23806 24059
 24067 24101 24185 24365 24495 24499 24630 24635 24721 24839 25009 25046
 25049 25058 25067 25072 25195 25225 25233 25311 25571 25650 25738 25754
 25783 25787 25820 25934 26031 26110 26116 26163 26275 26431 26535 26537
 26643 26653 26689 26812 26929 26950 27018 27073 27090 27102 27154 27406
 27420 27479 27529 27615 27620 27645 27723 27750 27783 27799 27808 27829
 27866 28031 28097 28160 28170 28262 28384 28392 28660 28691 28704 28800
 28827 28952 28982 29074 29141 29169 29295 29421 29749 29811 29839 29843
 29911 29935 29952 30040 30045 30125 30367 30476 30637 30658 30663 30777
 30874 30916 31031 31049 31059 31363 31466 31478 31535 31643 31678 31728
 31730 31844 31955 32058 32146 32273 32298 32369 32423 32450 32482 32612
 32800 32842 32957 32966 32968 33064 33148 33175 33190 33212 33380 33388
 33480 33504 33532 33607 33889 33894 33920 33979 34064 34103 34178 34271
 34333 34369 34418 34435 34457 34465 34470 34542 34610 34660 34670 34828
 34852 34894 34907 34909 34953 35096 35146 35206 35438 35498 35586 35695
 35733 35824 35855 36015 36166 36219 36289 36321 36368 36614 36682 36762
 36801 36835 36846 36964 37007 37113 37281 37288 37341 37396 37487 37505
 37544 37628 37666 37929 38047 38270 38285 38453 38606 38701 38754 38782
 38792 38880 38911 38916 38942 39083 39096 39127 39155 39477 39679 39754
 39866 39944 40133 40152 40280 40367 40448 40530 40620 40638 40653 40749
 40816 40973 41022 41033 41111 41169 41402 41747 41764 41836 41880 41922
 41950 41999 42025 42219 42279 42336 42392 42411 42444 42451 42511 42526
 42585 42620 42706 42722 42725 42751 42832 42886 42930 42963 43023 43033
 43099 43342 43349 43500 43519 43617 43665 43713 43720 43734 43967 44000
 44046 44097 44136 44167 44239 44264 44304 44331 44360 44436 44540 44736
 44751 44774 44777 44893 44978 44995 45006 45007 45029 45057 45185 45311
 45373 45382 45401 45453 45476 45553 45615 45880 45904 45982 46009 46052
 46056 46057 46130 46313 46371 46530 46574 46728 46813 46824 46881 46946
 47082 47156 47166 47173 47194 47207 47307 47321 47474 47484 47527 47557
 47583 47633 47726 47815 47820 47886 48048 48053 48199 48380 48477 48827
 48973 49106 49107 49125 49136 49229 49245 49313 49348 49483]
[   10    42    58    85    86    97   128   231   238   290   346   359
   368   429   463   467   478   612   655   659   664   709   727   753
   818   819   827   836   919   920   922   940   955   968   979   985
  1006  1012  1043  1053  1095  1117  1120  1131  1193  1254  1255  1262
  1297  1331  1336  1357  1380  1418  1419  1480  1509  1520  1556  1578
  1592  1598  1606  1627  1662  1699  1711  1728  1734  1770  1811  1818
  1819  1825  1836  1897  1901  1905  1921  1931  1938  2032  2105  2108
  2111  2115  2139  2142  2166  2172  2178  2231  2253  2257  2276  2344
  2394  2461  2474  2495  2518  2532  2548  2579  2590  2599  2684  2688
  2696  2736  2748  2758  2763  2784  2802  2813  2825  2891  2895  2913
  2940  2945  2953  2989  3024  3042  3132  3134  3146  3150  3161  3192
  3202  3226  3262  3264  3279  3325  3348  3358  3383  3410  3439  3441
  3470  3482  3487  3501  3544  3591  3605  3628  3642  3644  3650  3678
  3717  3719  3720  3767  3784  3795  3799  3857  3905  3917  3933  3974
  4041  4049  4058  4064  4072  4117  4136  4146  4155  4156  4168  4187
  4218  4233  4239  4252  4256  4262  4280  4288  4296  4339  4384  4389
  4464  4504  4536  4553  4640  4647  4656  4663  4685  4706  4716  4748
  4761  4762  4781  4782  4824  4855  4912  4948  4981  5030  5060  5110
  5114  5126  5166  5177  5200  5229  5242  5244  5287  5289  5292  5311
  5376  5417  5419  5464  5490  5527  5576  5579  5584  5592  5619  5666
  5685  5691  5728  5732  5755  5767  5786  5830  5860  5936  5946  5952
  5963  5997  6018  6044  6087  6097  6109  6114  6135  6145  6154  6171
  6252  6256  6260  6278  6334  6345  6354  6404  6412  6414  6424  6437
  6438  6441  6448  6473  6492  6521  6531  6642  6710  6764  6790  6794
  6814  6869  6880  6922  6927  6944  6945  6961  6970  7009  7020  7024
  7032  7070  7076  7090  7098  7100  7129  7132  7139  7204  7228  7231
  7233  7236  7265  7300  7328  7339  7342  7358  7383  7457  7463  7517
  7564  7565  7566  7582  7664  7706  7741  7750  7752  7806  7837  7839
  7877  7896  7964  8028  8040  8105  8171  8185  8188  8191  8207  8215
  8236  8257  8330  8342  8372  8379  8406  8412  8470  8519  8547  8574
  8641  8645  8672  8705  8740  8811  8818  8851  8886  8900  8906  8916
  9000  9031  9038  9060  9086  9125  9148  9177  9207  9235  9302  9304
  9307  9310  9311  9325  9329  9346  9418  9432  9436  9495  9505  9519
  9544  9549  9577  9601  9663  9677  9689  9698  9729  9765  9813  9814
  9850  9877  9892  9912  9928  9959  9996 10026 10065 10087 10091 10128
 10142 10147 10255 10281 10296 10307 10340 10372 10423 10425 10440 10457
 10461 10467 10545 10560 10587 10602 10603 10614 10621 10627 10644 10667
 10669 10740 10763 10767 10779 10818 10835 10837 10892 10904 10916 10934
 10949 10965 10966 10993 10994 11000 11095 11099 11142 11200 11219 11235
 11236 11243 11322 11343 11383 11410 11441 11520 11525 11540 11565 11604
 11612 11627 11657 11683 11717 11755 11816 11830 11891 11927 11940 11969
 12000 12002 12031 12034 12097 12106 12205 12208 12258 12336 12364 12368
 12385 12391 12401 12420 12444 12450 12454 12462 12468 12489 12524 12551
 12559 12584 12604 12608 12614 12629 12638 12639 12643 12681 12682 12683
 12684 12732 12744 12773 12866 12875 12907 12932 12953 12961 12999 13006
 13099 13110 13127 13162 13175 13193 13199 13236 13278 13286 13328 13336
 13362 13368 13416 13419 13425 13587 13627 13647 13696 13715 13752 13779
 13803 13819 13831 13845 13847 13862 13870 13947 13962 14005 14031 14048
 14049 14055 14114 14127 14134 14142 14168 14177 14274 14305 14339 14360
 14362 14373 14391 14426 14444 14475 14476 14480 14612 14651 14722 14732
 14759 14780 14834 14837 14872 14873 14899 14962 14967 14969 15025 15033
 15035 15056 15064 15107 15112 15115 15123 15132 15140 15197 15209 15231
 15233 15254 15337 15353 15365 15374 15388 15393 15414 15440 15474 15478
 15483 15507 15518 15535 15546 15574 15581 15583 15616 15632 15638 15640
 15715 15772 15776 15819 15825 15840 15850 15870 15874 15878 15883 15900
 15903 15922 15951 15954 15975 16028 16090 16103 16123 16126 16160 16177
 16205 16216 16283 16291 16312 16334 16398 16419 16450 16465 16471 16501
 16521 16548 16549 16595 16677 16696 16701 16702 16709 16732 16860 16869
 16882 16933 17032 17172 17234 17243 17280 17314 17340 17373 17393 17415
 17435 17438 17462 17474 17489 17508 17523 17615 17629 17680 17681 17688
 17706 17773 17870 17879 17956 17966 17981 17997 18011 18047 18076 18085
 18097 18123 18153 18156 18183 18196 18217 18300 18337 18338 18349 18388
 18392 18415 18435 18442 18456 18461 18479 18481 18493 18548 18562 18574
 18614 18645 18700 18705 18713 18729 18737 18755 18771 18788 18804 18864
 18870 18912 18933 18949 18956 18999 19167 19178 19179 19189 19197 19202
 19219 19280 19310 19313 19329 19339 19366 19402 19431 19460 19492 19506
 19507 19517 19549 19598 19672 19701 19704 19713 19759 19832 19842 19853
 19866 19869 19913 19917 19922 19930 19949 19968 20006 20106 20111 20130
 20151 20175 20231 20245 20260 20325 20373 20395 20450 20469 20481 20483
 20491 20534 20544 20587 20591 20612 20619 20642 20711 20715 20758 20805
 20809 20814 20903 20905 20979 20997 21051 21055 21085 21091 21096 21107
 21128 21147 21151 21170 21186 21207 21230 21246 21264 21295 21370 21373
 21406 21422 21439 21461 21581 21590 21593 21622 21647 21678 21687 21706
 21714 21715 21722 21730 21735 21742 21743 21803 21805 21839 21852 21898
 21915 21949 21972 21982 22001 22011 22039 22059 22070 22099 22105 22138
 22147 22221 22224 22250 22276 22312 22339 22353 22372 22385 22386 22433
 22462 22490 22497 22509 22517 22529 22584 22686 22739 22744 22750 22755
 22771 22796 22800 22842 22859 22904 22914 22948 22959 22989 23016 23089
 23090 23118 23145 23147 23148 23150 23172 23192 23193 23246 23252 23254
 23310 23336 23381 23382 23389 23421 23432 23517 23521 23595 23621 23637
 23651 23675 23682 23688 23695 23707 23760 23777 23794 23810 23825 23843
 23862 23908 23910 23994 24031 24039 24054 24080 24098 24140 24166 24169
 24194 24199 24200 24224 24239 24255 24261 24302 24331 24342 24392 24400
 24431 24437 24438 24507 24542 24545 24564 24599 24610 24616 24638 24662
 24663 24675 24679 24685 24724 24757 24786 24796 24817 24848 24964 25109
 25113 25128 25133 25159 25161 25167 25175 25188 25197 25198 25234 25240
 25258 25288 25315 25395 25424 25432 25533 25565 25577 25580 25581 25590
 25615 25627 25648 25667 25687 25691 25697 25704 25718 25754 25802 25812
 25821 25852 25869 25898 25965 25968 26172 26179 26184 26187 26197 26228
 26253 26306 26313 26317 26319 26380 26395 26402 26434 26485 26507 26527
 26561 26582 26607 26609 26614 26630 26634 26682 26685 26703 26749 26763
 26796 26809 26833 26845 26852 26859 26861 26899 26906 26908 26912 26924
 26935 26979 27000 27050 27055 27068 27088 27113 27132 27171 27221 27233
 27235 27301 27334 27388 27456 27460 27480 27490 27500 27516 27536 27580
 27617 27645 27761 27869 27876 27894 27898 27906 27914 27930 27932 27947
 27954 27976 28020 28021 28051 28062 28067 28117 28142 28150 28236 28281
 28294 28304 28320 28326 28364 28370 28372 28388 28400 28419 28488 28495
 28510 28521 28531 28558 28601 28602 28625 28694 28713 28719 28761 28772
 28785 28816 28829 28846 28853 28878 28880 28898 28901 28936 28953 28966
 29013 29067 29069 29077 29097 29135 29237 29294 29336 29339 29468 29469
 29481 29552 29572 29593 29595 29609 29647 29691 29706 29724 29738 29748
 29751 29759 29801 29817 29827 29834 29836 29916 29947 30011 30014 30056
 30057 30078 30118 30124 30166 30198 30292 30301 30337 30343 30362 30376
 30380 30450 30489 30531 30568 30583 30584 30599 30604 30614 30616 30656
 30678 30741 30855 30864 30886 30951 30976 30999 31058 31138 31192 31205
 31206 31226 31240 31241 31258 31267 31273 31276 31277 31330 31337 31394
 31403 31405 31420 31433 31439 31440 31456 31460 31462 31513 31533 31535
 31536 31545 31622 31672 31676 31700 31707 31712 31727 31761 31777 31778
 31799 31801 31834 31863 31867 31869 31890 31949 31983 32009 32022 32025
 32052 32070 32091 32176 32197 32201 32203 32230 32248 32264 32270 32287
 32311 32313 32316 32319 32334 32336 32337 32350 32369 32373 32396 32400
 32418 32433 32472 32474 32495 32506 32516 32544 32566 32587 32612 32636
 32644 32672 32695 32698 32713 32723 32729 32765 32769 32790 32846 32878
 32893 32896 32908 32920 32939 32961 32971 33028 33032 33038 33044 33105
 33139 33145 33161 33164 33194 33205 33227 33257 33370 33393 33441 33518
 33553 33589 33607 33710 33712 33719 33728 33735 33744 33795 33835 33849
 33855 33861 33897 33915 33930 33934 33974 34008 34028 34032 34050 34072
 34076 34129 34169 34172 34175 34207 34217 34266 34283 34319 34401 34428
 34440 34441 34450 34457 34505 34561 34588 34619 34683 34740 34775 34784
 34808 34810 34826 34890 34901 34937 34997 35057 35114 35119 35125 35147
 35152 35153 35181 35231 35361 35400 35404 35453 35457 35467 35490 35533
 35543 35601 35613 35622 35625 35652 35674 35691 35823 35831 35845 35878
 35887 35896 35898 35937 35960 35969 35998 36000 36008 36011 36036 36055
 36072 36079 36094 36106 36132 36169 36176 36188 36224 36233 36240 36277
 36304 36317 36332 36342 36353 36364 36370 36381 36408 36409 36416 36429
 36436 36470 36497 36531 36535 36637 36641 36653 36658 36668 36722 36724
 36725 36742 36746 36760 36762 36767 36792 36811 36817 36850 36879 36884
 36888 36915 36941 36987 36992 37015 37016 37019 37056 37097 37125 37134
 37214 37215 37222 37271 37291 37293 37319 37323 37327 37365 37398 37425
 37499 37539 37565 37567 37576 37605 37695 37716 37717 37768 37837 37849
 37874 37936 37989 38106 38127 38146 38148 38164 38193 38220 38230 38241
 38268 38311 38319 38328 38384 38389 38403 38410 38428 38436 38444 38498
 38537 38550 38570 38583 38597 38626 38741 38797 38806 38815 38866 38884
 38902 39009 39015 39034 39040 39100 39115 39118 39139 39145 39156 39168
 39182 39241 39280 39330 39333 39365 39377 39382 39386 39460 39500 39564
 39565 39567 39571 39580 39610 39618 39628 39638 39645 39649 39654 39670
 39690 39729 39800 39848 39854 39859 39904 39964 39991 40014 40080 40085
 40089 40102 40112 40145 40224 40319 40368 40396 40425 40446 40453 40457
 40500 40565 40572 40599 40609 40618 40668 40688 40689 40711 40777 40797
 40805 40817 40922 40928 40933 40944 40976 40983 40987 41008 41044 41065
 41085 41099 41118 41123 41184 41225 41245 41259 41271 41292 41297 41316
 41355 41363 41385 41386 41407 41411 41417 41419 41421 41451 41457 41475
 41487 41491 41494 41519 41527 41549 41576 41589 41668 41688 41705 41732
 41735 41739 41740 41750 41791 41813 41858 41897 41906 41923 41924 41939
 42019 42023 42024 42103 42109 42118 42125 42129 42135 42158 42159 42226
 42230 42241 42246 42252 42283 42290 42331 42348 42397 42407 42456 42476
 42486 42487 42559 42603 42639 42640 42659 42674 42690 42697 42730 42736
 42804 42839 42863 42872 42877 42915 42929 42952 42964 43061 43100 43117
 43139 43149 43160 43196 43197 43259 43275 43313 43318 43349 43382 43400
 43500 43506 43547 43548 43564 43580 43621 43657 43667 43689 43706 43718
 43776 43798 43823 43869 43871 43905 43965 44016 44057 44100 44150 44172
 44178 44434 44447 44456 44468 44496 44536 44549 44576 44582 44583 44674
 44692 44698 44700 44754 44781 44787 44796 44844 44878 44898 44899 44960
 45007 45008 45073 45097 45111 45126 45128 45132 45179 45225 45229 45257
 45277 45342 45353 45389 45397 45451 45489 45508 45580 45603 45607 45655
 45680 45681 45703 45705 45731 45781 45786 45790 45800 45803 45818 45924
 45925 45940 45965 45992 46000 46042 46068 46079 46112 46115 46181 46199
 46222 46239 46314 46324 46325 46335 46373 46385 46386 46405 46422 46430
 46479 46502 46508 46537 46602 46653 46656 46674 46679 46738 46754 46769
 46787 46830 46835 46842 46853 46898 46904 46954 46979 47010 47016 47024
 47025 47060 47075 47149 47157 47158 47166 47197 47325 47373 47439 47444
 47528 47535 47607 47682 47688 47710 47727 47759 47786 47823 47844 47855
 47861 47886 47939 47944 47984 48019 48129 48134 48158 48204 48218 48227
 48246 48375 48383 48389 48397 48398 48439 48448 48461 48486 48495 48504
 48537 48545 48584 48616 48642 48648 48663 48686 48720 48731 48744 48768
 48804 48825 48901 48917 48980 49023 49042 49104 49178 49191 49243 49402
 49446 49450 49454]
[  140   143   155   175   194   225   320   370   422   508   527   623
   625   665   671   678   715   798   803   828   843   907   921   958
  1003  1021  1028  1029  1069  1079  1084  1086  1099  1121  1122  1151
  1176  1294  1330  1335  1443  1470  1496  1539  1550  1639  1679  1732
  1755  1783  1787  1830  1841  1888  1891  1958  1977  1991  2025  2083
  2095  2156  2169  2178  2246  2280  2291  2299  2323  2348  2385  2391
  2505  2524  2595  2629  2658  2719  2814  2868  2873  2933  2992  3006
  3027  3030  3038  3050  3061  3075  3120  3139  3187  3235  3268  3292
  3304  3321  3335  3338  3386  3387  3413  3416  3457  3460  3480  3533
  3537  3577  3627  3647  3712  3713  3716  3738  3767  3788  3816  3876
  3877  3880  3886  3919  3920  3926  4004  4081  4083  4145  4223  4239
  4264  4273  4317  4322  4333  4344  4361  4376  4418  4486  4489  4532
  4533  4543  4594  4647  4651  4673  4693  4765  4773  4786  4789  4800
  4843  4928  4984  4985  4995  5011  5100  5287  5391  5409  5451  5455
  5456  5485  5501  5539  5544  5545  5547  5558  5591  5596  5613  5638
  5679  5698  5706  5743  5782  5801  5883  6035  6141  6149  6156  6163
  6165  6189  6225  6245  6279  6291  6324  6347  6358  6394  6415  6422
  6450  6458  6471  6533  6534  6636  6652  6667  6680  6691  6753  6810
  6811  6813  6894  6912  6919  6992  7021  7048  7050  7060  7067  7092
  7095  7097  7113  7165  7181  7187  7228  7254  7258  7278  7351  7394
  7418  7430  7477  7516  7590  7608  7616  7636  7660  7673  7716  7720
  7742  7766  7784  7802  7827  7850  7862  7915  7944  7979  8033  8068
  8158  8180  8196  8229  8260  8278  8305  8336  8343  8434  8436  8584
  8596  8597  8616  8668  8677  8724  8768  8868  8992  9070  9081  9082
  9083  9085  9096  9101  9304  9307  9337  9367  9386  9407  9408  9447
  9463  9503  9504  9525  9529  9558  9652  9706  9784  9842  9846  9912
  9973  9979 10047 10083 10124 10154 10226 10231 10320 10324 10331 10347
 10373 10421 10479 10490 10572 10598 10611 10612 10626 10639 10669 10705
 10736 10780 10850 10963 10978 11013 11021 11043 11061 11066 11075 11132
 11153 11215 11218 11248 11341 11365 11377 11429 11521 11531 11565 11612
 11624 11634 11636 11662 11693 11715 11749 11750 11757 11817 11823 11828
 11864 11877 11901 11933 12007 12067 12115 12121 12127 12129 12170 12193
 12233 12266 12346 12372 12377 12380 12381 12404 12422 12459 12471 12500
 12504 12509 12583 12615 12679 12719 12725 12737 12756 12799 12817 12839
 12873 12874 12948 12950 12996 13035 13071 13135 13142 13199 13235 13242
 13262 13276 13339 13344 13411 13443 13464 13494 13556 13559 13560 13669
 13676 13715 13776 13783 13836 13900 13950 13969 13989 13992 14024 14035
 14058 14065 14096 14118 14170 14262 14276 14361 14366 14427 14447 14448
 14458 14464 14524 14528 14540 14544 14552 14558 14563 14599 14665 14758
 14793 14794 14800 14821 14832 14841 14879 14985 15068 15082 15107 15113
 15253 15258 15287 15303 15305 15365 15382 15403 15410 15417 15439 15458
 15510 15524 15537 15587 15612 15626 15666 15700 15709 15711 15712 15750
 15758 15766 15835 15871 15893 15902 15942 15968 15999 16006 16053 16085
 16096 16118 16140 16163 16170 16183 16193 16200 16231 16250 16254 16268
 16343 16382 16427 16470 16548 16549 16626 16642 16643 16730 16772 16775
 16779 16793 16799 16801 16820 16831 16876 16887 16918 16946 16969 16992
 17033 17080 17109 17137 17149 17158 17176 17219 17257 17264 17320 17343
 17344 17388 17435 17459 17473 17484 17499 17541 17572 17588 17616 17649
 17716 17725 17750 17758 17765 17770 17919 17956 18011 18023 18068 18180
 18211 18295 18306 18308 18335 18346 18351 18361 18370 18389 18448 18458
 18472 18515 18560 18565 18592 18598 18600 18670 18683 18692 18693 18740
 18744 18794 18806 18833 18842 18844 18870 18901 18922 18926 18961 18975
 19007 19011 19155 19200 19259 19266 19287 19290 19306 19316 19333 19400
 19427 19441 19500 19510 19525 19543 19617 19704 19708 19741 19781 19816
 19835 19846 19849 19873 19888 19891 19916 20072 20083 20104 20132 20143
 20192 20200 20232 20287 20305 20334 20341 20344 20425 20435 20441 20453
 20455 20502 20542 20567 20670 20747 20798 20816 20818 20824 20928 20985
 20999 21055 21070 21090 21198 21200 21223 21258 21269 21359 21536 21555
 21575 21611 21612 21636 21660 21691 21713 21717 21723 21808 21830 21861
 21879 21903 21905 21983 22074 22118 22133 22140 22224 22229 22238 22279
 22298 22300 22456 22463 22537 22581 22616 22620 22626 22656 22665 22706
 22716 22745 22750 22777 22917 22943 22965 22972 23007 23013 23015 23063
 23075 23124 23127 23138 23215 23253 23266 23296 23334 23392 23443 23467
 23493 23511 23519 23520 23681 23741 23780 23781 23785 23790 23792 23822
 23831 23873 23902 23927 23934 23965 24015 24031 24034 24048 24059 24075
 24081 24101 24108 24123 24133 24147 24185 24201 24203 24243 24256 24258
 24272 24291 24315 24327 24366 24418 24470 24499 24517 24529 24639 24690
 24721 24760 24815 24819 24912 24932 24955 24966 24980 24995 25016 25022
 25046 25058 25071 25126 25133 25155 25225 25269 25356 25366 25396 25425
 25596 25605 25650 25709 25737 25739 25782 25783 25784 25787 25798 25802
 25825 25926 25927 25934 25947 25993 26009 26083 26089 26116 26123 26164
 26285 26338 26431 26454 26477 26500 26506 26524 26534 26540 26563 26622
 26689 26690 26700 26778 26812 26835 26848 26870 26922 26950 27012 27097
 27120 27197 27203 27280 27285 27330 27438 27452 27469 27471 27479 27495
 27568 27635 27639 27645 27675 27704 27723 27785 27808 27820 27823 27841
 27888 27902 27971 27977 27983 28005 28050 28125 28131 28206 28245 28354
 28377 28382 28384 28441 28453 28463 28480 28495 28509 28519 28552 28560
 28573 28575 28673 28675 28720 28726 28727 28733 28757 28790 28802 28881
 28921 28968 28982 29040 29058 29074 29109 29114 29126 29141 29181 29202
 29233 29289 29315 29327 29397 29413 29427 29485 29545 29631 29656 29678
 29690 29704 29791 29803 29804 29805 29811 29814 29861 29911 29964 29987
 29992 30042 30045 30052 30075 30098 30174 30219 30240 30268 30273 30352
 30415 30417 30441 30465 30476 30477 30478 30530 30565 30566 30639 30687
 30718 30728 30746 30751 30760 30830 30851 30893 30968 30993 30997 31004
 31032 31069 31083 31101 31154 31161 31215 31217 31238 31244 31254 31266
 31329 31375 31376 31412 31416 31418 31428 31453 31469 31480 31484 31519
 31549 31571 31678 31730 31765 31776 31816 31833 31866 31878 31953 31955
 31965 31974 32043 32058 32065 32103 32109 32146 32207 32273 32359 32450
 32456 32473 32482 32510 32546 32568 32572 32612 32742 32767 32770 32815
 32817 32874 32897 32903 32951 32966 33017 33100 33138 33179 33215 33305
 33324 33331 33487 33489 33504 33506 33532 33542 33560 33563 33609 33626
 33677 33682 33739 33752 33780 33823 33889 33894 33920 33929 33970 34007
 34020 34072 34073 34090 34095 34103 34117 34178 34202 34216 34271 34272
 34289 34315 34352 34369 34406 34415 34416 34418 34465 34501 34503 34510
 34513 34527 34634 34643 34660 34670 34746 34766 34774 34825 34834 34852
 34894 34908 34909 34953 34989 35048 35087 35097 35104 35130 35131 35154
 35169 35206 35219 35254 35266 35268 35296 35309 35409 35412 35458 35498
 35531 35561 35564 35596 35599 35619 35644 35685 35689 35695 35810 35819
 35855 35859 35909 35954 35980 36025 36092 36123 36184 36268 36269 36299
 36316 36321 36424 36501 36504 36549 36566 36604 36605 36614 36619 36620
 36621 36674 36695 36705 36734 36735 36806 36832 36964 37011 37022 37113
 37129 37172 37267 37268 37277 37324 37341 37350 37376 37386 37390 37404
 37422 37428 37457 37478 37512 37528 37542 37606 37624 37628 37655 37787
 37898 37911 37913 37929 37945 37947 38003 38016 38028 38055 38126 38144
 38206 38260 38268 38270 38352 38374 38391 38395 38399 38504 38506 38518
 38519 38586 38632 38651 38700 38722 38789 38807 39015 39050 39090 39105
 39116 39152 39155 39185 39196 39229 39250 39272 39431 39474 39491 39639
 39687 39710 39712 39781 39796 39798 39800 39999 40036 40046 40048 40082
 40105 40122 40189 40191 40234 40257 40260 40271 40367 40386 40389 40393
 40440 40448 40456 40466 40495 40515 40520 40522 40530 40545 40602 40660
 40666 40688 40708 40723 40741 40743 40793 41022 41027 41102 41136 41138
 41164 41295 41317 41326 41331 41349 41453 41513 41562 41578 41591 41632
 41670 41672 41709 41749 41764 41771 41781 41880 41911 41947 41950 41957
 41980 41999 42003 42025 42085 42090 42096 42101 42121 42143 42170 42211
 42219 42225 42325 42361 42404 42407 42411 42523 42552 42571 42612 42620
 42645 42663 42682 42699 42732 42751 42804 42821 42826 42851 42891 42896
 42930 43023 43039 43073 43160 43166 43209 43278 43282 43327 43328 43337
 43342 43372 43381 43406 43416 43425 43464 43494 43567 43572 43725 43731
 43734 43798 43845 43846 43945 43953 43967 44001 44005 44025 44071 44095
 44097 44120 44172 44225 44262 44264 44268 44360 44410 44415 44417 44447
 44500 44573 44579 44643 44644 44662 44685 44688 44692 44695 44711 44736
 44739 44767 44829 44833 44849 44895 44973 44977 44996 45006 45029 45055
 45057 45079 45101 45105 45141 45420 45434 45447 45449 45464 45484 45499
 45511 45514 45537 45549 45557 45587 45630 45633 45634 45642 45645 45669
 45711 45747 45771 45791 45807 45873 45880 45890 45904 45920 45935 45952
 45963 45974 46013 46069 46111 46143 46159 46175 46236 46371 46392 46405
 46438 46446 46451 46453 46462 46474 46514 46550 46568 46574 46621 46626
 46703 46713 46748 46751 46753 46764 46864 46887 46936 46953 46969 46983
 46995 47036 47061 47156 47173 47222 47228 47258 47276 47307 47389 47407
 47416 47433 47441 47442 47443 47458 47531 47583 47605 47633 47636 47654
 47676 47712 47726 47815 47874 47900 47912 47915 47920 47926 47969 47991
 48011 48024 48050 48083 48087 48089 48141 48173 48181 48200 48245 48256
 48277 48281 48289 48298 48319 48341 48347 48396 48426 48524 48526 48559
 48652 48736 48774 48778 48795 48811 48839 48885 48960 48968 48998 49000
 49004 49028 49050 49193 49217 49229 49245 49395 49406 49440 49464 49480]
[45751  8786 44387 13981 13982  8741  8737 44358 25234 47254 34229 25229
 47260 14025 25216 44352 14036  2895 34246 25191 25188 47278 14052 34260
 25352 34286 34098 13934  8897 33927 33934  8863 13829  8844 47179 13840
 13847 34027 44425 25505 44424 13865 34048 34049 34054 34074 25450 25448
 25439 44401  8788 13940 47286 34339  1232 34575 24875 47354 24797 34589
 47370 34591 44248  8525  8506 34639 44239 24720 14302 34653 34720 24701
 34745 24692 14314 34746 24668  8416 24896 34481 14211 24908 47299  2907
 34343 25142 14095  2909 14107  1223  8663 34351 47320 25581 47322 14148
 47327  8630 25018 34435  8609  1206 14165 34467 24934 34480 14147 44468
 33887 33837 46980 44733 33153 26072 44723  9330  9322 26024  9305 47007
 25988  1387  9272 47012 33237 44672 25964  1380 25959  9249  1377 33271
  9236 33151 13489  2694 44754 46884 32885 26295 26275 46899 26267 13379
 26234 26222 32920 13416 33287 46925 26194 13433 26167 33038  1419  9370
 13456 46963 33100 33134 26130  2670 34793 25904 25892 44551 44542 33653
 47122 13732 25687 33676  9022 25640 33690 33695  9006 33707 13766  9003
  2807  9000 44501 33760 25610 47161 44490 33810 25735 47116  9045 33558
 25872  1368 33334 33335 13615 13628 44621 13630 25835 25829 33388  9215
 13643 25820 44611 25818  2768 25796 44600 44587  9125 47094 44570 25741
 47074  1163 44214 24639   981 35999 43899 43898 43897  7772 23731 23730
 23720 36008  7741  7726 36081   965 43860 47724 47727  3185 23689 36102
 47735 47737 14962 23760 23762 14901 35971 47661 35765  1013 35793  3131
 43937  3134 43934 35812  1004 14833 23688 47680 23845 47686  7811 35937
 35947 35949 35960 47689   990  7796 23775 47682 47658  3190 23661 36316
 36319 15074 36339 23476 15086  7582 23456 15115 15118  3231   899  7570
  7565 15169 23327 23319 47879 15198 23297 15206 36392 23280 43798 23486
 15067  3221 36121 23655 14991 47762 14996 36145 36167 43827 15010 43824
 23595  7699 36227 15025 23558 43820 47796   928 15042 23526  7621   922
 36265 15058 36239 32862 23941 35717 24466 14476  3016 24440 24439 24438
  1117 35065 24436  8261  3022 14493 24413 14506 35165 35184 44108 47499
 44107 44100 35224 47503 24345 24474 24494 14441 24498 24638 24636  8409
 14361  2980 24621 14373 24616 34810 24609  2989 14546 24606 14392 24591
 34881 24574 14413  8358 34883 47444 34887 24544 35010 24604 35764 35249
 35277 47585 24074 35556 47592  8032  3090 35611 14724 35613 24036  7997
 43970 24004 23988 14756  7994  7993  7991 43965 23960 23957  7948 43955
 35555 14689 35547 14663 24282 35329 47518 24266 35360 35365 35371 35389
 47528 24248 47529 24300 47535 14612  3059  8107 14637 24167 35501 47561
 35516 14658 47566 35533 35404 13324 46863 13321 30648 45602 46181 28707
 10822 11969 10811 28668 30684 11993 28612 46189 45584 28598 45558 30719
  2227 10791 12045 30723 28510 10779 28494 11928 45607 28722 30646 11799
 30512 30515 30516 11838 46134 30537 11853 30541 28826 28821 30749 11862
 30563 30585 30614 28760 30617 10860 11910  1845 10849 46160 10846 11867
 30440 30767 12107 28220 46295 28218 31184 31191 28170 31192 28141 31206
 31226 10485 31241 45382  1743 28096 28070 28062 31253 28033 10456 28026
 31298 28019 31179 31143 28234 31123 30831 30832 28402 10717 30870 10685
 45491 45489 28357 12177 30886  2241 12194 46256  2272 28295 10659 46262
 30996 10602 45460 31029 31037 45432 28303 10440 10951 11777 29996 30006
 11188 11571 29349 45802  1968 45801 29320 30053  2081  1962 29294  2086
 45786 29284 29279 30093 30094 45998 30097 11622  1947 45959 29953 29947
 11533 29702 29608  2011 29719 11366 11354 29549 45874 11474 29748 29764
  2096 29781  1996 45852 29498 29459 29448 45851 11524 29835 11282 29432
 11272 29815 28933 11632 11637 46074  2140 29091 46079 30301 11025  1899
 29088 45696 30343 29048 30365 11002 29013 10999 29007 30376 10991 45682
 28960 30406 46110 28957 30293 11051 30262 30226  2099 11646  1938  2101
 11649 29203 30156  2108 45754 30168 29179 11635 30170 45737 46043 11091
 11667 29166 30185 11084 46068 29138 11083 29135 11099 23257 31309 45353
 32258 45047  9893 26926  9880 45030 32367  2541 26885 46691  1546 32386
 26883 13027  9816 32416 32421 45008  9798 44999 26833  9778 32476  9918
  9922 26972  9932 46601 32064 32082 27178 12851 27165 27142 32113 12887
  9980  9971 26823 32175 27059 12922 46645  1579 27055 27037  9966 45074
 32197 46661  2512 27067 32019 13068 13073  9638 32695 13227  9621 32740
 26507  1478 26497  2622 32757 46827  9578 26468 32766 32798 26456 26447
  9553 13293 44821 46841 26381 44815 13220 46787  9650 44892 32485 26795
  9752 26756 26754 32543 26722  2579  1512 26699  2586  9768 26686 26673
 13153  9683 32605  2594  9672 32619 26609 32624 44908  9651 44922  1728
 27233 10050 12524 12527 31495 31508 10316 45275 46437 27677 12562 31543
 31547 10296 12584 46456 45256  1678 27655 27647  1675 31572  1673 31574
 27632  2375 10335 12512 12507 31330 31334 45348 45345 27979 31385  1718
 27966 31394 46360 31440 31577 45322 45312 12440 31460 10346 27873 31471
 12478 31479 45293 10338 31481 27907  2469 45244 45241 10157 31824 10127
 12758 31863  1627 31875  2440  2442 31919  1618 45128 31945 27335 12773
  1613  2457 27308 31958 12792 27301 31980 32004 45193 27391 31796 31786
 27616  2399  2400 12623 27554  2407 31643 45225 46502 12668 45223 12611
 27502 31661 27497 10234 27493 45216 10210 31707 31718 31742 31765 10180
 27501 47911 14812 36424  3825  5583 17035 20038 39904 39920  3833 39927
 39971 19991 42812 17079 39980 17087 17089 19937 42804   351 40084 40089
 19900 17028   342 20065 39729 20209 48759 48763 20194 48768  5758 39585
  3783 39619 20172 42880  5697   399 16967  5666 16976 20122 39717 16997
 48805 20082 48812 20219 17116 19880  5300 40413 17257   293 40420 17260
 40432 40465 40468  5265 42697 19651 19647   282 17279 40502  5247 19615
 19580 19574 42686 40392  3868 19715 17223 19874  5417 19868 19859 40179
 19851 40267 40299  5368 40310  5356  5345  3902 17205 48926 40371 19740
 17213 40377 48938  3907 19719  5239 39544 42913 16487  6244  6235 20903
 48555 16522 20897 38776 48563 43077 38805 16543  6155 16560 20845 20837
 20799  3672  3674 48602 38864 16486  3676 38663 38630 38405 38407 16350
 16356 48493 21228 48498 38464 21169 16393 16394  6356  6355 38496  6345
   543  6334 21091 38542 38596 21033   530 39525 16607 38913  5921 20407
 39274   446 20392 39320 39330 16838 48717 20358 42944 20330  5841 16873
 16883  3757 39457 20292 39466 39476 39497 16794 38877 39217 39186 48625
 16625 38950 38953  6097 20696 39011  6068 43006 39079 48645 39084 39091
 39097 39131 20597 39135  5994 16734  3718  5959 42977 38403  5229  5216
  4621    94 41587 42367 17886 18574 42365 18570 41615 18564 41653 17911
 42349 41684 41690 41702 17933 18461 41747 18455  4500 17857 41761 18625
 41519 41375 41398 18804  4089 17766  4706  4704   122 41427 18762 18743
 17793 18707  4663 41512 17835  4646 18651 18645 18643 18639 18628  4748
 17964 42311 18324 18051 18064 18266 18258 42002 18251 42223  4304 18094
 18103  4216  4284  4279 18203 18192 42172 18175 42131 42135 42144 41964
  4487  4395 18031 18433 49409 18424  4169 41823 18410 42300 49422 17993
 42296 17997  4429 42271 18008 18372 18369 18024  4420 41905 18338 49448
  4407 40560 41346  4758 42607  5049 19333   224 19331 40876 19330 17474
 40878 40890 40900   213 42576 40906 19239 40920   207   206 17515 19225
 40922 42608 42550 17443  5069  5178 49011 19489 40703  3964 42649 19458
 40711 40724 19431 17386 19425  5128 17403 19405  5124 17418 40748  5114
 19380 17437  3993 49257  4995 19185 42479 18956 49208  4065 18930 18928
 18912 18908  4068 41232 41245 41252 41261 18861 18859 18834 41283   139
 49244  4775 18822 18978  4981 18988 41203 41077  4913 17563 19138 49143
   185 42506 17577 17580 49151 42497   178  4043 17594 17615 41147  4050
 41173 41181 49191 42485 18996  6400  2020  7009 43507 37207  7115 21738
 43605  3516 21742  7328 22924 36854 36864 22149 15640 36811 36917  6881
 38016 38008 48355 43316   694  6880   641 22641 36918  3509 22670  7270
 21745 43319  3377 43506  3435 37533 22591 43415  6583 23056 38107 36746
 48236 15388 38088 47990 15876 22942 37543 15883 38072 23002 47996 22157
 22996 21710 38035  6632 22961 22595 15432 48246 23024  6877 43321 22867
  7201   796 21913 37616 48054  7194 48303 37788 22078 37784  6794 22809
  7189 22833 37701 37699 48066 37133 43531 22694 37672 37662 22695 22752
 37103 48279 43535  7169 22800 21901 43519  6719  7139  3502  7251 37949
 15617 21827 16050 22134 16049  6687 36945  7238 43380 48317  6688 15616
 21858 48042 37003  3341 48315 21868 15613 37912 21869  7215 15508 22837
 22834 43645 38173 22186 43647  6462  6969 22353 37293  6465 48441  7056
  6962 22533 48437 21391 38308 16280  6945 23182 21410 43702 15301  7072
 15808 21445  3564 36572 16239 16236 36597  6557 38333  7473 21377 48466
 16319  3410 22452 21317  7521 22476 15761  6420 43173 15724 22385 38373
 37413 48174  3402   578 16288  6976 15274   729 22363 36523  7474 48167
  7042 22524 48418 15680   682 36610 15344 36641 21621 37247 22269  7086
 47969  3383 37499 43658 16194 48222   719 38233 15841  3544   847  3291
 43279 15844  7384 22227  6932 48398 38297 36640 23148  6940 43677 48407
 23141 22224 23151 21630 16212 43248 21533  7075 22575 38272 23104 30826
 40875  7144 30725 30829 35918 31369 41042 40983 35902 30738 30795 44000
 40819 31393  8036 30741  7025  4956  4966 35545 40942 42487 41065  4854
 43985 10457 31076 10463 31075  4904 10555  5014 30892 10648 37280 10476
 37191  4896 35622  5011  2267  4046  2251 10520 30864 43478 31327  8009
 10535  7084  4051 42590 42585  7949 29681  3130 10676  7026  7891 34050
  3358 41990 42235  4372 42241 36363 36563 43794 11174  7448 36340 30074
 11155 42278 11147 41885 45774 36644  4245 36257 30166 11113 43649 36259
 36364 43817 42309 11123 36285  3288 11127 36304  4475 11092 29905 11259
 29688 11384 45883 42142 36455 29718 45878  7506 36476 36383 45877 36381
 42122 36482 36378 36497 42079 45818 11263 36553 29867  4357 41998 29894
 29843  7564 42023  4297  3242 29819  7481 43776 45542 41732 41705 10905
 41471 40799  4685 36018 36991 10886 30574 30582 41409  4720 36006 10859
 36000 43567 35993 45600 10792 41221 37095 45561 10800 37073 41472 42476
 35966  4074 41271 45595 45599  7200 10807 36251 30521 30486 36733  4543
  4558 36758  7645 41621 30282 30292 41608  4590  3306 30305  4592 11011
  7344 42378 30352 45663 45666 45674  4110 36094 43587 41475  7276  4635
  7700  3189  4631 43612  4614 10985  4103 31677  3409 34408  6591 39154
 39174  9393 33044 39182  9437 32969 34439 32947 34441  5946 44272 32944
 34406 32939 33137 44750  6086 33184  6074 44700 34367 39040 43012  2709
 39078  9337 34402  2702  2701 38170 39118  6572 39228 43295 34476  9552
 39402 39410  2948 32807 39445  2626  3764 39496 43318  2621 39519 32698
  5775 37997 44824 34585 32817  5843 32909 39276  2663 44786 44787  3520
  6638 33214 34521 44797  9531 32850  8564 44811 34540  9541 36409 32677
  9273 38208 38342 38336 38526 33807 34129 38527  8765  2879 34156  6330
 38562 38589 43109 38624 33684 33861 43221 44472  6441 38389  6381  3605
  8798 34094 34006 43137  8843 33985 38453  6424  8889 43133 43177 33893
 38478  9031 38676 33645  9192  3667  3669 43054 34298 33320  6504  2906
 38260 38866 43264 38914 38942  6521  9250 34270  3663  6164 33390 38701
 33625 38319  6241  6238 44567  9094 34359 33506  6485  3646 33461 38721
  6218  6193  6175  9120 40785  3505 43326 45147 37544 31890  3904 35096
 35151  3905 10134 40385 42718 40406 31740 31689 35235 34063 45146  8191
  3445 44130 10021 32031 45098 43386 40227  5402 40280 10065 31961 40287
  5366  5357 40319 40331 35066 31930 42708 37509 44068  2382 40698 35424
 45276 35429 35462 35492 35493  3073 40734 37412 35504 35513 42639  3975
 42652 40697 40692 31552 40487  2405 31583 42689 43438  8134 43443  2478
  5240 40548  3055 40565 35396 40613 40669 40678  6960 44888 42775 37608
 44970  5649 32495  3488 39732  3815 44986  8406  5621  5619 32436 42838
 32431  3822 39846  5658  6747 32516  2576 37976 32633 44222 39638 39660
 39663 32594 39670 44924  9692  5682 39694 42872 32557  6705 32539  3827
  3828 34855 32187 42802 40054  5472 34975  5459 44143  5437 44142  5434
  6851 35039 43370 40172  3872 34954 32191 34948]
[   35    37    43    68   112   131   160   176   292   384   418   429
   498   515   538   544   574   606   613   631   650   735   748   783
   794   832   858   923  1066  1113  1115  1123  1161  1224  1353  1370
  1398  1436  1478  1481  1545  1564  1575  1586  1699  1814  1839  1858
  1880  1910  2064  2073  2094  2115  2122  2182  2209  2250  2286  2328
  2333  2379  2386  2422  2424  2467  2468  2585  2659  2726  2727  2760
  2803  2823  2862  2871  2920  2947  2951  2970  2978  3072  3176  3237
  3240  3244  3282  3332  3392  3399  3425  3430  3506  3515  3572  3607
  3659  3664  3742  3744  4036  4072  4133  4144  4146  4192  4200  4206
  4214  4240  4288  4341  4432  4460  4535  4542  4603  4639  4716  4838
  4848  4976  5007  5068  5116  5187  5217  5260  5264  5286  5304  5395
  5444  5482  5506  5510  5513  5543  5553  5648  5674  5714  5727  5763
  5875  5884  5923  5930  6000  6038  6085  6088  6196  6219  6269  6302
  6325  6378  6399  6414  6420  6452  6480  6523  6539  6542  6618  6650
  6651  6686  6696  6697  6702  6735  6746  6759  6929  6965  7014  7117
  7220  7242  7260  7266  7291  7329  7369  7438  7497  7500  7711  7739
  7759  7869  7884  7966  7980  7992  8040  8057  8121  8238  8242  8243
  8270  8285  8334  8429  8532  8543  8575  8581  8639  8640  8647  8665
  8777  8799  8806  8828  8830  8848  8903  8938  8949  9015  9124  9152
  9188  9196  9202  9226  9325  9357  9359  9388  9402  9416  9482  9544
  9586  9588  9591  9678  9684  9715  9718  9742  9800  9819  9822  9852
  9941  9990 10026 10037 10171 10181 10188 10212 10215 10217 10278 10329
 10345 10375 10525 10656 10725 10831 10895 10940 11009 11019 11045 11072
 11115 11200 11231 11243 11303 11322 11328 11336 11369 11469 11473 11504
 11733 11741 11868 11930 12038 12119 12120 12165 12324 12355 12356 12368
 12381 12417 12422 12460 12501 12546 12570 12577 12600 12609 12620 12631
 12650 12731 12734 12783 12870 12877 12912 12977 13056 13121 13250 13256
 13259 13325 13365 13408 13412 13526 13583 13748 13768 13776 13828 13835
 13837 13861 13890 13960 13971 14070 14080 14092 14126 14190 14246 14271
 14287 14322 14359 14374 14445 14503 14552 14584 14606 14622 14639 14677
 14790 14843 14932 14961 15039 15057 15064 15094 15126 15179 15180 15182
 15191 15199 15232 15246 15255 15282 15298 15314 15363 15394 15493 15535
 15583 15657 15673 15675 15693 15710 15729 15747 15803 15829 15960 16020
 16073 16183 16198 16209 16212 16316 16332 16352 16373 16386 16405 16473
 16512 16514 16596 16672 16719 16734 16785 16788 16862 16894 16897 16963
 17025 17043 17167 17201 17207 17251 17254 17315 17325 17341 17348 17362
 17416 17461 17510 17525 17592 17643 17654 17779 17828 17846 17853 17858
 17877 17930 18077 18159 18183 18255 18280 18335 18354 18419 18660 18668
 18721 18761 18942 18996 19124 19236 19250 19416 19446 19464 19638 19665
 19666 19699 19801 19877 19923 19995 20073 20202 20391 20412 20483 20507
 20509 20548 20568 20589 20623 20720 20785 20806 20876 20912 20928 20991
 21000 21019 21029 21073 21119 21139 21148 21203 21214 21230 21289 21304
 21338 21339 21402 21461 21485 21544 21553 21583 21586 21645 21676 21811
 21871 21937 21999 22002 22022 22063 22119 22136 22236 22301 22313 22347
 22390 22403 22406 22468 22506 22561 22564 22571 22580 22671 22751 22831
 22881 22915 22921 22967 23026 23029 23045 23078 23084 23088 23108 23143
 23193 23208 23352 23363 23369 23453 23454 23460 23477 23572 23680 23745
 23779 23801 23827 23933 24219 24305 24373 24389 24560 24679 24681 24699
 24704 24744 24803 24842 24866 24884 24904 24907 24915 25105 25111 25131
 25214 25243 25331 25351 25393 25405 25548 25652 25696 25713 25777 25779
 25852 25860 25891 25949 25957 25963 26002 26070 26098 26099 26145 26176
 26254 26349 26365 26422 26431 26444 26563 26600 26630 26631 26641 26655
 26656 26662 26719 26792 26843 26902 26960 27044 27071 27093 27269 27393
 27396 27397 27510 27562 27571 27629 27643 27668 27766 27778 27834 27847
 27875 27927 27990 28048 28083 28101 28114 28192 28250 28292 28304 28344
 28362 28423 28434 28557 28605 28616 28626 28641 28698 28738 28763 28784
 28846 28855 28872 28875 28895 28902 28928 29042 29089 29112 29168 29210
 29245 29289 29300 29325 29326 29331 29341 29348 29383 29583 29624 29683
 29701 29768 29798 29831 29889 29895 29907 29954 29968 30302 30316 30448
 30480 30524 30563 30575 30627 30711 30813 30842 30907 30942 30968 31050
 31057 31183 31204 31209 31354 31410 31425 31529 31534 31604 31711 31715
 31762 31781 31836 31920 31941 31950 31963 31976 31983 31990 32128 32147
 32165 32198 32209 32217 32291 32310 32449 32451 32453 32527 32587 32612
 32669 32745 32754 32815 32830 32864 32921 33053 33068 33145 33156 33167
 33360 33406 33529 33571 33601 33683 33691 33814 33815 33819 33925 33928
 33941 33950 34046 34067 34184 34249 34279 34397 34420 34531 34558 34563
 34578 34628 34692 34725 34730 34772 34795 34820 34860 34876 34915 34928
 34977 35046 35069 35142 35288 35298 35455 35544 35635 35637 35761 35766
 35837 35870 35892 35897 35934 35959 36003 36030 36059 36060 36070 36071
 36082 36187 36190 36216 36241 36306 36309 36425 36474 36479 36521 36607
 36643 36705 36754 36807 36812 36834 36848 36853 36859 36891 36909 36929
 36949 37026 37036 37070 37088 37095 37158 37174 37201 37246 37319 37320
 37339 37360 37367 37435 37444 37497 37547 37581 37619 37627 37655 37702
 37703 37720 37737 37750 37782 37799 37836 37841 37852 37872 37903 37964
 37997 38015 38092 38133 38142 38154 38194 38211 38283 38323 38338 38414
 38460 38483 38704 38747 38766 38797 38823 38884 38974 39025 39085 39092
 39100 39203 39345 39352 39407 39428 39434 39436 39607 39618 39627 39636
 39643 39648 39686 39724 39762 39819 39823 39870 39943 40070 40133 40181
 40197 40199 40218 40306 40308 40322 40344 40350 40443 40458 40509 40597
 40639 40643 40650 40777 40822 40830 40869 40915 40946 40948 40949 40993
 41020 41040 41255 41278 41327 41332 41352 41367 41392 41435 41447 41495
 41682 41689 41691 41842 41916 41960 41984 41985 41991 42025 42071 42078
 42186 42189 42201 42304 42307 42426 42493 42497 42519 42522 42561 42567
 42616 42707 42709 42737 42820 42850 42890 42900 42969 43027 43068 43129
 43201 43223 43247 43292 43466 43498 43513 43520 43576 43579 43648 43656
 43701 43847 43855 43887 43916 43917 43946 43954 44006 44095 44171 44174
 44183 44206 44266 44310 44325 44366 44423 44592 44607 44615 44626 44627
 44658 44663 44723 44863 45027 45033 45119 45262 45368 45384 45501 45568
 45590 45605 45614 45716 45773 45827 45831 45896 45933 45953 45957 46050
 46096 46105 46123 46251 46327 46480 46565 46572 46577 46584 46631 46683
 46688 46738 46800 46831 46849 46864 46886 47021 47133 47192 47279 47352
 47421 47443 47463 47476 47570 47593 47774 47776 47875 47968 47973 47981
 48004 48040 48112 48345 48366 48381 48415 48565 48610 48646 48669 48710
 48736 48769 48779 48977 48992 49080 49096 49231 49234 49263 49273 49275
 49310 49343 49350 49451 49483]
[35482 29115 29123 14117  1491 29137 41509 22418 29144 29152 29170 47377
 41486 29105  5546  5550 41476 41464 41455 29193 18647 14064 29201 41439
 41432 22375 29214 14084  5500 47353 18611 14295 28891 41720 47272 28892
  1541 14273  5384 22472 22470 28937  5397 41663 41660 41644 29003 29005
 14199 29032  5462 47326 29044 29057 14158 18605 14153  5492  5601 18569
 22368 29256 47482 13872 18715 18718 13857 41185 41174  5777 47498 13830
 29560 29564 29493 18725  5797 13809  1382 29605 22248 13788 41110 41052
 41037  1367 22233 13762 29573 22289 13881  5737 14012 29290 29296 29318
  5645 41354 47417 18673 41328  5662 41312 29401 29420 18686 13932 22307
  5693 13920 47453 41263  1422 29437  5700 29438 41251 18702 41236 41397
 28852 41769 14326 28113  4929  4938  1694 28140 28159 22689 18422 28163
 42323 14735 14733 42373 28178 28219 42301 28225 28233 28241 14691 47108
 28272 42261 14671 28296  5026 28217 14773 47070  1703 27887 42547 27909
 42539  1733 42534 42527 42517  4841 27996  4873 35491 42427 22729 18390
 47054  1715 28035 28039 47058 42408  1710 28076  4908 42388 42380  4917
 42198  5038  5041 42188  5170 22558 41993 28595  1599 41953 28643 47202
 18528 41918 47205 41908 41864 41843 28748 41839 47220 14379 41830 28776
 41820 28787 41814 41809 41801 41796  5325 47184 41026 28565 28562 14618
 42175 47135 28406 42150 22630 14595 28430 22613 42108 42099  5104 28465
 14560 28490 14551 28504 47150  1626 42058 28513  5133 22583 14532 22579
 28529  1615 42022 47019 18742  1359 21840  1107  1104 21829 39889  6656
 21822 47877  1094 21810 39879 19036 12991  6711 12906 30961 30962  1074
  6734 12893  6741 19057 30973  1068  6744 39744  6713 47853 47851  6631
 40074 13122  1154 21929 30659  1150 40029 21918 40019 40008 30688 13081
 47818  1139 13059 30762  1129  6589 13042 47830 30772 39961 39954 39946
 13016 30847 13001  6779 21932 19071  6786 31213 47992 12720 31216 47998
 39538 19117 39537 12716 39526 39518 31264 31188   999  6949 48017 39483
 31282 12659 12658  6974 39453 12641 48037  6988  6996  6943  6891 31181
 12747 39730 39691  6798  6800 31051 19087 47949 12837 31063 31065 19089
  1044 12824 31072 31078 21705 21703 31087 39641  6835  6836 12804 12777
  1027 47974 39592 39578  6784 30628 30612 40099  6080 40722 13521 13518
 30028  6101  6106 40687  1290 13511  6117 40672 29984 18837 40632 30083
 22058 30091 30103 13469 13466  6160 47644 13459 40593 40589  6129  1303
 13552 13554 29662  5873 41005 13728  5915 40932 29778 29782 40901 40891
 40884 29829 29858 18773 47562 29865 18776  5985 18782 40841  6005 13575
 22135 29956 13564 40755  1307 13445  6188 30140  6205 40228 30444 13238
 40195 40192 30487 40185 13205  6447 40163 30543 13188 47768 30559 47772
 47773 21947 40141 40140 21941 40139 47790  6481 40128 13157 40107 30608
 13247 41015 40253 30416 13418 30208 30209 18872  1250 40473 22016  1247
 30239  1241 13342 40399 40395  6281 40390 40351 30339 13287  6335 40313
 30357 40285 30385 40269  1215  6367 40263 30429 12634  4803 27883 25092
 16742  3210 17769 46279 23633 25153 25160 44822 46291 46293 16690 16747
 25230 23614  3270 25273  3289 25283 25292 17801  3309 44720  3318 25325
 23596 16664  3195 44905 25084 24906  3081 46204 46206 16872 24950 17726
  3098 17727  2319 24961 17735 23700 16837 24987  3128  2305 46229 16796
 25032 46235 25036  2298 46246 25040 44943 17753 16576 24895 46356 25377
 25611 23471 16380 16379  3526 25644  2164 44350 17903 25680 44333 25700
 25599 16331 46461 25725  2146  2141 16306 44291  2136 44275 44273 25770
 44265 44255 16322 16402 25589 44450 16542  3384 25454 16504  3414  2210
 16497 25479 44529 44524 25507  2196 44513 25515 23506 44502 44499 25553
  3472  3474  3481 44469  3491 44460 46423 25576 44452 23577 45107 24886
 16926 45743 24296 24312 17350 23956 24332 24333  2686 17573 17575  2448
 45660 24260  2715 17582 23935  2437  2434 17271 24411 17266 24456 17237
 45563 23913  2770 17296  2630 23989 24251 45960 45954 24087 45934 17469
  2549 17463 24135 45905 45983 24144 24156 45886 45881 45857 46005  2587
 17421 24215 46017 45817 24225 24226 17397 45793 24237 17546  2775 23906
 45536 46083 24764 45281 45272  2962 17011  2969 24773  2979 16993 45214
 46152 45203  2357 24816  3004 17686 24828 23774 46163  3009 45175 45174
 23772 45164 24850  3028  3036 49498 25781 46125 45336  2790 17191 17188
 24521 45488 24532 17170 45475 45473 45458 17621 24613 17115 45423 24648
 17101 17096 24669 17627  2884 24698 23859 24707 17065 17064  2912 23846
  2924  4802 16271 16240 43240 43234 27054 18212 43217 27081 15397 18215
 27111 43198 27151 27156 27023 43186 43181 27172 27188 27201 15310 46859
 27265 15292 46869 43084 43081  4470 18223 43254 27003  1894 18139 18140
 15567 23152 26813 15550 23129  4236 15539  4247 43391 15527 46775 43388
 26914  4275 23087 46783 18171 43346 15499  1906 43329 15475 15472 26984
 46804 27355 26802 27361 27378 15031 27687 46973  1779 42688 42679 42665
 14972 14971 27763  1764 42626 27664 27793  4760 42594 27845 42588 27856
 27858 42582 47004 42563 22794  4798  1745 27796 42728  4676 42740 27383
 15222 46880 46885 22952 43001  4528  4530 42961 18268 15173 42920 42919
 46921 15143  4599 18293 22898 27586 15106 27589 42823 15093 27596 27636
  4664  4666  4494 15572 43463 15596  3820 23318 23316 23313 44004 16074
 26081 16068 46566 23304 26105 16045 26003 23291 16042 26134  3864  3866
 26165 26191 16008 43900 26207 43886 26216 18038 43943 25992 44043 18003
 17947 25842  2117 17957  3700 44168 17967 46498 44158 25897  2103  3724
 25900 17980 25902 25909 23346 16189 46521 25923 25935  3760 25944  2085
  3772 25967 46549 15988  3910 15981 46608 18099 43654 15801 46693 43639
 43632  1975 43616 26550 15738 18104  4099 15735 46709 15731 46711 15722
  4124 15686 23186 43538 15646 26716  1952 26723  4189 15606 43685 46478
 26433 23212  3929  3931  3932 26265 26274 26289 26298 43789 15921 43782
 15920 26341 18067 46636  2013 15906  2009 15899 23232 26354 26358 15879
 15877 23224  3996 46660 15842 43700  7001 30145 45961 37961 49199 19535
 34676 37959 37954 21098 36396   599 10382 36398  8071 34656 33031 34652
 48597 11526 19547 33034 33039 36399 10381 11564 36374 21143 32900 10315
 10318 36322 34747 11592 32958 21123 37991 37987  9179 10359  9174 10363
 11585 37984 11573 34698 19932 11572 36417 21149  9123  8096   559   558
 33171 36449   556 33180 33192 11414 33201 33130 36450  8195   240   547
 10459  9073  8200 48671 11401 10484 48667 11458  8142   566 48607 19550
 37900 11497 33077 37879 21071 11476 36431 49181  8128 20566 49180 21067
  9110 21061 19565 21057 19570 48641 11468 11517 37760 19496 38050 10224
 32573 11842  7773 21213 11839  7776 10241 11837 38361 38339 10250 48470
 32609 36197 38316 32621  7805 34864 11801 10244 38362 10220 32553 21255
 32403 19404 36131 38470 38469 36134 32425 38430 11914 48423 20462  7723
 49289 32491 21235 19422  7731 32507 36150 11857 34863 32865 11781 32675
 11706 10288 20512 11696 38114 38098 38095 48533  7954 32786 38069   189
 32840   190 10302 38057 34812 48550 38051 10308 19481 32784 32779   653
  7843 38244 38235 49253 19459 11759 19964 34861 32704  7871 48500  7876
  9260 36231 21187 32747   183 38181 38176 11727 32772 49258 48390 20601
 37751 33772 34277 34276 37318 33774 20878 10987 36753 33777 34281 48877
 34233 33799 36814 34212 20871 33803 10675  8559 10677 48878 49058 33768
 48850 34379 34356 11049 36709 34322 33671 37402 36714 10610 37391 33704
 34320 34306 37372   305 33751 19694 33753 11003 10623 33761 36827 33668
 20835 10950 37084  8810 20791 33952 36923 49015 34085 33960  8703 10863
 33989 49006 37041 37040 10819 34026 36997   361 48970 19770 20762 34114
 10866 48934 34193 49037 33839   324 37228 19803 10931 10707 48898 37189
  8819 19790 48920 10738 10888 10881 37141 20807  8654 37139  8662 20833
   248 10576 11059   258 33446 48708 37636 11228  9028 11210 11203 33488
 33432 36561 49129  8349  8354  8362 11164  8368 11145 48742 10524 11198
 36543 48702 11269 33244 19896 37745 48681 49160 37742 33297 20604 48684
  9041 37721  8255 37712 48691 37705 34479 11313 33354 11300 33366 33399
 37531 37415 37526 33561 11078   280 37447 34413  8444 20940 37442 20929
 10558   462 34409  8451 37434 34407 36681 37430 20672 36693   450 11060
 19850  8974 33629 20946  8393 37517 48754  7002 20650 19863   479 48760
 11108 20661 37489 34444  8420 37476 19856 33603 33611 20950 36603 19653
  8982 36592  9331 32709 31937 38999  7296 20271 38991 38985  9608 12295
 49405 20277 21438 12292 31885   848 12267    62 49397 20284 31933 19283
  9612 38484 31860 39012 35344 12353    47   880 39062 31811 12349 31814
 31820  7263 35342  9632  9885 35318 21451 12314 35725 12311 39013 39010
 49424 12243  7365 48273  9955 49368  9546 32048 32049  9978  9981  9999
  7429 12149 38839 35862 35882 32107  7446 21349 35155 21348  9561 31972
 38883 32035 35283 48240 48241 35274  9929 31989 49387 20307 20308 31993
 31996  9937 20312 35785 38896 20318 32011 35244 32013 12187 31797 48185
 20115  7091 12522 49485 39278 20160 21587 12514  7103    15 49475 19176
 48099 31540  7109 39253 48113   932 39247   929 31503 12493  9779 31465
 39420 19152 35481 49495  7028 19156 35464 35454 31384 39363  9731 35541
   960 21604  7047 31443 39332 20193 20162 48079 12487 31602 19193 35609
  9823 35618 48157 35399 35393 20226   898 12382   895 12379  7222 49436
 12373   891  7229 39089 39087 31790 19232 39172  7186 35582 31612 39218
 39216  9796 31613 31629 49468  9712  9709 35915 31649 35572 20208  9808
  9699  7166 31679 39190 12430 19221 12443   104 37009 32368  7633  7634
 38710 35977 20002 38579 21281 32360 20414 12071 32200 32210 49331 10152
 12074  7520 11959 35081   782 36077 48313 38540 12087  9449  9380 38736
 32346  7542  9390 36024 20382 36039  9404 32255 48349 36016  7595 32244
  9385 36043 32304  7563   766 20012  7562  9417 49322 38679 10098  7624
 48363  7546 38662 12099 35022 38499   107 48306 35095 10175 10049 38490
 38749 35920 38756 10064 36103 12100 32391 35106 48382 38531 43926 45017
  2525  8746 10778 24999 25277 34329 34065 36955 36042 16822 16645 44760
  3266 45929 35515 45937 26238 17492 24241  3914 25005 36727 34304 43879
 43602 36186  8778 16027 34963 10590 36635  9661 16079  2679 45698 10190
 44896  4114 35376  3315 45689 45685 37002  9657 16084  3313  9844 24318
 45729 24972 36701 26246 26584 35415 26122  2632 10592 36203 35514 36041
 16846 45738 17358  3108 44724 16624 16630 34071  8901 24157 10209 34165
 34187 44925 15892 36146 34188 25110 44953  3212  8847 43663  3978 17441
 34157 34139  4011  3220 43683 17453 26443  2566 44867 10735 26427 16756
 36893 36080  4026 26421 26452  4020 10724 43712  2567 15901 24184  2584
 35435 26489  9301 44907  3257  9326 34911 10749  9761 16807 15765 34285
 34083  2607 25114 24116 24121 15967 15939 17409 44826 34195 44954 43768
 10179  9781 35452 16691 45848 35006 44820 16705 24214 36152  2552  9789
 44883 45205  3089 44014  3019 25732  3602 35251 16958 36280 24653  9940
 36443 44306 35783  3443 10419  3585 24683 25502 24693 10417 44309 16477
  3604 34611  9438 25792 34556 25776 45505 24526  9244 34570 36486 10443
 44283  9590 16299 35278  9587 35962 25470  2841 25475  3448  9917 36284
 35093 16378  9456 25547  9143 25628 45271  9147 35100 24752 36345 34677
 10010 10014  9182 44489 10031 24804 16977 10007  9968  9539 44373  3570
 44334 35790 36422 25512 44339 35230 35799 44341 25513 34794 44361  9543
  9206 45323 16361 16444 25647 24746  2893 36508 24854 25799 10119 24390
 35032  9415 16574 17285 36589 44093 15694 25941 25373  9636 24398  3751
 17281  9011 24408 34451 44099 44675 25948  9409 44719 36625 44042 45676
  9644  3789 44707 25316 16864 24356 24357 44697 44050 25969 10040 24376
 44059 35350 44066  2733 16892 16191 34455 25403 25426  2777 36532  9898
 44179  3035 44596 44185 44188  9906 17200 25846 25449 36514 25452  3673
 44223 36261 35070 34422  3705  2774 36559  2752 24455 44655 34478  3361
 45581 24462  9036 10272 44649 44642 24888 35315 25893 16551 10497 16544
 10095 25861 10192 31332 43558 12082 30060 30037 40663 30035 12069 38702
  6107 30032 12058 38665 29998  6064 38652 13555 29966  7578 29873 29876
  6003  6004  7594 40840 32186 29887 29899 13599  6039 29925  7592 38645
 40833 40856 32184 13465 38874 13302  6309 13314]
[   32    72   120   166   199   202   211   221   222   230   265   266
   291   312   371   474   489   504   560   607   633   656   669   673
   695   708   742   875   906   951   954  1042  1087  1090  1091  1100
  1173  1221  1238  1263  1292  1316  1406  1407  1459  1503  1524  1534
  1548  1557  1569  1587  1604  1605  1663  1680  1747  1802  1848  1920
  1925  1954  1995  2069  2093  2104  2136  2145  2162  2179  2224  2277
  2295  2303  2322  2327  2332  2355  2397  2420  2444  2472  2499  2506
  2527  2547  2571  2583  2627  2633  2639  2700  2765  2767  2772  2783
  2809  2828  2851  2857  2858  2880  2890  2898  2928  2950  2977  2984
  2990  3002  3015  3053  3066  3147  3197  3198  3234  3241  3263  3298
  3307  3328  3346  3351  3442  3449  3471  3476  3557  3562  3563  3590
  3603  3626  3637  3641  3660  3682  3695  3703  3715  3726  3737  3782
  3787  3810  3818  3842  3846  3853  3937  3988  4010  4029  4031  4071
  4075  4123  4172  4180  4246  4294  4295  4306  4313  4319  4326  4391
  4462  4495  4511  4519  4539  4568  4571  4575  4610  4618  4637  4643
  4688  4715  4728  4769  4807  4915  4922  4959  4963  4980  5032  5045
  5094  5184  5192  5207  5243  5277  5299  5335  5383  5406  5445  5503
  5505  5531  5548  5580  5606  5715  5722  5823  5825  5858  5879  5892
  5938  5947  5961  5979  6015  6078  6091  6112  6115  6209  6210  6234
  6304  6359  6370  6511  6517  6548  6563  6581  6595  6597  6616  6665
  6808  6873  6874  6885  6977  7031  7037  7059  7066  7080  7108  7211
  7223  7224  7272  7277  7293  7312  7334  7426  7444  7445  7467  7504
  7560  7584  7635  7638  7639  7647  7654  7666  7727  7728  7747  7770
  7783  7791  7820  7873  7888  7904  7927  7931  7934  7998  8003  8103
  8119  8125  8172  8187  8217  8218  8225  8244  8249  8255  8319  8353
  8404  8454  8480  8484  8489  8491  8511  8572  8675  8679  8683  8712
  8747  8756  8758  8762  8807  8829  8909  8962  9010  9016  9025  9112
  9135  9168  9186  9191  9342  9350  9363  9375  9425  9492  9562  9568
  9598  9635  9645  9680  9720  9782  9783  9793  9797  9802  9812  9845
  9849  9988  9991 10039 10105 10164 10223 10259 10282 10319 10360 10380
 10385 10396 10401 10428 10437 10439 10482 10527 10530 10565 10619 10625
 10651 10683 10708 10753 10761 10796 10801 10832 10865 10873 10902 10938
 10988 11012 11018 11028 11031 11058 11085 11111 11131 11208 11209 11274
 11299 11344 11404 11422 11432 11436 11488 11493 11557 11559 11562 11602
 11633 11665 11671 11685 11753 11836 11866 11941 11979 11987 12046 12053
 12171 12190 12250 12276 12277 12280 12319 12438 12476 12496 12536 12542
 12557 12563 12589 12595 12619 12622 12648 12671 12680 12687 12708 12714
 12741 12742 12749 12752 12764 12779 12923 12938 12942 13014 13023 13051
 13075 13084 13097 13126 13145 13148 13177 13191 13229 13263 13290 13304
 13319 13337 13351 13392 13395 13403 13421 13460 13507 13574 13581 13582
 13609 13648 13657 13659 13668 13672 13693 13758 13771 13793 13795 13800
 13806 13869 13957 14039 14047 14063 14112 14235 14255 14303 14380 14431
 14454 14466 14535 14589 14590 14614 14629 14668 14748 14874 14926 14929
 14935 14952 14956 14958 14961 15000 15008 15029 15065 15105 15135 15150
 15177 15321 15335 15345 15350 15362 15420 15431 15441 15450 15462 15489
 15538 15541 15577 15591 15610 15708 15725 15811 15826 15856 15892 15911
 15913 15926 15958 16038 16040 16086 16124 16142 16151 16196 16227 16243
 16256 16277 16303 16336 16339 16383 16391 16399 16459 16546 16608 16611
 16614 16624 16644 16665 16745 16791 16806 16819 16832 16841 16896 16935
 16972 17031 17059 17062 17063 17073 17090 17107 17118 17120 17179 17189
 17204 17214 17295 17310 17312 17394 17447 17501 17518 17531 17555 17561
 17585 17692 17711 17724 17742 17754 17764 17804 17811 17818 17823 17836
 17856 17871 17884 17898 17929 17955 18001 18012 18044 18056 18170 18176
 18190 18206 18248 18262 18271 18285 18329 18368 18377 18469 18497 18507
 18509 18519 18642 18675 18685 18723 18756 18766 18802 18812 18830 18874
 18897 18954 18965 19008 19010 19019 19046 19062 19064 19112 19144 19153
 19174 19214 19224 19268 19293 19309 19342 19367 19382 19410 19437 19443
 19457 19472 19477 19491 19504 19551 19568 19655 19682 19683 19689 19696
 19707 19709 19714 19762 19772 19884 19910 19943 20001 20042 20058 20061
 20085 20125 20163 20191 20198 20282 20320 20369 20397 20405 20409 20410
 20445 20475 20480 20490 20493 20523 20552 20590 20596 20629 20638 20644
 20660 20664 20695 20724 20741 20742 20777 20802 20891 20916 20930 20933
 20939 20959 21015 21018 21026 21049 21078 21084 21086 21093 21095 21113
 21134 21138 21140 21159 21194 21267 21268 21275 21323 21326 21333 21374
 21378 21388 21395 21403 21412 21417 21430 21431 21434 21451 21465 21478
 21483 21488 21493 21516 21523 21631 21635 21639 21672 21673 21724 21792
 21824 21833 21862 21870 21872 21877 21908 21927 21962 21980 21985 21995
 22004 22018 22019 22089 22109 22125 22143 22161 22164 22168 22187 22215
 22236 22240 22245 22268 22275 22293 22336 22349 22405 22420 22449 22450
 22453 22483 22485 22642 22669 22702 22712 22766 22792 22811 22841 22893
 22910 22918 22937 22945 22971 22993 23009 23028 23067 23083 23111 23119
 23188 23201 23204 23240 23242 23245 23249 23307 23333 23347 23353 23379
 23402 23429 23435 23491 23584 23615 23634 23702 23734 23744 23750 23757
 23776 23784 23840 23888 23922 23926 23936 23949 23973 24027 24045 24102
 24155 24347 24369 24391 24407 24421 24457 24479 24497 24555 24587 24655
 24702 24722 24726 24747 24761 24763 24768 24782 24783 24806 24810 24812
 24822 24833 24862 24891 24899 24913 24968 25047 25086 25098 25123 25136
 25266 25301 25384 25407 25466 25570 25595 25731 25744 25750 25780 25807
 25811 25819 25836 25868 25870 25874 25880 25903 25905 25971 25983 26010
 26051 26063 26067 26147 26157 26188 26211 26227 26235 26282 26293 26325
 26329 26378 26386 26407 26440 26508 26512 26565 26588 26602 26623 26696
 26718 26740 26751 26785 26829 26831 26857 26896 26905 26933 26980 26991
 27041 27106 27110 27156 27174 27222 27229 27267 27305 27328 27362 27408
 27435 27448 27468 27488 27491 27508 27576 27640 27703 27711 27775 27801
 27835 27850 27889 27896 27940 28015 28112 28128 28134 28166 28179 28186
 28202 28252 28258 28264 28265 28285 28293 28312 28407 28409 28432 28436
 28445 28469 28475 28483 28584 28592 28594 28603 28604 28629 28680 28695
 28723 28734 28763 28764 28791 28809 28832 28837 28860 28910 28986 28991
 29015 29065 29241 29244 29263 29292 29333 29343 29365 29380 29409 29451
 29461 29495 29516 29540 29551 29610 29614 29640 29661 29664 29673 29682
 29693 29833 29841 29866 29912 29924 29942 29967 29982 30013 30066 30067
 30072 30107 30192 30195 30225 30322 30346 30355 30360 30391 30437 30470
 30473 30474 30479 30482 30484 30513 30542 30549 30555 30600 30611 30631
 30647 30673 30683 30707 30735 30763 30792 30803 30809 30818 30986 31018
 31030 31106 31114 31145 31193 31208 31231 31261 31272 31275 31331 31333
 31411 31447 31502 31524 31639 31645 31658 31669 31724 31767 31770 31828
 31840 31871 31905 31934 31954 31973 32003 32017 32117 32208 32227 32239
 32276 32282 32286 32300 32379 32440 32487 32488 32518 32524 32659 32750
 32857 32869 32899 32925 32932 32953 32987 32998 33007 33012 33022 33157
 33173 33239 33288 33310 33311 33317 33425 33442 33447 33452 33454 33456
 33460 33494 33508 33537 33556 33562 33565 33567 33599 33608 33639 33651
 33680 33746 33797 33802 33870 33914 33919 33964 34016 34022 34033 34037
 34056 34068 34078 34092 34119 34122 34151 34159 34160 34173 34187 34191
 34194 34198 34210 34238 34239 34294 34387 34390 34405 34417 34474 34500
 34535 34565 34572 34579 34606 34636 34681 34713 34756 34760 34821 34845
 34850 34913 34925 34952 34988 34992 35007 35033 35040 35043 35045 35059
 35070 35155 35190 35217 35250 35267 35282 35285 35314 35327 35333 35345
 35385 35394 35463 35469 35497 35512 35517 35629 35636 35656 35665 35702
 35707 35730 35756 35769 35796 35890 35924 35933 36017 36034 36037 36085
 36107 36110 36113 36127 36143 36164 36226 36292 36349 36386 36405 36445
 36468 36509 36528 36533 36568 36616 36633 36669 36715 36737 36744 36761
 36775 36849 36851 36872 36873 36942 37010 37030 37047 37075 37106 37140
 37147 37180 37193 37249 37294 37304 37381 37463 37493 37508 37603 37610
 37620 37621 37668 37687 37711 37722 37831 37847 37885 37916 38038 38040
 38070 38102 38120 38130 38177 38197 38280 38284 38287 38298 38322 38412
 38419 38433 38505 38510 38514 38559 38580 38732 38744 38840 38841 38879
 38920 38948 38949 38958 38965 38979 38986 38987 39054 39061 39075 39117
 39187 39205 39208 39237 39299 39310 39324 39338 39346 39349 39368 39430
 39451 39463 39465 39499 39512 39516 39651 39661 39680 39683 39689 39700
 39701 39704 39721 39743 39777 39805 39821 39857 39876 39883 39909 39930
 39942 39970 39975 39978 40031 40067 40094 40123 40149 40188 40210 40290
 40355 40415 40417 40428 40483 40529 40564 40592 40615 40633 40667 40691
 40732 40759 40773 40784 40870 40881 40887 40940 40959 40993 40998 41021
 41104 41141 41144 41176 41180 41230 41262 41265 41284 41296 41308 41333
 41362 41368 41383 41454 41458 41493 41503 41522 41560 41573 41580 41594
 41636 41649 41679 41695 41718 41731 41733 41734 41757 41857 41920 41935
 41937 41975 41979 41981 42001 42062 42091 42147 42149 42153 42215 42228
 42292 42314 42315 42333 42341 42419 42428 42442 42460 42465 42504 42553
 42575 42593 42619 42660 42668 42670 42691 42710 42785 42793 42805 42811
 42818 42860 42888 42907 42910 42911 42919 42924 42959 42980 43095 43098
 43212 43214 43228 43231 43348 43363 43371 43423 43475 43521 43561 43586
 43603 43604 43609 43623 43726 43738 43775 43778 43779 43840 43910 43941
 43969 44026 44039 44045 44086 44131 44132 44162 44289 44322 44389 44390
 44438 44442 44449 44457 44526 44527 44533 44553 44577 44605 44617 44645
 44653 44665 44676 44731 44753 44770 44842 44847 44865 44896 44982 45039
 45084 45136 45149 45213 45228 45240 45242 45267 45286 45297 45306 45318
 45358 45364 45376 45391 45399 45427 45461 45510 45530 45576 45579 45609
 45622 45656 45719 45724 45741 45764 45766 45778 45824 45825 45827 45938
 45955 46019 46054 46138 46148 46161 46200 46221 46276 46309 46418 46489
 46512 46532 46534 46535 46539 46556 46571 46625 46684 46692 46704 46705
 46707 46742 46777 46807 46818 46894 46926 47099 47119 47141 47142 47146
 47186 47216 47226 47306 47312 47398 47452 47625 47684 47715 47779 47787
 47795 47797 47803 47863 47891 47966 48029 48085 48117 48139 48149 48164
 48211 48221 48280 48337 48340 48353 48411 48428 48433 48444 48505 48529
 48542 48570 48572 48670 48713 48715 48791 48874 48875 48890 48996 49025
 49084 49087 49097 49100 49115 49146 49235 49284 49316 49347 49404 49431]
[0.488, 0.5245, 0.4296028880866426, 0.28005865102639294, 0.42506265664160403, 0.5444444444444444, 0.4405, 0.6151809355692851, 0.624, 0.5502283105022832]
[2000, 2000, 277, 682, 1995, 1620, 2000, 1133, 2000, 1752]
