[array([   76,   105,   201,   204,   218,   224,   225,   268,   315,
         318,   403,   440,   469,   490,   563,   612,   674,   701,
         747,   866,   876,   955,   970,  1042,  1094,  1106,  1128,
        1177,  1208,  1221,  1267,  1539,  1573,  1608,  1609,  1667,
        1684,  1807,  1814,  1892,  1898,  1932,  1961,  2002,  2155,
        2191,  2287,  2305,  2405,  2428,  2459,  2578,  2616,  2634,
        2640,  2646,  2773,  2857,  2863,  2864,  2933,  2995,  3020,
        3206,  3207,  3251,  3307,  3337,  3360,  3436,  3566,  3634,
        3645,  3703,  3723,  3734,  3825,  3853,  4007,  4187,  4254,
        4321,  4396,  4467,  4516,  4525,  4545,  4602,  4643,  4649,
        4719,  4928,  4929,  4965,  4970,  5097,  5149,  5154,  5186,
        5280,  5302,  5338,  5380,  5411,  5448,  5511,  5610,  5616,
        5619,  5775,  5886,  5915,  6173,  6307,  6354,  6464,  6511,
        6517,  6563,  6582,  6597,  6600,  6974,  7033,  7075,  7222,
        7404,  7576,  7616,  7628,  7647,  7663,  7704,  7784,  7926,
        7932,  7955,  8093,  8107,  8115,  8130,  8138,  8148,  8207,
        8212,  8227,  8234,  8240,  8246,  8267,  8345,  8433,  8482,
        8502,  8559,  8605,  8667,  8670,  8674,  8733,  8738,  8752,
        8857,  9007,  9159,  9177,  9210,  9247,  9265,  9289,  9366,
        9559,  9590,  9612,  9794,  9860,  9887,  9978, 10031, 10100,
       10277, 10304, 10355, 10397, 10435, 10527, 10617, 10623, 10648,
       10669, 10705, 10758, 10797, 10862, 10934, 11026, 11106, 11125,
       11267, 11292, 11374, 11377, 11395, 11413, 11440, 11480, 11483,
       11485, 11569, 11624, 11973, 11981, 12039, 12070, 12132, 12221,
       12270, 12487, 12532, 12533, 12581, 12586, 12610, 12661, 12699,
       12704, 12732, 12740, 12791, 12825, 12879, 12880, 12929, 12933,
       12947, 13043, 13068, 13085, 13138, 13170, 13184, 13222, 13233,
       13255, 13282, 13377, 13398, 13526, 13534, 13538, 13610, 13631,
       13632, 13655, 13662, 13755, 13779, 13821, 13835, 13869, 13956,
       13957, 13969, 13971, 14097, 14133, 14228, 14284, 14448, 14460,
       14684, 14800, 14853, 14914, 14920, 14945, 14946, 14959, 14987,
       15053, 15106, 15130, 15145, 15308, 15328, 15337, 15407, 15429,
       15438, 15450, 15477, 15526, 15531, 15550, 15712, 15798, 15813,
       15854, 15879, 15891, 15912, 15929, 16023, 16092, 16109, 16242,
       16277, 16319, 16321, 16373, 16493, 16511, 16554, 16595, 16598,
       16603, 16766, 16775, 16790, 16869, 17003, 17055, 17101, 17159,
       17184, 17194, 17257, 17291, 17293, 17375, 17482, 17511, 17520,
       17535, 17541, 17565, 17579, 17631, 17692, 17713, 17785, 17792,
       17799, 17804, 17837, 17852, 17911, 17981, 18021, 18168, 18247,
       18261, 18388, 18445, 18486, 18530, 18782, 18879, 18936, 19002,
       19126, 19157, 19206, 19211, 19290, 19323, 19349, 19373, 19392,
       19396, 19419, 19687, 19741, 20021, 20037, 20042, 20065, 20101,
       20236, 20378, 20386, 20391, 20404, 20411, 20426, 20469, 20503,
       20525, 20551, 20571, 20618, 20784, 20897, 20920, 20957, 20985,
       21031, 21075, 21115, 21224, 21242, 21308, 21333, 21370, 21391,
       21408, 21451, 21461, 21466, 21489, 21496, 21647, 21683, 21882,
       21901, 21959, 21993, 22101, 22137, 22190, 22243, 22250, 22311,
       22324, 22460, 22621, 22649, 22683, 22783, 22792, 22824, 22875,
       22906, 22920, 22947, 22954, 22977, 23006, 23012, 23036, 23051,
       23123, 23190, 23208, 23231, 23332, 23363, 23489, 23595, 23715,
       23797, 23869, 23904, 23917, 24026, 24137, 24159, 24330, 24355,
       24404, 24443, 24468, 24488, 24574, 24750, 24755, 24807, 24919,
       24927, 25119, 25131, 25284, 25315, 25324, 25367, 25389, 25427,
       25450, 25540, 25579, 25650, 25726, 25729, 25732, 25794, 25796,
       25802, 25807, 25854, 25864, 25887, 25955, 25967, 26027, 26045,
       26167, 26327, 26366, 26411, 26492, 26546, 26603, 26753, 26836,
       26843, 26918, 26972, 27022, 27087, 27169, 27268, 27286, 27308,
       27412, 27426, 27447, 27449, 27504, 27514, 27545, 27553, 27557,
       27714, 27843, 27873, 27889, 27922, 27988, 28049, 28244, 28297,
       28333, 28393, 28395, 28404, 28471, 28528, 28591, 28592, 28668,
       28708, 28811, 28820, 28848, 28853, 28897, 28914, 28936, 28973,
       29271, 29288, 29367, 29482, 29503, 29598, 29629, 29653, 29660,
       29662, 29868, 29871, 29939, 29955, 30060, 30094, 30106, 30145,
       30180, 30183, 30264, 30379, 30458, 30537, 30588, 30641, 30753,
       30774, 30792, 30798, 30807, 30847, 30859, 31018, 31223, 31269,
       31300, 31439, 31451, 31453, 31517, 31823, 31835, 31929, 31969,
       32014, 32163, 32235, 32276, 32413, 32507, 32513, 32517, 32603,
       32845, 32857, 32912, 32976, 33442, 33491, 33518, 33545, 33591,
       33729, 33874, 33897, 33902, 34005, 34026, 34039, 34102, 34133,
       34141, 34219, 34276, 34550, 34615, 34618, 34650, 34662, 34701,
       34738, 34892, 35010, 35039, 35153, 35205, 35246, 35342, 35376,
       35429, 35529, 35612, 35662, 35709, 35776, 35849, 35910, 35916,
       36014, 36328, 36365, 36384, 36438, 36449, 36469, 36514, 36613,
       36637, 36681, 36831, 37006, 37030, 37037, 37082, 37120, 37230,
       37367, 37589, 37697, 37830, 37833, 37852, 37903, 38042, 38105,
       38115, 38182, 38265, 38308, 38331, 38398, 38405, 38536, 38657,
       38729, 38770, 38788, 38824, 38972, 39044, 39125, 39186, 39193,
       39213, 39293, 39321, 39329, 39350, 39445, 39482, 39635, 39645,
       39657, 39683, 39684, 39703, 39725, 39752, 39760, 39804, 39821,
       39870, 39894, 39964, 40179, 40336, 40383, 40410, 40426, 40558,
       40753, 40767, 40775, 40779, 40946, 40961, 40976, 41016, 41102,
       41118, 41186, 41248, 41257, 41446, 41450, 41484, 41492, 41533,
       41587, 41629, 41665, 41707, 41713, 41916, 41922, 41924, 41967,
       42021, 42032, 42064, 42134, 42136, 42140, 42279, 42301, 42302,
       42328, 42486, 42612, 42704, 42767, 42777, 42797, 42803, 42845,
       42902, 42911, 43159, 43164, 43222, 43240, 43352, 43465, 43474,
       43512, 43576, 43679, 43730, 43832, 43872, 43902, 43928, 43933,
       44076, 44129, 44159, 44167, 44208, 44212, 44309, 44317, 44376,
       44386, 44502, 44524, 44610, 44638, 44647, 44680, 44751, 44977,
       45026, 45142, 45222, 45351, 45358, 45365, 45540, 45573, 45616,
       45674, 45715, 45720, 45761, 45811, 46019, 46054, 46138, 46149,
       46313, 46493, 46516, 46544, 46545, 46569, 46692, 46700, 46713,
       46715, 46899, 47046, 47192, 47316, 47318, 47719, 47833, 47969,
       48086, 48145, 48150, 48189, 48198, 48414, 48436, 48577, 48675,
       48693, 48723, 48878, 48879, 48914, 49008, 49119, 49145, 49285,
       49361, 49409]), array([   67,    76,   105,   139,   201,   218,   224,   315,   318,
         403,   440,   469,   490,   612,   674,   866,   876,   881,
         955,  1042,  1094,  1177,  1208,  1221,  1267,  1539,  1573,
        1608,  1609,  1620,  1635,  1814,  1892,  1932,  1961,  2002,
        2115,  2155,  2191,  2287,  2405,  2428,  2459,  2616,  2634,
        2640,  2857,  2863,  2864,  2933,  2960,  2995,  3020,  3102,
        3104,  3206,  3207,  3251,  3337,  3360,  3436,  3458,  3566,
        3634,  3645,  3703,  3734,  3825,  3943,  4179,  4187,  4254,
        4321,  4396,  4467,  4525,  4545,  4602,  4643,  4649,  4719,
        4928,  4965,  4970,  5154,  5186,  5280,  5338,  5380,  5411,
        5448,  5511,  5610,  5775,  5886,  5915,  6173,  6307,  6354,
        6464,  6511,  6517,  6563,  6582,  6595,  6597,  6974,  7033,
        7075,  7206,  7218,  7222,  7271,  7276,  7404,  7576,  7616,
        7622,  7628,  7630,  7647,  7663,  7704,  7784,  7824,  7932,
        8115,  8130,  8207,  8227,  8240,  8246,  8267,  8345,  8433,
        8482,  8502,  8528,  8667,  8670,  8674,  8738,  8752,  8998,
        9007,  9159,  9177,  9210,  9247,  9265,  9289,  9366,  9559,
        9590,  9597,  9612,  9794,  9860,  9887, 10031, 10100, 10304,
       10355, 10435, 10523, 10527, 10623, 10648, 10669, 10705, 10758,
       10797, 10862, 10934, 11026, 11080, 11106, 11125, 11267, 11292,
       11377, 11395, 11413, 11440, 11480, 11485, 11624, 11662, 11973,
       11981, 12039, 12132, 12221, 12270, 12487, 12532, 12533, 12581,
       12586, 12610, 12661, 12699, 12704, 12732, 12740, 12880, 12919,
       12929, 12933, 13043, 13068, 13085, 13138, 13170, 13222, 13233,
       13255, 13282, 13377, 13398, 13526, 13534, 13538, 13610, 13631,
       13655, 13662, 13779, 13821, 13835, 13869, 13957, 13969, 14077,
       14097, 14133, 14228, 14284, 14448, 14612, 14800, 14914, 14920,
       14941, 14946, 14959, 14987, 15106, 15130, 15145, 15308, 15337,
       15407, 15429, 15438, 15450, 15477, 15526, 15531, 15712, 15798,
       15813, 15912, 15929, 16023, 16242, 16277, 16373, 16441, 16493,
       16511, 16554, 16595, 16628, 16766, 16790, 16869, 17055, 17101,
       17159, 17184, 17194, 17257, 17265, 17291, 17293, 17375, 17482,
       17499, 17511, 17535, 17565, 17579, 17663, 17692, 17713, 17785,
       17792, 17799, 17804, 17837, 17852, 17911, 17981, 18021, 18168,
       18247, 18261, 18388, 18445, 18530, 18837, 18879, 18936, 19002,
       19101, 19157, 19211, 19323, 19349, 19363, 19373, 19396, 19419,
       19472, 19687, 19771, 20021, 20037, 20042, 20065, 20101, 20236,
       20258, 20378, 20386, 20391, 20411, 20426, 20469, 20503, 20525,
       20551, 20571, 20618, 20784, 20897, 20920, 20925, 20985, 21031,
       21075, 21115, 21224, 21242, 21308, 21333, 21370, 21391, 21408,
       21424, 21451, 21461, 21466, 21489, 21496, 21647, 21683, 21845,
       21882, 21901, 21993, 22101, 22190, 22243, 22250, 22311, 22460,
       22621, 22649, 22683, 22783, 22792, 22824, 22875, 22901, 22905,
       22906, 22920, 22954, 22977, 23006, 23012, 23036, 23089, 23208,
       23231, 23332, 23363, 23412, 23595, 23715, 23797, 23904, 24026,
       24137, 24294, 24330, 24355, 24404, 24443, 24468, 24488, 24574,
       24750, 24755, 24807, 24919, 24927, 25119, 25131, 25284, 25315,
       25324, 25450, 25540, 25579, 25729, 25732, 25794, 25796, 25802,
       25807, 25854, 25864, 25994, 26045, 26167, 26327, 26411, 26546,
       26753, 26836, 27022, 27169, 27268, 27286, 27308, 27340, 27412,
       27447, 27449, 27504, 27514, 27553, 27714, 27843, 27873, 27889,
       27922, 27988, 28049, 28244, 28297, 28333, 28393, 28395, 28404,
       28471, 28528, 28591, 28592, 28668, 28708, 28811, 28820, 28848,
       28897, 28914, 28973, 29288, 29367, 29451, 29503, 29653, 29660,
       29662, 29868, 29871, 29939, 29955, 30060, 30094, 30106, 30183,
       30264, 30458, 30585, 30588, 30641, 30753, 30774, 30792, 30798,
       30859, 31018, 31223, 31269, 31383, 31439, 31444, 31451, 31453,
       31517, 31742, 31823, 31835, 31926, 31929, 31969, 32014, 32235,
       32276, 32507, 32513, 32628, 32845, 32857, 32912, 33117, 33442,
       33491, 33518, 33545, 33552, 33591, 33717, 33729, 33874, 33897,
       34005, 34026, 34039, 34133, 34141, 34219, 34276, 34550, 34615,
       34662, 34682, 34701, 34738, 34892, 35039, 35153, 35205, 35376,
       35447, 35612, 35615, 35662, 35709, 35776, 35849, 35910, 35916,
       36014, 36365, 36384, 36449, 36469, 36514, 36613, 36637, 36831,
       37006, 37030, 37037, 37082, 37120, 37230, 37283, 37367, 37697,
       37833, 37852, 37903, 37950, 38042, 38105, 38115, 38182, 38265,
       38308, 38331, 38398, 38405, 38536, 38657, 38770, 38788, 38824,
       38972, 39044, 39125, 39186, 39194, 39293, 39321, 39329, 39350,
       39445, 39447, 39482, 39634, 39635, 39657, 39703, 39752, 39760,
       39804, 39821, 39894, 39964, 40017, 40336, 40383, 40410, 40426,
       40558, 40689, 40753, 40767, 40779, 40838, 40946, 40959, 40961,
       40976, 41016, 41102, 41118, 41135, 41186, 41248, 41257, 41446,
       41450, 41484, 41492, 41533, 41587, 41629, 41713, 41916, 41922,
       41967, 41986, 42021, 42023, 42032, 42134, 42136, 42140, 42279,
       42301, 42302, 42612, 42704, 42767, 42789, 42797, 42803, 42845,
       42902, 42911, 43159, 43164, 43182, 43240, 43352, 43465, 43474,
       43506, 43512, 43576, 43679, 43730, 43832, 43872, 43902, 43928,
       44076, 44129, 44150, 44159, 44167, 44208, 44212, 44284, 44309,
       44376, 44502, 44519, 44524, 44610, 44638, 44647, 44680, 44751,
       44956, 44977, 45026, 45142, 45222, 45358, 45503, 45540, 45573,
       45616, 45674, 45715, 45720, 45761, 45811, 46054, 46138, 46149,
       46313, 46493, 46516, 46545, 46692, 46700, 46715, 46899, 47043,
       47046, 47316, 47617, 47719, 47809, 47969, 48145, 48150, 48189,
       48198, 48414, 48436, 48577, 48675, 48693, 48723, 48769, 48795,
       48879, 48914, 49099, 49119, 49285, 49361, 49409, 49432, 49498]), array([  105,   201,   218,   224,   318,   469,   490,   612,   747,
         866,   876,   881,   955,  1042,  1094,  1177,  1208,  1221,
        1267,  1539,  1608,  1609,  1684,  1892,  1961,  2002,  2155,
        2191,  2287,  2305,  2405,  2428,  2459,  2640,  2857,  2863,
        2864,  2933,  2995,  3020,  3206,  3207,  3251,  3360,  3436,
        3458,  3634,  3645,  3703,  3734,  3825,  4179,  4254,  4396,
        4525,  4643,  4649,  4719,  4928,  4953,  4965,  4970,  5154,
        5186,  5280,  5338,  5380,  5411,  5448,  5775,  5832,  5886,
        5915,  6173,  6307,  6354,  6464,  6517,  6563,  7000,  7075,
        7576,  7616,  7622,  7628,  7663,  7704,  7784,  7824,  7932,
        8115,  8130,  8240,  8267,  8345,  8433,  8482,  8502,  8667,
        8670,  8674,  8733,  8738,  8752,  9007,  9159,  9177,  9210,
        9265,  9289,  9366,  9559,  9597,  9612,  9794,  9887, 10100,
       10435, 10523, 10617, 10623, 10648, 10669, 10758, 10797, 10862,
       10934, 11026, 11125, 11267, 11292, 11374, 11377, 11395, 11413,
       11440, 11480, 11485, 11624, 11973, 12039, 12132, 12135, 12221,
       12270, 12487, 12532, 12610, 12677, 12740, 12791, 12797, 12880,
       12929, 12933, 13043, 13068, 13085, 13088, 13184, 13222, 13282,
       13377, 13398, 13526, 13534, 13538, 13610, 13655, 13662, 13779,
       13821, 13869, 13969, 13971, 14097, 14228, 14448, 14800, 14914,
       14920, 14946, 14959, 15106, 15145, 15308, 15337, 15407, 15429,
       15438, 15450, 15526, 15531, 15712, 15798, 15813, 15912, 15929,
       16023, 16242, 16277, 16319, 16373, 16493, 16554, 16595, 16766,
       16775, 16869, 17055, 17101, 17184, 17194, 17257, 17291, 17293,
       17375, 17482, 17499, 17511, 17519, 17565, 17579, 17692, 17785,
       17792, 17804, 17837, 17852, 17911, 17981, 18021, 18168, 18247,
       18261, 18388, 18445, 18530, 18879, 18917, 18936, 19002, 19157,
       19323, 19349, 19419, 19563, 19771, 20021, 20037, 20042, 20378,
       20386, 20391, 20411, 20426, 20469, 20503, 20551, 20618, 20784,
       20897, 20920, 20925, 20957, 20985, 21031, 21075, 21115, 21333,
       21370, 21391, 21408, 21451, 21461, 21466, 21489, 21496, 21647,
       21683, 21882, 21901, 21993, 22101, 22243, 22250, 22311, 22460,
       22621, 22649, 22683, 22783, 22792, 22875, 22901, 22906, 22920,
       22954, 22977, 23006, 23012, 23208, 23231, 23363, 23412, 23595,
       23715, 23797, 23904, 24026, 24137, 24330, 24355, 24488, 24574,
       24750, 24755, 24807, 25119, 25315, 25324, 25540, 25579, 25729,
       25794, 25796, 25802, 25807, 25864, 25994, 26045, 26327, 26411,
       26546, 26753, 26836, 27022, 27169, 27268, 27308, 27340, 27412,
       27447, 27449, 27514, 27553, 27843, 27873, 27889, 27988, 28049,
       28244, 28297, 28333, 28393, 28395, 28404, 28471, 28528, 28591,
       28592, 28668, 28708, 28820, 28848, 28897, 28973, 29271, 29288,
       29367, 29503, 29660, 29662, 29868, 29871, 29939, 29955, 30060,
       30094, 30264, 30458, 30588, 30641, 30753, 30774, 30792, 30798,
       30859, 31018, 31269, 31383, 31451, 31453, 31517, 31742, 31823,
       31835, 31969, 32014, 32163, 32235, 32276, 32507, 32513, 32628,
       33117, 33518, 33545, 33591, 33729, 33897, 34005, 34039, 34219,
       34276, 34550, 34615, 34662, 34701, 34738, 34824, 34892, 35039,
       35153, 35205, 35376, 35612, 35662, 35709, 35776, 35910, 35916,
       36014, 36365, 36384, 36469, 36514, 36613, 36637, 36831, 37030,
       37037, 37120, 37230, 37283, 37367, 37852, 37903, 37950, 38105,
       38115, 38182, 38265, 38308, 38331, 38398, 38536, 38770, 38788,
       38972, 39125, 39186, 39293, 39321, 39329, 39350, 39445, 39482,
       39657, 39703, 39760, 39804, 39894, 40017, 40336, 40383, 40426,
       40558, 40689, 40753, 40779, 40838, 40946, 40959, 40961, 41016,
       41102, 41118, 41135, 41186, 41248, 41257, 41446, 41450, 41492,
       41533, 41629, 41916, 41922, 42021, 42032, 42134, 42136, 42140,
       42279, 42612, 42767, 42797, 42803, 42845, 42911, 43159, 43164,
       43240, 43352, 43465, 43506, 43679, 43730, 43832, 43872, 43902,
       43928, 44076, 44129, 44159, 44167, 44208, 44212, 44309, 44376,
       44438, 44519, 44524, 44610, 44647, 44680, 44751, 44977, 45026,
       45222, 45358, 45573, 45616, 45674, 45715, 45720, 45761, 45811,
       46054, 46138, 46149, 46313, 46493, 46516, 46545, 46692, 46700,
       46715, 47043, 47316, 47617, 47719, 47969, 48145, 48150, 48189,
       48414, 48436, 48538, 48577, 48675, 48693, 48723, 48769, 48795,
       48879, 48914, 49119, 49285, 49409]), array([  105,   201,   218,   224,   318,   469,   612,   866,   876,
         881,  1042,  1094,  1177,  1267,  1539,  1608,  1609,  1932,
        1961,  2002,  2191,  2287,  2305,  2459,  2640,  2857,  2863,
        2933,  2995,  3020,  3206,  3251,  3360,  3436,  3458,  3634,
        3645,  3703,  3734,  3825,  4076,  4396,  4525,  4643,  4649,
        4928,  4965,  4970,  5186,  5280,  5380,  5411,  5886,  5915,
        6173,  6354,  6464,  6517,  6563,  7075,  7616,  7628,  7663,
        7704,  7784,  7824,  7932,  8115,  8240,  8267,  8345,  8433,
        8502,  8605,  8674,  8738,  8752,  9159,  9210,  9265,  9289,
        9559,  9612,  9794,  9887, 10100, 10355, 10523, 10623, 10648,
       10669, 10797, 10862, 10934, 11026, 11125, 11267, 11292, 11374,
       11413, 11440, 11480, 11485, 11624, 11973, 12221, 12487, 12532,
       12610, 12740, 12880, 12933, 13043, 13068, 13085, 13222, 13282,
       13377, 13398, 13526, 13655, 13779, 13821, 13869, 13969, 14097,
       14228, 14448, 14612, 14800, 14920, 14941, 14959, 15145, 15308,
       15337, 15407, 15438, 15477, 15712, 15813, 15912, 15929, 16023,
       16242, 16373, 16493, 16554, 16766, 16869, 17055, 17101, 17159,
       17194, 17293, 17375, 17482, 17565, 17579, 17692, 17785, 17792,
       17804, 17837, 17852, 17911, 18168, 18247, 18261, 18388, 18445,
       18530, 18936, 19002, 19157, 19349, 20042, 20378, 20386, 20391,
       20426, 20469, 20503, 20551, 20571, 20618, 20784, 20920, 20957,
       21031, 21075, 21115, 21224, 21333, 21370, 21391, 21408, 21451,
       21461, 21466, 21647, 21683, 21882, 21901, 22101, 22243, 22250,
       22311, 22460, 22649, 22783, 22792, 22875, 22901, 22920, 22954,
       22977, 23006, 23208, 23231, 23363, 23412, 23595, 23715, 23797,
       24026, 24355, 24468, 24488, 24574, 24750, 24755, 25119, 25315,
       25324, 25540, 25579, 25794, 25802, 25807, 25864, 26045, 26546,
       26753, 27022, 27169, 27308, 27340, 27449, 27514, 27553, 27843,
       27873, 27889, 27988, 28049, 28244, 28333, 28393, 28471, 28668,
       28820, 28897, 28973, 29288, 29503, 29660, 29868, 29871, 29939,
       29955, 30060, 30458, 30585, 30588, 30641, 30753, 30774, 30792,
       30859, 31018, 31269, 31451, 31453, 31517, 31742, 31835, 31969,
       32014, 32235, 32276, 32507, 33117, 33518, 33545, 33729, 34005,
       34219, 34662, 34738, 34892, 35153, 35205, 35376, 35612, 35662,
       35709, 35910, 35916, 36014, 36365, 36384, 36514, 36613, 36637,
       36831, 37030, 37037, 37120, 37230, 37283, 37367, 37852, 37903,
       37950, 38105, 38182, 38398, 38770, 38788, 38972, 39125, 39186,
       39321, 39329, 39350, 39445, 39482, 39634, 39703, 39760, 39804,
       39894, 40336, 40426, 40558, 40689, 40753, 40779, 40946, 40961,
       41016, 41102, 41135, 41186, 41450, 41484, 41492, 41533, 41587,
       41922, 42021, 42032, 42134, 42136, 42140, 42279, 42767, 42797,
       42845, 42911, 43159, 43240, 43352, 43465, 43576, 43872, 43902,
       44076, 44129, 44167, 44212, 44309, 44376, 44524, 44647, 44680,
       44751, 44977, 45026, 45222, 45358, 45573, 45616, 45674, 45715,
       45811, 46054, 46138, 46149, 46313, 46516, 46545, 46692, 46715,
       47046, 47316, 47617, 47719, 47809, 47969, 48145, 48150, 48414,
       48436, 48577, 48675, 48693, 48723, 48795, 48879, 49119, 49285,
       49409]), array([  105,   201,   218,   224,   315,   318,   403,   469,   612,
         866,   876,   881,  1042,  1094,  1177,  1208,  1539,  1608,
        1609,  2002,  2191,  2428,  2459,  2640,  2863,  2933,  2995,
        3020,  3206,  3251,  3360,  3436,  3458,  3634,  3645,  3825,
        4396,  4525,  4643,  4649,  4928,  4970,  5186,  5280,  5380,
        5411,  5511,  5886,  5915,  6173,  6354,  6464,  6517,  7000,
        7616,  7628,  7663,  7824,  7932,  8115,  8267,  8433,  8502,
        8674,  8738,  8752,  8998,  9210,  9265,  9289,  9559,  9794,
        9887, 10031, 10100, 10277, 10648, 10669, 10862, 10934, 11026,
       11125, 11267, 11413, 11440, 11480, 11485, 11624, 11973, 12039,
       12221, 12532, 12610, 12677, 12704, 12791, 12880, 12933, 13068,
       13085, 13088, 13222, 13282, 13377, 13398, 13526, 13534, 13655,
       13779, 13821, 13969, 14097, 14228, 14448, 14612, 14800, 14920,
       14959, 15145, 15308, 15337, 15407, 15438, 15712, 15813, 15929,
       16023, 16242, 16319, 16373, 16554, 16766, 16869, 17055, 17101,
       17194, 17293, 17375, 17482, 17519, 17565, 17579, 17692, 17785,
       17792, 17804, 17837, 17852, 17911, 17981, 18168, 18247, 18261,
       18530, 18879, 18936, 19002, 19157, 19323, 19349, 20378, 20386,
       20391, 20411, 20426, 20469, 20551, 20618, 20784, 21031, 21075,
       21115, 21370, 21391, 21408, 21451, 21466, 21647, 21683, 21882,
       21901, 22243, 22311, 22460, 22649, 22783, 22792, 22875, 22901,
       22920, 22954, 22977, 23006, 23012, 23208, 23231, 23363, 23412,
       23595, 23715, 23788, 24026, 24137, 24355, 24443, 24468, 24488,
       24574, 24750, 24755, 25119, 25315, 25324, 25540, 25794, 25802,
       25807, 25864, 26411, 26546, 26753, 27022, 27169, 27308, 27449,
       27504, 27514, 27843, 27873, 27889, 27988, 28049, 28244, 28333,
       28471, 28820, 28897, 28973, 29288, 29503, 29660, 29662, 29868,
       29939, 29955, 30060, 30458, 30588, 30641, 30753, 30774, 30792,
       30798, 30859, 31269, 31451, 31453, 31517, 31742, 31823, 31835,
       31969, 32014, 32163, 32235, 32276, 32507, 33117, 33518, 33545,
       33591, 33729, 33874, 34005, 34219, 34488, 34662, 34738, 34892,
       35153, 35612, 35662, 35709, 35910, 35916, 36365, 36384, 36637,
       36831, 37030, 37037, 37120, 37230, 37283, 37367, 37903, 37950,
       38105, 38115, 38182, 38398, 38657, 38770, 38788, 38972, 39293,
       39329, 39350, 39703, 39760, 39804, 39894, 40336, 40426, 40558,
       40689, 40753, 40779, 40838, 40842, 40946, 41016, 41102, 41186,
       41450, 41492, 41533, 41587, 41922, 42021, 42032, 42136, 42140,
       42279, 42767, 42797, 42845, 42911, 43159, 43164, 43240, 43352,
       43465, 43474, 43902, 44076, 44129, 44309, 44376, 44524, 44647,
       44680, 44751, 44977, 45026, 45222, 45358, 45674, 45715, 45720,
       45761, 45811, 46054, 46138, 46149, 46313, 46516, 46545, 46651,
       46715, 47287, 47316, 47617, 47719, 47969, 48145, 48150, 48414,
       48436, 48577, 48675, 48693, 48723, 48795, 49119, 49285, 49409]), array([  105,   201,   224,   318,   469,   876,   881,   955,  1042,
        1094,  1177,  1539,  1608,  1609,  2002,  2191,  2459,  2863,
        2933,  2995,  3020,  3102,  3206,  3207,  3251,  3360,  3436,
        3458,  3634,  3645,  3703,  3734,  3825,  4396,  4525,  4643,
        4649,  4725,  4965,  5186,  5280,  5380,  5411,  5886,  5915,
        6173,  6354,  6464,  7000,  7271,  7616,  7628,  7663,  7932,
        8267,  8433,  8674,  8738,  8752,  9159,  9210,  9265,  9289,
        9794,  9887, 10031, 10100, 10277, 10648, 10862, 10934, 11026,
       11125, 11267, 11413, 11440, 11480, 11485, 11973, 12039, 12135,
       12221, 12532, 12610, 12791, 12880, 12933, 13068, 13088, 13222,
       13377, 13526, 13534, 13655, 13779, 13821, 13969, 14228, 14448,
       14612, 14800, 14920, 14959, 15106, 15145, 15308, 15337, 15407,
       15438, 15450, 15712, 15813, 15929, 16023, 16242, 16373, 16493,
       16554, 16766, 16869, 17055, 17101, 17159, 17194, 17293, 17375,
       17482, 17565, 17579, 17692, 17785, 17792, 17804, 17837, 17911,
       17981, 18168, 18247, 18261, 18530, 18936, 19002, 19157, 19349,
       20378, 20386, 20391, 20426, 20469, 20551, 20618, 20784, 20957,
       21031, 21075, 21115, 21333, 21391, 21408, 21466, 21683, 21882,
       21901, 22243, 22460, 22649, 22783, 22792, 22875, 22901, 22920,
       22977, 23006, 23208, 23231, 23363, 23595, 23715, 23904, 24026,
       24355, 24468, 24488, 24574, 24750, 24755, 25324, 25540, 25794,
       25802, 25807, 26753, 26836, 26983, 27022, 27169, 27308, 27449,
       27514, 27843, 27873, 27889, 28244, 28333, 28471, 28820, 28897,
       28973, 29503, 29660, 29662, 29868, 29939, 29955, 30060, 30458,
       30588, 30641, 30753, 30774, 30792, 30798, 30859, 31269, 31453,
       31517, 31742, 31835, 31969, 32014, 32235, 32276, 32507, 33117,
       33518, 33545, 33729, 33874, 34005, 34218, 34219, 34701, 34738,
       35205, 35612, 35662, 35709, 35910, 35916, 36365, 36384, 36637,
       36831, 37030, 37037, 37120, 37230, 37283, 37367, 37903, 37950,
       38105, 38115, 38182, 38398, 38770, 39125, 39321, 39329, 39350,
       39635, 39703, 39804, 39894, 40167, 40336, 40426, 40753, 40779,
       40842, 40946, 41016, 41102, 41118, 41186, 41257, 41450, 41492,
       41533, 41922, 42021, 42032, 42134, 42136, 42140, 42279, 42767,
       42845, 42911, 43159, 43240, 43352, 43465, 43902, 44076, 44376,
       44524, 44647, 44680, 44751, 44977, 45026, 45222, 45358, 45674,
       45715, 45761, 45811, 46054, 46138, 46149, 46313, 46516, 46545,
       46715, 47316, 47617, 47719, 47809, 47969, 48150, 48414, 48436,
       48577, 48675, 48693, 48723, 48795, 48879, 49119, 49285, 49409]), array([  105,   224,   318,   469,   876,   955,  1177,  1539,  1608,
        1609,  1932,  1961,  2002,  2191,  2459,  2640,  2863,  2933,
        2995,  3020,  3206,  3207,  3251,  3360,  3436,  3634,  3645,
        3825,  4396,  4525,  4643,  4649,  4928,  5280,  5380,  5411,
        5511,  5886,  5915,  6173,  6354,  6464,  7000,  7075,  7271,
        7616,  7628,  7824,  7932,  8115,  8267,  8433,  8674,  8738,
        8752,  9210,  9265,  9289,  9794,  9887, 10100, 10277, 10648,
       11026, 11125, 11267, 11440, 11480, 11485, 11624, 11973, 12135,
       12221, 12532, 12610, 12933, 13068, 13085, 13377, 13398, 13526,
       13655, 13779, 13821, 13969, 14800, 14920, 14941, 14959, 15145,
       15308, 15337, 15407, 15438, 15813, 15929, 16242, 16373, 16554,
       16869, 17055, 17159, 17194, 17375, 17482, 17565, 17692, 17785,
       17792, 17804, 17837, 17911, 17981, 18168, 18247, 18261, 18388,
       18530, 18879, 19002, 19157, 19349, 20386, 20391, 20469, 20551,
       20618, 20784, 20957, 21031, 21075, 21391, 21408, 21466, 21683,
       21882, 21901, 22101, 22243, 22460, 22649, 22783, 22792, 22875,
       22920, 22977, 23006, 23186, 23208, 23231, 23363, 23595, 23715,
       24026, 24574, 24755, 25315, 25324, 25540, 25794, 25802, 25864,
       26045, 26411, 26753, 27022, 27169, 27308, 27449, 27514, 27873,
       27889, 28244, 28333, 28471, 28820, 28973, 29288, 29503, 29660,
       29868, 29939, 29955, 30060, 30458, 30588, 30753, 30774, 30792,
       30798, 31451, 31453, 31517, 31742, 31835, 31969, 32014, 32235,
       32276, 32507, 33117, 33545, 33552, 33729, 34005, 34218, 34662,
       34738, 35153, 35612, 35662, 35709, 35910, 35916, 36365, 36384,
       36831, 37030, 37120, 37230, 37367, 37903, 37950, 38182, 38398,
       38770, 39125, 39329, 39350, 39635, 39703, 39804, 39894, 40167,
       40336, 40426, 40558, 40689, 40753, 40779, 40946, 41016, 41118,
       41186, 41257, 41450, 41533, 41922, 42021, 42134, 42136, 42140,
       42279, 42767, 42845, 42911, 43159, 43240, 43352, 43465, 43902,
       44076, 44309, 44376, 44610, 44647, 44680, 44751, 44977, 45026,
       45222, 45358, 45674, 45811, 46054, 46138, 46149, 46313, 46516,
       46545, 46715, 47046, 47316, 47617, 47809, 47969, 48414, 48436,
       48577, 48675, 48693, 49119, 49285, 49409]), array([  105,   318,   469,   876,  1177,  1539,  1608,  1609,  2002,
        2191,  2459,  2863,  2933,  2995,  3020,  3206,  3207,  3251,
        3436,  3458,  3634,  3645,  3825,  4396,  4643,  4649,  4928,
        5380,  5411,  5886,  5915,  6173,  6354,  6464,  7000,  7075,
        7271,  7616,  7628,  7824,  8267,  8433,  8674,  8752,  9159,
        9210,  9265,  9289,  9887, 10100, 10277, 10648, 11026, 11125,
       11267, 11440, 11480, 11485, 11624, 11973, 12135, 12221, 12532,
       12610, 12791, 12933, 13085, 13377, 13398, 13655, 13779, 13821,
       13969, 14228, 14612, 14800, 14920, 14959, 15145, 15308, 15337,
       15438, 15929, 16242, 16373, 16554, 16869, 17055, 17101, 17159,
       17194, 17375, 17482, 17565, 17692, 17785, 17792, 17804, 17837,
       17911, 18168, 18247, 18261, 18530, 19002, 19157, 19349, 20386,
       20391, 20469, 20551, 20784, 20957, 21031, 21075, 21115, 21391,
       21683, 21882, 21901, 22243, 22460, 22649, 22783, 22792, 22875,
       22920, 22977, 23006, 23186, 23208, 23231, 23363, 23412, 23715,
       24026, 24488, 24574, 24755, 25315, 25324, 25540, 25794, 25802,
       26045, 26753, 27022, 27308, 27449, 27514, 27553, 27873, 27889,
       28244, 28333, 28471, 28820, 28973, 29288, 29503, 29660, 29868,
       29939, 30060, 30458, 30588, 30641, 30753, 30774, 30792, 30798,
       31517, 31742, 31835, 31969, 32014, 32235, 33545, 33729, 33874,
       34218, 34662, 34738, 35612, 35662, 35910, 35916, 36365, 36831,
       37030, 37120, 37230, 37903, 38398, 39321, 39329, 39350, 39703,
       39804, 40336, 40426, 40689, 40753, 40842, 40946, 40961, 41118,
       41186, 41450, 41533, 41922, 42021, 42032, 42134, 42136, 42140,
       42279, 42767, 42845, 42911, 43240, 43352, 43465, 43902, 44076,
       44376, 44680, 44751, 44977, 45026, 45222, 45358, 45674, 45715,
       45811, 46054, 46313, 46516, 46715, 47046, 47316, 47719, 47809,
       47969, 48150, 48414, 48436, 48577, 48675, 48693, 48723, 49119,
       49285]), array([  224,   318,   876,  1177,  1539,  1608,  1609,  2191,  2459,
        2863,  2933,  2995,  3206,  3207,  3251,  3436,  3634,  3645,
        3825,  4396,  4643,  4649,  5280,  5380,  5411,  5886,  5915,
        6173,  6354,  6464,  7616,  7628,  8433,  8674,  8752,  9210,
        9265,  9289,  9887, 10100, 10277, 10648, 11026, 11267, 11440,
       11480, 11624, 11973, 12135, 12221, 12532, 12610, 12933, 13068,
       13088, 13655, 13779, 13821, 13969, 14612, 14800, 14920, 14959,
       15145, 15308, 15337, 15407, 15813, 15929, 16242, 16373, 16554,
       17055, 17101, 17159, 17194, 17375, 17482, 17565, 17692, 17785,
       17792, 17804, 17837, 17911, 18168, 18247, 18261, 18530, 19157,
       19349, 20386, 20391, 20469, 20551, 20784, 20957, 21031, 21075,
       21115, 21391, 21466, 21683, 22460, 22649, 22783, 22792, 22875,
       22901, 22920, 22977, 23208, 23363, 23715, 24026, 24488, 24755,
       25315, 25794, 26753, 27308, 27449, 27514, 27873, 27889, 28471,
       28820, 28973, 29503, 29660, 29868, 29939, 30060, 30458, 30588,
       30753, 30774, 30792, 30798, 31453, 31517, 31742, 31835, 31969,
       32235, 32276, 33117, 33545, 33729, 34738, 35612, 35662, 35910,
       35916, 36365, 36831, 37030, 37230, 37367, 37950, 38398, 39125,
       39329, 39350, 39703, 39894, 40336, 40426, 40753, 40842, 40946,
       40961, 41186, 41450, 41492, 41533, 41922, 42021, 42134, 42136,
       42140, 42767, 42797, 43159, 43240, 43465, 43902, 44076, 44376,
       44647, 44680, 44751, 44977, 45358, 45674, 45811, 46313, 46516,
       46715, 47316, 47809, 48436, 48675, 48693, 49119, 49285]), array([  876,  1177,  1539,  1608,  1609,  1932,  2191,  2459,  2863,
        2995,  3206,  3207,  3251,  3436,  3634,  3645,  3825,  4396,
        4643,  4649,  5411,  5915,  6173,  6354,  6464,  7616,  7628,
        7932,  8433,  8674,  8752,  9210,  9265,  9289,  9887, 10100,
       10277, 11026, 11267, 11440, 11480, 11973, 12135, 12221, 12532,
       12610, 12933, 13655, 13779, 13821, 13969, 14228, 14612, 14800,
       15145, 15337, 15407, 15929, 16242, 16554, 17055, 17194, 17375,
       17482, 17565, 17692, 17785, 17792, 17804, 17837, 17911, 18168,
       18261, 20391, 20469, 20551, 20784, 21075, 21115, 21391, 21683,
       22243, 22460, 22783, 22792, 22875, 22977, 24755, 25315, 25794,
       27022, 27308, 27449, 28471, 28820, 28973, 29503, 29939, 30060,
       30458, 30753, 30792, 31517, 31742, 31835, 32235, 33545, 33729,
       34738, 35612, 35662, 35910, 35916, 36365, 36831, 37030, 37230,
       37367, 39329, 39350, 39894, 40336, 40426, 40753, 40842, 41186,
       41450, 41533, 41922, 42021, 42134, 42136, 42140, 43159, 43240,
       43352, 43465, 44076, 44680, 44751, 44977, 45358, 45674, 45811,
       46516, 46715, 47316, 47809, 47969, 48436, 48675, 48693, 49119,
       49285])]
