[array([  722,  1842,  2979,  3136,  3369,  3641,  3647,  3810,  4782,
        5669,  5707,  6541,  6576,  7034,  7568,  8334,  8501,  8688,
        8979, 10113, 10153, 10337, 10570, 11490, 11751, 11882, 12100,
       12148, 13999, 14037, 14115, 14230, 14864, 14963, 15516, 15707,
       15804, 16063, 16708, 16721, 17081, 17104, 17228, 17245, 19326,
       19710, 20397, 20431, 20694, 21772, 22011, 22729, 23265, 23336,
       23835, 24046, 25154, 26152, 26154, 26620, 26666, 26743, 26955,
       27380, 27405, 27506, 27677, 27838, 27931, 28122, 28208, 28546,
       28602, 28613, 28721, 28833, 28889, 29055, 29257, 29580, 30048,
       30477, 30817, 31047, 32126, 32304, 32453, 32735, 32840, 33802,
       33838, 34644, 36121, 36338, 36598, 37287, 37586, 38499, 39154,
       39459, 39503, 40431, 40484, 40580, 40914, 41076, 41152, 41288,
       42069, 42540, 42795, 43192, 43709, 43898, 44450, 44808, 45090,
       45122, 45348, 46685, 46948, 47034, 47135, 47759, 47827, 48482]), array([   20,  1771,  1842,  1907,  2031,  2160,  2761,  2873,  3136,
        3369,  3641,  3647,  4665,  4782,  5669,  5707,  6541,  6576,
        7034,  8213,  8688, 10091, 10113, 10153, 10578, 10786, 11490,
       11882, 12100, 13194, 13999, 14115, 14230, 14864, 15516, 16014,
       16063, 16708, 16812, 17245, 17859, 18114, 19326, 19710, 20376,
       20397, 20431, 20694, 21772, 22011, 23265, 23295, 23336, 23835,
       24046, 24846, 25949, 26154, 26620, 26860, 26955, 27380, 27405,
       27677, 27772, 27931, 28208, 28368, 28889, 29055, 29580, 29583,
       30048, 30411, 30817, 31047, 31721, 32453, 32840, 32842, 33838,
       34570, 34644, 35517, 36121, 36338, 36598, 37287, 37845, 38499,
       38725, 39104, 39459, 39503, 39749, 40431, 40484, 40729, 40914,
       41076, 41152, 41288, 41678, 42069, 42606, 43192, 43360, 44450,
       45122, 46685, 47135, 47827]), array([   20,  1842,  2031,  2160,  2873,  3455,  3647,  4665,  4782,
        5669,  6541,  6576,  7034,  8213,  8688,  8979, 10113, 10153,
       10786, 11490, 11882, 14115, 14230, 16014, 16063, 17081, 17179,
       17245, 17859, 19710, 20431, 20694, 21772, 21883, 22011, 23265,
       23295, 23336, 23835, 24046, 24846, 25949, 26154, 26620, 26955,
       27380, 27405, 27677, 27772, 27931, 28613, 29055, 29257, 29580,
       30048, 30817, 32840, 32842, 33838, 36121, 36338, 36598, 37287,
       37845, 38499, 38956, 39154, 39459, 39503, 40431, 40729, 41076,
       41152, 41288, 42069, 42795, 43098, 44450, 44895, 45122, 47135]), array([32840, 38499, 20431, 17245, 30817, 21772, 43098, 27931, 23835,
       42795, 23336,    20, 38725, 19710, 22011, 41076,  1842,  3647,
       29055, 41152, 44450, 27405, 42069, 10786, 39503,  6541, 13194,
        2031,  4665, 14115, 23295,  5669, 10091, 11882, 17859, 33838,
       26154, 24846, 25949, 39459, 26620, 10153, 41925, 32304, 40729,
       24046, 38956,  8213, 23000, 37845]), array([   20, 20431, 17245, 17859, 38499,  4665, 19710, 44450, 10786,
       25949, 23336,  1842,  2031, 27931,  7521,  6541,  4782,  7034,
       33838, 41152, 10153,  5771, 10113, 43098, 26154, 12100, 11882,
       42795, 15651, 41076, 39154, 39503, 28889, 16014, 24046, 42069,
       30304, 38956, 32842, 39789, 18253, 23835, 41925, 26562, 22011,
       21883, 42984,  1907,  3647, 14115]), array([   20,  1842,  1907,  2031,  2873,  3455,  3647,  4665,  4782,
        5095,  5669,  5761,  5771,  6541,  7034,  7521,  8213,  8334,
        8979,  9979, 10091, 10113, 10130, 10153, 10513, 10554, 10786,
       11490, 11882, 12079, 12095, 12100, 13999, 14115, 15562, 15651,
       15865, 16014, 16063, 16708, 16721, 17179, 17245, 17859, 18253,
       19710, 20376, 20431, 20694, 21883, 22011, 22075, 23188, 23336,
       23835, 23836, 23921, 24046, 24846, 25949, 26152, 26154, 26562,
       26666, 27380, 27405, 27677, 27772, 27931, 28011, 28613, 28889,
       29580, 29583, 30304, 30817, 31721, 32393, 32453, 32840, 32842,
       33838, 33919, 34570, 36121, 36338, 36598, 36765, 37287, 37845,
       38499, 38725, 38956, 39154, 39503, 39551, 39789, 40729, 41076,
       41152, 41251, 41524, 41925, 42069, 42479, 42795, 42984, 43098,
       43709, 44153, 44450, 44808, 46835, 47886, 48385]), array([   20,  1842,  1907,  2031,  2837,  2873,  3455,  3647,  4665,
        4782,  5095,  5669,  5761,  5771,  6541,  7034,  7521,  8213,
        8334,  8979, 10113, 10153, 10513, 10554, 10786, 11490, 11882,
       12079, 12100, 13999, 14115, 15651, 15865, 16014, 16063, 16708,
       17179, 17245, 17859, 18253, 19233, 19710, 20431, 20694, 21772,
       21883, 22011, 22075, 23188, 23336, 23835, 23921, 24046, 24846,
       25154, 25949, 26152, 26154, 26562, 26666, 27380, 27405, 27677,
       27772, 27931, 28011, 28613, 28889, 30304, 30817, 31047, 31721,
       32393, 32840, 32842, 33838, 34570, 36121, 36765, 37287, 37845,
       38499, 38956, 39154, 39503, 39789, 41076, 41152, 41925, 42069,
       42479, 42795, 42984, 43098, 43360, 43709, 44153, 44450, 44808,
       45348, 46835, 47886, 48385]), array([   20,  1842,  1907,  2031,  2837,  2873,  3455,  3647,  4665,
        4782,  5095,  5669,  5761,  5771,  6541,  7034,  7521,  8213,
        9592, 10113, 10153, 10321, 10513, 10554, 10786, 11490, 11882,
       12079, 12100, 14115, 14124, 15651, 15865, 16014, 16063, 16708,
       17179, 17245, 17859, 18253, 19233, 19710, 20431, 20694, 21883,
       22011, 22075, 23188, 23295, 23336, 23835, 23921, 24046, 24846,
       25154, 25949, 26152, 26154, 26562, 27380, 27405, 27677, 27772,
       27931, 28613, 28889, 29580, 30304, 30817, 31721, 32840, 32842,
       33838, 34570, 36765, 37287, 37845, 38499, 38956, 39154, 39503,
       39551, 39789, 41076, 41152, 41682, 41925, 42069, 42795, 42984,
       43098, 43709, 44450, 44808, 46835, 48385, 48514]), array([   20,  1842,  1907,  2031,  2837,  2873,  3455,  3647,  4665,
        4782,  5669,  5771,  6541,  7034,  7521,  8213,  8979, 10113,
       10153, 10321, 10513, 10786, 11490, 11882, 12079, 12100, 14115,
       15651, 15865, 16014, 16708, 17179, 17245, 17859, 18253, 19710,
       20431, 21883, 22011, 23188, 23336, 23835, 24046, 24846, 25154,
       25230, 25949, 26154, 26562, 27380, 27405, 27677, 27772, 27931,
       28011, 28613, 28889, 30304, 30817, 31721, 32840, 32842, 33838,
       34570, 37287, 37845, 38499, 38956, 39154, 39503, 39789, 40729,
       41076, 41152, 41925, 42069, 42795, 42984, 43098, 44153, 44450,
       44808, 45172, 46752, 46835, 48385]), array([   20,  1842,  1907,  2031,  2837,  2873,  3455,  3647,  4665,
        4782,  5095,  5669,  5761,  5771,  6541,  7034,  7521,  8195,
        8213,  9754, 10113, 10153, 10513, 10554, 10786, 10831, 11490,
       11882, 12079, 12100, 13999, 14115, 14124, 15651, 15865, 16014,
       16708, 17179, 17245, 17859, 18253, 19233, 19710, 20431, 21772,
       21883, 22011, 23188, 23336, 23835, 24046, 24846, 25949, 26152,
       26154, 26562, 27380, 27405, 27772, 27931, 28889, 30304, 30817,
       31721, 32393, 32840, 32842, 33838, 34570, 36765, 37287, 37845,
       38499, 38956, 39154, 39503, 39789, 41076, 41152, 41678, 41925,
       42069, 42795, 42984, 43098, 43709, 44450, 44808, 46752, 48385,
       48514])]
