training accuracy when lambda=0.2
[0.59484, 0.73774, 0.76708, 0.78278, 0.7941, 0.8029, 0.81166, 0.8165, 0.8218, 0.82698, 0.82784, 0.83252, 0.83518, 0.8378, 0.8405, 0.8432, 0.84488, 0.8475, 0.84722, 0.8499, 0.85038, 0.85342, 0.85392, 0.85544, 0.85484, 0.8557, 0.85488, 0.85592, 0.8572, 0.85792, 0.85908, 0.85796, 0.85638, 0.85602, 0.8604, 0.85664, 0.86036, 0.86132, 0.86032, 0.86042, 0.86012, 0.86012, 0.8591, 0.8598, 0.8627, 0.85938, 0.8592, 0.85878, 0.85718, 0.85894]
test accuracy when lambda=0.2
[0.5073, 0.5295, 0.5379, 0.5392, 0.5355, 0.5475, 0.548, 0.5461, 0.545, 0.5468, 0.5454, 0.5471, 0.5455, 0.5495, 0.5482, 0.5464, 0.5475, 0.5491, 0.5468, 0.5478, 0.5452, 0.5463, 0.5431, 0.5448, 0.5444, 0.5498, 0.5441, 0.5457, 0.5403, 0.5479, 0.548, 0.547, 0.5458, 0.5442, 0.5451, 0.546, 0.5428, 0.5429, 0.542, 0.5426, 0.5409, 0.5428, 0.5404, 0.539, 0.5439, 0.541, 0.5416, 0.5457, 0.5412, 0.5438]
training accuracy when lambda=0.25
[0.57844, 0.7155, 0.7448, 0.7623, 0.77352, 0.78264, 0.788, 0.79328, 0.79772, 0.80344, 0.80786, 0.80918, 0.81034, 0.81512, 0.81892, 0.81834, 0.82116, 0.82138, 0.82448, 0.82542, 0.82676, 0.8297, 0.82814, 0.83086, 0.82958, 0.8309, 0.833, 0.83284, 0.83266, 0.83208, 0.83358, 0.83368, 0.83368, 0.8324, 0.83098, 0.83334, 0.83164, 0.8327, 0.83116, 0.82948, 0.83078, 0.83344, 0.83054, 0.83086, 0.8319, 0.82866, 0.82772, 0.8285, 0.8288, 0.82968]
test accuracy when lambda=0.25
[0.507, 0.5234, 0.5403, 0.5388, 0.544, 0.543, 0.542, 0.5452, 0.545, 0.5451, 0.5455, 0.542, 0.5452, 0.5445, 0.5435, 0.5479, 0.5466, 0.544, 0.5477, 0.5481, 0.5442, 0.5435, 0.5447, 0.543, 0.5432, 0.5448, 0.5446, 0.5427, 0.5455, 0.5447, 0.5416, 0.5428, 0.5427, 0.5407, 0.5417, 0.5425, 0.5391, 0.5419, 0.538, 0.5392, 0.5384, 0.5385, 0.5402, 0.5371, 0.5399, 0.54, 0.5393, 0.54, 0.5373, 0.5379]
training accuracy when lambda=0.3
[0.55024, 0.67358, 0.70128, 0.71656, 0.72796, 0.7357, 0.73986, 0.74808, 0.75158, 0.75516, 0.76064, 0.76388, 0.76374, 0.76646, 0.77022, 0.7691, 0.77286, 0.77396, 0.77948, 0.77894, 0.77986, 0.77976, 0.7846, 0.78204, 0.78166, 0.78454, 0.78246, 0.78388, 0.78452, 0.78342, 0.78494, 0.78276, 0.78646, 0.7853, 0.78606, 0.78396, 0.78374, 0.78256, 0.78374, 0.78258, 0.78378, 0.7833, 0.7812, 0.77992, 0.7784, 0.77876, 0.77938, 0.77852, 0.78038, 0.77474]
test accuracy when lambda=0.3
[0.5036, 0.5207, 0.5241, 0.5381, 0.542, 0.5375, 0.5432, 0.5387, 0.5415, 0.5425, 0.5408, 0.5423, 0.5506, 0.5416, 0.5432, 0.5418, 0.543, 0.5416, 0.5435, 0.5413, 0.5347, 0.5415, 0.537, 0.5408, 0.5398, 0.5402, 0.5381, 0.5404, 0.5402, 0.5406, 0.5351, 0.5339, 0.5372, 0.5381, 0.5368, 0.5341, 0.5321, 0.5385, 0.5338, 0.5341, 0.5331, 0.5305, 0.5337, 0.5338, 0.535, 0.537, 0.5344, 0.5324, 0.5325, 0.5281]
training accuracy when lambda=0.35
[0.50072, 0.6105, 0.63428, 0.64534, 0.6543, 0.66026, 0.66698, 0.67054, 0.67406, 0.67836, 0.6801, 0.6841, 0.68568, 0.68872, 0.69318, 0.69424, 0.69604, 0.69964, 0.6996, 0.70048, 0.70324, 0.70416, 0.70514, 0.70426, 0.70632, 0.70592, 0.70982, 0.70936, 0.70972, 0.7095, 0.71092, 0.71206, 0.71198, 0.71206, 0.71092, 0.71252, 0.70918, 0.71178, 0.71086, 0.71146, 0.71064, 0.7113, 0.70988, 0.71142, 0.7087, 0.71012, 0.71148, 0.71106, 0.7096, 0.70864]
test accuracy when lambda=0.35
[0.5094, 0.5296, 0.532, 0.5379, 0.5408, 0.5462, 0.5432, 0.5423, 0.5442, 0.5441, 0.5394, 0.5456, 0.5363, 0.5396, 0.5436, 0.5394, 0.5355, 0.5404, 0.5391, 0.5416, 0.5374, 0.5373, 0.5383, 0.5352, 0.5361, 0.5373, 0.5333, 0.5333, 0.5346, 0.5312, 0.5288, 0.5308, 0.526, 0.5249, 0.5279, 0.5276, 0.5275, 0.5276, 0.5231, 0.5214, 0.526, 0.5199, 0.5217, 0.5231, 0.5188, 0.521, 0.5185, 0.5186, 0.5188, 0.5228]
training accuracy when lambda=0.4
[0.42526, 0.51642, 0.53298, 0.54446, 0.54964, 0.5571, 0.56296, 0.56702, 0.56632, 0.5728, 0.57608, 0.57908, 0.58116, 0.5855, 0.58724, 0.59098, 0.59448, 0.59464, 0.59808, 0.6011, 0.60396, 0.60646, 0.60802, 0.6099, 0.61432, 0.61688, 0.61456, 0.61908, 0.61966, 0.6218, 0.62282, 0.62528, 0.628, 0.62638, 0.62874, 0.62954, 0.63114, 0.63156, 0.63392, 0.6332, 0.63646, 0.63356, 0.63572, 0.63794, 0.63768, 0.63444, 0.64142, 0.63986, 0.63896, 0.63878]
test accuracy when lambda=0.4
[0.493, 0.522, 0.5314, 0.5312, 0.5302, 0.5425, 0.5437, 0.5454, 0.5448, 0.542, 0.5473, 0.5441, 0.5444, 0.5452, 0.536, 0.5425, 0.5379, 0.5383, 0.5357, 0.5317, 0.5339, 0.5354, 0.5363, 0.5305, 0.5307, 0.5328, 0.5259, 0.5286, 0.5228, 0.5263, 0.524, 0.5245, 0.5284, 0.524, 0.5219, 0.5199, 0.5168, 0.5187, 0.5204, 0.5206, 0.5176, 0.5186, 0.5223, 0.5182, 0.5191, 0.5202, 0.5151, 0.5159, 0.5164, 0.5161]
training accuracy when lambda=0.45
[0.33964, 0.40172, 0.41316, 0.42072, 0.42546, 0.4298, 0.43336, 0.43778, 0.44102, 0.4451, 0.44766, 0.45414, 0.45786, 0.46048, 0.46632, 0.47384, 0.47596, 0.47968, 0.48468, 0.49012, 0.49528, 0.50126, 0.50452, 0.50886, 0.51266, 0.51732, 0.52102, 0.52532, 0.53124, 0.53292, 0.53508, 0.53968, 0.54292, 0.54572, 0.55022, 0.54934, 0.5553, 0.55612, 0.55982, 0.56048, 0.5614, 0.5639, 0.56312, 0.56884, 0.57064, 0.57366, 0.57294, 0.57584, 0.57826, 0.57802]
test accuracy when lambda=0.45
[0.4819, 0.5157, 0.5261, 0.532, 0.534, 0.5344, 0.5369, 0.5302, 0.5354, 0.5322, 0.5328, 0.5363, 0.5328, 0.5354, 0.529, 0.5244, 0.5235, 0.519, 0.5217, 0.526, 0.5237, 0.5204, 0.5164, 0.5183, 0.5157, 0.5136, 0.5103, 0.5081, 0.5076, 0.5121, 0.5071, 0.5053, 0.5089, 0.5028, 0.4992, 0.501, 0.502, 0.5005, 0.5047, 0.4973, 0.5006, 0.5024, 0.4977, 0.4956, 0.5008, 0.4969, 0.4986, 0.4995, 0.4977, 0.4964]
training accuracy when lambda=0.5
[0.11748, 0.12452, 0.13134, 0.135, 0.1377, 0.14074, 0.14596, 0.15064, 0.15374, 0.15948, 0.1635, 0.16818, 0.17342, 0.17916, 0.18388, 0.19302, 0.20156, 0.2093, 0.21636, 0.22784, 0.2388, 0.2477, 0.25648, 0.26848, 0.27784, 0.28818, 0.29732, 0.3058, 0.31604, 0.3256, 0.3342, 0.34286, 0.35262, 0.35744, 0.36738, 0.371, 0.37666, 0.38488, 0.39066, 0.39832, 0.40528, 0.40732, 0.41346, 0.42162, 0.42552, 0.4296, 0.43054, 0.4364, 0.44264, 0.44588]
test accuracy when lambda=0.5
[0.481, 0.5192, 0.5221, 0.5302, 0.5396, 0.5374, 0.5415, 0.5389, 0.5341, 0.5329, 0.5394, 0.5292, 0.5303, 0.5319, 0.524, 0.5251, 0.5302, 0.5187, 0.5171, 0.5157, 0.5128, 0.5125, 0.5127, 0.5088, 0.5043, 0.5078, 0.5031, 0.5035, 0.5004, 0.4993, 0.4984, 0.4962, 0.4977, 0.4998, 0.4942, 0.4911, 0.4914, 0.494, 0.4927, 0.4935, 0.4891, 0.4917, 0.4893, 0.488, 0.4845, 0.4881, 0.4901, 0.4885, 0.4935, 0.4857]
training accuracy when lambda=0.55
[0.11732, 0.1256, 0.13056, 0.13318, 0.1381, 0.14298, 0.14588, 0.15112, 0.1558, 0.16074, 0.16694, 0.17278, 0.18148, 0.18922, 0.19758, 0.20876, 0.21958, 0.23142, 0.24632, 0.25532, 0.27016, 0.2809, 0.29664, 0.30574, 0.32106, 0.32988, 0.34488, 0.35012, 0.3673, 0.37442, 0.3859, 0.39526, 0.40224, 0.41676, 0.41944, 0.42556, 0.4347, 0.4443, 0.45184, 0.45328, 0.46136, 0.47202, 0.4752, 0.48002, 0.4821, 0.48902, 0.49378, 0.496, 0.50344, 0.50678]
test accuracy when lambda=0.55
[0.4809, 0.5061, 0.515, 0.531, 0.5294, 0.5284, 0.5303, 0.5328, 0.536, 0.5256, 0.5294, 0.5278, 0.5182, 0.5246, 0.5134, 0.515, 0.5094, 0.5006, 0.5039, 0.5012, 0.4955, 0.494, 0.4896, 0.4912, 0.4868, 0.4854, 0.4843, 0.4849, 0.4787, 0.4826, 0.4825, 0.48, 0.4752, 0.476, 0.4767, 0.4737, 0.4728, 0.4756, 0.477, 0.4758, 0.468, 0.4742, 0.4695, 0.4722, 0.4752, 0.4749, 0.468, 0.4733, 0.473, 0.473]
training accuracy when lambda=0.6
[0.11598, 0.12422, 0.12812, 0.13344, 0.13784, 0.14312, 0.14846, 0.15456, 0.1601, 0.16612, 0.17606, 0.18342, 0.19594, 0.20908, 0.22216, 0.23698, 0.24984, 0.26924, 0.28638, 0.30122, 0.31486, 0.33144, 0.34768, 0.36194, 0.37688, 0.38832, 0.40126, 0.41428, 0.42554, 0.43532, 0.4472, 0.45946, 0.46836, 0.47522, 0.48094, 0.49558, 0.50044, 0.5071, 0.51184, 0.52088, 0.52612, 0.52888, 0.53858, 0.54242, 0.54778, 0.55466, 0.55874, 0.56246, 0.56498, 0.56788]
test accuracy when lambda=0.6
[0.4711, 0.5083, 0.5103, 0.517, 0.5239, 0.5222, 0.519, 0.5282, 0.5117, 0.5127, 0.5139, 0.5086, 0.5016, 0.5009, 0.4958, 0.4915, 0.4844, 0.4806, 0.4781, 0.4707, 0.47, 0.4619, 0.4704, 0.4613, 0.4509, 0.4549, 0.4556, 0.4504, 0.4511, 0.4513, 0.4471, 0.4426, 0.4407, 0.4431, 0.4484, 0.4422, 0.4436, 0.4413, 0.4426, 0.4365, 0.4407, 0.4392, 0.4433, 0.443, 0.4421, 0.4462, 0.4416, 0.4479, 0.4359, 0.4371]
training accuracy when lambda=0.65
[0.11658, 0.12304, 0.12832, 0.13222, 0.1375, 0.14424, 0.15128, 0.1576, 0.16406, 0.17368, 0.18298, 0.1968, 0.21154, 0.22632, 0.2461, 0.26604, 0.28612, 0.30354, 0.32062, 0.34296, 0.36136, 0.3765, 0.39484, 0.41322, 0.42572, 0.44188, 0.45672, 0.47086, 0.47998, 0.49338, 0.50552, 0.51312, 0.52286, 0.52968, 0.5423, 0.54978, 0.55664, 0.56488, 0.56944, 0.5806, 0.58508, 0.5901, 0.59634, 0.60138, 0.60654, 0.61128, 0.61728, 0.62216, 0.6259, 0.628]
test accuracy when lambda=0.65
[0.4666, 0.4962, 0.5, 0.5214, 0.5138, 0.5184, 0.5138, 0.5134, 0.5128, 0.5094, 0.5041, 0.4935, 0.4924, 0.4851, 0.4726, 0.4723, 0.4657, 0.4564, 0.4553, 0.4528, 0.4524, 0.4481, 0.4397, 0.4395, 0.4351, 0.4331, 0.4388, 0.4312, 0.4314, 0.4341, 0.4298, 0.4247, 0.4275, 0.4227, 0.4311, 0.4231, 0.4247, 0.4329, 0.4316, 0.4292, 0.4332, 0.4288, 0.4263, 0.4289, 0.4308, 0.427, 0.4307, 0.4346, 0.4277, 0.4233]
training accuracy when lambda=0.7
[0.11364, 0.12154, 0.1271, 0.13112, 0.13708, 0.14314, 0.14968, 0.15724, 0.16674, 0.176, 0.18874, 0.20656, 0.22364, 0.24494, 0.2618, 0.28492, 0.30778, 0.33112, 0.3512, 0.3703, 0.39354, 0.41242, 0.42558, 0.4482, 0.46184, 0.47774, 0.49704, 0.50884, 0.5215, 0.5324, 0.54316, 0.55256, 0.56524, 0.57448, 0.58428, 0.59392, 0.60142, 0.61042, 0.61346, 0.6212, 0.62718, 0.63706, 0.63764, 0.64696, 0.65356, 0.65342, 0.66468, 0.6673, 0.66992, 0.67956]
test accuracy when lambda=0.7
[0.4476, 0.4834, 0.4949, 0.5114, 0.4891, 0.5102, 0.5064, 0.5059, 0.5005, 0.4988, 0.4926, 0.4708, 0.4728, 0.4678, 0.4524, 0.4526, 0.4425, 0.425, 0.4343, 0.4257, 0.4184, 0.4174, 0.4026, 0.404, 0.3976, 0.4026, 0.3982, 0.3998, 0.3946, 0.3945, 0.392, 0.3965, 0.3924, 0.3963, 0.3908, 0.3842, 0.398, 0.3896, 0.3918, 0.3919, 0.3911, 0.3902, 0.3939, 0.3975, 0.3934, 0.3926, 0.392, 0.3882, 0.3916, 0.3983]
training accuracy when lambda=0.75
[0.11088, 0.12106, 0.12548, 0.12994, 0.13562, 0.14176, 0.14974, 0.15802, 0.17072, 0.18294, 0.19826, 0.21966, 0.2402, 0.26348, 0.28562, 0.31254, 0.33592, 0.35756, 0.38528, 0.40928, 0.42832, 0.4491, 0.4691, 0.4853, 0.5022, 0.5229, 0.53244, 0.54852, 0.56228, 0.576, 0.58586, 0.59708, 0.60782, 0.61394, 0.62266, 0.63162, 0.6386, 0.6501, 0.65712, 0.6599, 0.66778, 0.67204, 0.6781, 0.685, 0.6931, 0.6931, 0.70108, 0.70464, 0.7062, 0.7129]
test accuracy when lambda=0.75
[0.4196, 0.4672, 0.4889, 0.495, 0.502, 0.5015, 0.4941, 0.4869, 0.4768, 0.4742, 0.4507, 0.4556, 0.4372, 0.4282, 0.4221, 0.3938, 0.4025, 0.3934, 0.3831, 0.3799, 0.3705, 0.3727, 0.3689, 0.3678, 0.3693, 0.368, 0.3569, 0.3673, 0.3541, 0.36, 0.3591, 0.3584, 0.361, 0.3654, 0.3548, 0.36, 0.3559, 0.3611, 0.362, 0.3557, 0.3597, 0.3598, 0.3643, 0.3722, 0.3726, 0.3642, 0.3686, 0.3658, 0.3624, 0.3694]
training accuracy when lambda=0.8
[0.1119, 0.11878, 0.12474, 0.13056, 0.1344, 0.14152, 0.15118, 0.16318, 0.18008, 0.19448, 0.21772, 0.23598, 0.26102, 0.28752, 0.31534, 0.3434, 0.3649, 0.39246, 0.41724, 0.44538, 0.46328, 0.48574, 0.50458, 0.52526, 0.54134, 0.5595, 0.57348, 0.58762, 0.60038, 0.61478, 0.6224, 0.6364, 0.64436, 0.6584, 0.66352, 0.67324, 0.67938, 0.68974, 0.69336, 0.6996, 0.71044, 0.71202, 0.71948, 0.72674, 0.73172, 0.73414, 0.7389, 0.74544, 0.7484, 0.75176]
test accuracy when lambda=0.8
[0.3968, 0.449, 0.4582, 0.4846, 0.4849, 0.4851, 0.4749, 0.4636, 0.451, 0.4362, 0.4358, 0.4153, 0.3938, 0.3843, 0.3694, 0.3615, 0.3481, 0.3315, 0.3324, 0.3274, 0.3353, 0.327, 0.3277, 0.3293, 0.3256, 0.3219, 0.3181, 0.3225, 0.324, 0.3179, 0.3064, 0.3142, 0.3209, 0.3185, 0.3237, 0.3271, 0.3221, 0.313, 0.3205, 0.3195, 0.3263, 0.3274, 0.3203, 0.3228, 0.3232, 0.3206, 0.3226, 0.3255, 0.3256, 0.3221]
training accuracy when lambda=0.85
[0.1091, 0.11786, 0.1229, 0.12742, 0.13324, 0.14094, 0.15464, 0.16716, 0.18148, 0.2037, 0.22536, 0.25016, 0.27828, 0.306, 0.33426, 0.36006, 0.38864, 0.41238, 0.4382, 0.4629, 0.48494, 0.51004, 0.52484, 0.54526, 0.5657, 0.5787, 0.59516, 0.60664, 0.6213, 0.63532, 0.64552, 0.65378, 0.66804, 0.67632, 0.6849, 0.69216, 0.70062, 0.71108, 0.71852, 0.7225, 0.73154, 0.73954, 0.74142, 0.74886, 0.75448, 0.75602, 0.75966, 0.768, 0.7685, 0.77272]
test accuracy when lambda=0.85
[0.3394, 0.4135, 0.4268, 0.4655, 0.463, 0.4667, 0.4464, 0.4307, 0.4272, 0.3951, 0.3855, 0.3651, 0.3452, 0.3186, 0.2985, 0.2997, 0.2881, 0.2835, 0.2816, 0.269, 0.2707, 0.2693, 0.2706, 0.2718, 0.2721, 0.2689, 0.2692, 0.2618, 0.2712, 0.2748, 0.2689, 0.2713, 0.2728, 0.2648, 0.2702, 0.2703, 0.2765, 0.2705, 0.2757, 0.276, 0.2831, 0.2733, 0.2822, 0.2852, 0.2796, 0.2796, 0.2793, 0.2734, 0.2846, 0.2769]
training accuracy when lambda=0.9
[0.10768, 0.11372, 0.11944, 0.12328, 0.12784, 0.13692, 0.14922, 0.16148, 0.1792, 0.20206, 0.22246, 0.2518, 0.27504, 0.30782, 0.33554, 0.36634, 0.3934, 0.42036, 0.44526, 0.47438, 0.4933, 0.51998, 0.54202, 0.55994, 0.57906, 0.59644, 0.60874, 0.62936, 0.63856, 0.6517, 0.66234, 0.67598, 0.68426, 0.69274, 0.70878, 0.71088, 0.7214, 0.73108, 0.73582, 0.74682, 0.75342, 0.75574, 0.76322, 0.76484, 0.77212, 0.77524, 0.77932, 0.78474, 0.7906, 0.79712]
test accuracy when lambda=0.9
[0.3246, 0.3657, 0.3907, 0.4094, 0.4164, 0.415, 0.4063, 0.3894, 0.3566, 0.3513, 0.3155, 0.2991, 0.2715, 0.271, 0.2643, 0.2461, 0.2438, 0.2394, 0.2245, 0.2285, 0.2145, 0.2109, 0.2261, 0.2213, 0.2122, 0.2175, 0.2159, 0.2167, 0.2143, 0.2115, 0.2091, 0.2178, 0.217, 0.2072, 0.2174, 0.2151, 0.2179, 0.2159, 0.2199, 0.213, 0.2145, 0.2138, 0.2251, 0.223, 0.2263, 0.2178, 0.2247, 0.223, 0.2252, 0.2263]
training accuracy when lambda=0.95
[0.10246, 0.1092, 0.11292, 0.11876, 0.1232, 0.13056, 0.13892, 0.15094, 0.1679, 0.18712, 0.21228, 0.23278, 0.26046, 0.28762, 0.3155, 0.3449, 0.3746, 0.40068, 0.42586, 0.4521, 0.47268, 0.49462, 0.5202, 0.53598, 0.5551, 0.57078, 0.58764, 0.60344, 0.6168, 0.62786, 0.64048, 0.65268, 0.66416, 0.67106, 0.68136, 0.68954, 0.69986, 0.707, 0.71674, 0.72006, 0.729, 0.73266, 0.73978, 0.74718, 0.7505, 0.75796, 0.76404, 0.76586, 0.77356, 0.77788]
test accuracy when lambda=0.95
[0.2064, 0.2326, 0.2902, 0.3539, 0.353, 0.3448, 0.3278, 0.308, 0.2987, 0.2566, 0.2392, 0.2422, 0.2126, 0.1956, 0.1934, 0.2001, 0.1832, 0.1873, 0.1791, 0.1757, 0.174, 0.1809, 0.1615, 0.169, 0.1688, 0.1728, 0.1667, 0.1662, 0.1668, 0.1705, 0.1712, 0.1662, 0.1712, 0.1659, 0.1735, 0.1689, 0.1727, 0.1642, 0.1628, 0.1704, 0.1704, 0.1685, 0.1758, 0.1716, 0.1716, 0.1738, 0.1759, 0.1694, 0.1759, 0.1756]
