[array([    7,    35,    37,    43,   114,   133,   140,   171,   194,
         255,   360,   419,   740,   788,   799,   836,   838,   947,
         959,  1116,  1126,  1144,  1284,  1357,  1526,  1568,  1716,
        1725,  1793,  1820,  1877,  1886,  1901,  1916,  2074,  2084,
        2126,  2186,  2260,  2320,  2342,  2382,  2431,  2462,  2473,
        2592,  2702,  2761,  2785,  2818,  2956,  2975,  2982,  3029,
        3046,  3058,  3079,  3113,  3247,  3254,  3290,  3291,  3341,
        3389,  3446,  3581,  3622,  3667,  3679,  3750,  3752,  3792,
        3903,  3947,  3990,  4042,  4142,  4151,  4176,  4180,  4211,
        4221,  4248,  4320,  4465,  4513,  4515,  4541,  4548,  4600,
        4609,  4645,  4839,  4854,  5003,  5014,  5110,  5119,  5139,
        5219,  5226,  5267,  5278,  5333,  5399,  5426,  5447,  5485,
        5513,  5557,  5569,  5608,  5622,  5719,  5732,  5769,  5853,
        5891,  5936,  5938,  6024,  6042,  6092,  6221,  6225,  6229,
        6241,  6305,  6401,  6428,  6454,  6476,  6506,  6539,  6618,
        6633,  6676,  6695,  6700,  6729,  6757,  6899,  6925,  6931,
        6962,  7007,  7032,  7112,  7153,  7176,  7203,  7215,  7260,
        7300,  7329,  7484,  7490,  7493,  7605,  7656,  7727,  7732,
        7752,  7843,  7856,  7861,  7958,  7972,  7984,  8060,  8105,
        8155,  8228,  8233,  8277,  8326,  8347,  8514,  8523,  8535,
        8568,  8574,  8623,  8639,  8658,  8790,  8797,  8807,  8809,
        8819,  8858,  8975,  8981,  9111,  9116,  9143,  9179,  9281,
        9350,  9393,  9455,  9500,  9547,  9596,  9695,  9711,  9862,
        9869,  9904,  9943,  9980, 10029, 10134, 10207, 10230, 10273,
       10334, 10384, 10444, 10522, 10654, 10722, 10778, 10891, 11040,
       11110, 11302, 11314, 11320, 11340, 11382, 11461, 11465, 11496,
       11560, 11735, 11924, 11964, 12107, 12316, 12360, 12408, 12410,
       12446, 12452, 12492, 12512, 12537, 12600, 12616, 12640, 12719,
       12722, 12766, 12839, 12861, 12862, 12903, 12924, 12969, 13048,
       13242, 13248, 13251, 13317, 13357, 13390, 13475, 13506, 13514,
       13573, 13586, 13651, 13732, 13749, 13753, 13820, 13943, 13954,
       14000, 14053, 14072, 14075, 14111, 14226, 14252, 14268, 14282,
       14283, 14303, 14340, 14355, 14427, 14486, 14535, 14541, 14589,
       14611, 14745, 14758, 14774, 14829, 14965, 15026, 15051, 15052,
       15139, 15170, 15175, 15179, 15233, 15262, 15301, 15323, 15350,
       15451, 15571, 15591, 15645, 15660, 15663, 15697, 15716, 15791,
       16006, 16032, 16063, 16118, 16133, 16181, 16196, 16297, 16298,
       16314, 16334, 16387, 16419, 16455, 16494, 16496, 16682, 16718,
       16769, 16772, 16829, 16878, 16897, 16941, 17009, 17086, 17102,
       17147, 17200, 17231, 17234, 17343, 17396, 17436, 17441, 17468,
       17491, 17573, 17624, 17648, 17689, 17728, 17796, 17809, 17834,
       17848, 18055, 18109, 18150, 18231, 18256, 18384, 18472, 18500,
       18561, 18639, 18741, 18865, 18924, 18981, 19003, 19065, 19106,
       19162, 19190, 19217, 19231, 19243, 19317, 19319, 19398, 19446,
       19464, 19576, 19587, 19590, 19598, 19617, 19644, 19679, 19685,
       19716, 19746, 19855, 19856, 19886, 19971, 20027, 20028, 20040,
       20053, 20118, 20165, 20269, 20372, 20548, 20570, 20668, 20673,
       20768, 20895, 20972, 20976, 20994, 21000, 21010, 21030, 21054,
       21120, 21172, 21183, 21192, 21211, 21376, 21378, 21394, 21433,
       21434, 21491, 21502, 21527, 21560, 21619, 21650, 21694, 21743,
       21812, 21822, 21890, 21974, 21977, 21995, 22047, 22095, 22112,
       22115, 22288, 22342, 22367, 22379, 22382, 22435, 22444, 22453,
       22496, 22523, 22549, 22558, 22692, 22706, 22722, 22817, 22898,
       22900, 22904, 22931, 22950, 23010, 23029, 23062, 23068, 23072,
       23094, 23179, 23220, 23270, 23306, 23324, 23347, 23353, 23388,
       23430, 23435, 23436, 23486, 23552, 23602, 23661, 23726, 23808,
       23810, 23889, 23914, 24098, 24182, 24288, 24309, 24325, 24534,
       24544, 24570, 24666, 24691, 24731, 24827, 25016, 25078, 25082,
       25087, 25113, 25120, 25154, 25225, 25264, 25304, 25334, 25376,
       25388, 25416, 25531, 25588, 25626, 25636, 25690, 25695, 25770,
       25804, 25844, 25933, 25986, 25999, 26000, 26020, 26052, 26078,
       26129, 26345, 26403, 26412, 26427, 26496, 26550, 26622, 26637,
       26643, 26690, 26699, 26772, 26823, 26872, 26880, 26910, 26940,
       26949, 27043, 27050, 27118, 27249, 27285, 27351, 27374, 27392,
       27423, 27491, 27552, 27619, 27626, 27652, 27751, 27764, 27859,
       27909, 27974, 27976, 28076, 28097, 28236, 28278, 28298, 28347,
       28429, 28445, 28474, 28511, 28522, 28542, 28546, 28593, 28603,
       28604, 28660, 28723, 28788, 28843, 28984, 29006, 29007, 29025,
       29072, 29155, 29193, 29198, 29201, 29234, 29258, 29312, 29318,
       29328, 29370, 29570, 29672, 29690, 29703, 29760, 29777, 29787,
       29846, 29877, 29883, 29890, 29896, 30170, 30186, 30237, 30244,
       30291, 30305, 30367, 30512, 30521, 30563, 30606, 30612, 30615,
       30658, 30673, 30699, 30932, 30988, 31004, 31046, 31150, 31155,
       31173, 31195, 31200, 31201, 31202, 31229, 31340, 31347, 31382,
       31468, 31483, 31501, 31530, 31599, 31686, 31705, 31709, 31827,
       31831, 31959, 31973, 32006, 32024, 32069, 32093, 32109, 32144,
       32162, 32211, 32258, 32268, 32303, 32330, 32364, 32398, 32443,
       32541, 32743, 32770, 32818, 32852, 32897, 32916, 32926, 33000,
       33009, 33041, 33048, 33056, 33142, 33153, 33179, 33342, 33363,
       33425, 33450, 33512, 33529, 33543, 33554, 33601, 33694, 33718,
       33802, 33812, 33842, 33855, 33879, 33904, 33908, 33911, 33926,
       33959, 34050, 34117, 34168, 34230, 34238, 34239, 34355, 34428,
       34457, 34514, 34545, 34560, 34652, 34673, 34751, 34774, 34799,
       34805, 34855, 34907, 34915, 34955, 34962, 35023, 35100, 35221,
       35346, 35427, 35450, 35476, 35566, 35614, 35710, 35725, 35817,
       35823, 35872, 35878, 35939, 36039, 36040, 36050, 36167, 36221,
       36224, 36285, 36404, 36446, 36460, 36470, 36534, 36646, 36657,
       36687, 36747, 36788, 36816, 36830, 36835, 36874, 36892, 36897,
       36912, 36932, 36936, 37009, 37019, 37053, 37104, 37159, 37186,
       37224, 37290, 37292, 37300, 37316, 37325, 37346, 37416, 37470,
       37585, 37612, 37613, 37645, 37683, 37804, 37827, 37875, 37891,
       37910, 37951, 38001, 38018, 38076, 38127, 38134, 38140, 38179,
       38196, 38306, 38324, 38341, 38350, 38370, 38400, 38418, 38423,
       38446, 38468, 38577, 38750, 38769, 38863, 38874, 38878, 38926,
       38966, 39008, 39016, 39284, 39301, 39333, 39334, 39386, 39402,
       39413, 39416, 39418, 39610, 39626, 39630, 39660, 39802, 39854,
       39869, 39908, 40057, 40170, 40188, 40206, 40294, 40296, 40311,
       40418, 40422, 40435, 40492, 40501, 40504, 40542, 40551, 40581,
       40639, 40686, 40910, 40942, 40944, 41015, 41034, 41086, 41100,
       41249, 41254, 41273, 41328, 41348, 41428, 41605, 41681, 41830,
       41903, 41919, 41936, 41947, 41949, 42003, 42006, 42012, 42065,
       42094, 42176, 42257, 42294, 42386, 42390, 42509, 42512, 42524,
       42535, 42701, 42703, 42875, 42886, 42913, 42940, 42961, 43018,
       43137, 43155, 43193, 43215, 43284, 43387, 43397, 43454, 43456,
       43460, 43504, 43563, 43569, 43636, 43648, 43653, 43667, 43692,
       43840, 43847, 43908, 43909, 43917, 44001, 44014, 44018, 44094,
       44137, 44168, 44171, 44178, 44180, 44203, 44224, 44253, 44261,
       44332, 44356, 44415, 44480, 44543, 44547, 44619, 44657, 44724,
       45027, 45028, 45056, 45084, 45104, 45192, 45255, 45272, 45377,
       45431, 45432, 45494, 45555, 45562, 45620, 45709, 45776, 45824,
       45841, 45894, 45932, 46027, 46095, 46122, 46140, 46265, 46306,
       46322, 46331, 46399, 46406, 46551, 46571, 46584, 46589, 46639,
       46745, 46798, 46820, 46836, 46858, 46891, 47001, 47090, 47127,
       47248, 47285, 47351, 47355, 47359, 47452, 47469, 47523, 47727,
       47759, 47780, 47827, 47865, 47888, 47902, 47940, 47943, 47956,
       47971, 47984, 47987, 48007, 48042, 48046, 48048, 48113, 48162,
       48196, 48229, 48248, 48289, 48294, 48342, 48348, 48363, 48374,
       48531, 48570, 48651, 48674, 48715, 48743, 48773, 48775, 48783,
       48833, 48838, 48906, 48979, 49109, 49143, 49230, 49276, 49310,
       49347, 49351]), array([    7,     9,    35,    37,    43,   133,   171,   194,   255,
         360,   419,   740,   788,   799,   836,   838,   959,  1038,
        1116,  1126,  1284,  1357,  1568,  1716,  1725,  1877,  1886,
        1901,  1916,  2084,  2126,  2186,  2260,  2320,  2342,  2382,
        2431,  2462,  2592,  2702,  2761,  2785,  2818,  2956,  2975,
        3029,  3046,  3058,  3079,  3113,  3247,  3254,  3291,  3581,
        3622,  3667,  3750,  3903,  3947,  3990,  4042,  4142,  4151,
        4176,  4180,  4199,  4221,  4248,  4320,  4465,  4513,  4541,
        4548,  4645,  4839,  4854,  5110,  5119,  5139,  5219,  5226,
        5267,  5399,  5447,  5485,  5513,  5557,  5569,  5719,  5732,
        5769,  5853,  5882,  5891,  5938,  6042,  6092,  6221,  6229,
        6271,  6401,  6428,  6454,  6476,  6506,  6633,  6676,  6695,
        6700,  6757,  6763,  6899,  6925,  6931,  6962,  7007,  7112,
        7176,  7203,  7215,  7260,  7300,  7490,  7493,  7507,  7727,
        7732,  7856,  7861,  7958,  7972,  7984,  8060,  8155,  8228,
        8233,  8277,  8326,  8347,  8523,  8535,  8568,  8574,  8658,
        8790,  8797,  8807,  8819,  8975,  9111,  9116,  9143,  9179,
        9350,  9455,  9500,  9596,  9695,  9711,  9862,  9943,  9980,
       10029, 10171, 10207, 10230, 10250, 10273, 10444, 10522, 10654,
       10722, 10778, 10891, 11040, 11110, 11302, 11320, 11382, 11461,
       11496, 11924, 12107, 12408, 12410, 12446, 12452, 12492, 12512,
       12537, 12600, 12616, 12719, 12722, 12766, 12861, 12862, 12903,
       13048, 13242, 13248, 13251, 13317, 13357, 13390, 13586, 13651,
       13749, 13753, 13820, 13943, 14000, 14053, 14111, 14226, 14252,
       14268, 14282, 14283, 14486, 14611, 14745, 14758, 14774, 14829,
       14965, 15026, 15139, 15170, 15179, 15233, 15301, 15323, 15571,
       15645, 15660, 15663, 15699, 15716, 15791, 16006, 16032, 16063,
       16181, 16196, 16297, 16314, 16334, 16387, 16419, 16455, 16494,
       16496, 16682, 16769, 16772, 16833, 16865, 16897, 16941, 17086,
       17200, 17231, 17234, 17343, 17396, 17436, 17468, 17491, 17573,
       17624, 17689, 17796, 17834, 17848, 18150, 18231, 18256, 18472,
       18500, 18741, 18811, 18865, 18924, 18981, 19065, 19106, 19162,
       19231, 19243, 19319, 19398, 19446, 19576, 19590, 19598, 19617,
       19644, 19679, 19685, 19716, 19855, 19856, 19971, 20039, 20165,
       20372, 20548, 20570, 20673, 20768, 20895, 20972, 21010, 21030,
       21054, 21120, 21172, 21211, 21376, 21394, 21433, 21487, 21491,
       21560, 21619, 21650, 21694, 21812, 21890, 21995, 22047, 22095,
       22112, 22115, 22288, 22367, 22379, 22382, 22435, 22444, 22453,
       22538, 22549, 22558, 22692, 22706, 22722, 22817, 22898, 22900,
       22904, 22931, 22950, 23010, 23029, 23068, 23072, 23094, 23220,
       23306, 23324, 23347, 23353, 23388, 23436, 23486, 23552, 23602,
       23661, 23726, 23808, 23810, 23889, 23914, 24098, 24182, 24288,
       24534, 24570, 24666, 24691, 24731, 24827, 25016, 25078, 25087,
       25093, 25113, 25154, 25225, 25304, 25334, 25376, 25388, 25416,
       25531, 25588, 25636, 25690, 25695, 25770, 25804, 25844, 25933,
       25986, 25999, 26000, 26020, 26052, 26078, 26345, 26403, 26427,
       26496, 26550, 26622, 26636, 26643, 26690, 26699, 26772, 26823,
       26872, 26880, 26940, 26949, 27043, 27050, 27122, 27285, 27351,
       27374, 27392, 27423, 27491, 27552, 27626, 27751, 27764, 27859,
       27909, 27974, 27976, 28076, 28097, 28236, 28278, 28347, 28429,
       28445, 28474, 28511, 28522, 28542, 28593, 28604, 28660, 28723,
       28984, 29007, 29025, 29098, 29155, 29193, 29201, 29234, 29258,
       29312, 29328, 29370, 29672, 29690, 29703, 29777, 29787, 29846,
       29877, 29883, 29890, 29896, 30140, 30186, 30244, 30291, 30305,
       30512, 30563, 30606, 30658, 30673, 30988, 31004, 31046, 31150,
       31155, 31173, 31195, 31200, 31201, 31202, 31340, 31382, 31468,
       31483, 31501, 31599, 31642, 31686, 31827, 31831, 31959, 31973,
       32006, 32024, 32093, 32109, 32162, 32211, 32258, 32268, 32330,
       32743, 32770, 32852, 32916, 33000, 33041, 33048, 33056, 33142,
       33153, 33179, 33248, 33363, 33425, 33450, 33512, 33529, 33554,
       33601, 33674, 33694, 33802, 33812, 33842, 33855, 33879, 33926,
       33959, 34050, 34117, 34230, 34239, 34402, 34428, 34545, 34560,
       34652, 34673, 34751, 34799, 34805, 34855, 34955, 35023, 35100,
       35221, 35346, 35614, 35710, 35817, 35823, 35872, 35878, 35939,
       35959, 36040, 36050, 36167, 36221, 36224, 36285, 36404, 36460,
       36470, 36534, 36646, 36687, 36747, 36788, 36830, 36835, 36874,
       36892, 36897, 36932, 36936, 37009, 37104, 37159, 37186, 37290,
       37292, 37300, 37316, 37346, 37416, 37585, 37612, 37645, 37683,
       37781, 37804, 37827, 37875, 37891, 37910, 37951, 38001, 38018,
       38076, 38127, 38140, 38179, 38196, 38324, 38341, 38370, 38400,
       38418, 38423, 38446, 38468, 38750, 38769, 38863, 38874, 38878,
       38926, 39008, 39284, 39301, 39386, 39402, 39416, 39418, 39537,
       39610, 39626, 39630, 39660, 39802, 39869, 39908, 40057, 40170,
       40188, 40206, 40294, 40296, 40311, 40418, 40435, 40492, 40501,
       40504, 40639, 40910, 40942, 40944, 41015, 41034, 41086, 41249,
       41254, 41273, 41328, 41348, 41428, 41605, 41830, 41919, 41936,
       41947, 41949, 42001, 42006, 42065, 42176, 42204, 42294, 42386,
       42390, 42509, 42512, 42524, 42701, 42703, 42875, 43137, 43193,
       43284, 43397, 43456, 43460, 43504, 43563, 43569, 43648, 43728,
       43908, 43909, 43917, 44001, 44018, 44094, 44168, 44171, 44178,
       44203, 44224, 44261, 44356, 44415, 44543, 44547, 44619, 44657,
       44724, 45027, 45028, 45056, 45104, 45192, 45255, 45272, 45377,
       45473, 45555, 45562, 45620, 45709, 45776, 45894, 45932, 46095,
       46122, 46140, 46265, 46322, 46399, 46406, 46551, 46589, 46745,
       46798, 46820, 46836, 46891, 47001, 47090, 47127, 47351, 47359,
       47452, 47469, 47510, 47523, 47759, 47780, 47865, 47902, 47940,
       47943, 47984, 48042, 48046, 48048, 48113, 48248, 48289, 48294,
       48342, 48363, 48374, 48531, 48570, 48615, 48651, 48674, 48715,
       48743, 48773, 48775, 48783, 48833, 48906, 48979, 49143, 49230,
       49276, 49310, 49351]), array([    7,    43,   171,   255,   360,   419,   788,   799,   836,
         838,   959,  1116,  1126,  1357,  1568,  1725,  1877,  1901,
        1916,  2084,  2260,  2320,  2342,  2382,  2431,  2462,  2522,
        2592,  2761,  2785,  2818,  3046,  3058,  3079,  3113,  3247,
        3254,  3291,  3581,  3667,  3750,  3947,  3990,  4042,  4151,
        4176,  4248,  4320,  4465,  4513,  4548,  4645,  4749,  4839,
        4854,  5110,  5119,  5139,  5219,  5267,  5399,  5485,  5569,
        5719,  5732,  5769,  5853,  5891,  5938,  6092,  6225,  6271,
        6401,  6428,  6454,  6476,  6506,  6633,  6676,  6695,  6925,
        6962,  7007,  7112,  7176,  7203,  7215,  7490,  7493,  7656,
        7727,  7732,  7856,  7958,  7972,  7984,  8060,  8105,  8155,
        8228,  8233,  8277,  8326,  8347,  8523,  8535,  8568,  8574,
        8658,  8790,  8797,  8807,  8819,  8975,  9111,  9116,  9143,
        9455,  9500,  9695,  9862,  9869,  9943,  9980, 10029, 10134,
       10171, 10207, 10230, 10250, 10273, 10444, 10522, 10654, 10722,
       10891, 11040, 11110, 11302, 11320, 11382, 11461, 11496, 11924,
       12107, 12410, 12446, 12452, 12492, 12537, 12600, 12616, 12640,
       12719, 12722, 12861, 12862, 12903, 13048, 13242, 13251, 13317,
       13357, 13390, 13506, 13586, 13749, 13753, 13943, 14053, 14111,
       14226, 14252, 14268, 14282, 14541, 14589, 14611, 14745, 14774,
       14829, 14965, 15026, 15139, 15170, 15233, 15301, 15323, 15571,
       15660, 15663, 15699, 15716, 16006, 16032, 16063, 16196, 16314,
       16334, 16387, 16455, 16494, 16496, 16682, 16769, 16772, 16833,
       16897, 17086, 17200, 17231, 17234, 17343, 17436, 17491, 17573,
       17624, 17689, 17834, 17848, 18150, 18256, 18472, 18500, 18741,
       18865, 18924, 18981, 19065, 19106, 19231, 19243, 19319, 19398,
       19617, 19644, 19679, 19855, 19856, 19971, 20165, 20372, 20548,
       20570, 20673, 20895, 20972, 21030, 21054, 21055, 21120, 21172,
       21376, 21377, 21394, 21560, 21650, 21694, 21890, 22095, 22112,
       22115, 22367, 22379, 22382, 22435, 22444, 22453, 22549, 22558,
       22706, 22722, 22817, 22898, 22900, 22904, 22931, 22950, 23010,
       23029, 23068, 23072, 23094, 23220, 23306, 23347, 23353, 23436,
       23503, 23552, 23602, 23661, 23726, 23808, 23810, 23889, 23914,
       24182, 24288, 24534, 24666, 24691, 24731, 24827, 25078, 25087,
       25113, 25154, 25225, 25304, 25376, 25388, 25531, 25636, 25667,
       25695, 25770, 25804, 25844, 25986, 26000, 26020, 26052, 26078,
       26345, 26403, 26427, 26496, 26550, 26622, 26643, 26690, 26699,
       26823, 26825, 26872, 26880, 26940, 26949, 27050, 27249, 27374,
       27423, 27626, 27751, 27764, 27859, 27909, 27976, 28076, 28097,
       28236, 28278, 28347, 28429, 28445, 28474, 28511, 28522, 28542,
       28593, 28723, 29025, 29155, 29193, 29234, 29258, 29312, 29370,
       29672, 29690, 29777, 29787, 29877, 29883, 29890, 29896, 30186,
       30244, 30291, 30305, 30512, 30658, 30699, 30988, 31150, 31155,
       31173, 31195, 31340, 31483, 31501, 31599, 31686, 31831, 31959,
       31973, 32006, 32024, 32093, 32109, 32144, 32162, 32211, 32258,
       32268, 32330, 32743, 32852, 32916, 33000, 33041, 33048, 33056,
       33153, 33179, 33425, 33450, 33512, 33529, 33554, 33601, 33812,
       33842, 33879, 33904, 33926, 33959, 34050, 34117, 34230, 34428,
       34545, 34560, 34652, 34673, 34751, 34799, 34805, 34955, 35023,
       35221, 35614, 35710, 35817, 35823, 35878, 35939, 36040, 36050,
       36167, 36221, 36224, 36285, 36460, 36470, 36534, 36646, 36747,
       36788, 36830, 36835, 36874, 36892, 36932, 36936, 37009, 37019,
       37053, 37104, 37159, 37186, 37292, 37300, 37316, 37346, 37416,
       37585, 37612, 37645, 37683, 37804, 37827, 37875, 37891, 37910,
       37951, 38001, 38018, 38076, 38127, 38196, 38306, 38324, 38341,
       38370, 38400, 38418, 38423, 38446, 38468, 38750, 38863, 38874,
       38878, 38926, 39301, 39386, 39402, 39416, 39418, 39537, 39610,
       39626, 39630, 39660, 39802, 39869, 39908, 40057, 40170, 40188,
       40206, 40294, 40296, 40311, 40418, 40435, 40492, 40501, 40639,
       40910, 40942, 40944, 41015, 41034, 41086, 41249, 41273, 41328,
       41348, 41428, 41605, 41830, 41903, 41919, 41936, 41947, 41949,
       42001, 42012, 42065, 42176, 42204, 42257, 42294, 42386, 42390,
       42512, 42701, 42703, 43137, 43193, 43397, 43456, 43460, 43504,
       43563, 43569, 43648, 43728, 43908, 43909, 44001, 44018, 44168,
       44171, 44178, 44203, 44224, 44261, 44356, 44415, 44619, 44657,
       44724, 45028, 45056, 45084, 45192, 45272, 45377, 45555, 45562,
       45620, 45709, 45776, 45894, 45932, 46095, 46122, 46140, 46265,
       46399, 46406, 46526, 46551, 46589, 46745, 46798, 46820, 46836,
       46891, 47001, 47090, 47351, 47452, 47523, 47759, 47780, 47865,
       47877, 47943, 47971, 48042, 48113, 48248, 48289, 48294, 48363,
       48374, 48531, 48570, 48651, 48674, 48715, 48743, 48773, 48775,
       48783, 48906, 48979, 49143, 49230, 49276, 49310, 49351]), array([    7,    43,   171,   838,   959,  1116,  1126,  1357,  1568,
        1877,  1901,  1916,  2084,  2320,  2342,  2382,  2431,  2522,
        2592,  2785,  3046,  3247,  3254,  3291,  3581,  3667,  3990,
        4042,  4151,  4320,  4513,  4645,  4839,  4854,  5110,  5139,
        5219,  5399,  5569,  5719,  5769,  5891,  6092,  6225,  6401,
        6454,  6476,  6676,  6962,  7112,  7176,  7215,  7493,  7656,
        7732,  7958,  7972,  7984,  8060,  8105,  8228,  8233,  8277,
        8326,  8523,  8535,  8568,  8574,  8658,  8790,  8797,  8807,
        8819,  9111,  9116,  9143,  9179,  9500,  9943,  9980, 10171,
       10207, 10250, 10654, 10722, 10891, 11110, 11302, 11320, 11461,
       11735, 11924, 12107, 12410, 12446, 12537, 12600, 12616, 12722,
       12862, 13048, 13242, 13251, 13317, 13357, 13390, 13586, 13651,
       13753, 13943, 14053, 14111, 14226, 14252, 14268, 14611, 14745,
       14774, 14829, 15026, 15233, 15301, 15323, 15571, 15660, 15663,
       15716, 16006, 16063, 16196, 16314, 16387, 16455, 16494, 16496,
       16682, 16769, 17200, 17231, 17343, 17396, 17436, 17491, 17624,
       17834, 18472, 18741, 18865, 18924, 19065, 19243, 19319, 19398,
       19617, 19855, 20165, 20372, 20548, 20570, 20895, 21030, 21054,
       21172, 21192, 21376, 21394, 21619, 21650, 21694, 21890, 22095,
       22112, 22115, 22367, 22453, 22549, 22558, 22706, 22722, 22904,
       22950, 23010, 23029, 23068, 23072, 23094, 23220, 23347, 23353,
       23436, 23503, 23602, 23661, 23726, 23808, 23889, 23914, 24288,
       24666, 24691, 24827, 25078, 25087, 25154, 25225, 25304, 25531,
       25636, 25770, 25804, 25844, 25986, 26020, 26078, 26403, 26427,
       26550, 26643, 26690, 26699, 26872, 26880, 26940, 27050, 27374,
       27423, 27626, 27764, 27859, 27909, 28097, 28236, 28347, 28429,
       28445, 28522, 28593, 28723, 29025, 29155, 29193, 29312, 29370,
       29672, 29877, 29890, 29896, 30244, 30291, 30512, 30988, 31150,
       31155, 31173, 31340, 31501, 31599, 31686, 31915, 31959, 31973,
       32093, 32258, 32268, 32330, 32743, 32852, 32916, 33000, 33048,
       33056, 33153, 33179, 33425, 33512, 33529, 33554, 33812, 33842,
       33879, 33926, 33959, 34050, 34230, 34428, 34560, 34751, 34955,
       35221, 35614, 35710, 35817, 35823, 35939, 36040, 36050, 36167,
       36221, 36224, 36285, 36460, 36534, 36646, 36830, 36835, 36874,
       36892, 36936, 37009, 37159, 37186, 37300, 37316, 37346, 37416,
       37585, 37612, 37645, 37683, 37804, 37827, 37891, 37910, 37951,
       38001, 38018, 38196, 38341, 38370, 38400, 38423, 38446, 38750,
       38863, 38874, 38878, 38926, 39386, 39402, 39416, 39418, 39537,
       39610, 39626, 39660, 39802, 39869, 40057, 40206, 40294, 40296,
       40311, 40501, 40910, 40942, 41015, 41034, 41086, 41273, 41328,
       41348, 41428, 41830, 41919, 41947, 42065, 42176, 42204, 42390,
       42512, 42701, 42703, 43137, 43193, 43504, 43563, 43569, 43908,
       43909, 44168, 44171, 44203, 44224, 44356, 44415, 44619, 44724,
       45028, 45056, 45272, 45555, 45562, 45620, 45709, 45776, 45894,
       46122, 46140, 46265, 46406, 46589, 46745, 46798, 47001, 47351,
       47523, 47759, 47780, 47865, 47877, 48042, 48113, 48248, 48289,
       48570, 48651, 48674, 48715, 48773, 48775, 48783, 48979, 49143,
       49276, 49351]), array([    7,    43,   171,   959,  1116,  1126,  1357,  1568,  1877,
        1901,  1916,  2084,  2260,  2320,  2342,  2382,  2431,  2462,
        2522,  2592,  2785,  3247,  3254,  3291,  3581,  3990,  4042,
        4151,  4320,  4513,  4645,  4839,  4854,  5110,  5219,  5399,
        5485,  5569,  5719,  5769,  5853,  5891,  6092,  6401,  6454,
        6925,  6962,  7112,  7176,  7215,  7490,  7493,  7732,  7972,
        7984,  8060,  8228,  8233,  8277,  8326,  8523,  8535,  8568,
        8574,  8658,  8790,  8797,  8819,  9111,  9116,  9143,  9500,
        9862,  9980, 10207, 10273, 10654, 10722, 11110, 11302, 11320,
       11461, 11924, 12107, 12410, 12537, 12600, 12616, 12722, 12862,
       13048, 13251, 13357, 13390, 13753, 13943, 14053, 14111, 14252,
       14268, 14282, 14611, 14745, 14829, 15026, 15233, 15301, 15323,
       15660, 15663, 15716, 16006, 16063, 16196, 16314, 16387, 16455,
       16494, 16496, 16682, 16769, 16772, 17200, 17231, 17234, 17396,
       17491, 17624, 17834, 18472, 18741, 18865, 18924, 19065, 19231,
       19243, 19319, 19398, 19590, 19617, 19855, 20165, 20372, 20548,
       20570, 20895, 21030, 21054, 21192, 21376, 21394, 21650, 21890,
       22112, 22115, 22367, 22379, 22382, 22558, 22706, 22722, 22817,
       22904, 22950, 23010, 23029, 23068, 23072, 23094, 23347, 23436,
       23602, 23661, 23726, 23808, 23810, 23914, 24288, 24534, 24666,
       24827, 25078, 25087, 25154, 25304, 25531, 25636, 25695, 25770,
       25804, 25844, 25986, 26020, 26052, 26078, 26403, 26427, 26496,
       26550, 26643, 26690, 26699, 26872, 26880, 26940, 27351, 27552,
       27626, 27764, 27859, 27909, 28097, 28236, 28429, 28445, 28522,
       28593, 28723, 29025, 29072, 29155, 29193, 29312, 29370, 29672,
       29690, 29877, 29890, 29896, 30244, 30291, 30512, 30615, 31150,
       31155, 31340, 31468, 31959, 31973, 32258, 32268, 32330, 32743,
       32852, 32916, 33000, 33056, 33153, 33179, 33425, 33450, 33512,
       33554, 33812, 33842, 33879, 33926, 33959, 34050, 34230, 34428,
       34545, 34560, 34751, 34955, 35221, 35614, 35939, 36040, 36050,
       36167, 36221, 36224, 36285, 36460, 36646, 36830, 36835, 36874,
       36892, 37009, 37159, 37186, 37300, 37316, 37346, 37585, 37612,
       37683, 37804, 37827, 37891, 37910, 37951, 38001, 38018, 38196,
       38341, 38370, 38423, 38446, 38750, 38863, 38878, 38926, 39402,
       39416, 39418, 39610, 39626, 39802, 40057, 40206, 40294, 40311,
       40501, 40639, 40910, 41034, 41086, 41273, 41328, 41348, 41428,
       41830, 41919, 41947, 42065, 42176, 42204, 42386, 42390, 42701,
       42703, 43137, 43193, 43504, 43569, 43908, 43909, 44001, 44018,
       44168, 44171, 44224, 44261, 44356, 44415, 44619, 44724, 45028,
       45056, 45192, 45272, 45555, 45709, 45776, 45894, 46095, 46122,
       46140, 46589, 46745, 46798, 46891, 47001, 47523, 47780, 48042,
       48113, 48248, 48289, 48570, 48651, 48674, 48715, 48743, 48773,
       48775, 48783, 49143, 49276, 49351]), array([    7,    43,   171,   838,   959,  1116,  1126,  1357,  1568,
        1877,  1901,  1916,  2084,  2260,  2320,  2342,  2431,  2592,
        3247,  3254,  3291,  3581,  3990,  4042,  4151,  4320,  4513,
        4645,  4839,  5110,  5219,  5399,  5485,  5569,  5769,  5891,
        6092,  6401,  6454,  6476,  6925,  6962,  7007,  7112,  7176,
        7203,  7215,  7493,  7656,  7732,  7972,  7984,  8060,  8155,
        8228,  8233,  8277,  8326,  8523,  8535,  8568,  8574,  8658,
        8790,  8797,  8819,  9111,  9116,  9143,  9500, 10207, 10273,
       10522, 10654, 10722, 11110, 11302, 11461, 11924, 12107, 12410,
       12537, 12600, 12616, 12722, 13251, 13390, 13753, 13943, 14053,
       14111, 14252, 14268, 14611, 14745, 14829, 15026, 15233, 15301,
       15323, 15660, 15663, 15699, 15716, 16006, 16063, 16196, 16314,
       16387, 16455, 16494, 16496, 16682, 16769, 16833, 17200, 17231,
       17624, 17834, 18472, 18741, 18865, 18924, 19065, 19231, 19243,
       19319, 19398, 19617, 19855, 20165, 20372, 20548, 20570, 21030,
       21054, 21192, 21394, 21619, 21650, 22112, 22115, 22367, 22382,
       22558, 22706, 22722, 22817, 22904, 22950, 23010, 23029, 23068,
       23072, 23094, 23220, 23347, 23436, 23661, 23726, 23810, 23914,
       24182, 24288, 24691, 24827, 25078, 25087, 25154, 25304, 25531,
       25636, 25695, 25770, 25804, 25844, 25986, 26020, 26078, 26427,
       26550, 26643, 26690, 26699, 26872, 26880, 26940, 27374, 27423,
       27552, 27626, 27764, 27859, 27909, 28097, 28236, 28429, 28445,
       28511, 28593, 29155, 29193, 29312, 29370, 29672, 29877, 29890,
       29896, 30244, 30512, 30988, 31150, 31155, 31195, 31340, 31642,
       31686, 31915, 31959, 31973, 32258, 32268, 32330, 32743, 32852,
       32916, 33000, 33056, 33179, 33425, 33512, 33554, 33812, 33842,
       33879, 33926, 33959, 34050, 34230, 34428, 34545, 34560, 34751,
       34955, 35221, 35614, 35817, 35823, 35939, 36040, 36050, 36167,
       36221, 36224, 36285, 36460, 36646, 36788, 36830, 36835, 36892,
       37009, 37159, 37186, 37300, 37346, 37612, 37683, 37804, 37827,
       37891, 37951, 38001, 38018, 38196, 38341, 38370, 38400, 38423,
       38446, 38750, 38878, 38926, 39301, 39402, 39416, 39418, 39610,
       39626, 39802, 39869, 40057, 40206, 40294, 40296, 40311, 40492,
       40501, 40910, 41034, 41086, 41273, 41328, 41348, 41428, 41830,
       41919, 41947, 42065, 42176, 42204, 42294, 42386, 42390, 42701,
       42703, 43137, 43193, 43504, 43569, 43908, 43909, 44168, 44171,
       44203, 44224, 44356, 44415, 44619, 45028, 45056, 45272, 45555,
       45562, 45620, 45709, 45776, 45894, 46095, 46122, 46140, 46265,
       46589, 46745, 46891, 47001, 47452, 47523, 47759, 47780, 47865,
       48042, 48113, 48289, 48570, 48651, 48674, 48773, 48783, 49143,
       49276, 49351]), array([    7,   171,   959,  1116,  1126,  1568,  1877,  1901,  1916,
        2084,  2320,  2342,  2382,  2431,  2462,  2592,  2785,  3247,
        3254,  3291,  3581,  3752,  3990,  4042,  4151,  4320,  4513,
        4645,  4839,  5110,  5219,  5399,  5485,  5569,  5769,  6092,
        6401,  6454,  6476,  6925,  6962,  7112,  7215,  7490,  7493,
        7732,  7972,  7984,  8060,  8228,  8233,  8277,  8326,  8535,
        8568,  8574,  8790,  8797,  8819,  9111,  9116,  9143,  9500,
       10207, 10273, 10654, 10722, 11110, 11302, 11461, 11496, 11924,
       12107, 12410, 12537, 12600, 12616, 12722, 13251, 13357, 13390,
       13753, 13943, 14053, 14111, 14252, 14268, 14611, 14829, 15026,
       15233, 15301, 15323, 15660, 15663, 15699, 15716, 16006, 16063,
       16196, 16314, 16387, 16455, 16496, 16682, 16769, 17231, 17624,
       17834, 18472, 18741, 18865, 18924, 19065, 19231, 19243, 19319,
       19398, 19617, 19855, 20165, 20372, 20548, 20570, 21030, 21054,
       21619, 21650, 21890, 22112, 22367, 22379, 22382, 22558, 22706,
       22722, 22817, 22904, 22950, 23010, 23029, 23068, 23072, 23347,
       23602, 23661, 23726, 23914, 24288, 24534, 24691, 24827, 25078,
       25087, 25154, 25304, 25334, 25531, 25695, 25770, 25804, 25844,
       25986, 26020, 26078, 26403, 26427, 26550, 26643, 26690, 26699,
       26872, 26880, 26940, 27374, 27423, 27626, 27764, 27859, 27909,
       28097, 28236, 28445, 28593, 29155, 29193, 29234, 29312, 29370,
       29672, 29877, 29890, 29896, 30244, 30291, 30512, 31150, 31155,
       31340, 31599, 31915, 31959, 31973, 32258, 32268, 32330, 32743,
       32916, 33056, 33179, 33425, 33512, 33554, 33812, 33842, 33926,
       33959, 34050, 34230, 34428, 34545, 34560, 34955, 35614, 35817,
       35823, 35939, 36040, 36050, 36167, 36221, 36224, 36285, 36460,
       36830, 36835, 36892, 37009, 37159, 37186, 37300, 37346, 37612,
       37645, 37683, 37804, 37827, 37891, 37951, 38001, 38196, 38341,
       38400, 38423, 38446, 38750, 38878, 38926, 39402, 39416, 39418,
       39610, 39626, 39802, 40057, 40206, 40294, 40311, 40501, 40516,
       40910, 41015, 41034, 41086, 41273, 41328, 41348, 41428, 41830,
       41919, 42065, 42176, 42204, 42386, 42390, 42701, 42703, 43137,
       43193, 43504, 43569, 43908, 43909, 44168, 44171, 44356, 44415,
       44619, 45028, 45056, 45272, 45555, 45562, 45620, 45894, 46095,
       46122, 46140, 46589, 46745, 46891, 47001, 47469, 47523, 47780,
       47865, 47877, 48042, 48248, 48289, 48570, 48651, 48674, 48773,
       48783, 49143, 49276, 49351]), array([    7,   171,   959,  1116,  1126,  1568,  1877,  1916,  2320,
        2342,  2431,  2462,  2592,  3247,  3254,  3291,  3581,  3990,
        4042,  4151,  4320,  4513,  4645,  4839,  5110,  5219,  5569,
        5769,  5891,  6092,  6401,  6925,  7112,  7490,  7493,  7732,
        7972,  7984,  8060,  8228,  8233,  8326,  8535,  8568,  8574,
        8797,  8819,  9111,  9116,  9143,  9500, 10207, 10273, 10654,
       10722, 11110, 11302, 11361, 11461, 11924, 12107, 12410, 12537,
       12600, 12722, 13251, 13390, 13753, 13943, 14053, 14111, 14252,
       14268, 14611, 14829, 15026, 15233, 15301, 15323, 15660, 15663,
       15716, 16006, 16063, 16196, 16314, 16387, 16455, 16682, 16769,
       17231, 17624, 17834, 18472, 18741, 18865, 18924, 19231, 19319,
       19398, 19617, 19855, 20165, 20372, 20548, 21030, 21054, 22112,
       22367, 22382, 22558, 22706, 22722, 22904, 22950, 23010, 23068,
       23072, 23347, 23436, 23661, 23726, 23914, 24288, 24691, 24827,
       25078, 25087, 25154, 25531, 25770, 25804, 25844, 25986, 26078,
       26403, 26427, 26690, 26699, 26872, 26880, 26940, 27374, 27626,
       27764, 27859, 27909, 28097, 28236, 28445, 28593, 29155, 29312,
       29370, 29877, 29890, 29896, 30244, 30512, 31150, 31155, 31340,
       31599, 31959, 32258, 32268, 32330, 32743, 32916, 33056, 33179,
       33425, 33512, 33554, 33812, 33926, 33959, 34050, 34230, 34545,
       34560, 34955, 35614, 35817, 35823, 35939, 36040, 36050, 36221,
       36224, 36285, 36830, 36835, 36892, 37009, 37159, 37186, 37346,
       37612, 37683, 37804, 37827, 37891, 37951, 38001, 38018, 38400,
       38423, 38446, 38750, 38926, 39418, 39537, 39626, 39802, 40057,
       40206, 40294, 40501, 40910, 41015, 41034, 41086, 41273, 41328,
       41348, 41428, 41830, 41919, 42065, 42176, 42204, 42386, 42390,
       42701, 42703, 43137, 43193, 43504, 43569, 43908, 43909, 44171,
       44356, 44415, 44619, 44724, 45028, 45056, 45272, 45555, 45562,
       45620, 45894, 46095, 46122, 46140, 46589, 46745, 47523, 47780,
       47865, 48042, 48248, 48289, 48570, 48651, 48674, 48773, 48783,
       49143, 49276]), array([    7,    35,    43,   171,   255,   740,   788,   959,  1116,
        1126,  1568,  1877,  1901,  1916,  2084,  2260,  2320,  2342,
        2382,  2431,  2462,  2473,  2522,  2592,  2785,  2956,  3058,
        3079,  3247,  3254,  3291,  3581,  3752,  3990,  4042,  4151,
        4199,  4248,  4320,  4465,  4513,  4645,  4839,  4854,  5110,
        5219,  5399,  5485,  5569,  5719,  5732,  5769,  5891,  6092,
        6225,  6271,  6305,  6401,  6454,  6476,  6506,  6539,  6676,
        6695,  6744,  6925,  6962,  7112,  7215,  7490,  7493,  7507,
        7656,  7732,  7972,  7984,  8060,  8155,  8228,  8233,  8277,
        8326,  8523,  8535,  8568,  8574,  8632,  8790,  8797,  8819,
        9111,  9116,  9143,  9500,  9679, 10207, 10273, 10522, 10654,
       10722, 11110, 11302, 11361, 11461, 11496, 11735, 11924, 12107,
       12348, 12408, 12410, 12492, 12537, 12600, 12616, 12640, 12722,
       12903, 13251, 13317, 13357, 13390, 13753, 13943, 14053, 14111,
       14252, 14268, 14611, 14745, 14774, 14829, 14965, 15026, 15170,
       15233, 15301, 15323, 15571, 15660, 15663, 15716, 16006, 16063,
       16196, 16314, 16387, 16455, 16494, 16496, 16682, 16769, 16772,
       16833, 17147, 17231, 17234, 17343, 17396, 17491, 17624, 17834,
       18472, 18741, 18865, 18924, 19106, 19217, 19231, 19243, 19319,
       19398, 19617, 19679, 19855, 20165, 20372, 20548, 20570, 20673,
       20895, 21010, 21030, 21054, 21376, 21394, 21560, 21619, 21650,
       21694, 21890, 22112, 22115, 22367, 22379, 22382, 22558, 22706,
       22722, 22817, 22904, 22950, 23010, 23029, 23068, 23072, 23094,
       23220, 23347, 23353, 23435, 23436, 23602, 23661, 23726, 23768,
       23770, 23808, 23810, 23889, 23914, 24098, 24288, 24534, 24544,
       24666, 24691, 24827, 25078, 25087, 25154, 25304, 25334, 25531,
       25588, 25636, 25667, 25695, 25770, 25804, 25844, 25986, 26020,
       26078, 26345, 26403, 26427, 26550, 26643, 26690, 26699, 26823,
       26872, 26880, 26940, 27050, 27138, 27351, 27374, 27423, 27552,
       27626, 27764, 27859, 27909, 28097, 28236, 28429, 28445, 28511,
       28522, 28593, 28723, 29155, 29193, 29234, 29312, 29370, 29672,
       29690, 29877, 29890, 29896, 30244, 30291, 30512, 30563, 30615,
       30988, 31046, 31150, 31155, 31195, 31340, 31599, 31827, 31831,
       31959, 31973, 32006, 32109, 32144, 32258, 32268, 32330, 32743,
       32916, 33056, 33142, 33153, 33179, 33337, 33342, 33425, 33512,
       33554, 33812, 33842, 33879, 33904, 33926, 33959, 34050, 34230,
       34428, 34545, 34560, 34751, 34955, 35614, 35817, 35823, 35939,
       36040, 36050, 36167, 36221, 36224, 36285, 36404, 36460, 36646,
       36830, 36835, 36874, 36892, 36936, 37009, 37053, 37104, 37159,
       37186, 37300, 37346, 37585, 37612, 37645, 37683, 37804, 37827,
       37891, 37910, 37951, 38001, 38018, 38196, 38324, 38400, 38423,
       38446, 38750, 38878, 38926, 39301, 39389, 39402, 39416, 39418,
       39537, 39610, 39626, 39802, 39869, 40057, 40206, 40294, 40296,
       40492, 40501, 40516, 40592, 40910, 41015, 41034, 41086, 41273,
       41328, 41348, 41428, 41830, 41903, 41919, 41947, 42001, 42065,
       42176, 42204, 42257, 42386, 42390, 42701, 42703, 43018, 43137,
       43193, 43284, 43456, 43460, 43504, 43569, 43908, 43909, 44018,
       44168, 44171, 44203, 44224, 44261, 44356, 44415, 44619, 44657,
       44724, 45027, 45028, 45056, 45272, 45377, 45555, 45562, 45620,
       45709, 45776, 45894, 45932, 46095, 46122, 46140, 46265, 46406,
       46526, 46589, 46745, 46891, 47001, 47359, 47452, 47523, 47759,
       47780, 47865, 47877, 47971, 47984, 48042, 48113, 48248, 48289,
       48570, 48651, 48674, 48715, 48773, 48783, 48833, 49143, 49276,
       49310, 49351]), array([    7,    43,   171,   255,   419,   740,   788,   927,   959,
        1116,  1126,  1568,  1877,  1901,  1916,  2084,  2320,  2342,
        2382,  2431,  2462,  2473,  2522,  2592,  2785,  2956,  3058,
        3079,  3247,  3254,  3291,  3581,  3752,  3785,  3990,  4042,
        4151,  4221,  4248,  4320,  4465,  4513,  4645,  4839,  4854,
        5110,  5139,  5219,  5399,  5485,  5569,  5719,  5732,  5769,
        5891,  6092,  6225,  6271,  6305,  6401,  6454,  6476,  6506,
        6695,  6744,  6925,  6962,  7112,  7215,  7490,  7493,  7507,
        7656,  7732,  7972,  7984,  8060,  8094,  8155,  8228,  8233,
        8277,  8326,  8523,  8535,  8568,  8574,  8632,  8790,  8797,
        8819,  8981,  9111,  9116,  9143,  9500, 10029, 10171, 10207,
       10273, 10522, 10654, 10722, 11110, 11302, 11361, 11461, 11496,
       11924, 12107, 12348, 12408, 12410, 12492, 12537, 12600, 12616,
       12640, 12722, 12903, 13048, 13251, 13317, 13357, 13390, 13753,
       13943, 14053, 14111, 14252, 14268, 14745, 14829, 14965, 15026,
       15170, 15233, 15301, 15323, 15571, 15660, 15663, 15716, 16006,
       16063, 16196, 16314, 16387, 16455, 16494, 16496, 16682, 16769,
       16772, 16833, 17147, 17231, 17234, 17343, 17396, 17491, 17624,
       17834, 17912, 18329, 18472, 18741, 18865, 18924, 19106, 19217,
       19231, 19243, 19319, 19398, 19590, 19617, 19679, 19855, 20165,
       20372, 20548, 20895, 21030, 21054, 21120, 21376, 21394, 21619,
       21650, 21694, 22112, 22115, 22367, 22379, 22382, 22435, 22558,
       22706, 22722, 22817, 22904, 22950, 23010, 23029, 23068, 23072,
       23094, 23347, 23353, 23436, 23602, 23661, 23726, 23768, 23770,
       23808, 23810, 23914, 24098, 24288, 24534, 24666, 24691, 24827,
       25078, 25087, 25113, 25154, 25304, 25334, 25531, 25636, 25667,
       25695, 25770, 25804, 25844, 25986, 26020, 26078, 26403, 26427,
       26550, 26643, 26690, 26699, 26823, 26872, 26880, 26940, 26949,
       27050, 27138, 27351, 27374, 27423, 27552, 27626, 27746, 27764,
       27859, 27909, 28097, 28236, 28405, 28445, 28511, 28522, 28593,
       28723, 29155, 29193, 29198, 29234, 29312, 29370, 29672, 29690,
       29877, 29890, 29896, 30244, 30291, 30512, 30563, 30615, 31046,
       31150, 31155, 31173, 31195, 31340, 31599, 31827, 31831, 31915,
       31959, 31973, 32006, 32093, 32109, 32144, 32258, 32268, 32330,
       32743, 32916, 33056, 33153, 33179, 33337, 33342, 33425, 33512,
       33554, 33812, 33879, 33924, 33926, 33959, 34050, 34230, 34428,
       34545, 34560, 34751, 34955, 35614, 35817, 35823, 35939, 36040,
       36050, 36167, 36221, 36224, 36285, 36404, 36460, 36646, 36830,
       36835, 36874, 36892, 36936, 37009, 37053, 37104, 37159, 37186,
       37300, 37316, 37346, 37585, 37612, 37645, 37683, 37804, 37827,
       37891, 37910, 37951, 38001, 38018, 38196, 38324, 38341, 38370,
       38400, 38423, 38446, 38750, 38878, 38926, 39301, 39389, 39402,
       39416, 39418, 39537, 39610, 39626, 39802, 39869, 40057, 40206,
       40294, 40296, 40311, 40492, 40501, 40516, 40639, 40910, 41015,
       41034, 41086, 41273, 41328, 41348, 41428, 41830, 41903, 41919,
       41947, 42001, 42065, 42176, 42204, 42386, 42390, 42701, 42703,
       43018, 43137, 43193, 43284, 43456, 43460, 43504, 43569, 43847,
       43908, 43909, 44018, 44168, 44171, 44224, 44261, 44356, 44415,
       44619, 44657, 44724, 45027, 45028, 45056, 45272, 45377, 45555,
       45562, 45620, 45776, 45894, 45932, 46095, 46122, 46140, 46265,
       46526, 46589, 46745, 46891, 47001, 47359, 47452, 47523, 47759,
       47780, 47865, 47877, 47940, 48042, 48113, 48248, 48289, 48570,
       48651, 48674, 48715, 48773, 48783, 48833, 49143, 49276, 49310,
       49351])]
