training accuracy when lambda=0.3
[0.6229494949398618, 0.7123636363684529, 0.7253535353390858, 0.7342424242327912, 0.7381010101058266, 0.743111111101478, 0.7469696969552474, 0.7508282828330993, 0.7543636363684529, 0.7551717171813502, 0.7566464646512812, 0.7598989898893568, 0.7616161616065286, 0.7636565656661988, 0.765393939408389, 0.7633939393987559, 0.7645050504954174, 0.7663434343530674, 0.769575757570941, 0.7681010101058267, 0.7686868686965017, 0.7711111111111111, 0.7726060606156937, 0.7731717171620841, 0.773313131327581, 0.77303030302067, 0.7726060606156937, 0.7742424242520574, 0.7726262626407122, 0.7750101010149175, 0.7746262626262627, 0.7737171717219883, 0.7727070707070707, 0.7763838383838384, 0.7722424242520574, 0.7763636363491867, 0.773313131327581, 0.7771515151515151, 0.7745252525397022, 0.7747070707070707, 0.7726060606108771, 0.771535353530537, 0.7733737373641043, 0.7726666666666666, 0.7732929293025623, 0.7712121212073046, 0.7708888888792558, 0.7701010101058267, 0.7691717171861668, 0.7687878788023284]
test accuracy when lambda=0.3
[0.3778, 0.3884, 0.3934, 0.3943, 0.4001, 0.3954, 0.3981, 0.3979, 0.3956, 0.3966, 0.3952, 0.3922, 0.4024, 0.4005, 0.4014, 0.3994, 0.3937, 0.4005, 0.3972, 0.3976, 0.3997, 0.3948, 0.3987, 0.3995, 0.399, 0.401, 0.3966, 0.397, 0.4, 0.3987, 0.3977, 0.4014, 0.3969, 0.3955, 0.3986, 0.3952, 0.3999, 0.3981, 0.3958, 0.3966, 0.3991, 0.4003, 0.3984, 0.3946, 0.3942, 0.3947, 0.3985, 0.4002, 0.3948, 0.3964]
training accuracy when lambda=0.4
[0.46024242423279116, 0.5190303030327112, 0.5263434343362096, 0.5337373737325573, 0.5352323232371398, 0.5389292929196599, 0.5407474747474748, 0.545010101000468, 0.5451717171620841, 0.5492121212169377, 0.5508484848436683, 0.5519595959620043, 0.5555555555459225, 0.5557575757575758, 0.5578383838383838, 0.5600000000096331, 0.5632121212073047, 0.5657575757431261, 0.5667272727128231, 0.5699797979725731, 0.5729898989898989, 0.5730909090957256, 0.5781212121115791, 0.5798989898893568, 0.5819393939321691, 0.5855555555459225, 0.589454545449729, 0.5876565656710153, 0.5936161616209782, 0.5937171717075387, 0.5937171717147635, 0.5947676767628602, 0.598383838398288, 0.601393939408389, 0.6039999999903669, 0.6034343434487931, 0.6028484848629344, 0.6052929292929293, 0.6064444444299948, 0.6087878787830623, 0.6085050504906009, 0.6105858585954916, 0.6126666666811162, 0.6130505050505051, 0.6142424242520573, 0.6147272727369057, 0.6165656565752896, 0.6178181818133652, 0.6181616161471666, 0.6192323232178736]
test accuracy when lambda=0.4
[0.3874, 0.3881, 0.3916, 0.3932, 0.4029, 0.3971, 0.3963, 0.3926, 0.4009, 0.3995, 0.3937, 0.3974, 0.4019, 0.3976, 0.3961, 0.3986, 0.4, 0.4018, 0.4002, 0.3982, 0.3923, 0.3945, 0.3932, 0.3979, 0.3976, 0.3958, 0.3936, 0.3934, 0.3971, 0.3956, 0.397, 0.3949, 0.3945, 0.3952, 0.3945, 0.3943, 0.3969, 0.3922, 0.3917, 0.3935, 0.3897, 0.3916, 0.3933, 0.3916, 0.3892, 0.3922, 0.39, 0.3941, 0.3948, 0.392]
training accuracy when lambda=0.5
[0.12634343434524054, 0.13238383838564458, 0.13614141414261827, 0.13927272727513554, 0.14145454545635167, 0.14292929293109913, 0.14741414141775383, 0.14903030303210923, 0.15165656566017807, 0.1541818181836244, 0.15945454545635165, 0.16305050505110713, 0.16587878787999202, 0.16985858586581065, 0.17672727273088512, 0.18383838383838383, 0.19082828282948697, 0.19583838383958796, 0.20696969697692177, 0.21503030303030304, 0.22622222222342636, 0.23472727273088512, 0.24545454545454545, 0.2562020202026223, 0.26563636363756776, 0.2739797979773897, 0.2863434343482509, 0.29301010100769276, 0.30290909091029505, 0.3129898989935114, 0.3242626262674428, 0.33090909090668263, 0.3399595959644125, 0.3476161616161616, 0.3541818181794099, 0.36103030302789474, 0.37010101010823493, 0.3768686868662786, 0.38569696969817385, 0.39090909091390746, 0.3983030303102551, 0.40161616162097813, 0.4064242424194259, 0.411494949499766, 0.4203232323208241, 0.42402020201056895, 0.42793939393939395, 0.43345454546417855, 0.4382424242448325, 0.44210101009619357]
test accuracy when lambda=0.5
[0.3827, 0.3892, 0.3952, 0.4033, 0.3976, 0.4021, 0.4057, 0.4036, 0.4038, 0.4074, 0.4034, 0.4045, 0.4045, 0.408, 0.4061, 0.4014, 0.4018, 0.4033, 0.4025, 0.4019, 0.4034, 0.399, 0.4025, 0.3981, 0.392, 0.3958, 0.3949, 0.3939, 0.3963, 0.3892, 0.3913, 0.3904, 0.3942, 0.3924, 0.3886, 0.3869, 0.3894, 0.3885, 0.3888, 0.3873, 0.385, 0.3867, 0.3855, 0.3894, 0.3881, 0.3836, 0.3892, 0.386, 0.3828, 0.3778]
training accuracy when lambda=0.6
[0.12644444444504652, 0.13464646464887292, 0.1365454545460566, 0.1387070707070707, 0.14373737373917994, 0.14527272727332935, 0.14919191919432745, 0.15466666666847287, 0.15850505050745878, 0.1652121212121212, 0.16901010101371342, 0.17757575757635966, 0.1874949494967557, 0.19951515151755977, 0.21040404040644867, 0.2247070707106831, 0.23711111111171318, 0.2523232323256406, 0.2686464646470667, 0.2877373737349655, 0.30472727273208927, 0.31909090909211324, 0.33537373738096216, 0.3493737373773498, 0.36624242424242426, 0.37715151514188205, 0.39082828283550763, 0.4042828282828283, 0.41662626263107916, 0.42846464645742166, 0.43559595959114306, 0.45109090909331734, 0.4595353535377618, 0.46646464645742164, 0.4758989898893568, 0.48997979797979796, 0.4901616161471665, 0.5022828282852365, 0.5095959595983679, 0.5128080808080808, 0.5225656565752896, 0.5261010100937853, 0.536808080810489, 0.5379797979822063, 0.54343434343916, 0.5490909091053587, 0.5576969697114194, 0.5620404040307709, 0.5659595959692291, 0.5698787878932375]
test accuracy when lambda=0.6
[0.3828, 0.3868, 0.4045, 0.3992, 0.3993, 0.4073, 0.4038, 0.4078, 0.4127, 0.4009, 0.4024, 0.4069, 0.4039, 0.4007, 0.4003, 0.3984, 0.3993, 0.3949, 0.3918, 0.389, 0.3899, 0.3895, 0.378, 0.3824, 0.3767, 0.3756, 0.376, 0.3773, 0.3753, 0.3747, 0.3692, 0.3693, 0.3662, 0.3711, 0.3674, 0.3654, 0.3721, 0.3693, 0.3643, 0.3633, 0.3681, 0.3589, 0.3643, 0.3656, 0.3676, 0.3613, 0.3665, 0.3627, 0.3665, 0.3647]
training accuracy when lambda=0.7
[0.12331313131373338, 0.133797979799786, 0.13795959596140217, 0.14018181818543057, 0.14753535353535355, 0.1493333333339354, 0.15634343434704676, 0.16230303030363236, 0.17002020202020202, 0.17830303030062203, 0.18894949495190322, 0.20759595959716373, 0.2220202020226103, 0.2409696969709011, 0.26113131313131316, 0.2818585858609941, 0.30933333333453744, 0.3260606060581978, 0.35070707070225415, 0.3707878787890829, 0.39256565656565656, 0.4135555555579638, 0.4309292929341095, 0.4464242424266507, 0.4598989898941734, 0.47989898990862295, 0.4956969696969697, 0.5094141414141414, 0.5235151515175598, 0.5331111111135194, 0.5458383838528335, 0.5540404040355875, 0.5661414141269645, 0.5767474747402499, 0.5823636363636364, 0.592505050509867, 0.6016767676719511, 0.6065454545502711, 0.6152323232467728, 0.6229696969624722, 0.629959595969229, 0.6350909090764595, 0.6424444444348114, 0.6446060605964276, 0.6536565656710153, 0.6581414141317811, 0.6582020202116533, 0.6664646464501969, 0.6730909090909091, 0.6787474747426582]
test accuracy when lambda=0.7
[0.3789, 0.393, 0.4034, 0.4054, 0.405, 0.4018, 0.411, 0.4098, 0.4032, 0.4055, 0.4025, 0.391, 0.3959, 0.3874, 0.3795, 0.3837, 0.3709, 0.3664, 0.366, 0.3585, 0.3559, 0.3469, 0.3426, 0.349, 0.3464, 0.3408, 0.3457, 0.3463, 0.3402, 0.3404, 0.335, 0.3391, 0.3357, 0.3334, 0.3365, 0.3363, 0.3371, 0.3336, 0.3306, 0.3335, 0.3346, 0.3344, 0.336, 0.3383, 0.3288, 0.3359, 0.3363, 0.3364, 0.3373, 0.3373]
training accuracy when lambda=0.8
[0.12218181818181818, 0.13242424242785483, 0.1363232323238344, 0.14171717172078413, 0.14725252525312732, 0.15393939394300635, 0.1615151515175598, 0.17157575757937, 0.1851111111117132, 0.20040404040404042, 0.21690909091149918, 0.24276767677490158, 0.26668686869409347, 0.2921212121212121, 0.3196161616113451, 0.34909090909572565, 0.3728080808032643, 0.3968484848436683, 0.4253333333261085, 0.44579797980279634, 0.4709090909235405, 0.4934949494949495, 0.5086868686796439, 0.5289090909114992, 0.5433333333333333, 0.5588686868614621, 0.5777575757479427, 0.5923030303030303, 0.6040404040500371, 0.6135555555555555, 0.6250909090860925, 0.6354343434271186, 0.6451111111255607, 0.6567878787830622, 0.6632323232275067, 0.6748080808032643, 0.6791717171572675, 0.6911515151466986, 0.695474747469931, 0.7058181818326315, 0.7092121212121212, 0.7150707070562574, 0.7146262626214461, 0.7231111111207442, 0.7303232323232324, 0.7339595959451464, 0.7378181818229984, 0.7429494949639446, 0.7503434343482509, 0.7550707070851567]
test accuracy when lambda=0.8
[0.377, 0.3956, 0.3998, 0.4182, 0.4231, 0.4227, 0.417, 0.4161, 0.406, 0.4029, 0.3843, 0.3777, 0.3669, 0.3562, 0.3501, 0.3429, 0.3321, 0.321, 0.3175, 0.32, 0.319, 0.306, 0.313, 0.3018, 0.3158, 0.3056, 0.2986, 0.3008, 0.3031, 0.3035, 0.297, 0.2989, 0.2958, 0.2882, 0.3, 0.2948, 0.2946, 0.3026, 0.2944, 0.2969, 0.2913, 0.301, 0.2977, 0.2964, 0.2993, 0.2988, 0.303, 0.2998, 0.2987, 0.293]
