training accuracy when lambda=0.3
[0.6635555555411059, 0.7549898990043487, 0.7698989898941734, 0.7781010100865605, 0.7862222222077726, 0.7892727272871769, 0.7933737373737374, 0.7953939393843064, 0.8002828282924613, 0.7992121212073047, 0.8035151515055184, 0.8064848484703989, 0.8079595959451463, 0.8078585858489528, 0.8098181818037322, 0.8120202020250186, 0.8117373737470068, 0.8129696969648804, 0.814383838398288, 0.8129696969600639, 0.8155151515055185, 0.8152727272775439, 0.8186666666811163, 0.817090909081276, 0.8183232323135993, 0.819070707061074, 0.8187676767676768, 0.8176969696921531, 0.8188888888792558, 0.8179191919095589, 0.8181414141414142, 0.8159797979846145, 0.8184646464742795, 0.8163232323328654, 0.8170707070707071, 0.8148484848340353, 0.8172525252477087, 0.8158787878739714, 0.8146262626166295, 0.816525252530069, 0.8133333333333334, 0.8142424242424242, 0.8133939394035725, 0.8147272727224562, 0.8112525252573418, 0.8106868686868687, 0.8101414141510472, 0.8135555555700051, 0.8109898989995321, 0.8082626262626262]
test accuracy when lambda=0.3
[0.3845, 0.3938, 0.397, 0.3953, 0.4032, 0.4038, 0.405, 0.404, 0.404, 0.4062, 0.4033, 0.4053, 0.4085, 0.4073, 0.4074, 0.4071, 0.4016, 0.4062, 0.4039, 0.4089, 0.4088, 0.4049, 0.405, 0.4063, 0.4076, 0.4011, 0.4068, 0.4046, 0.4046, 0.4061, 0.4051, 0.4045, 0.4069, 0.4029, 0.4026, 0.4016, 0.4015, 0.3999, 0.4072, 0.4027, 0.4056, 0.4027, 0.4029, 0.4036, 0.405, 0.4018, 0.4015, 0.4009, 0.4037, 0.4023]
training accuracy when lambda=0.4
[0.5286868687013183, 0.5923030302982137, 0.6012525252477087, 0.6061414141462307, 0.6107474747619244, 0.6127878787734292, 0.6143838383934714, 0.6163636363588199, 0.6182020202164699, 0.6210101010245507, 0.6234747474747475, 0.624141414131781, 0.624868686861462, 0.6282626262770759, 0.6291313131264966, 0.6312929292881128, 0.6322424242520573, 0.6336969696969696, 0.6349292929244764, 0.6394949495045825, 0.639353535367985, 0.6398989899086229, 0.6430505050360554, 0.6423232323280489, 0.6461616161519831, 0.6461010101010101, 0.6475555555483308, 0.6497373737229242, 0.6510505050553216, 0.6516363636411802, 0.6516767676815842, 0.6554343434295269, 0.6564444444540776, 0.6566666666762997, 0.6561414141317811, 0.6589494949446784, 0.6592121212024882, 0.658525252510803, 0.6619595959740455, 0.6590101010245506, 0.6601818181770016, 0.6633535353679849, 0.6624242424194259, 0.6612727272679108, 0.6647272727176397, 0.6634545454545454, 0.663595959591143, 0.6658989898941734, 0.6655353535401701, 0.6661818181770016]
test accuracy when lambda=0.4
[0.3958, 0.4043, 0.4069, 0.404, 0.4012, 0.406, 0.4058, 0.401, 0.4008, 0.4035, 0.4029, 0.4031, 0.405, 0.403, 0.4035, 0.4036, 0.404, 0.4024, 0.4003, 0.4001, 0.4021, 0.4053, 0.4005, 0.4012, 0.4012, 0.3997, 0.3969, 0.3969, 0.3998, 0.3959, 0.399, 0.3938, 0.3975, 0.3935, 0.396, 0.3967, 0.3943, 0.3932, 0.3938, 0.3927, 0.3907, 0.3965, 0.394, 0.3933, 0.3915, 0.3937, 0.3884, 0.393, 0.395, 0.3902]
training accuracy when lambda=0.5
[0.12783838383958798, 0.13492929293019604, 0.13747474747595162, 0.13888888889250128, 0.14127272727995208, 0.1440000000018062, 0.14537373737614565, 0.14769696969757176, 0.1507878787914912, 0.15183838384199624, 0.1558383838389859, 0.1590101010119072, 0.16230303030363236, 0.16612121212301834, 0.17157575757937, 0.1752727272739314, 0.18040404040765282, 0.18919191919432746, 0.19533333333513953, 0.20389898989959196, 0.21181818181938594, 0.2214949494949495, 0.22852525252645667, 0.23814141414261827, 0.2477777777850026, 0.25763636364358844, 0.26501010101250927, 0.27787878788601267, 0.28121212120971295, 0.2938383838456086, 0.30436363636363634, 0.3097979798052046, 0.3192929292929293, 0.3258181818133653, 0.33515151515392344, 0.34432323232082407, 0.3479797979870228, 0.35793939394300633, 0.3614747474819723, 0.3686262626274668, 0.36983838383597556, 0.379252525250117, 0.3866666666570336, 0.38894949495431147, 0.3931313131313131, 0.401191919199144, 0.4028484848533014, 0.40890909090427435, 0.4135555555603721, 0.4160606060606061]
test accuracy when lambda=0.5
[0.3899, 0.4016, 0.4013, 0.4074, 0.4073, 0.4083, 0.4051, 0.4047, 0.4119, 0.4125, 0.4103, 0.4146, 0.4047, 0.4134, 0.4088, 0.406, 0.4095, 0.4084, 0.4029, 0.3996, 0.4057, 0.4044, 0.3997, 0.4079, 0.4044, 0.4004, 0.3999, 0.3972, 0.3968, 0.3966, 0.399, 0.3965, 0.3934, 0.3923, 0.391, 0.3935, 0.3901, 0.3953, 0.3904, 0.3882, 0.3895, 0.3888, 0.388, 0.388, 0.3869, 0.3868, 0.3889, 0.3864, 0.3826, 0.3824]
training accuracy when lambda=0.6
[0.1285050505086629, 0.13618181818242026, 0.1401010101046225, 0.14147474747534955, 0.14533333333513954, 0.14777777777837983, 0.15101010101732582, 0.15480808080898392, 0.1590909090918122, 0.1638383838407921, 0.16876767676767676, 0.17478787879028707, 0.18307070707311535, 0.19157575757816583, 0.20353535353655766, 0.2147474747486789, 0.2298383838335673, 0.24355555555555555, 0.2588080808153056, 0.2737575757587799, 0.2903636363636364, 0.305474747479564, 0.3216363636315471, 0.33347474748197226, 0.35006060606783085, 0.3603838383814301, 0.3725252525324773, 0.3911313131313131, 0.39981818181577355, 0.41305050505050506, 0.4220000000144496, 0.4331919191967357, 0.44036363636363635, 0.45169696968733664, 0.46135353535594364, 0.4666666666690749, 0.4741010101010101, 0.481838383831159, 0.4933939393939394, 0.49757575757816586, 0.5061010101154597, 0.507494949499766, 0.5191919192063688, 0.5226262626262627, 0.5263030302982138, 0.5303636363660447, 0.5383838383886549, 0.544585858581042, 0.5496565656613822, 0.5499999999927752]
test accuracy when lambda=0.6
[0.3762, 0.4097, 0.4109, 0.4134, 0.4122, 0.4167, 0.4173, 0.4148, 0.413, 0.4126, 0.412, 0.4162, 0.4117, 0.4064, 0.4123, 0.4084, 0.4094, 0.4031, 0.4012, 0.4006, 0.3959, 0.3886, 0.3929, 0.397, 0.391, 0.3931, 0.3877, 0.3865, 0.3833, 0.3853, 0.3873, 0.3793, 0.383, 0.3799, 0.3797, 0.3857, 0.3765, 0.3773, 0.3794, 0.3822, 0.3774, 0.3751, 0.3788, 0.3791, 0.3753, 0.3749, 0.3761, 0.3763, 0.3789, 0.3743]
training accuracy when lambda=0.7
[0.1262020202038264, 0.1351919191937254, 0.13874747475108715, 0.14363636363726673, 0.14533333333333334, 0.15141414141504453, 0.15682828282828282, 0.1616363636369657, 0.1681212121218142, 0.17440404040464247, 0.18575757575877988, 0.19828282828282828, 0.2135959595959596, 0.2319191919191919, 0.2498989898989899, 0.2681010100986018, 0.2901414141486389, 0.30975757576480056, 0.3309898989971238, 0.35450505050264225, 0.373272727270319, 0.3953939393915311, 0.41034343434343434, 0.4292525252549335, 0.4464848484992981, 0.4637979797931633, 0.4764646464646465, 0.49202020202261026, 0.5021818181721851, 0.5156161616209781, 0.5265454545382298, 0.5373535353535354, 0.5486666666811163, 0.5551717171644923, 0.5672929292977459, 0.5769696969552474, 0.5835757575805741, 0.5889292929244764, 0.5993939393891229, 0.6054747474602978, 0.6124848484752154, 0.618767676770085, 0.624040404030771, 0.6293939393939394, 0.6372121212265708, 0.6425050504978257, 0.6490707070851567, 0.6543838383838384, 0.6570909090860926, 0.6607272727128232]
test accuracy when lambda=0.7
[0.3763, 0.4013, 0.4106, 0.4099, 0.4188, 0.4208, 0.426, 0.4278, 0.4187, 0.4165, 0.4193, 0.4067, 0.4114, 0.3989, 0.389, 0.3962, 0.3859, 0.3833, 0.381, 0.3754, 0.3713, 0.3689, 0.3693, 0.3648, 0.3626, 0.3588, 0.3559, 0.3529, 0.3578, 0.3544, 0.3595, 0.3517, 0.3558, 0.3532, 0.3575, 0.3591, 0.3553, 0.3587, 0.3526, 0.3573, 0.3523, 0.3544, 0.3534, 0.3528, 0.3528, 0.3544, 0.355, 0.354, 0.352, 0.3595]
training accuracy when lambda=0.8
[0.12264646464887291, 0.13446464646705472, 0.13896969697210523, 0.1432323232329253, 0.14755555555615762, 0.1532727272739314, 0.15820202020442847, 0.16618181818181818, 0.17654545454665868, 0.19171717171958, 0.20571717171837586, 0.22535353535473948, 0.24868686868807283, 0.2696161616209782, 0.2958383838432004, 0.31925252525493353, 0.3454141414213662, 0.370222222229447, 0.39668686868927694, 0.42147474747715574, 0.44317171717412546, 0.4675555555483307, 0.48707070707311534, 0.5017777777922274, 0.5198989899038065, 0.5375757575781659, 0.5577777777922274, 0.5724848484776237, 0.5803434343482509, 0.5972525252525253, 0.6103838383838384, 0.615515151510335, 0.6300606060702392, 0.6378585858537693, 0.6455959596055927, 0.6565050505098671, 0.6642828282780118, 0.6730101010052845, 0.6802626262529932, 0.6877171717268048, 0.6941414141269645, 0.6969090909090909, 0.7061212121163956, 0.7106262626358957, 0.7151111111014781, 0.7212525252669748, 0.7252121212121212, 0.7275959595959596, 0.7314545454641785, 0.7418383838383839]
test accuracy when lambda=0.8
[0.3774, 0.3892, 0.417, 0.4262, 0.4282, 0.4308, 0.4228, 0.432, 0.4241, 0.4181, 0.406, 0.3918, 0.376, 0.3724, 0.3698, 0.3522, 0.339, 0.3325, 0.3252, 0.3193, 0.3159, 0.3157, 0.3143, 0.3002, 0.305, 0.3065, 0.3075, 0.2941, 0.2953, 0.3009, 0.3028, 0.2999, 0.2942, 0.2922, 0.2991, 0.299, 0.3013, 0.2993, 0.2966, 0.3007, 0.302, 0.2992, 0.3069, 0.3019, 0.3045, 0.3019, 0.307, 0.305, 0.3098, 0.3066]
