training accuracy when lambda=0.2
[0.6156969697066028, 0.7412929292929293, 0.7707474747522913, 0.7877979798027963, 0.7959797979942476, 0.8043838383742054, 0.8088686868783199, 0.8160808080952577, 0.8202020202068367, 0.826060606050973, 0.8303030303078468, 0.831535353530537, 0.8388484848629345, 0.8392121212265709, 0.8414747474699309, 0.8465454545599042, 0.8473939393843063, 0.849434343429527, 0.8528282828427325, 0.8526868686820521, 0.8574141414093249, 0.8590707070707071, 0.8581414141462307, 0.8604444444540775, 0.862383838388655, 0.8648080808225305, 0.8672121212169378, 0.8678383838480169, 0.8699595959644125, 0.8671313131457627, 0.8705252525397021, 0.8740404040259544, 0.8728080808032642, 0.8728888888744393, 0.875555555541106, 0.877454545468995, 0.8756565656613822, 0.8757373737325572, 0.8802424242472408, 0.8787272727272727, 0.8798585858634024, 0.8804646464501968, 0.8807676767580437, 0.884343434357884, 0.881030303030303, 0.8838585858585859, 0.8835555555507391, 0.8850303030303031, 0.8854747474891971, 0.8867676767532272]
test accuracy when lambda=0.2
[0.3539, 0.3638, 0.3724, 0.3671, 0.375, 0.3771, 0.3763, 0.3769, 0.3773, 0.3773, 0.3699, 0.3756, 0.3743, 0.3775, 0.3789, 0.3758, 0.3819, 0.3802, 0.3759, 0.3746, 0.3776, 0.3756, 0.3755, 0.3792, 0.3758, 0.3778, 0.3786, 0.3807, 0.3791, 0.3781, 0.38, 0.3771, 0.3812, 0.3822, 0.3792, 0.3801, 0.3797, 0.3812, 0.3801, 0.3814, 0.3811, 0.3799, 0.381, 0.3787, 0.3823, 0.3809, 0.3831, 0.3792, 0.3831, 0.3803]
training accuracy when lambda=0.3
[0.5813333333285168, 0.7148888888888889, 0.7432121212024881, 0.7534747474843806, 0.763979797979798, 0.7755555555411059, 0.7808282828330994, 0.7846464646368315, 0.7906868686724191, 0.7933939393939394, 0.7972323232467728, 0.8015353535498031, 0.8023030302885807, 0.8061212121356617, 0.8085252525156195, 0.8104444444444444, 0.8148080808032643, 0.816020202020202, 0.8163636363732695, 0.8177777777922274, 0.8215757575805741, 0.8228484848388518, 0.8246666666714833, 0.8249696969745135, 0.8275555555555556, 0.8273333333429664, 0.8270303030399361, 0.8308484848436684, 0.8301010101106432, 0.8306060606060606, 0.8349696969600638, 0.8349696969600638, 0.8356161616306113, 0.83656565656084, 0.8365656565704731, 0.8354343434487931, 0.8369494949446784, 0.8362626262770759, 0.8386868686916852, 0.8412525252573418, 0.8402424242376078, 0.8379191919047423, 0.8420808080663584, 0.8396161616306113, 0.8404040403944073, 0.8396363636363636, 0.8391515151659648, 0.8425252525252526, 0.8415757575757575, 0.8391515151659648]
test accuracy when lambda=0.3
[0.3733, 0.3656, 0.3785, 0.3703, 0.3748, 0.3807, 0.3811, 0.3774, 0.376, 0.3749, 0.3775, 0.3769, 0.3797, 0.3779, 0.3801, 0.3829, 0.3866, 0.3813, 0.3821, 0.3827, 0.3788, 0.3805, 0.3853, 0.378, 0.3811, 0.3823, 0.3795, 0.3806, 0.3848, 0.3838, 0.3803, 0.3835, 0.3836, 0.3811, 0.3853, 0.3784, 0.383, 0.379, 0.383, 0.3827, 0.3809, 0.386, 0.3798, 0.3827, 0.3799, 0.3797, 0.3822, 0.377, 0.3815, 0.3799]
training accuracy when lambda=0.4
[0.5196363636363637, 0.6189090909235405, 0.639333333347783, 0.6507474747522913, 0.6593939393939394, 0.6638787878932375, 0.667313131327581, 0.6727676767773099, 0.6785252525156195, 0.6816363636363636, 0.6841414141269645, 0.6852525252380757, 0.6887272727224562, 0.6892727272679108, 0.6909090909090909, 0.6928282828186497, 0.6944646464790961, 0.697111111101478, 0.697010101019734, 0.7003434343578839, 0.7002626262481767, 0.6999595959692291, 0.7023030302885807, 0.7028282828138332, 0.7057979798124294, 0.705676767662318, 0.7055555555603721, 0.7063434343386178, 0.7080202020057524, 0.7076969697017862, 0.709090909081276, 0.7111515151659648, 0.7099999999855504, 0.7114343434487931, 0.7096767676912172, 0.7105454545502711, 0.7119191919095589, 0.7116969696969697, 0.7109696969552474, 0.7134545454545455, 0.7121010100865605, 0.7133131313131313, 0.7110707070803401, 0.7127878787878787, 0.7131717171717171, 0.7115353535449866, 0.713979797989431, 0.7114747474843806, 0.7118383838335673, 0.711898989908623]
test accuracy when lambda=0.4
[0.3503, 0.3631, 0.3725, 0.3678, 0.3793, 0.3776, 0.3809, 0.3735, 0.385, 0.3817, 0.3821, 0.3806, 0.3827, 0.3861, 0.3827, 0.381, 0.3828, 0.3884, 0.3901, 0.3843, 0.3901, 0.3858, 0.3843, 0.386, 0.3895, 0.3847, 0.3848, 0.3849, 0.381, 0.3855, 0.3835, 0.3808, 0.3834, 0.3892, 0.3845, 0.3855, 0.3887, 0.3813, 0.3777, 0.3802, 0.382, 0.3822, 0.3805, 0.381, 0.3783, 0.3867, 0.3828, 0.3792, 0.3832, 0.3788]
training accuracy when lambda=0.5
[0.12666666667027907, 0.13145454545635166, 0.13307070707311533, 0.1333535353541374, 0.13628282828343036, 0.1383030303066427, 0.13886868686928894, 0.14066666667027908, 0.1441818181830223, 0.14373737373917994, 0.1456363636369657, 0.1467878787914912, 0.14785858585918793, 0.15072727272817582, 0.15292929292688467, 0.15450505050745877, 0.15652525252705873, 0.1565050505086629, 0.16139393939514352, 0.1628282828288849, 0.16351515151876392, 0.16494949495310735, 0.16941414141775382, 0.1736969696969697, 0.1750303030309051, 0.17856565656806483, 0.18058585858646065, 0.18385858586039205, 0.18729292929473548, 0.19056565656625862, 0.19212121211880384, 0.1973737373713291, 0.2014949494985619, 0.2024444444450465, 0.2085656565668607, 0.2114343434349455, 0.21591919192280432, 0.21725252525493352, 0.2240404040428123, 0.22664646464766877, 0.2326262626268647, 0.23523232323352736, 0.2381212121248245, 0.24187878788240028, 0.24468686868807282, 0.25024242424603665, 0.25367676767917596, 0.25632323232684473, 0.25834343434463847, 0.26195959595237117]
test accuracy when lambda=0.5
[0.3615, 0.3748, 0.3847, 0.3842, 0.3914, 0.3821, 0.3858, 0.3896, 0.3832, 0.3813, 0.3907, 0.3932, 0.3871, 0.3887, 0.3804, 0.3804, 0.3875, 0.3888, 0.3923, 0.385, 0.3908, 0.3885, 0.3938, 0.3878, 0.3889, 0.3892, 0.3906, 0.3869, 0.3862, 0.3833, 0.3882, 0.3863, 0.3833, 0.3824, 0.381, 0.3861, 0.3825, 0.3839, 0.3842, 0.378, 0.3848, 0.3855, 0.3829, 0.3801, 0.3773, 0.3815, 0.3814, 0.3805, 0.3759, 0.3741]
training accuracy when lambda=0.6
[0.12315151515392342, 0.1303232323238344, 0.1320000000009031, 0.13511111111231525, 0.13737373737734979, 0.13858585858676167, 0.14038383838745078, 0.1423030303030303, 0.1444444444450465, 0.14660606060846887, 0.14868686868747075, 0.15258585858826684, 0.1542828282846345, 0.1572121212139274, 0.16014141414201621, 0.16292929293109912, 0.1673939393939394, 0.17197979798160418, 0.17537373738096218, 0.18210101010161217, 0.18470707070827483, 0.19094949495009703, 0.19515151515512755, 0.2010303030327113, 0.20789898990139816, 0.21264646464827086, 0.22183838383838383, 0.2293131313131313, 0.2329696969745135, 0.23973737373978202, 0.24866666666666667, 0.2541212121284369, 0.26074747475108717, 0.2681212121236204, 0.27218181818904297, 0.27951515151876394, 0.2838181818205901, 0.29377777778259434, 0.2998787878860127, 0.30579797979918394, 0.312444444449261, 0.31642424242424244, 0.32206060606060605, 0.3301616161592079, 0.33311111110870284, 0.34034343434584263, 0.3427070707070707, 0.3461414141426183, 0.3500000000048165, 0.35721212121693774]
test accuracy when lambda=0.6
[0.3687, 0.384, 0.3788, 0.3664, 0.3958, 0.3795, 0.3875, 0.3941, 0.3957, 0.3938, 0.3919, 0.3998, 0.3944, 0.3958, 0.396, 0.4021, 0.3951, 0.3909, 0.3915, 0.4019, 0.3962, 0.3943, 0.3953, 0.3915, 0.3881, 0.387, 0.3888, 0.3893, 0.3913, 0.3864, 0.3858, 0.3877, 0.3835, 0.387, 0.3825, 0.3847, 0.3757, 0.3754, 0.3777, 0.3743, 0.3721, 0.369, 0.3716, 0.3727, 0.3767, 0.3779, 0.368, 0.3735, 0.3719, 0.3751]
