training accuracy when lambda=0.8
[0.11937373737554358, 0.13204040404160816, 0.13911111111171318, 0.14529292929533758, 0.15155555555736175, 0.1571313131319152, 0.16561616161977402, 0.17446464646524854, 0.18355555555916797, 0.19806060606301432, 0.21355555555555555, 0.22862626262987504, 0.25222222222222224, 0.2688282828306911, 0.2889898989850824, 0.315212121219346, 0.33604040404040403, 0.3546666666690749, 0.37743434344156823, 0.3989292929317012, 0.41951515150792673, 0.4423636363612281, 0.45905050506495465, 0.4765656565801062, 0.49454545454063803, 0.51303030302067, 0.5297575757527592, 0.5467878787878788, 0.5584646464670547, 0.578969696969697, 0.5873737373761456, 0.6042424242568738, 0.6170101010197341, 0.6288686868735034, 0.6425050505195001, 0.6467474747474747, 0.6608888888744393, 0.671959595959596, 0.6820808080856247, 0.6896161616113451, 0.6993131313179478, 0.705676767662318, 0.7128484848533014, 0.7202222222366719, 0.7257171717268048, 0.732464646479096, 0.7392121212169378, 0.7501212121308451, 0.7521212121308452, 0.756666666652217]
test accuracy when lambda=0.8
[0.3886, 0.4105, 0.4156, 0.4122, 0.425, 0.4229, 0.4257, 0.4137, 0.4206, 0.408, 0.4055, 0.3906, 0.382, 0.3682, 0.3609, 0.3431, 0.3243, 0.3288, 0.3143, 0.301, 0.295, 0.2796, 0.2758, 0.2792, 0.263, 0.2667, 0.2742, 0.2671, 0.2542, 0.2602, 0.2578, 0.2512, 0.2472, 0.2532, 0.2491, 0.2558, 0.2495, 0.2414, 0.2458, 0.2467, 0.2539, 0.2478, 0.2488, 0.2473, 0.2462, 0.2411, 0.2415, 0.2489, 0.2482, 0.2514]
training accuracy when lambda=0.85
[0.11868686869409349, 0.12941414141474347, 0.13759595959836787, 0.14193939393939395, 0.14997979798040004, 0.15557575757635964, 0.16521212120971293, 0.1767676767724933, 0.18985858585978999, 0.2061818181830223, 0.22997979798702278, 0.25359595960077613, 0.27826262626985104, 0.30434343435065914, 0.3249494949506991, 0.35191919192400845, 0.3725656565704731, 0.3990505050553216, 0.4238787878691548, 0.44416161615439137, 0.465757575759984, 0.48515151514669863, 0.5048686868590538, 0.5270101010076927, 0.5421818181770016, 0.5610909090957257, 0.5776363636411802, 0.5941212121212122, 0.6085454545550876, 0.6220404040452205, 0.6378989898845403, 0.6491717171765337, 0.6605050505074588, 0.6741010101106432, 0.6841414141414142, 0.6958383838287507, 0.7059999999855504, 0.713979797989431, 0.7216363636411802, 0.7307070707022542, 0.737959595969229, 0.7457777777633282, 0.7546060606108771, 0.7593939393843063, 0.7688484848629344, 0.7743636363684528, 0.7791717171765337, 0.785555555550739, 0.7911515151611482, 0.7966666666522171]
test accuracy when lambda=0.85
[0.3461, 0.395, 0.4187, 0.4225, 0.4307, 0.4357, 0.4248, 0.4197, 0.4064, 0.3904, 0.3781, 0.3462, 0.3349, 0.3242, 0.3037, 0.297, 0.29, 0.2823, 0.276, 0.2732, 0.265, 0.2565, 0.2496, 0.2525, 0.2505, 0.2434, 0.2446, 0.2389, 0.2378, 0.2366, 0.2319, 0.2299, 0.2343, 0.2306, 0.2306, 0.2199, 0.2288, 0.2242, 0.2344, 0.2228, 0.2227, 0.2249, 0.2226, 0.2284, 0.2316, 0.228, 0.2232, 0.2231, 0.2314, 0.2255]
training accuracy when lambda=0.9
[0.11222222222282428, 0.12488888889250128, 0.13173737374098615, 0.13781818181878389, 0.1434949494967557, 0.1512323232329253, 0.15975757575938196, 0.1682828282840324, 0.1819393939418022, 0.19668686868446042, 0.21446464646524854, 0.23555555555555555, 0.26109090909331734, 0.2870707070731153, 0.3109292929341095, 0.3342626262554015, 0.358262626260218, 0.38288888888407235, 0.4064646464646465, 0.427494949499766, 0.4479393939369857, 0.47159595960077616, 0.4885050504906009, 0.5098383838528334, 0.5282222222125892, 0.5429292929304971, 0.5601818181721852, 0.581171717162084, 0.59359595958151, 0.6081414141558638, 0.6215151515007019, 0.6371313131457628, 0.6477575757720254, 0.6587474747426582, 0.6713939393987559, 0.6801414141341894, 0.6923636363732695, 0.7024444444299949, 0.7126464646368316, 0.7230909090909091, 0.7261616161712492, 0.7356363636411801, 0.7443232323280489, 0.7542626262529932, 0.7583434343530674, 0.7630505050456885, 0.7732929292832962, 0.7776565656517491, 0.7816161616161617, 0.7862828282731952]
test accuracy when lambda=0.9
[0.3187, 0.353, 0.4003, 0.3996, 0.4188, 0.4131, 0.4206, 0.422, 0.4128, 0.3887, 0.3689, 0.3397, 0.3294, 0.3127, 0.2964, 0.2797, 0.2677, 0.2541, 0.2423, 0.2373, 0.2342, 0.2352, 0.2156, 0.2186, 0.2129, 0.2058, 0.2097, 0.2008, 0.2139, 0.2021, 0.2066, 0.2048, 0.1928, 0.1917, 0.1981, 0.2013, 0.2022, 0.2008, 0.1975, 0.2002, 0.1911, 0.1976, 0.1988, 0.1942, 0.1913, 0.1941, 0.1983, 0.1927, 0.2029, 0.2004]
training accuracy when lambda=0.95
[0.10698989899110313, 0.11541414141775382, 0.12553535353896594, 0.1318989899007961, 0.13537373738096217, 0.14002020202381443, 0.14723232323593563, 0.15191919192099812, 0.159171717178942, 0.17274747475108715, 0.18464646465007706, 0.20315151515151514, 0.224020202020202, 0.24872727272907894, 0.2682222222222222, 0.29258585858585856, 0.31501010101250926, 0.33933333334055815, 0.36276767677008503, 0.38143434343434346, 0.4053131313131313, 0.4266262626190378, 0.44488888888407235, 0.4619999999855504, 0.4799191919216002, 0.5019999999927752, 0.5160202020129773, 0.5359797979749814, 0.5501818181962678, 0.5675151515103349, 0.578020202020202, 0.5912929292832962, 0.6050101010245507, 0.616989898989899, 0.6293939393891228, 0.6424040403992238, 0.6522020202068367, 0.6627272727320893, 0.6752323232371398, 0.6818181818278148, 0.6910707070755236, 0.7011111111255607, 0.7046868686820521, 0.7172121212073047, 0.723919191928825, 0.72913131312168, 0.7364242424194258, 0.7407272727224562, 0.7462424242568738, 0.7541010101106431]
test accuracy when lambda=0.95
[0.2468, 0.2927, 0.3562, 0.3828, 0.3718, 0.3896, 0.3911, 0.4146, 0.402, 0.376, 0.3607, 0.3208, 0.3, 0.2828, 0.2848, 0.256, 0.2533, 0.2326, 0.2275, 0.2183, 0.2151, 0.2184, 0.2116, 0.2035, 0.2004, 0.1905, 0.1906, 0.186, 0.1886, 0.1801, 0.1814, 0.1824, 0.1907, 0.1814, 0.1847, 0.1882, 0.1834, 0.1808, 0.1794, 0.1771, 0.1805, 0.1778, 0.1742, 0.1783, 0.1717, 0.1781, 0.1674, 0.175, 0.175, 0.169]
