training accuracy when lambda=0.3
[0.6402424242424243, 0.7354747474747475, 0.7493939393939394, 0.7583838383934715, 0.7640808080759915, 0.7673131312986817, 0.7706666666714832, 0.775575757570941, 0.7762626262674428, 0.7777373737421903, 0.7808686868783199, 0.7826262626310792, 0.7831111111062946, 0.7856565656661987, 0.7888282828330994, 0.7888888888792558, 0.7888686868590538, 0.792020202010569, 0.7913535353679849, 0.7922424242472408, 0.7939191919336416, 0.7929696969552473, 0.7946060606060606, 0.7963232323232323, 0.7946868686916853, 0.794626262611813, 0.7950505050649547, 0.796383838398288, 0.7970101010052845, 0.7956565656517491, 0.7941010100865605, 0.794444444449261, 0.7956969697114193, 0.7962626262529932, 0.7931717171765337, 0.7940808080952577, 0.7940404040259544, 0.7931919191919192, 0.7941414141462306, 0.7948080808225304, 0.7936969696969697, 0.7914747474651144, 0.789414141428591, 0.7930707070658906, 0.7909090909139075, 0.7930909091005421, 0.7900404040259544, 0.7905656565560235, 0.7882020202164698, 0.788060606050973]
test accuracy when lambda=0.3
[0.3867, 0.3936, 0.3939, 0.3961, 0.4006, 0.3969, 0.396, 0.4049, 0.3994, 0.3998, 0.4044, 0.4013, 0.4017, 0.4016, 0.4024, 0.3983, 0.398, 0.4022, 0.4043, 0.4013, 0.4028, 0.4018, 0.3994, 0.4005, 0.4002, 0.4023, 0.4025, 0.3969, 0.3986, 0.3998, 0.4002, 0.3979, 0.4006, 0.402, 0.3999, 0.4007, 0.3968, 0.3963, 0.4038, 0.3973, 0.4006, 0.3989, 0.399, 0.3979, 0.3962, 0.3984, 0.3971, 0.4006, 0.3983, 0.4009]
training accuracy when lambda=0.4
[0.49442424243869204, 0.5582424242568739, 0.5662828282731952, 0.5701010101154597, 0.5746666666811163, 0.5774141414093249, 0.5797171717316213, 0.5812525252669749, 0.5841616161519831, 0.5865252525108029, 0.5878787878691548, 0.5892525252380756, 0.5925252525108029, 0.592949494949495, 0.5956161616065285, 0.5972121212121212, 0.600545454540638, 0.6015555555700052, 0.6042222222270388, 0.605474747489197, 0.6063030303174799, 0.6080404040452205, 0.6108282828234662, 0.6134545454641785, 0.6151515151466986, 0.6175353535257204, 0.6188080808128974, 0.6222020202068368, 0.6243030302933972, 0.6265454545502711, 0.6283232323232323, 0.6254949494853165, 0.6284848484992981, 0.6303636363636363, 0.6317171717268047, 0.6328888888744393, 0.6341212121067625, 0.6354545454449124, 0.6344444444468527, 0.6376969696921532, 0.6383232323184158, 0.638444444458894, 0.6403030303174799, 0.6374747474602979, 0.6422424242351994, 0.6419595959644125, 0.6439393939538436, 0.643494949490133, 0.6410707070658905, 0.6431515151659648]
test accuracy when lambda=0.4
[0.3883, 0.3942, 0.3951, 0.4035, 0.4007, 0.3993, 0.4029, 0.4017, 0.4057, 0.4049, 0.4021, 0.404, 0.4097, 0.4068, 0.405, 0.4091, 0.4052, 0.4072, 0.4068, 0.4084, 0.4084, 0.4074, 0.4108, 0.4072, 0.4063, 0.4026, 0.4055, 0.4062, 0.4042, 0.4043, 0.4065, 0.4048, 0.4066, 0.404, 0.4073, 0.407, 0.4061, 0.4006, 0.4012, 0.4015, 0.4055, 0.4027, 0.4047, 0.406, 0.4003, 0.4005, 0.3993, 0.4007, 0.3985, 0.3993]
training accuracy when lambda=0.5
[0.12640404040524453, 0.13305050505231125, 0.1367878787878788, 0.137737373739782, 0.14044444444564858, 0.14444444444685273, 0.1464444444450465, 0.14915151515211722, 0.15046464646825886, 0.152868686869891, 0.15585858585978998, 0.16078787878848086, 0.16573737373827685, 0.1697171717171717, 0.1735959595959596, 0.18096969697210524, 0.18719191919252126, 0.19325252525493353, 0.2025656565668607, 0.21036363636423844, 0.21864646464706672, 0.22719191919553158, 0.23676767677008503, 0.24789898990019404, 0.256262626260218, 0.266161616168841, 0.2767474747426582, 0.2876969696981738, 0.29393939393939394, 0.3035151515151515, 0.3128080808056725, 0.32072727272486445, 0.3282020201996119, 0.33648484848545057, 0.3450101010173258, 0.3540000000024083, 0.35866666666185015, 0.3696161616089368, 0.36979797979918394, 0.37892929292929295, 0.38416161616402444, 0.3903232323135992, 0.39884848485089314, 0.4017979797931633, 0.4105252525252525, 0.41147474746752266, 0.4165454545478628, 0.41860606060124406, 0.4286262626286709, 0.43315151514429034]
test accuracy when lambda=0.5
[0.3909, 0.3917, 0.3968, 0.3979, 0.4011, 0.4031, 0.4083, 0.4068, 0.4039, 0.4019, 0.4043, 0.405, 0.407, 0.4053, 0.4095, 0.4081, 0.4077, 0.4061, 0.4031, 0.4046, 0.4026, 0.3998, 0.4018, 0.3987, 0.3977, 0.3974, 0.3948, 0.3958, 0.3935, 0.3872, 0.3913, 0.3895, 0.3932, 0.3898, 0.3913, 0.3866, 0.3929, 0.3876, 0.389, 0.3872, 0.3852, 0.3859, 0.3865, 0.3844, 0.3849, 0.3867, 0.3852, 0.3867, 0.389, 0.3834]
training accuracy when lambda=0.6
[0.12620202020262228, 0.13333333333453748, 0.1366464646470667, 0.14080808080988702, 0.14387878787969097, 0.1461616161628203, 0.14880808081048907, 0.15274747474747474, 0.15991919192039605, 0.16242424242544656, 0.16977777777898193, 0.17517171717352337, 0.18327272727332933, 0.19606060606060607, 0.2056363636387719, 0.21701010101250928, 0.2339595959644125, 0.2499191919216002, 0.26117171717532955, 0.2775959595971637, 0.29527272727754383, 0.3133535353547395, 0.32719191919432744, 0.34050505050023394, 0.3553333333261085, 0.37036363636604464, 0.38458585858104205, 0.3942828282876448, 0.40638383838624664, 0.4200808080880329, 0.4297777777850026, 0.4410707070658905, 0.45074747476192434, 0.4613333333357416, 0.46866666666185014, 0.47513131313612966, 0.4855151515175598, 0.49195959595237115, 0.4988484848484849, 0.5056161616185699, 0.5141010101154597, 0.5186262626407122, 0.5247272727224562, 0.5274949495093991, 0.5372525252573418, 0.5438989899038065, 0.549555555560372, 0.5500404040331792, 0.5533535353583519, 0.5617373737325572]
test accuracy when lambda=0.6
[0.3891, 0.399, 0.4024, 0.4037, 0.4045, 0.4167, 0.4092, 0.414, 0.4069, 0.4133, 0.4152, 0.4082, 0.4037, 0.4074, 0.4088, 0.4075, 0.399, 0.3949, 0.3964, 0.3963, 0.3956, 0.386, 0.3829, 0.3821, 0.3851, 0.3818, 0.378, 0.3774, 0.3767, 0.3779, 0.3714, 0.3761, 0.3736, 0.3726, 0.3752, 0.3727, 0.3668, 0.3673, 0.3697, 0.37, 0.367, 0.3699, 0.3681, 0.3669, 0.3648, 0.3678, 0.366, 0.3711, 0.3676, 0.3694]
training accuracy when lambda=0.7
[0.12361616161736574, 0.13246464646825887, 0.1381818181830223, 0.13977777778018605, 0.14444444444534754, 0.1496363636369657, 0.153737373739782, 0.16222222222583463, 0.16795959595959595, 0.17747474747715575, 0.1879393939345774, 0.20416161616884096, 0.2214545454521372, 0.23814141413900589, 0.25674747475469956, 0.28064646464887294, 0.30478787879028707, 0.3244444444468527, 0.3470505050456885, 0.36688888888407234, 0.38747474746993094, 0.4088686868590538, 0.4242424242436284, 0.44038383837902184, 0.4596767676767677, 0.4783030303054386, 0.4944040403968156, 0.5024040404040404, 0.5123636363732694, 0.5265858585762255, 0.5397777777729612, 0.5492727272871769, 0.5594949494997661, 0.5696969696873366, 0.5795555555459225, 0.5890505050529133, 0.5955959596104092, 0.6040202020153855, 0.609333333347783, 0.6196363636315471, 0.6206060606060606, 0.6306666666714832, 0.6362424242279746, 0.6431717171765338, 0.648444444449261, 0.6519393939538436, 0.6573737373592877, 0.6608888888937055, 0.6673131313083148, 0.6715151515055184]
test accuracy when lambda=0.7
[0.3819, 0.3947, 0.4067, 0.407, 0.4106, 0.4226, 0.4225, 0.4163, 0.4241, 0.4145, 0.4188, 0.4074, 0.4023, 0.4039, 0.3926, 0.3909, 0.3856, 0.3804, 0.3756, 0.3676, 0.3625, 0.3672, 0.362, 0.3561, 0.3645, 0.3533, 0.3514, 0.3553, 0.3554, 0.3565, 0.3568, 0.3529, 0.3597, 0.3483, 0.3539, 0.3488, 0.3529, 0.3501, 0.3515, 0.3511, 0.3481, 0.3506, 0.3527, 0.3485, 0.353, 0.3533, 0.3483, 0.3539, 0.3506, 0.3561]
training accuracy when lambda=0.8
[0.12292929293290533, 0.13373737374098613, 0.13888888889009302, 0.14414141414502654, 0.15024242424964904, 0.1555151515175598, 0.16375757575998404, 0.17264646465368946, 0.18634343434704675, 0.20098989899110312, 0.22024242424964904, 0.2411313131264966, 0.2660404040428123, 0.2920606060606061, 0.315939393939996, 0.34553535352572046, 0.3689292929341095, 0.3938383838407921, 0.42226262625780975, 0.4444444444444444, 0.4666666666690749, 0.4862626262674428, 0.5107878787926953, 0.5296565656589739, 0.5418585858489527, 0.558686868689277, 0.5744242424146093, 0.5864040403944073, 0.605575757561308, 0.6158787878932375, 0.6287070707022542, 0.6387474747378417, 0.6482222222366718, 0.6596969696873366, 0.6682828282876448, 0.671898989908623, 0.6814343434198938, 0.6851717171620841, 0.6921010101106432, 0.7040808080856246, 0.7110707070707071, 0.7152727272679107, 0.7194949494804999, 0.7263434343530674, 0.7300808080663584, 0.7344444444540775, 0.7389090908946413, 0.7437373737518234, 0.7492929292977458, 0.7572929292832962]
test accuracy when lambda=0.8
[0.3707, 0.3974, 0.4138, 0.4178, 0.4203, 0.4193, 0.4255, 0.4209, 0.4229, 0.4076, 0.3925, 0.3885, 0.3679, 0.362, 0.3567, 0.348, 0.3405, 0.3347, 0.3238, 0.3196, 0.3238, 0.3119, 0.311, 0.3166, 0.3131, 0.3114, 0.2994, 0.3036, 0.3033, 0.307, 0.3017, 0.3026, 0.3038, 0.3016, 0.3029, 0.3062, 0.3083, 0.307, 0.3061, 0.3102, 0.3145, 0.3059, 0.3112, 0.3075, 0.3103, 0.3118, 0.3102, 0.311, 0.3071, 0.316]
