[array([41751, 13099,  5274, 28434, 31676, 13483,  7595, 11704, 11487,
       20807, 19278, 39757, 29242, 31625, 27419, 43114,  6254,  1413,
       11727, 43305, 22303,  2432, 11209, 14864, 34255, 16890, 36819,
       48488,  1197, 24486,    41, 48665, 41869, 43632, 20825,  4386,
       17798, 10899, 36703,  6489, 47146, 47911, 14885, 15393, 28643,
        3274,  1046, 16695,  3924,  5244]), array([   41,  1197,  1413,  1416,  2432,  3924,  5274,  6254,  6970,
        7595,  7988,  8663,  8718,  9825, 10088, 10899, 11209, 11487,
       11704, 11727, 11932, 12305, 12673, 13099, 13483, 14864, 16695,
       16890, 17310, 17798, 19278, 19414, 20218, 20280, 20807, 21716,
       22303, 25192, 25788, 26773, 27419, 27498, 27782, 28409, 28434,
       28643, 29055, 29108, 29241, 29377, 31120, 31257, 31625, 31676,
       33141, 33704, 34082, 34213, 34255, 34531, 36008, 36703, 36819,
       39600, 39757, 40319, 41632, 41751, 41869, 42313, 43114, 45558,
       46093, 47146, 47200, 47384, 47911, 48488, 48665]), array([   41,  1413,  2432,  3274,  4705,  5244,  5274,  6254,  7595,
        8873, 10899, 11487, 11704, 12673, 13099, 13483, 14864, 16890,
       17310, 17798, 19278, 19414, 20280, 20807, 21716, 22303, 23943,
       25192, 27419, 27498, 28434, 28643, 29055, 30365, 31120, 31625,
       31676, 32833, 34255, 34531, 36008, 36703, 41181, 41632, 41751,
       41869, 43114, 43305, 43974, 47146, 47911, 48665]), array([   41,   190,   528,   950,  1010,  1046,  1413,  1416,  1510,
        1904,  1907,  1915,  2302,  2371,  2432,  2439,  2802,  3199,
        3272,  3274,  3540,  3855,  3924,  4072,  4118,  4236,  4383,
        4386,  4705,  4887,  4938,  5183,  5244,  5274,  5278,  5320,
        6048,  6205,  6254,  6281,  6489,  6494,  6552,  6696,  6741,
        6970,  7071,  7190,  7205,  7468,  7526,  7595,  7988,  8394,
        8663,  8718,  8786,  8873,  8881,  8920,  9200,  9301,  9604,
        9605,  9825,  9862, 10088, 10191, 10280, 10288, 10700, 10868,
       10899, 10909, 10996, 11184, 11209, 11425, 11487, 11517, 11601,
       11704, 11727, 11823, 11861, 11932, 12305, 12572, 12673, 12763,
       13078, 13099, 13397, 13483, 13546, 14384, 14864, 14885, 14982,
       15241, 15393, 15574, 15726, 15728, 15906, 16191, 16270, 16572,
       16633, 16695, 16844, 16890, 16892, 17268, 17310, 17477, 17636,
       17769, 17793, 17798, 18572, 18608, 18613, 18659, 18660, 18724,
       19038, 19148, 19278, 19414, 19431, 19664, 20218, 20280, 20376,
       20436, 20631, 20807, 20825, 21413, 21716, 21933, 21975, 22052,
       22303, 22506, 22738, 23053, 23273, 23668, 23859, 23943, 23949,
       24181, 24199, 24320, 24387, 24395, 24460, 24486, 24782, 24958,
       25003, 25183, 25192, 25210, 25368, 25608, 25788, 26034, 26088,
       26360, 26620, 26630, 26655, 26773, 26864, 26879, 26903, 27272,
       27400, 27419, 27445, 27498, 27511, 27538, 27782, 27814, 28383,
       28409, 28434, 28443, 28563, 28572, 28636, 28643, 28682, 28923,
       28970, 29055, 29108, 29241, 29242, 29377, 29430, 30351, 30365,
       30393, 30592, 30715, 30784, 31120, 31166, 31257, 31274, 31394,
       31625, 31676, 31856, 32182, 32197, 32478, 32610, 32758, 32787,
       32833, 32843, 32846, 33119, 33141, 33177, 33262, 33444, 33581,
       33646, 33704, 33766, 33775, 33913, 34027, 34082, 34213, 34221,
       34247, 34255, 34334, 34473, 34531, 34601, 34820, 35024, 35086,
       35281, 35383, 35514, 35521, 35641, 36008, 36220, 36312, 36330,
       36639, 36703, 36819, 36886, 37118, 37365, 37375, 37977, 38073,
       38759, 38854, 38881, 38885, 38999, 39011, 39393, 39533, 39600,
       39757, 39780, 39800, 39917, 40089, 40388, 40431, 40541, 41075,
       41152, 41181, 41261, 41577, 41632, 41751, 41764, 41869, 41957,
       42147, 42213, 42313, 42557, 42847, 42869, 42938, 43114, 43157,
       43226, 43305, 43420, 43632, 43765, 43974, 43993, 44054, 44084,
       44332, 44371, 44561, 44570, 44795, 44999, 45011, 45072, 45366,
       45558, 46093, 46323, 46412, 46434, 46473, 46495, 46671, 46795,
       46963, 47042, 47146, 47200, 47227, 47384, 47474, 47616, 47789,
       47911, 48024, 48125, 48367, 48399, 48437, 48488, 48567, 48665,
       48671]), array([   41,   190,   528,   950,  1010,  1046,  1197,  1273,  1340,
        1413,  1416,  1510,  1904,  1907,  2022,  2042,  2065,  2302,
        2371,  2432,  2439,  2490,  2524,  2681,  2802,  2847,  2994,
        3067,  3272,  3274,  3540,  3855,  3924,  4072,  4705,  4887,
        4938,  5183,  5244,  5274,  5278,  5320,  5525,  5535,  5706,
        5804,  6048,  6178,  6205,  6254,  6281,  6407,  6489,  6494,
        6552,  6696,  6741,  6970,  7071,  7190,  7205,  7209,  7526,
        7595,  7894,  7988,  8153,  8181,  8257,  8394,  8556,  8663,
        8718,  8786,  8873,  8881,  8920,  9200,  9301,  9347,  9427,
        9455,  9604,  9605,  9825,  9862, 10088, 10191, 10280, 10288,
       10338, 10700, 10868, 10899, 10909, 10996, 11184, 11209, 11425,
       11487, 11517, 11704, 11727, 11762, 11774, 11823, 11861, 11932,
       12243, 12305, 12515, 12572, 12673, 12763, 12817, 13078, 13099,
       13388, 13397, 13430, 13483, 13546, 13692, 13935, 14119, 14124,
       14150, 14184, 14186, 14384, 14426, 14446, 14864, 14885, 14982,
       15222, 15241, 15393, 15574, 15726, 15728, 15905, 15906, 16024,
       16185, 16191, 16270, 16633, 16695, 16844, 16890, 16892, 17155,
       17268, 17310, 17477, 17636, 17655, 17769, 17793, 17798, 18608,
       18613, 18659, 18660, 18724, 18956, 19038, 19160, 19278, 19414,
       19431, 19512, 19664, 19832, 20193, 20218, 20280, 20376, 20436,
       20631, 20680, 20807, 20825, 21221, 21413, 21716, 21933, 21975,
       22052, 22216, 22303, 22506, 22738, 23053, 23273, 23321, 23373,
       23668, 23859, 23943, 23949, 24044, 24181, 24199, 24320, 24387,
       24395, 24470, 24486, 24782, 24958, 25003, 25183, 25192, 25210,
       25254, 25368, 25594, 25608, 25788, 26034, 26057, 26088, 26275,
       26297, 26360, 26386, 26426, 26620, 26630, 26655, 26773, 26864,
       26879, 26903, 27272, 27400, 27419, 27445, 27498, 27511, 27538,
       27541, 27782, 27936, 28060, 28165, 28168, 28383, 28409, 28434,
       28443, 28563, 28572, 28643, 28682, 28857, 28923, 28970, 29055,
       29083, 29108, 29119, 29241, 29242, 29377, 29430, 29594, 30086,
       30351, 30365, 30393, 30395, 30439, 30715, 31120, 31166, 31175,
       31257, 31274, 31394, 31505, 31617, 31625, 31676, 31856, 32052,
       32077, 32182, 32197, 32478, 32561, 32610, 32758, 32787, 32833,
       32843, 33119, 33141, 33147, 33177, 33251, 33262, 33418, 33444,
       33581, 33646, 33704, 33766, 33775, 33913, 34004, 34027, 34082,
       34213, 34221, 34247, 34255, 34310, 34334, 34441, 34473, 34531,
       34601, 34820, 34927, 35024, 35086, 35281, 35383, 35514, 35521,
       35641, 35703, 35803, 35876, 36008, 36018, 36162, 36165, 36233,
       36282, 36312, 36330, 36619, 36639, 36703, 36819, 36886, 37118,
       37365, 37375, 37977, 38073, 38112, 38326, 38759, 38854, 38881,
       38885, 38999, 39011, 39101, 39290, 39393, 39533, 39588, 39600,
       39757, 39780, 39800, 39801, 39917, 40089, 40169, 40250, 40319,
       40388, 40431, 40541, 40627, 40762, 41009, 41075, 41152, 41181,
       41261, 41290, 41410, 41466, 41577, 41632, 41701, 41751, 41764,
       41869, 41957, 42099, 42147, 42178, 42213, 42313, 42557, 42566,
       42730, 42847, 42869, 42938, 43114, 43119, 43157, 43226, 43305,
       43420, 43550, 43632, 43765, 43974, 43993, 44054, 44084, 44332,
       44371, 44381, 44561, 44570, 44576, 44795, 45011, 45072, 45366,
       45558, 45787, 46093, 46323, 46412, 46434, 46473, 46495, 46631,
       46671, 46795, 46963, 47012, 47042, 47146, 47200, 47227, 47384,
       47474, 47714, 47755, 47789, 47911, 48024, 48125, 48138, 48367,
       48399, 48437, 48475, 48488, 48567, 48665, 48671, 49147, 49309]), array([   41,   190,   528,   950,  1010,  1046,  1273,  1340,  1413,
        1416,  1510,  1904,  1907,  2022,  2052,  2065,  2302,  2371,
        2432,  2439,  2681,  2791,  2994,  3272,  3274,  3540,  3855,
        3924,  4072,  4236,  4383,  4705,  4938,  4954,  5183,  5244,
        5274,  5320,  5525,  5535,  5804,  6048,  6178,  6205,  6254,
        6281,  6489,  6494,  6552,  6696,  6741,  6970,  7071,  7190,
        7205,  7526,  7595,  7988,  8394,  8663,  8718,  8786,  8873,
        8881,  8920,  9200,  9301,  9604,  9605,  9825,  9862, 10088,
       10191, 10280, 10288, 10311, 10376, 10700, 10868, 10899, 10909,
       10996, 11184, 11209, 11213, 11425, 11487, 11517, 11574, 11601,
       11704, 11727, 11861, 11932, 12305, 12572, 12673, 12763, 12817,
       13078, 13099, 13306, 13388, 13397, 13430, 13483, 13546, 14119,
       14124, 14150, 14186, 14350, 14864, 14885, 14982, 15222, 15241,
       15393, 15574, 15726, 15728, 15906, 16185, 16191, 16270, 16572,
       16633, 16695, 16844, 16890, 16892, 16916, 17131, 17151, 17155,
       17268, 17310, 17477, 17636, 17769, 17793, 17798, 18041, 18114,
       18572, 18608, 18613, 18659, 18660, 18724, 18956, 19038, 19148,
       19160, 19278, 19414, 19431, 19664, 19830, 19832, 20218, 20280,
       20376, 20397, 20436, 20631, 20807, 20825, 21221, 21413, 21716,
       21933, 21975, 22052, 22216, 22303, 23053, 23321, 23457, 23668,
       23700, 23741, 23859, 23943, 23949, 24181, 24199, 24320, 24351,
       24387, 24395, 24460, 24486, 24766, 24782, 24958, 25003, 25192,
       25210, 25254, 25504, 25608, 26034, 26088, 26297, 26360, 26620,
       26630, 26655, 26773, 26864, 26879, 26903, 27272, 27400, 27419,
       27445, 27498, 27511, 27538, 27782, 27936, 28060, 28168, 28383,
       28409, 28434, 28443, 28563, 28572, 28643, 28682, 28923, 28970,
       29055, 29108, 29119, 29241, 29242, 29377, 29430, 29950, 30351,
       30365, 30393, 30715, 30955, 31120, 31175, 31257, 31274, 31394,
       31625, 31676, 31856, 32182, 32197, 32478, 32610, 32787, 32792,
       32833, 32843, 32846, 33119, 33141, 33147, 33177, 33262, 33444,
       33578, 33581, 33646, 33704, 33766, 33775, 33913, 34004, 34027,
       34082, 34213, 34221, 34247, 34255, 34267, 34334, 34441, 34473,
       34531, 34601, 34820, 35024, 35086, 35281, 35383, 35514, 35521,
       35641, 35703, 35803, 36008, 36018, 36162, 36220, 36312, 36330,
       36703, 36819, 36886, 37118, 37365, 37375, 37977, 38073, 38112,
       38298, 38326, 38759, 38854, 38881, 38885, 38999, 39011, 39107,
       39269, 39393, 39533, 39588, 39600, 39757, 39780, 39800, 39917,
       40089, 40388, 40431, 40627, 40888, 41009, 41075, 41181, 41261,
       41466, 41577, 41632, 41701, 41751, 41764, 41776, 41869, 41957,
       42099, 42147, 42213, 42313, 42566, 42730, 42869, 42938, 43114,
       43157, 43305, 43420, 43632, 43765, 43974, 43993, 44054, 44084,
       44297, 44332, 44371, 44570, 44576, 44999, 45011, 45072, 45366,
       45426, 45558, 45787, 46093, 46323, 46412, 46434, 46473, 46495,
       46631, 46671, 46795, 46829, 46963, 47012, 47042, 47146, 47200,
       47227, 47384, 47474, 47789, 47911, 48024, 48125, 48138, 48367,
       48399, 48437, 48475, 48488, 48567, 48665, 48671]), array([   41,   190,   528,   950,  1010,  1046,  1197,  1273,  1413,
        1416,  1510,  1904,  1907,  2042,  2302,  2371,  2432,  2439,
        2681,  3199,  3272,  3274,  3457,  3529,  3540,  3855,  3924,
        4072,  4236,  4386,  4705,  4938,  5183,  5244,  5274,  5320,
        5535,  5706,  5804,  6048,  6205,  6254,  6281,  6489,  6494,
        6552,  6696,  6741,  6970,  7190,  7205,  7468,  7526,  7595,
        7988,  8394,  8663,  8718,  8873,  8881,  8920,  9200,  9301,
        9604,  9605,  9825,  9862, 10088, 10280, 10288, 10376, 10700,
       10868, 10899, 10909, 10996, 11174, 11209, 11425, 11487, 11517,
       11601, 11704, 11727, 11762, 11861, 11932, 12305, 12572, 12673,
       12763, 13078, 13099, 13388, 13397, 13483, 13546, 14119, 14124,
       14186, 14384, 14426, 14864, 14885, 14982, 15222, 15241, 15393,
       15574, 15726, 15728, 15906, 16191, 16270, 16382, 16572, 16633,
       16695, 16844, 16890, 16892, 17131, 17155, 17268, 17310, 17477,
       17636, 17769, 17793, 17798, 18114, 18572, 18608, 18613, 18659,
       18660, 18724, 18940, 18956, 19038, 19148, 19278, 19414, 19431,
       19832, 20193, 20218, 20280, 20376, 20397, 20631, 20807, 20825,
       21413, 21716, 21933, 22052, 22216, 22303, 23053, 23273, 23414,
       23668, 23859, 23943, 23949, 24181, 24199, 24387, 24395, 24460,
       24486, 24782, 24958, 25003, 25183, 25192, 25210, 25254, 25368,
       25608, 26034, 26057, 26088, 26275, 26360, 26620, 26655, 26864,
       26879, 26903, 27272, 27400, 27419, 27445, 27498, 27511, 27538,
       27782, 28060, 28168, 28383, 28409, 28434, 28443, 28563, 28572,
       28636, 28643, 28682, 28923, 28970, 29055, 29108, 29119, 29241,
       29242, 29377, 29430, 29950, 30365, 30393, 30715, 31120, 31175,
       31257, 31274, 31394, 31625, 31676, 31856, 32052, 32182, 32197,
       32478, 32610, 32833, 33119, 33141, 33177, 33262, 33581, 33646,
       33704, 33766, 33775, 34004, 34027, 34082, 34213, 34221, 34247,
       34255, 34267, 34334, 34473, 34531, 34601, 34820, 35024, 35086,
       35383, 35514, 35521, 35641, 35703, 36008, 36282, 36312, 36639,
       36703, 36819, 37118, 37365, 37375, 37977, 38073, 38759, 38854,
       38881, 38885, 38999, 39011, 39107, 39393, 39533, 39600, 39757,
       39780, 39800, 39917, 40089, 40319, 40541, 40627, 40762, 41009,
       41075, 41181, 41261, 41412, 41577, 41632, 41701, 41751, 41764,
       41869, 41957, 42147, 42213, 42313, 42557, 42566, 42730, 42847,
       42869, 42938, 43114, 43157, 43226, 43305, 43632, 43765, 43974,
       43993, 44054, 44084, 44332, 44371, 44561, 44570, 44576, 44795,
       45011, 45072, 45426, 45558, 45787, 46021, 46093, 46323, 46412,
       46434, 46473, 46495, 46670, 46671, 46795, 46963, 47042, 47146,
       47200, 47227, 47384, 47474, 47789, 47911, 48125, 48138, 48367,
       48399, 48437, 48475, 48488, 48567, 48665, 49309]), array([   41,   190,   528,   950,  1010,  1046,  1197,  1273,  1340,
        1413,  1416,  1510,  1904,  2022,  2042,  2065,  2302,  2371,
        2432,  2439,  2490,  2681,  2994,  3272,  3274,  3457,  3529,
        3540,  3855,  3924,  4072,  4236,  4705,  4887,  4938,  5183,
        5244,  5274,  5278,  5320,  5455,  5535,  5706,  5804,  6048,
        6205,  6254,  6281,  6489,  6494,  6552,  6696,  6741,  6970,
        7190,  7205,  7209,  7526,  7595,  7988,  8257,  8394,  8556,
        8663,  8718,  8786,  8873,  8881,  8920,  9200,  9301,  9347,
        9604,  9605,  9825,  9862, 10088, 10191, 10288, 10291, 10700,
       10859, 10868, 10899, 10909, 10996, 11184, 11209, 11425, 11487,
       11517, 11601, 11704, 11727, 11762, 11823, 11861, 11932, 12305,
       12515, 12572, 12673, 12763, 12817, 13078, 13099, 13388, 13397,
       13430, 13483, 13546, 14119, 14186, 14384, 14426, 14446, 14864,
       14885, 14982, 15241, 15393, 15574, 15726, 15728, 15906, 16191,
       16270, 16572, 16633, 16695, 16844, 16890, 16892, 17131, 17268,
       17310, 17477, 17636, 17769, 17793, 17798, 18572, 18608, 18613,
       18659, 18660, 18724, 18765, 18956, 19038, 19278, 19383, 19414,
       19431, 19832, 20218, 20280, 20376, 20471, 20631, 20807, 20825,
       21221, 21716, 21975, 22052, 22216, 22303, 22506, 22833, 23273,
       23321, 23414, 23668, 23859, 23943, 23949, 24181, 24199, 24320,
       24387, 24395, 24460, 24486, 24782, 24958, 25003, 25183, 25192,
       25210, 25254, 25608, 26034, 26057, 26088, 26275, 26297, 26360,
       26620, 26630, 26655, 26864, 26879, 26903, 27272, 27400, 27419,
       27445, 27459, 27498, 27511, 27538, 27782, 28060, 28168, 28383,
       28409, 28434, 28443, 28563, 28572, 28643, 28682, 28923, 28970,
       29055, 29108, 29241, 29242, 29377, 29430, 29950, 30365, 30393,
       30395, 30592, 31120, 31175, 31257, 31274, 31394, 31625, 31676,
       31856, 32077, 32182, 32197, 32478, 32610, 32787, 32792, 32833,
       32843, 33119, 33141, 33177, 33251, 33262, 33444, 33581, 33646,
       33704, 33766, 33775, 33913, 34027, 34082, 34213, 34221, 34247,
       34255, 34310, 34408, 34441, 34473, 34531, 34820, 35024, 35086,
       35383, 35514, 35521, 35641, 36008, 36018, 36162, 36220, 36312,
       36330, 36639, 36703, 36819, 36886, 37365, 37375, 37636, 37835,
       37977, 38073, 38298, 38759, 38854, 38881, 38885, 38999, 39011,
       39107, 39393, 39533, 39600, 39757, 39780, 40089, 40319, 40388,
       40431, 40541, 40627, 40762, 40778, 41009, 41075, 41152, 41181,
       41261, 41577, 41632, 41701, 41751, 41764, 41869, 41957, 42147,
       42213, 42313, 42566, 42730, 42847, 42869, 42938, 43114, 43157,
       43305, 43632, 43765, 43974, 43993, 44054, 44084, 44332, 44371,
       44561, 44570, 44853, 45011, 45072, 45366, 45426, 45558, 45787,
       46021, 46093, 46412, 46434, 46495, 46631, 46671, 46795, 46963,
       47042, 47146, 47200, 47227, 47384, 47474, 47911, 48125, 48138,
       48367, 48395, 48399, 48488, 48567, 48665, 48671, 49309]), array([   41,   190,   528,   950,  1010,  1046,  1273,  1340,  1413,
        1416,  1510,  1904,  2022,  2042,  2052,  2302,  2371,  2432,
        2439,  2681,  2802,  2994,  3272,  3274,  3540,  3924,  4072,
        4118,  4236,  4383,  4386,  4705,  4887,  4938,  5183,  5244,
        5274,  5525,  5535,  5968,  6048,  6178,  6254,  6281,  6489,
        6494,  6552,  6696,  6741,  6970,  7071,  7190,  7205,  7526,
        7585,  7595,  7637,  7988,  8394,  8556,  8663,  8718,  8786,
        8873,  8920,  8954,  9200,  9301,  9604,  9605,  9825,  9862,
       10088, 10191, 10280, 10288, 10291, 10311, 10376, 10700, 10868,
       10899, 10909, 10996, 11184, 11209, 11487, 11517, 11601, 11704,
       11727, 11762, 11823, 11861, 11932, 12305, 12515, 12572, 12673,
       12763, 12817, 12991, 13078, 13099, 13146, 13397, 13483, 13546,
       13935, 14119, 14186, 14384, 14426, 14864, 14885, 14982, 15241,
       15393, 15574, 15726, 15728, 15905, 15906, 16024, 16161, 16191,
       16270, 16572, 16633, 16695, 16844, 16890, 16892, 17155, 17268,
       17310, 17477, 17636, 17793, 17798, 17961, 18572, 18608, 18613,
       18659, 18660, 18940, 18956, 19038, 19148, 19160, 19278, 19414,
       19431, 19664, 19830, 19832, 20218, 20280, 20436, 20631, 20680,
       20807, 20825, 21221, 21413, 21716, 21933, 21975, 22052, 22303,
       22506, 23053, 23273, 23321, 23373, 23668, 23775, 23859, 23943,
       23949, 24181, 24199, 24320, 24351, 24387, 24395, 24460, 24486,
       24616, 24766, 24782, 24958, 25003, 25192, 25210, 25254, 25368,
       25504, 25608, 25788, 26034, 26057, 26088, 26297, 26360, 26620,
       26630, 26655, 26773, 26864, 26879, 26903, 27272, 27400, 27419,
       27445, 27459, 27498, 27511, 27517, 27538, 27782, 28060, 28168,
       28383, 28409, 28434, 28443, 28563, 28572, 28643, 28653, 28682,
       28857, 28923, 28970, 29055, 29108, 29241, 29242, 29377, 30351,
       30365, 30393, 30439, 30509, 30592, 30715, 30876, 30955, 31120,
       31257, 31274, 31394, 31625, 31676, 31856, 32182, 32197, 32478,
       32610, 32787, 32792, 32833, 32843, 33119, 33141, 33147, 33177,
       33251, 33262, 33423, 33581, 33646, 33704, 33766, 33775, 33913,
       34027, 34082, 34213, 34221, 34247, 34255, 34267, 34310, 34334,
       34473, 34531, 34601, 34820, 34927, 35024, 35383, 35514, 35521,
       35641, 35703, 36008, 36018, 36165, 36220, 36282, 36312, 36330,
       36619, 36639, 36703, 36819, 36886, 37118, 37365, 37375, 37636,
       37977, 38073, 38530, 38759, 38854, 38881, 38885, 38999, 39011,
       39101, 39107, 39393, 39533, 39600, 39757, 39780, 39800, 39801,
       39917, 40089, 40169, 40250, 40388, 40431, 40627, 41009, 41075,
       41152, 41181, 41261, 41471, 41577, 41632, 41701, 41751, 41764,
       41776, 41869, 41957, 42099, 42147, 42213, 42313, 42557, 42566,
       42632, 42730, 42869, 42938, 43114, 43157, 43226, 43305, 43420,
       43632, 43765, 43897, 43974, 43993, 44054, 44332, 44371, 44429,
       44561, 44570, 44576, 44999, 45011, 45072, 45366, 45426, 45445,
       45460, 45558, 45787, 46093, 46097, 46323, 46412, 46434, 46473,
       46474, 46495, 46631, 46671, 46795, 46829, 46963, 47012, 47042,
       47146, 47200, 47227, 47384, 47755, 47789, 47805, 47911, 48116,
       48125, 48138, 48367, 48399, 48437, 48488, 48567, 48665, 48671]), array([   41,   190,   528,   950,  1010,  1046,  1273,  1413,  1416,
        1510,  1907,  2022,  2052,  2065,  2302,  2432,  2439,  2847,
        3272,  3274,  3529,  3540,  3614,  3924,  4072,  4236,  4383,
        4386,  4705,  4887,  4938,  5183,  5244,  5274,  5455,  5525,
        5535,  5804,  6048,  6205,  6254,  6281,  6489,  6494,  6552,
        6696,  6741,  6970,  7190,  7205,  7468,  7526,  7595,  7988,
        8394,  8663,  8718,  8786,  8873,  8881,  8920,  9200,  9301,
        9604,  9605,  9825,  9862, 10088, 10191, 10280, 10288, 10291,
       10868, 10899, 10909, 10996, 11209, 11425, 11487, 11517, 11574,
       11601, 11704, 11727, 11823, 11861, 11932, 12305, 12572, 12673,
       12763, 12817, 13078, 13099, 13388, 13397, 13483, 13546, 14124,
       14186, 14384, 14426, 14864, 14885, 14982, 15222, 15241, 15574,
       15726, 15728, 15905, 15906, 16191, 16270, 16572, 16633, 16695,
       16844, 16890, 16892, 17268, 17310, 17477, 17636, 17769, 17793,
       17798, 18572, 18608, 18613, 18659, 18660, 18724, 18956, 19038,
       19278, 19414, 19431, 19832, 20218, 20280, 20376, 20397, 20436,
       20631, 20807, 20825, 21221, 21413, 21716, 21933, 22052, 22303,
       22738, 23053, 23273, 23321, 23373, 23414, 23668, 23859, 23943,
       23949, 24181, 24199, 24320, 24387, 24395, 24460, 24486, 24766,
       24782, 24958, 25003, 25183, 25192, 25254, 25608, 25788, 26034,
       26057, 26088, 26275, 26297, 26360, 26426, 26620, 26630, 26655,
       26773, 26864, 26879, 26903, 27272, 27400, 27419, 27445, 27498,
       27511, 27517, 27538, 27782, 28060, 28383, 28409, 28434, 28443,
       28563, 28572, 28643, 28682, 28923, 28970, 29055, 29108, 29241,
       29242, 29377, 29946, 29950, 30351, 30365, 30393, 30715, 31120,
       31166, 31257, 31274, 31394, 31617, 31625, 31676, 31856, 32182,
       32197, 32478, 32610, 32833, 33119, 33141, 33177, 33251, 33581,
       33646, 33704, 33766, 33775, 33913, 34004, 34027, 34082, 34213,
       34221, 34247, 34255, 34267, 34310, 34334, 34408, 34473, 34531,
       34601, 34820, 35024, 35086, 35383, 35514, 35521, 35641, 35703,
       36008, 36018, 36220, 36312, 36330, 36703, 36819, 36886, 37365,
       37375, 37977, 38073, 38112, 38407, 38759, 38854, 38881, 38885,
       38999, 39011, 39107, 39393, 39533, 39600, 39757, 39800, 40089,
       40431, 40541, 40627, 40762, 41009, 41075, 41181, 41261, 41577,
       41632, 41701, 41751, 41764, 41869, 41957, 42147, 42213, 42313,
       42557, 42566, 42847, 42869, 42938, 43114, 43157, 43305, 43632,
       43765, 43974, 43993, 44054, 44084, 44332, 44371, 44381, 44561,
       44570, 44999, 45011, 45072, 45366, 45426, 45558, 45787, 46021,
       46093, 46323, 46412, 46434, 46473, 46495, 46671, 46795, 46963,
       47012, 47042, 47146, 47200, 47227, 47384, 47474, 47755, 47789,
       47911, 47917, 48024, 48125, 48138, 48367, 48399, 48488, 48567,
       48665, 48671])]
