[24552 35161 45114 34685   115 37147  6905 44170  9090 20067  3810 32812
 36102 47223  3180 44909 28878 44974 46519 11846 21091 22734  3159 46763
 12983 29590 17394 13680 47598 20738  4971 47054 14804 37497 43599 38898
 34066 34897 20613 40443 40762 47580 10382 37270 25788  2698 45106 40088
  5272 12963]
[  225   955  1070  1546  1856  2536  2705  2773  3072  3106  3629  3747
  4607  5207  5461  6211  6900  7008  7465  7628  9272  9299  9309  9755
 10101 10257 10348 10738 10889 11568 11593 12039 12057 13026 13369 13379
 13638 13986 14276 14397 15006 15649 16045 17135 17407 18275 18646 18935
 18947 19050 19094 19112 19143 19206 19284 19305 19634 19887 20160 20343
 20662 20688 21161 21215 21276 21371 21490 21562 22163 22852 22928 23595
 23694 23892 24202 24468 24718 25287 25324 26569 26597 27446 27932 27956
 28004 28074 28095 28271 28568 28696 28735 28800 29027 29671 29798 30851
 31506 31645 31719 31996 32411 32640 33828 33899 34477 35145 35841 37013
 38085 38590 38656 38732 39376 40351 40478 40611 41065 41174 41260 41329
 42328 42449 42486 43214 43979 44433 44526 44575 44638 44811 45026 45942
 45947 46055 46244 46447 47496 47547 47610 47630 47895 48662 48677 48698
 48920 49093]
[12817 10899 42313 34255 28409 31676  5274 36008  7595 22303  3855 27445
  8175    41 42578 20276 11487 25594 43114  9825  3924 47200   722 38530
 28653 45626 25192 38773 41751  1510 39801 33141 43632  6254 27544 11704
 34531 13723 49364 40762 13483 26034 37375 28434 19414 10088  7190  6552
 46412 36703]
[ 8589 24709 32055 35835  7907  4744 14094 25029 47636 16250 20406 34252
 26681 38706 34100 34483 48238 23996 24040 37327 30356 34770 44762 31470
 12369  8079 40522 29531 28712 20174 42108 37442 34676 17369 34692 28468
 30717 18434 32947 27054 28564 18883 17323 46711 44904 33592 43014  6294
  5158 37898]
[30048 10113  3810 17228 17909 23265 36121 20694 40580 27677 36338 34143
 30304 27506 19797 17245 28602 22559 36821 46458  3266  8692 24846  6905
  3180 45656 18450 16998 34685 25822 22011 18378 28894 32840 41288  5171
 24637 40235 14715  3801 10554  2979 26955  8296 40431 37857 43632  1197
 12835 48482]
[  257  2821  4600  4744  4773  5071  6417  7907  7971  8079  8589 10777
 13331 13467 14094 14103 14545 17199 17323 17369 18815 18957 19137 19247
 20406 20890 22273 22758 23501 23996 24040 24483 24709 24916 25029 25041
 25910 26681 27809 28371 28564 28712 29186 29757 30453 30717 31230 31470
 32557 32956 33489 34483 36300 36599 36947 37075 37327 37336 37613 38774
 39607 40022 40033 40439 42108 42661 43014 43726 46959 47918 48778]
[46631 24793 29707 40106 43539 12780 14191 33149 41284 47125  3343 19995
 44806  9428  8008 21329 48457 31365 33261  8269 38378 34279 22244 17271
  5330 37630 19483 26275 29842 15095  2086 36962 45667 25834 46452 25312
 14311 14992 17846 31577  8403 43890 32795 15003 36746 24423 35628 25369
 37924  9183]
[  171   618   740  1116  1126  1877  2084  2342  2431  2592  3058  4042
  4151  5769  5891  6092  6454  6695  7493  7984  8155  8568  9393 10207
 11320 11496 11924 12410 12600 12616 12722 12903 13242 13820 13943 13954
 14053 14075 14829 15323 16387 16769 17234 17343 17624 17834 19617 21183
 21560 21650 22112 22211 22382 22558 22950 23010 23072 23094 23436 23661
 23726 23808 24288 24731 25531 25844 25986 26910 27552 27764 27859 28723
 29370 29690 29787 30563 31046 31150 31173 31468 31959 32093 32743 33056
 33512 33802 33812 34230 34239 34751 35221 35614 36167 36224 36285 36830
 36835 37104 37683 38018 38423 39402 39416 39626 40294 40910 41328 42701
 43193 43284 43569 44415 44619 45028 45255 46095 46122 46745 46891 48042
 48113 48651 48674 48715 48773 48979 49351]
[41797 31287 25360  4914 41500 10283 39561 41654 34657 17667 17007 35519
 10041 28143 42086 36396  9429 19942  8722 26084  5328  4935 47190 41021
 23933 39874 39675 19203 10983 14601 48389 45959 28879  9334 39153 49496
 10927 37191 20299 20443  3392 24760 16856 34999  3105  9063 24339  2594
 21043 47148]
[  105   201   204   218   225   268   318   362   589   701   876   970
  1094  1177  1221  1378  1539  1684  1898  1961  2002  2115  2155  2305
  2313  2405  2428  2459  2553  2863  2933  2995  3020  3206  3244  3251
  3337  3360  3571  3634  3649  3703  3705  3734  3825  4254  4303  4314
  4396  4608  4921  4928  4929  4970  5097  5186  5411  5619  5791  5886
  5915  6028  6082  6173  6361  6517  6597  6829  7000  7075  7103  7287
  7628  7763  7784  8240  8311  8345  8433  8502  8820  8857  9007  9159
  9265  9559  9794 10131 10355 10577 10797 10821 10934 11026 11125 11374
 11377 11413 11973 12070 12221 12508 12699 12704 12705 12791 12914 12929
 13043 13068 13085 13222 13655 13969 14097 14210 14216 14651 14914 14920
 14959 15053 15165 15332 15337 15450 15669 15712 15843 15854 15879 16023
 16210 16242 16373 16528 16790 16816 17194 17293 17565 17692 17785 17792
 17804 17911 17981 18168 18247 18261 18445 18530 19094 19333 19349 19363
 19392 19396 19459 19687 20021 20042 20065 20105 20378 20386 20391 20411
 20452 20503 20551 20618 20722 20784 20897 20985 21031 21066 21391 21451
 21489 21496 21647 21882 21928 21993 22243 22311 22621 22649 22792 22837
 22875 22906 22920 22954 22977 23109 23363 23595 23715 23993 24008 24026
 24050 24330 24481 24488 24750 25119 25324 25450 25579 25729 25864 26421
 26720 26771 26843 27022 27412 27545 27553 28244 28297 28393 28395 28404
 28471 28591 28668 28862 28897 29230 29271 29367 29503 29598 29660 29868
 29903 29939 29955 30094 30183 30213 30458 30537 30792 31018 31223 31494
 31633 31652 31823 31929 31978 32014 32235 32280 32513 32808 33435 33545
 33947 34005 34102 34133 34155 34219 34550 34738 34892 35168 35185 35246
 35612 35686 35910 35913 36014 36189 36328 36365 36596 36613 36637 36831
 37030 37037 37120 37367 37477 37833 37903 38115 38182 38206 38265 38398
 39300 39371 39433 39482 39645 39703 39725 39788 39804 39868 39894 40167
 40336 40383 40480 40558 40753 40775 40779 40961 41102 41118 41186 41257
 41450 41484 41497 41513 41553 41707 41922 42018 42134 42136 42140 42301
 42612 42662 42767 43240 43352 43465 43832 43872 43902 44159 44167 44208
 44212 44317 44376 44411 44571 45026 45351 45358 45616 46054 46138 46149
 46162 46257 46493 46516 46632 46651 46692 46715 47290 47719 47895 47969
 48150 48198 48414 48436 48878 48879 48914 49008]
[0.88, 0.6643835616438356, 0.36, 0.3, 0.06, 0.7183098591549296, 0.46, 0.9133858267716536, 0.74, 0.5131578947368421]
[50, 146, 50, 50, 50, 71, 50, 127, 50, 380]
