training accuracy when lambda=0.3
[0.6438787878836044, 0.7362222222077726, 0.7533939394083891, 0.7616161616065286, 0.7662424242568738, 0.7725050505098671, 0.774585858581042, 0.7791919191774695, 0.7808686868831365, 0.7821010101154597, 0.7839393939442105, 0.788060606060606, 0.7879191919336416, 0.7899595959644125, 0.79246464645983, 0.7927676767676768, 0.7941616161616162, 0.7969494949398619, 0.7976565656613822, 0.7978181818229984, 0.7984848484703989, 0.8000202020105689, 0.8015353535209039, 0.8019595959499629, 0.8025656565560235, 0.8037373737325572, 0.8032323232323232, 0.8044040403895908, 0.8035353535449866, 0.8054141414045083, 0.8060606060654226, 0.8037171717123551, 0.8049898989754494, 0.8043434343434344, 0.8058989899134396, 0.8055151515007019, 0.8049696969648804, 0.802484848480032, 0.8046262626166295, 0.8032727272775438, 0.8063636363684529, 0.8061616161712493, 0.8062020201923872, 0.8032929292977459, 0.8042424242376077, 0.8049090908994578, 0.8042828282828283, 0.8025454545358215, 0.8024040404136735, 0.8037575757527592]
test accuracy when lambda=0.3
[0.4035, 0.413, 0.4167, 0.4229, 0.424, 0.4235, 0.4247, 0.4282, 0.4262, 0.4278, 0.429, 0.4302, 0.4288, 0.4291, 0.4325, 0.4319, 0.4293, 0.4344, 0.4284, 0.4281, 0.4306, 0.4322, 0.4334, 0.4338, 0.4372, 0.4331, 0.4333, 0.437, 0.4317, 0.435, 0.432, 0.4362, 0.4362, 0.4336, 0.4294, 0.4361, 0.4321, 0.4361, 0.4337, 0.433, 0.4312, 0.4319, 0.4308, 0.4281, 0.4307, 0.4315, 0.4321, 0.4301, 0.4317, 0.4363]
training accuracy when lambda=0.4
[0.5178585858489528, 0.5861818181721851, 0.5973737373785539, 0.6011919191919192, 0.6060404040259544, 0.6104848484992981, 0.6163232323280489, 0.6183232323087827, 0.6211111111062946, 0.6242424242568738, 0.6282424242568738, 0.628444444449261, 0.6309696969745135, 0.6339393939442105, 0.6368686868638703, 0.638666666652217, 0.6397979797883467, 0.6439393939297609, 0.6448686868735034, 0.6482626262554014, 0.6496161616209781, 0.6528888888985219, 0.6530909091005421, 0.6576363636363637, 0.6596161616257947, 0.6563434343482509, 0.6609090909042744, 0.6635151515055184, 0.6663838383886549, 0.665515151510335, 0.6673737373785539, 0.669999999990367, 0.6712525252428921, 0.6733333333188837, 0.6745656565801061, 0.6772525252573418, 0.6764242424097928, 0.6764444444299949, 0.675919191928825, 0.677535353530537, 0.681111111101478, 0.6836767676815843, 0.6803232323328654, 0.6804242424242424, 0.6815151515055184, 0.6852121212024881, 0.6837171717219882, 0.6835353535449866, 0.6834747474843805, 0.6889090908946413]
test accuracy when lambda=0.4
[0.4079, 0.426, 0.4323, 0.4288, 0.4382, 0.4365, 0.4399, 0.4466, 0.447, 0.4472, 0.4493, 0.4492, 0.4547, 0.452, 0.4568, 0.4507, 0.4571, 0.4555, 0.4565, 0.4588, 0.4589, 0.4552, 0.4578, 0.4591, 0.4548, 0.4545, 0.4506, 0.4556, 0.4563, 0.4586, 0.4527, 0.4579, 0.4514, 0.4481, 0.4511, 0.4465, 0.4508, 0.4493, 0.4492, 0.4473, 0.4442, 0.4518, 0.4465, 0.4474, 0.4438, 0.4473, 0.4472, 0.4503, 0.4516, 0.4494]
training accuracy when lambda=0.5
[0.21973737373496546, 0.2476767676839925, 0.2561414141414141, 0.26236363636363635, 0.26965656565897395, 0.2729090909163157, 0.27886868687591165, 0.2838787878763796, 0.28721212121693773, 0.2911515151527193, 0.29630303030423444, 0.30141414142136624, 0.3053333333345375, 0.3112323232347315, 0.31666666666666665, 0.3211717171765337, 0.3286464646440564, 0.3345252525180277, 0.33973737374219026, 0.34862626262746677, 0.35515151515151516, 0.36161616160652854, 0.37030303031025513, 0.37735353534390226, 0.38648484848003195, 0.3923232323232323, 0.4008686868662786, 0.40753535354017006, 0.41802020202501855, 0.42365656564934084, 0.42991919192400846, 0.43997979798220627, 0.44426262625540147, 0.45018181817459335, 0.46084848483885177, 0.4648686868735034, 0.47088888889370545, 0.4766060606205102, 0.48145454545454547, 0.488444444449261, 0.4942828282972779, 0.49660606060124407, 0.5020202020129773, 0.5041414141365976, 0.5095757575661245, 0.5138585858561776, 0.5134141414165497, 0.5221616161519831, 0.5280202020346516, 0.5279191919191919]
test accuracy when lambda=0.5
[0.4179, 0.4452, 0.4535, 0.458, 0.4618, 0.4715, 0.4727, 0.4675, 0.4744, 0.478, 0.4824, 0.4803, 0.4876, 0.4817, 0.4874, 0.4792, 0.4838, 0.4897, 0.4823, 0.4859, 0.4872, 0.49, 0.4862, 0.4856, 0.4867, 0.4806, 0.4809, 0.4816, 0.477, 0.4791, 0.4722, 0.4762, 0.4717, 0.477, 0.4729, 0.4711, 0.4707, 0.4686, 0.4739, 0.4721, 0.4721, 0.4688, 0.472, 0.4699, 0.4669, 0.469, 0.4701, 0.4659, 0.4657, 0.4717]
training accuracy when lambda=0.6
[0.22143434344156823, 0.25432323232443643, 0.26319191919312335, 0.27268686869168524, 0.27987878787397136, 0.2898787878787879, 0.2944040404064487, 0.301191919199144, 0.30692929292688464, 0.31503030302789475, 0.3207676767628602, 0.32749494949976604, 0.3349898989911031, 0.34355555555555556, 0.3521010101034184, 0.35856565656806483, 0.37068686868205214, 0.3787070707022542, 0.3891111111038863, 0.4014343434295269, 0.4145050505050505, 0.4224848484920733, 0.4373333333381499, 0.44523232323232326, 0.45690909091149917, 0.46864646466091425, 0.479454545459362, 0.48848484848003193, 0.5007272727200479, 0.5072525252380756, 0.5224444444372196, 0.5289292929317012, 0.533272727270319, 0.5433939393987559, 0.553474747479564, 0.5590303030254865, 0.5654747474747475, 0.5730505050456886, 0.5791919191822861, 0.5860606060750557, 0.5930707070731154, 0.5990909091053587, 0.6057777777729613, 0.6082020202116533, 0.6089494949543115, 0.6157575757575757, 0.6241818181673686, 0.6279191919191919, 0.6292525252621584, 0.6366262626310791]
test accuracy when lambda=0.6
[0.4373, 0.4566, 0.4655, 0.4783, 0.489, 0.4916, 0.495, 0.5069, 0.5095, 0.5094, 0.5121, 0.5038, 0.5139, 0.5049, 0.5062, 0.5092, 0.511, 0.5129, 0.5034, 0.5013, 0.4985, 0.5013, 0.4938, 0.4949, 0.4901, 0.4908, 0.4879, 0.4921, 0.4951, 0.4904, 0.4894, 0.4902, 0.4815, 0.4822, 0.4863, 0.4854, 0.4805, 0.4814, 0.4798, 0.4797, 0.4806, 0.4786, 0.4799, 0.4726, 0.4748, 0.4761, 0.4716, 0.4701, 0.4739, 0.4698]
training accuracy when lambda=0.7
[0.21985858585858586, 0.25951515151515153, 0.27400000000481656, 0.2861010101010101, 0.29644444444805684, 0.30662626261662956, 0.3155353535377618, 0.32181818181938593, 0.3301818181794099, 0.34028282828042, 0.34802020202742684, 0.3601212121236204, 0.36826262626985107, 0.37846464646705474, 0.3898787878763796, 0.4030909090909091, 0.416808080800856, 0.42864646463923983, 0.44505050506495464, 0.4608282828282828, 0.47545454545454546, 0.49042424242424243, 0.5057979797931632, 0.5233131313155396, 0.5306060606060606, 0.5431111111111111, 0.5590505050601381, 0.567070707061074, 0.5820606060461565, 0.5934545454497289, 0.6014343434439765, 0.6144444444396279, 0.624545454540638, 0.6312727272775438, 0.6429292929292929, 0.6490909090957256, 0.6552929292929293, 0.6651111111255608, 0.6682424242568739, 0.6769090909139075, 0.6835353535498031, 0.6848282828138332, 0.6922020201923871, 0.6978181818326314, 0.7057373737229241, 0.7082424242376077, 0.7096767676767677, 0.7162828282683786, 0.7211515151563317, 0.7226262626214461]
test accuracy when lambda=0.7
[0.4424, 0.4786, 0.4937, 0.5089, 0.5121, 0.5346, 0.5358, 0.5408, 0.5352, 0.5404, 0.5473, 0.5271, 0.5478, 0.5424, 0.5388, 0.5405, 0.5294, 0.5267, 0.5263, 0.5267, 0.5227, 0.517, 0.5125, 0.507, 0.5076, 0.5056, 0.5052, 0.5009, 0.5003, 0.4961, 0.4978, 0.4959, 0.4911, 0.4894, 0.4884, 0.4845, 0.4891, 0.4915, 0.4877, 0.4889, 0.4853, 0.4856, 0.4856, 0.4861, 0.4816, 0.4778, 0.4865, 0.4848, 0.4807, 0.4788]
training accuracy when lambda=0.8
[0.21971717171837585, 0.2667070707070707, 0.2844848484848485, 0.2985656565632483, 0.31183838383958795, 0.32420202020322436, 0.3331515151466986, 0.34262626263107915, 0.35525252524770873, 0.36492929291965986, 0.3758181818133653, 0.3857575757587799, 0.3979999999951835, 0.4112929292941334, 0.4249494949519032, 0.44280808081048906, 0.4564848484752154, 0.4729898989850825, 0.4885656565656566, 0.5093939393891228, 0.5269696969745135, 0.5398989899134395, 0.5604646464646464, 0.5739999999927752, 0.5905656565704731, 0.60503030302067, 0.6201616161567997, 0.632383838398288, 0.6473535353439023, 0.6563636363540033, 0.6680000000144496, 0.6791515151370655, 0.6883232323328654, 0.6967272727417223, 0.7037777777729612, 0.7150707070707071, 0.7192929292784797, 0.7303434343386178, 0.7372929292784797, 0.7422626262770758, 0.750383838388655, 0.7574141414093248, 0.7617373737518234, 0.764989898989899, 0.7681616161712492, 0.7745454545358215, 0.7803030302885807, 0.7849696969600639, 0.789959595969229, 0.7908888888888889]
test accuracy when lambda=0.8
[0.4661, 0.4669, 0.5197, 0.5407, 0.5405, 0.5556, 0.5658, 0.573, 0.5626, 0.5657, 0.5713, 0.5614, 0.5522, 0.5633, 0.5545, 0.5509, 0.5387, 0.5413, 0.5377, 0.5264, 0.5277, 0.5199, 0.5171, 0.5063, 0.5071, 0.4939, 0.4998, 0.5006, 0.5001, 0.4946, 0.493, 0.4913, 0.492, 0.4825, 0.4847, 0.4888, 0.491, 0.4822, 0.4879, 0.4871, 0.4817, 0.4861, 0.4824, 0.4781, 0.478, 0.4848, 0.4775, 0.4754, 0.4765, 0.4802]
