training accuracy when lambda=0.2
[0.59126, 0.73278, 0.76828, 0.7844, 0.79262, 0.80052, 0.80892, 0.81508, 0.8195, 0.8259, 0.82748, 0.83212, 0.83384, 0.8365, 0.8372, 0.8397, 0.84448, 0.8457, 0.84724, 0.84598, 0.85044, 0.85262, 0.85152, 0.8514, 0.85042, 0.8554, 0.85352, 0.85748, 0.85624, 0.85734, 0.85708, 0.8585, 0.85696, 0.85712, 0.86056, 0.8597, 0.85934, 0.85934, 0.8598, 0.85988, 0.85928, 0.86016, 0.85824, 0.85958, 0.85874, 0.85734, 0.85762, 0.85738, 0.85996, 0.85976]
test accuracy when lambda=0.2
[0.5108, 0.5297, 0.5397, 0.5422, 0.5377, 0.5437, 0.5471, 0.54, 0.5453, 0.5511, 0.5468, 0.5459, 0.5499, 0.5455, 0.5451, 0.5485, 0.5515, 0.5474, 0.5472, 0.5448, 0.5478, 0.5475, 0.5485, 0.5494, 0.5483, 0.5458, 0.5451, 0.5454, 0.5472, 0.5479, 0.5482, 0.5457, 0.5475, 0.5498, 0.5504, 0.549, 0.5458, 0.5502, 0.5465, 0.5456, 0.5449, 0.5434, 0.5455, 0.5456, 0.5426, 0.5426, 0.5481, 0.5402, 0.5408, 0.5427]
training accuracy when lambda=0.25
[0.58038, 0.7125, 0.74166, 0.7601, 0.7722, 0.7801, 0.78304, 0.79346, 0.79646, 0.80222, 0.80472, 0.80774, 0.80922, 0.81304, 0.81632, 0.81822, 0.81962, 0.82136, 0.82438, 0.82562, 0.82712, 0.8296, 0.83094, 0.82936, 0.83192, 0.83032, 0.83312, 0.83108, 0.83174, 0.83256, 0.83306, 0.8322, 0.83156, 0.83204, 0.83194, 0.83102, 0.83156, 0.83226, 0.83018, 0.82952, 0.83072, 0.83112, 0.8292, 0.83012, 0.8277, 0.82854, 0.82822, 0.82678, 0.82758, 0.82818]
test accuracy when lambda=0.25
[0.5069, 0.5318, 0.5392, 0.5397, 0.5412, 0.5396, 0.5452, 0.546, 0.5472, 0.5466, 0.5499, 0.5512, 0.552, 0.5461, 0.5481, 0.549, 0.5495, 0.5476, 0.5509, 0.5468, 0.5496, 0.5506, 0.5461, 0.5459, 0.5441, 0.5477, 0.5518, 0.5503, 0.5489, 0.5469, 0.5444, 0.5431, 0.5456, 0.5427, 0.5412, 0.544, 0.5449, 0.5424, 0.5462, 0.5426, 0.5417, 0.5426, 0.5423, 0.5422, 0.5385, 0.5424, 0.5398, 0.5376, 0.5352, 0.5367]
training accuracy when lambda=0.3
[0.54536, 0.67744, 0.70538, 0.71914, 0.72854, 0.73832, 0.74334, 0.74778, 0.754, 0.75864, 0.76118, 0.76264, 0.76748, 0.76858, 0.77252, 0.77424, 0.7768, 0.77662, 0.77878, 0.77884, 0.78116, 0.781, 0.78198, 0.78552, 0.78512, 0.7845, 0.78746, 0.78432, 0.78708, 0.7868, 0.78562, 0.78534, 0.78712, 0.7855, 0.78606, 0.78526, 0.78718, 0.78434, 0.78538, 0.78146, 0.78406, 0.781, 0.78076, 0.78396, 0.78414, 0.78096, 0.78238, 0.78158, 0.77934, 0.77872]
test accuracy when lambda=0.3
[0.5103, 0.5353, 0.5403, 0.5461, 0.5499, 0.5497, 0.547, 0.5499, 0.5402, 0.5445, 0.5432, 0.5445, 0.5408, 0.5432, 0.5462, 0.5444, 0.5336, 0.5474, 0.5414, 0.5422, 0.5471, 0.5395, 0.5387, 0.5426, 0.5386, 0.5398, 0.5412, 0.5391, 0.5398, 0.5396, 0.5381, 0.5354, 0.533, 0.5369, 0.5378, 0.5304, 0.534, 0.5352, 0.5348, 0.531, 0.5307, 0.5306, 0.535, 0.5293, 0.5321, 0.5349, 0.5338, 0.5335, 0.5326, 0.5303]
training accuracy when lambda=0.35
[0.50062, 0.60688, 0.62684, 0.64176, 0.6504, 0.65684, 0.66204, 0.666, 0.67182, 0.67388, 0.67792, 0.68136, 0.68404, 0.68648, 0.69146, 0.69092, 0.69318, 0.69576, 0.69776, 0.69766, 0.70424, 0.70332, 0.70478, 0.70434, 0.70482, 0.7062, 0.70874, 0.70638, 0.7084, 0.70908, 0.70986, 0.70936, 0.70838, 0.70998, 0.70974, 0.71042, 0.70938, 0.71086, 0.70992, 0.71086, 0.71038, 0.70798, 0.7102, 0.71056, 0.70968, 0.70792, 0.70918, 0.7098, 0.71214, 0.71198]
test accuracy when lambda=0.35
[0.5061, 0.5284, 0.5392, 0.539, 0.5373, 0.5382, 0.5441, 0.5514, 0.5461, 0.5418, 0.5467, 0.5406, 0.5421, 0.543, 0.5426, 0.5429, 0.539, 0.5409, 0.5437, 0.5448, 0.5425, 0.5398, 0.5388, 0.5373, 0.5355, 0.5356, 0.5333, 0.532, 0.5363, 0.5366, 0.5305, 0.5284, 0.5281, 0.5326, 0.533, 0.5284, 0.5231, 0.526, 0.5256, 0.5209, 0.5258, 0.526, 0.5238, 0.5273, 0.5233, 0.5232, 0.5262, 0.5188, 0.5213, 0.5242]
training accuracy when lambda=0.4
[0.42824, 0.51386, 0.533, 0.54288, 0.5494, 0.5565, 0.5599, 0.5667, 0.56796, 0.57142, 0.5749, 0.57806, 0.58108, 0.5847, 0.58674, 0.59056, 0.59328, 0.59544, 0.59808, 0.60204, 0.60154, 0.60392, 0.60938, 0.61026, 0.61224, 0.61402, 0.61624, 0.6159, 0.62034, 0.62132, 0.62192, 0.6246, 0.62488, 0.62816, 0.62624, 0.6282, 0.6287, 0.63282, 0.63158, 0.63212, 0.6371, 0.63606, 0.63706, 0.63544, 0.63554, 0.6336, 0.63984, 0.63988, 0.63566, 0.63766]
test accuracy when lambda=0.4
[0.5002, 0.5231, 0.5332, 0.5337, 0.5399, 0.5438, 0.542, 0.5411, 0.5483, 0.5418, 0.5384, 0.543, 0.5427, 0.5411, 0.541, 0.5378, 0.5391, 0.5352, 0.5381, 0.5323, 0.5377, 0.5311, 0.5319, 0.5305, 0.5319, 0.531, 0.5315, 0.5335, 0.5294, 0.524, 0.5315, 0.5287, 0.5252, 0.5242, 0.5221, 0.5264, 0.5208, 0.5195, 0.5179, 0.5215, 0.5164, 0.5199, 0.5217, 0.5191, 0.52, 0.5176, 0.5145, 0.5136, 0.5184, 0.5094]
training accuracy when lambda=0.45
[0.33764, 0.3982, 0.40934, 0.41654, 0.42206, 0.42622, 0.43002, 0.43498, 0.4391, 0.44176, 0.44472, 0.4496, 0.45176, 0.45782, 0.4604, 0.46488, 0.46816, 0.47398, 0.48062, 0.48482, 0.48984, 0.49426, 0.49728, 0.504, 0.50672, 0.51248, 0.51768, 0.5213, 0.5243, 0.53022, 0.53134, 0.53728, 0.54002, 0.54422, 0.5476, 0.54674, 0.55052, 0.55356, 0.55574, 0.55906, 0.56084, 0.56242, 0.56512, 0.56672, 0.57128, 0.57062, 0.57146, 0.57392, 0.57462, 0.5771]
test accuracy when lambda=0.45
[0.5008, 0.5255, 0.5298, 0.5317, 0.535, 0.5425, 0.5357, 0.5384, 0.5412, 0.54, 0.5368, 0.5381, 0.5356, 0.5288, 0.5304, 0.5366, 0.5281, 0.5312, 0.5284, 0.5289, 0.5253, 0.521, 0.5232, 0.5191, 0.5206, 0.5188, 0.5183, 0.5175, 0.5158, 0.5122, 0.5108, 0.5091, 0.5115, 0.5129, 0.5062, 0.5044, 0.5058, 0.5059, 0.5055, 0.5043, 0.5035, 0.504, 0.5031, 0.5032, 0.5047, 0.4989, 0.5018, 0.501, 0.5031, 0.5034]
training accuracy when lambda=0.5
[0.11654, 0.12322, 0.129, 0.13274, 0.13684, 0.141, 0.14462, 0.14856, 0.1528, 0.15714, 0.1624, 0.16876, 0.17336, 0.17858, 0.18456, 0.19562, 0.20408, 0.21278, 0.21924, 0.2295, 0.2411, 0.25196, 0.26528, 0.27314, 0.28492, 0.29208, 0.30336, 0.316, 0.32226, 0.32954, 0.34008, 0.34858, 0.35628, 0.36186, 0.3677, 0.37734, 0.38406, 0.39162, 0.39564, 0.40118, 0.41236, 0.41234, 0.4207, 0.42338, 0.42554, 0.43636, 0.43726, 0.44014, 0.44448, 0.44752]
test accuracy when lambda=0.5
[0.4836, 0.5125, 0.5278, 0.5231, 0.5319, 0.5317, 0.5394, 0.5334, 0.5333, 0.5357, 0.5342, 0.5298, 0.5304, 0.5258, 0.5273, 0.5262, 0.5252, 0.52, 0.5137, 0.5134, 0.514, 0.5115, 0.5078, 0.5073, 0.5057, 0.5065, 0.5044, 0.4984, 0.4998, 0.4965, 0.4943, 0.4935, 0.4932, 0.4884, 0.4888, 0.489, 0.4899, 0.4892, 0.4909, 0.4907, 0.4841, 0.4897, 0.492, 0.4876, 0.4897, 0.4857, 0.4907, 0.4927, 0.484, 0.4909]
training accuracy when lambda=0.55
[0.11378, 0.12636, 0.12854, 0.1332, 0.13872, 0.14124, 0.14502, 0.1504, 0.15448, 0.16184, 0.16684, 0.17236, 0.17866, 0.18898, 0.19786, 0.20936, 0.21982, 0.23074, 0.24366, 0.25684, 0.26972, 0.28402, 0.29392, 0.30888, 0.3216, 0.33112, 0.34306, 0.35634, 0.36748, 0.37614, 0.38798, 0.40114, 0.40552, 0.41246, 0.4209, 0.43176, 0.43646, 0.44234, 0.44896, 0.45972, 0.46324, 0.47064, 0.47596, 0.48232, 0.48644, 0.49032, 0.49486, 0.50124, 0.50494, 0.50944]
test accuracy when lambda=0.55
[0.4785, 0.5152, 0.5141, 0.5277, 0.5249, 0.5289, 0.5329, 0.5272, 0.5329, 0.5293, 0.5283, 0.5261, 0.5204, 0.5183, 0.5137, 0.5136, 0.5106, 0.5107, 0.5074, 0.5026, 0.4976, 0.4935, 0.4899, 0.4904, 0.4908, 0.4848, 0.4829, 0.4838, 0.4811, 0.4751, 0.4777, 0.4722, 0.4774, 0.4733, 0.4747, 0.4729, 0.4719, 0.4715, 0.4658, 0.4709, 0.4707, 0.4714, 0.4657, 0.4699, 0.4705, 0.4716, 0.4682, 0.4714, 0.4733, 0.4672]
training accuracy when lambda=0.6
[0.11624, 0.12246, 0.12924, 0.13314, 0.13802, 0.14322, 0.14722, 0.15292, 0.15866, 0.16686, 0.17406, 0.18414, 0.19244, 0.2055, 0.21818, 0.23124, 0.24614, 0.26586, 0.28244, 0.29414, 0.31056, 0.32736, 0.34242, 0.35614, 0.3725, 0.3869, 0.39614, 0.41166, 0.42314, 0.43078, 0.44522, 0.45706, 0.46372, 0.4746, 0.48082, 0.48932, 0.50054, 0.50362, 0.50864, 0.5172, 0.52444, 0.52986, 0.53278, 0.54092, 0.54694, 0.55246, 0.55554, 0.56096, 0.56326, 0.5682]
test accuracy when lambda=0.6
[0.4586, 0.5095, 0.5119, 0.515, 0.5247, 0.5277, 0.5279, 0.5342, 0.5305, 0.5254, 0.5165, 0.515, 0.5144, 0.5101, 0.5092, 0.5, 0.4974, 0.4921, 0.4842, 0.4827, 0.4837, 0.4797, 0.4765, 0.476, 0.4743, 0.4707, 0.4667, 0.4695, 0.4596, 0.4612, 0.4609, 0.461, 0.4634, 0.457, 0.4557, 0.4631, 0.4601, 0.4584, 0.4501, 0.4562, 0.4589, 0.4494, 0.4548, 0.4519, 0.4539, 0.4567, 0.4556, 0.4595, 0.4558, 0.4553]
training accuracy when lambda=0.65
[0.11712, 0.12234, 0.12652, 0.1315, 0.13774, 0.14336, 0.14906, 0.15674, 0.16278, 0.17552, 0.18432, 0.1946, 0.21208, 0.2282, 0.24568, 0.26404, 0.2842, 0.30426, 0.32244, 0.34324, 0.35908, 0.38128, 0.39478, 0.41166, 0.42724, 0.44464, 0.45754, 0.46878, 0.48314, 0.49228, 0.50498, 0.51528, 0.52354, 0.53448, 0.53684, 0.55038, 0.5578, 0.56238, 0.57064, 0.57488, 0.58126, 0.58768, 0.59764, 0.60382, 0.60424, 0.6124, 0.61696, 0.61786, 0.62566, 0.62684]
test accuracy when lambda=0.65
[0.4551, 0.4838, 0.511, 0.5142, 0.5172, 0.5171, 0.5167, 0.5137, 0.5136, 0.508, 0.5037, 0.4937, 0.4805, 0.4871, 0.4772, 0.4713, 0.4671, 0.4657, 0.4584, 0.4466, 0.4421, 0.4446, 0.4415, 0.4355, 0.4356, 0.4322, 0.4238, 0.436, 0.4282, 0.4282, 0.4263, 0.421, 0.4231, 0.4241, 0.4179, 0.4206, 0.4289, 0.4267, 0.4238, 0.4238, 0.4246, 0.419, 0.423, 0.4304, 0.4216, 0.4253, 0.4238, 0.4263, 0.421, 0.4229]
training accuracy when lambda=0.7
[0.11366, 0.12184, 0.12776, 0.13204, 0.139, 0.14438, 0.15148, 0.16152, 0.17166, 0.18596, 0.20098, 0.21892, 0.23864, 0.2619, 0.2835, 0.30758, 0.32724, 0.34888, 0.3716, 0.39224, 0.40968, 0.43048, 0.44914, 0.46418, 0.48168, 0.4943, 0.50912, 0.52284, 0.53198, 0.54508, 0.5559, 0.5661, 0.5771, 0.58594, 0.5924, 0.60036, 0.60966, 0.6125, 0.62072, 0.62778, 0.6324, 0.63828, 0.64698, 0.64668, 0.6529, 0.66274, 0.66418, 0.67186, 0.67598, 0.67664]
test accuracy when lambda=0.7
[0.4273, 0.4817, 0.479, 0.4948, 0.5048, 0.4973, 0.4996, 0.4954, 0.4967, 0.4871, 0.4737, 0.4724, 0.4567, 0.4577, 0.4348, 0.4356, 0.4224, 0.4248, 0.4214, 0.4015, 0.4033, 0.412, 0.4036, 0.4003, 0.3978, 0.3983, 0.3941, 0.3913, 0.398, 0.3906, 0.3915, 0.3876, 0.3854, 0.3869, 0.3882, 0.3928, 0.387, 0.3903, 0.3942, 0.3868, 0.3898, 0.3908, 0.3856, 0.3985, 0.3916, 0.3899, 0.3883, 0.3908, 0.3892, 0.3843]
training accuracy when lambda=0.75
[0.11218, 0.12056, 0.12386, 0.12958, 0.1353, 0.14342, 0.15148, 0.16046, 0.17218, 0.19008, 0.20766, 0.22472, 0.24772, 0.27148, 0.29704, 0.32114, 0.34782, 0.36916, 0.39558, 0.41874, 0.44068, 0.45662, 0.47744, 0.49732, 0.5147, 0.52896, 0.54676, 0.55548, 0.56528, 0.5813, 0.58858, 0.60206, 0.61402, 0.62492, 0.63112, 0.63942, 0.64324, 0.65736, 0.66382, 0.66864, 0.6747, 0.67656, 0.68478, 0.69316, 0.69706, 0.7013, 0.7072, 0.70918, 0.71548, 0.71928]
test accuracy when lambda=0.75
[0.4019, 0.4525, 0.4768, 0.49, 0.4952, 0.4989, 0.4988, 0.4878, 0.4774, 0.4679, 0.4589, 0.4508, 0.4302, 0.4195, 0.4168, 0.4035, 0.3959, 0.3919, 0.3791, 0.3754, 0.3758, 0.3569, 0.3688, 0.3622, 0.3567, 0.3575, 0.3491, 0.3524, 0.353, 0.3532, 0.3473, 0.3539, 0.3499, 0.3501, 0.3508, 0.3527, 0.348, 0.3564, 0.3534, 0.3481, 0.3564, 0.3506, 0.3547, 0.3543, 0.3531, 0.3495, 0.353, 0.3539, 0.3559, 0.3551]
training accuracy when lambda=0.8
[0.10986, 0.11934, 0.12526, 0.13086, 0.13488, 0.14138, 0.15188, 0.16248, 0.18034, 0.19612, 0.21556, 0.24022, 0.26432, 0.29188, 0.31682, 0.345, 0.3725, 0.39934, 0.42438, 0.44844, 0.47168, 0.49022, 0.5081, 0.53078, 0.54774, 0.5641, 0.5781, 0.59222, 0.60642, 0.61748, 0.6298, 0.63754, 0.6469, 0.65608, 0.66812, 0.67238, 0.68216, 0.69144, 0.70034, 0.70404, 0.71022, 0.71248, 0.72352, 0.72498, 0.73036, 0.7368, 0.74106, 0.74674, 0.74764, 0.75272]
test accuracy when lambda=0.8
[0.3933, 0.4382, 0.4594, 0.4701, 0.4739, 0.4811, 0.4801, 0.465, 0.4528, 0.4301, 0.4151, 0.4079, 0.391, 0.373, 0.3596, 0.3459, 0.3368, 0.3332, 0.3348, 0.317, 0.3212, 0.319, 0.3138, 0.3129, 0.3076, 0.3095, 0.3117, 0.3097, 0.3096, 0.3116, 0.3095, 0.3066, 0.3128, 0.3034, 0.3122, 0.3152, 0.3159, 0.3155, 0.3157, 0.3115, 0.3192, 0.3108, 0.3165, 0.317, 0.3142, 0.3173, 0.3166, 0.3141, 0.3147, 0.3203]
training accuracy when lambda=0.85
[0.10768, 0.11592, 0.1221, 0.12836, 0.13304, 0.14202, 0.1528, 0.16486, 0.18448, 0.20536, 0.22518, 0.25366, 0.27876, 0.3029, 0.3343, 0.35942, 0.38878, 0.41548, 0.44064, 0.46418, 0.49156, 0.5126, 0.53058, 0.55126, 0.5653, 0.58108, 0.59804, 0.6135, 0.62146, 0.63826, 0.64768, 0.65872, 0.67212, 0.68328, 0.68756, 0.69548, 0.70124, 0.71284, 0.71896, 0.72316, 0.7282, 0.73878, 0.74068, 0.74588, 0.75322, 0.7577, 0.7648, 0.76728, 0.77148, 0.77478]
test accuracy when lambda=0.85
[0.3735, 0.4182, 0.4468, 0.4487, 0.4603, 0.4553, 0.4451, 0.4391, 0.4181, 0.397, 0.3692, 0.3477, 0.3416, 0.3183, 0.3218, 0.3115, 0.3035, 0.2842, 0.2889, 0.2877, 0.2805, 0.2756, 0.2736, 0.2811, 0.2759, 0.2713, 0.2738, 0.2771, 0.2723, 0.2786, 0.2688, 0.2772, 0.2777, 0.276, 0.2712, 0.2747, 0.2714, 0.2714, 0.2725, 0.2685, 0.2847, 0.2874, 0.2801, 0.2871, 0.2832, 0.2883, 0.2882, 0.2896, 0.2806, 0.2872]
training accuracy when lambda=0.9
[0.10542, 0.11462, 0.11806, 0.12452, 0.13008, 0.13666, 0.14998, 0.16556, 0.1819, 0.20662, 0.23016, 0.25718, 0.2834, 0.31468, 0.34336, 0.37296, 0.40234, 0.43126, 0.454, 0.48114, 0.50138, 0.5274, 0.548, 0.56716, 0.5835, 0.59956, 0.6151, 0.6283, 0.642, 0.65824, 0.66622, 0.67582, 0.68914, 0.697, 0.70334, 0.7143, 0.7233, 0.73182, 0.7344, 0.7401, 0.74762, 0.75448, 0.76242, 0.76858, 0.77228, 0.78024, 0.77918, 0.78488, 0.79006, 0.79238]
test accuracy when lambda=0.9
[0.3385, 0.3734, 0.4019, 0.4156, 0.4145, 0.4006, 0.3945, 0.372, 0.3454, 0.3278, 0.2884, 0.2841, 0.2662, 0.2608, 0.2372, 0.2356, 0.2243, 0.2239, 0.2284, 0.2277, 0.2153, 0.2178, 0.214, 0.2113, 0.2067, 0.2092, 0.2114, 0.2124, 0.2098, 0.2079, 0.2134, 0.2194, 0.2116, 0.213, 0.2142, 0.2195, 0.2156, 0.2114, 0.217, 0.2144, 0.2114, 0.2164, 0.2136, 0.2195, 0.2176, 0.2222, 0.2251, 0.2175, 0.2252, 0.2209]
training accuracy when lambda=0.95
[0.10308, 0.10956, 0.11032, 0.11656, 0.12014, 0.12712, 0.1326, 0.14388, 0.15868, 0.17474, 0.19282, 0.21888, 0.24324, 0.27238, 0.30424, 0.32726, 0.35602, 0.3863, 0.41584, 0.43754, 0.46284, 0.48754, 0.513, 0.52838, 0.55084, 0.56872, 0.58156, 0.60012, 0.61456, 0.62794, 0.63724, 0.6529, 0.66156, 0.67502, 0.68124, 0.69178, 0.7003, 0.70884, 0.7179, 0.72358, 0.73342, 0.73864, 0.74492, 0.74802, 0.75718, 0.7627, 0.76322, 0.7704, 0.7752, 0.77706]
test accuracy when lambda=0.95
[0.2051, 0.2785, 0.3344, 0.3439, 0.3351, 0.3664, 0.3392, 0.3252, 0.3128, 0.2699, 0.2535, 0.2416, 0.2283, 0.2265, 0.2068, 0.2055, 0.1942, 0.1961, 0.1826, 0.1804, 0.1829, 0.1789, 0.1778, 0.1816, 0.1704, 0.1679, 0.174, 0.175, 0.1702, 0.1777, 0.1712, 0.1748, 0.1613, 0.1728, 0.1662, 0.1736, 0.169, 0.1765, 0.1644, 0.1658, 0.1692, 0.1682, 0.1703, 0.1735, 0.1773, 0.1761, 0.1746, 0.1771, 0.1743, 0.1743]
