[array([ 1197,  1766,  1842,  1907,  2112,  2761,  2873,  2979,  3025,
        3136,  3341,  3641,  3647,  5220,  5374,  5669,  6541,  6576,
        6708,  6968,  7034,  8238,  8334,  8501,  8688,  8731,  8861,
        8955,  9149,  9572,  9658,  9979, 10113, 10134, 10153, 10337,
       10349, 10510, 10831, 10848, 11136, 11193, 11375, 11751, 11882,
       11915, 11948, 12095, 12100, 12104, 12148, 12199, 12225, 12488,
       13159, 13194, 13763, 14037, 14115, 14864, 14963, 15241, 15371,
       15562, 15707, 15804, 15865, 16014, 16063, 16161, 16326, 16721,
       17081, 17245, 17425, 17454, 18529, 19165, 19528, 19710, 20376,
       20431, 20694, 21772, 22058, 22150, 22362, 22475, 23184, 23295,
       23663, 23835, 24046, 24111, 24606, 25000, 25147, 25611, 26154,
       26417, 26429, 26666, 26955, 27201, 27380, 27405, 27419, 27677,
       27772, 27931, 28122, 28208, 28400, 28602, 28613, 28889, 29055,
       29257, 29580, 30048, 30477, 30557, 30817, 32304, 32453, 32735,
       32901, 33131, 33825, 33838, 33942, 33990, 34570, 34644, 34754,
       34797, 34976, 36121, 36268, 36296, 36338, 36867, 37287, 37630,
       37923, 38471, 38499, 38502, 38725, 39154, 39169, 39199, 39459,
       39503, 40089, 40262, 40319, 40371, 40373, 40431, 40484, 40543,
       41076, 41152, 41288, 42069, 42540, 42695, 42795, 42949, 42984,
       43050, 43192, 43252, 43360, 43632, 43709, 44084, 44450, 44808,
       45011, 45122, 45172, 45631, 45783, 45787, 46225, 46362, 46481,
       46685, 46696, 46775, 46880, 46948, 47034, 47135, 47759, 47827,
       47886, 49462]), array([  826,  1842,  1907,  2112,  2873,  2979,  3045,  3341,  3491,
        3641,  3647,  4665,  4668,  5193,  5220,  5374,  5669,  5849,
        6518,  6541,  6576,  6708,  6968,  7034,  7986,  8334,  8413,
        8501,  8556,  8688,  8731,  8861,  8955,  8979,  9753,  9979,
       10113, 10153, 10337, 10349, 10510, 10811, 11193, 11375, 11751,
       11882, 11915, 12100, 12104, 12148, 12199, 12263, 13107, 13194,
       13436, 14037, 14115, 14230, 14639, 14864, 14963, 15241, 15360,
       15371, 15562, 15593, 15804, 16014, 16063, 16161, 16544, 16721,
       16812, 17081, 17245, 17425, 17452, 17662, 18529, 19528, 19710,
       20376, 20431, 20694, 20829, 21088, 21772, 22003, 22782, 23135,
       23184, 23211, 23295, 23627, 23663, 23835, 23921, 24046, 24606,
       24616, 24993, 25611, 26152, 26620, 26666, 26955, 27380, 27405,
       27677, 27772, 27881, 27931, 28122, 28208, 28223, 28331, 28602,
       28721, 28889, 29055, 29257, 29362, 29580, 30048, 30477, 30817,
       31448, 31505, 31721, 32304, 32453, 32840, 32901, 33213, 33838,
       33952, 33956, 34570, 34797, 35517, 36121, 36268, 36338, 36343,
       36867, 37002, 37287, 37351, 37630, 37923, 37975, 38499, 38588,
       38725, 39149, 39459, 39503, 39749, 40089, 40371, 40431, 40484,
       40543, 41076, 41152, 41288, 41413, 42003, 42540, 42795, 42984,
       43192, 43360, 44096, 44450, 44674, 44808, 45011, 45090, 45122,
       45172, 45706, 45783, 46362, 46481, 46685, 46696, 46775, 46880,
       46948, 47034, 47611, 47827, 48715]), array([ 1842,  2112,  2761,  2843,  2873,  2979,  3045,  3341,  3641,
        3647,  4252,  4665,  5193,  5374,  5669,  5849,  6121,  6541,
        6576,  6968,  7034,  7124,  7428,  8334,  8413,  8501,  8955,
        8979,  9572,  9592,  9753, 10091, 10137, 10153, 10337, 10510,
       10811, 11136, 11193, 11490, 11751, 11882, 11915, 12100, 12148,
       12225, 12630, 13159, 13194, 13951, 14037, 14115, 14230, 14445,
       14864, 14978, 15241, 15371, 15562, 15707, 15804, 15865, 16014,
       16063, 16161, 16291, 16326, 16386, 16686, 16721, 16812, 16861,
       17081, 17104, 17228, 17245, 17425, 18114, 18529, 19326, 19412,
       19528, 19539, 19710, 20376, 20397, 20431, 20694, 21088, 21617,
       21772, 22475, 22503, 23091, 23184, 23265, 23336, 23544, 23663,
       23671, 23835, 24046, 24221, 24606, 24637, 24805, 25147, 25154,
       25163, 25822, 26152, 26620, 26666, 26955, 27201, 27405, 27419,
       27607, 27677, 27772, 27931, 28208, 28221, 28223, 28400, 28587,
       28602, 28613, 28721, 28833, 28889, 29055, 29580, 29767, 30048,
       30485, 30817, 31407, 32453, 32560, 32735, 32787, 32814, 32840,
       32901, 33161, 33802, 33838, 33952, 33957, 34644, 34754, 34976,
       36121, 36268, 36338, 36867, 37287, 37630, 37857, 38499, 38588,
       38725, 39154, 39199, 39459, 39480, 39503, 39749, 40089, 40264,
       40371, 40373, 40402, 40431, 40484, 40543, 40580, 40914, 41066,
       41076, 41152, 41288, 42069, 42540, 42606, 42795, 43057, 43149,
       43192, 43252, 43377, 43898, 44264, 44450, 44808, 44895, 44936,
       45011, 45090, 45122, 45172, 45348, 45783, 45787, 46362, 46403,
       46529, 46685, 46696, 46948, 47759, 47827, 48482, 48715]), array([  567,  1201,  1842,  1907,  2112,  2873,  2979,  3341,  3369,
        3641,  3647,  3801,  4029,  4665,  4751,  5220,  5374,  5519,
        5669,  6518,  6541,  6708,  6968,  7034,  7124,  7781,  7986,
        8334,  8413,  8692,  8861,  8955, 10153, 10337, 10349, 10510,
       10811, 11136, 11193, 11490, 11580, 11751, 11882, 11915, 12095,
       12100, 12148, 12199, 12488, 12630, 13194, 13951, 14037, 14115,
       14343, 14864, 15079, 15371, 15562, 15571, 15707, 15804, 16014,
       16063, 16161, 16272, 16721, 17081, 17179, 17245, 17425, 17662,
       18529, 19528, 19710, 20376, 20431, 20694, 21088, 21772, 22475,
       23091, 23184, 23211, 23336, 23663, 23835, 24046, 24606, 24993,
       25347, 26154, 26429, 26526, 26666, 26955, 26959, 27201, 27380,
       27405, 27419, 27677, 27931, 28208, 28223, 28602, 28833, 28889,
       29055, 29580, 30048, 30485, 30817, 31047, 32049, 32393, 32453,
       32560, 32735, 32840, 32901, 33131, 33161, 33373, 33802, 33838,
       33952, 33990, 34570, 34644, 34754, 34797, 34976, 35240, 35878,
       36121, 36204, 36268, 36338, 36343, 36744, 36867, 37029, 37287,
       37351, 37489, 37923, 38499, 38588, 38725, 39154, 39295, 39503,
       40262, 40371, 40373, 40431, 40484, 40543, 40580, 41076, 41152,
       41288, 42069, 42540, 42795, 42949, 42984, 43050, 43149, 43192,
       43360, 43709, 44096, 44318, 44450, 44808, 45011, 45122, 45172,
       45783, 45787, 46481, 46542, 46685, 46696, 46948, 47759, 47827,
       47926, 48323, 48556, 48730]), array([ 1197,  1201,  1842,  2001,  2016,  2112,  2761,  2873,  2979,
        3136,  3341,  3641,  3647,  4665,  4782,  5095,  5179,  5193,
        5374,  5669,  5707,  5849,  6541,  6576,  6708,  6968,  7034,
        7288,  7568,  7781,  7986,  8238,  8334,  8413,  8501,  8626,
        8861,  8955,  8979,  9220,  9592, 10113, 10153, 10337, 10349,
       10351, 10510, 10578, 10811, 11136, 11490, 11620, 11751, 11882,
       11915, 11948, 12095, 12100, 12104, 12148, 12246, 12630, 12729,
       13194, 13951, 14037, 14115, 14230, 14255, 14864, 14963, 15360,
       15371, 15495, 15562, 15593, 15865, 16014, 16063, 16161, 16291,
       16326, 16544, 16721, 16812, 16861, 17081, 17228, 17245, 17328,
       17452, 18114, 18253, 18529, 18817, 19326, 19528, 19571, 19710,
       20204, 20376, 20397, 20431, 20440, 20520, 20694, 21617, 21772,
       22011, 22058, 22362, 22761, 23000, 23184, 23188, 23211, 23265,
       23336, 23663, 23835, 23921, 24046, 24053, 24111, 24387, 24606,
       24805, 24993, 25147, 25163, 25347, 26152, 26154, 26666, 26716,
       26955, 27201, 27380, 27405, 27419, 27607, 27677, 27772, 27838,
       27874, 27881, 27931, 28122, 28138, 28208, 28221, 28223, 28400,
       28587, 28602, 28613, 28682, 28721, 28804, 28833, 28889, 29055,
       29580, 29892, 30048, 30477, 30817, 31047, 32304, 32453, 32699,
       32735, 32840, 32842, 33131, 33213, 33802, 33838, 33942, 33952,
       33990, 34144, 34422, 34644, 34754, 34976, 35517, 36121, 36157,
       36268, 36296, 36338, 36634, 36862, 36867, 37287, 37586, 37630,
       37923, 38020, 38471, 38499, 38584, 38588, 38725, 39154, 39169,
       39199, 39359, 39459, 39503, 39551, 39980, 40235, 40373, 40431,
       40484, 40543, 40580, 41076, 41152, 41288, 41413, 41660, 42519,
       42540, 42606, 42795, 42984, 43149, 43192, 43312, 43360, 43377,
       43632, 43709, 44084, 44450, 44553, 44808, 44929, 44936, 45090,
       45122, 45172, 45631, 45783, 46225, 46312, 46362, 46423, 46426,
       46481, 46529, 46685, 46880, 46948, 47030, 47121, 47135, 47759,
       47886, 48323, 48921]), array([   20,    34,    84,   131,   253,   255,   370,   616,   627,
         653,   707,   722,   752,   758,   826,   900,   932,   952,
         968,  1010,  1043,  1055,  1111,  1197,  1201,  1203,  1258,
        1301,  1340,  1472,  1511,  1514,  1666,  1682,  1766,  1771,
        1803,  1825,  1831,  1842,  1870,  1907,  1923,  2001,  2016,
        2022,  2031,  2091,  2112,  2117,  2160,  2175,  2201,  2352,
        2417,  2633,  2652,  2689,  2700,  2733,  2742,  2761,  2809,
        2837,  2843,  2873,  2875,  2924,  2979,  3025,  3045,  3064,
        3083,  3136,  3341,  3369,  3387,  3390,  3455,  3491,  3507,
        3531,  3641,  3647,  3658,  3736,  3810,  3844,  3846,  3878,
        4029,  4081,  4142,  4163,  4252,  4319,  4354,  4361,  4459,
        4467,  4574,  4575,  4665,  4668,  4747,  4751,  4782,  4850,
        4893,  4967,  5095,  5171,  5179,  5193,  5206,  5220,  5231,
        5240,  5244,  5374,  5397,  5519,  5580,  5583,  5588,  5645,
        5669,  5687,  5707,  5771,  5804,  5819,  5849,  5872,  5892,
        5996,  6024,  6121,  6137,  6152,  6231,  6253,  6399,  6518,
        6541,  6574,  6576,  6619,  6708,  6754,  6819,  6848,  6898,
        6940,  6967,  6968,  7028,  7034,  7065,  7071,  7107,  7124,
        7135,  7210,  7351,  7402,  7428,  7456,  7521,  7568,  7569,
        7614,  7781,  7799,  7818,  7986,  8084,  8090,  8153,  8213,
        8238,  8316,  8334,  8355,  8364,  8371,  8373,  8413,  8501,
        8626,  8652,  8688,  8692,  8715,  8731,  8861,  8928,  8933,
        8955,  8979,  9008,  9064,  9105,  9108,  9125,  9149,  9192,
        9220,  9270,  9301,  9302,  9305,  9327,  9347,  9467,  9564,
        9572,  9579,  9592,  9630,  9656,  9753,  9805,  9911,  9979,
       10091, 10113, 10123, 10130, 10134, 10137, 10153, 10197, 10269,
       10335, 10337, 10349, 10351, 10510, 10513, 10544, 10570, 10578,
       10600, 10642, 10727, 10786, 10811, 10831, 10848, 10938, 10976,
       10996, 11071, 11130, 11136, 11145, 11193, 11229, 11236, 11372,
       11375, 11384, 11469, 11490, 11512, 11532, 11580, 11620, 11751,
       11815, 11835, 11850, 11882, 11915, 11948, 11963, 11991, 12019,
       12021, 12035, 12079, 12095, 12100, 12104, 12148, 12199, 12225,
       12246, 12263, 12268, 12332, 12407, 12410, 12445, 12450, 12496,
       12529, 12576, 12630, 12650, 12672, 12729, 12844, 12900, 12980,
       13022, 13107, 13159, 13175, 13186, 13194, 13215, 13228, 13297,
       13341, 13361, 13425, 13436, 13581, 13615, 13761, 13763, 13770,
       13803, 13807, 13814, 13829, 13831, 13903, 13920, 13944, 13951,
       13999, 14037, 14112, 14115, 14173, 14207, 14211, 14223, 14230,
       14255, 14343, 14445, 14452, 14491, 14505, 14506, 14639, 14664,
       14688, 14741, 14765, 14864, 14899, 14963, 14978, 15079, 15136,
       15241, 15281, 15324, 15345, 15360, 15370, 15371, 15405, 15408,
       15422, 15461, 15484, 15495, 15562, 15571, 15593, 15635, 15651,
       15707, 15769, 15804, 15844, 15865, 15949, 15983, 16014, 16063,
       16075, 16088, 16108, 16161, 16206, 16272, 16291, 16293, 16316,
       16326, 16483, 16544, 16548, 16579, 16667, 16686, 16708, 16721,
       16725, 16733, 16776, 16812, 16861, 16872, 16878, 17081, 17104,
       17125, 17179, 17228, 17245, 17328, 17425, 17430, 17452, 17454,
       17564, 17585, 17598, 17610, 17662, 17669, 17772, 17859, 17902,
       17957, 17982, 17987, 18054, 18114, 18161, 18163, 18253, 18268,
       18283, 18286, 18348, 18364, 18455, 18529, 18613, 18692, 18735,
       18817, 18850, 18929, 19012, 19060, 19164, 19275, 19310, 19312,
       19320, 19326, 19412, 19426, 19473, 19528, 19539, 19571, 19681,
       19699, 19710, 19797, 19812, 19824, 19900, 19949, 19956, 19966,
       19999, 20003, 20045, 20085, 20148, 20204, 20216, 20220, 20277,
       20287, 20361, 20376, 20397, 20431, 20440, 20450, 20451, 20463,
       20520, 20571, 20694, 20703, 20757, 20829, 20960, 21130, 21282,
       21331, 21355, 21521, 21564, 21617, 21628, 21717, 21718, 21726,
       21772, 21811, 21821, 21883, 21890, 22011, 22058, 22075, 22142,
       22150, 22295, 22348, 22362, 22475, 22503, 22622, 22729, 22761,
       22777, 22782, 22821, 22892, 23000, 23091, 23104, 23135, 23184,
       23188, 23202, 23211, 23237, 23238, 23265, 23295, 23336, 23373,
       23450, 23544, 23584, 23601, 23656, 23663, 23671, 23699, 23754,
       23806, 23835, 23836, 23870, 23889, 23921, 23953, 24046, 24053,
       24080, 24111, 24155, 24179, 24181, 24221, 24244, 24343, 24387,
       24393, 24410, 24523, 24596, 24606, 24616, 24637, 24653, 24782,
       24805, 24833, 24846, 24893, 24902, 24993, 25000, 25047, 25125,
       25147, 25154, 25163, 25230, 25329, 25347, 25382, 25421, 25432,
       25468, 25611, 25681, 25692, 25696, 25795, 25836, 25851, 25949,
       26005, 26130, 26152, 26154, 26315, 26340, 26417, 26429, 26462,
       26478, 26524, 26538, 26562, 26574, 26620, 26666, 26680, 26716,
       26743, 26761, 26806, 26817, 26831, 26858, 26860, 26862, 26955,
       26959, 26988, 26992, 27014, 27036, 27050, 27110, 27113, 27160,
       27201, 27242, 27280, 27320, 27380, 27405, 27419, 27435, 27459,
       27480, 27506, 27604, 27607, 27677, 27703, 27772, 27838, 27850,
       27853, 27874, 27881, 27931, 28003, 28053, 28089, 28100, 28122,
       28126, 28138, 28208, 28214, 28221, 28223, 28304, 28305, 28311,
       28327, 28355, 28364, 28368, 28400, 28430, 28498, 28546, 28547,
       28587, 28602, 28613, 28622, 28682, 28721, 28758, 28804, 28817,
       28833, 28839, 28889, 28900, 28947, 29055, 29088, 29103, 29117,
       29173, 29257, 29309, 29311, 29334, 29362, 29365, 29405, 29471,
       29580, 29583, 29619, 29680, 29716, 29767, 29892, 29948, 30044,
       30048, 30066, 30091, 30102, 30215, 30300, 30411, 30477, 30485,
       30572, 30602, 30680, 30688, 30744, 30784, 30817, 30849, 30919,
       31037, 31042, 31047, 31057, 31118, 31128, 31232, 31252, 31267,
       31305, 31331, 31448, 31452, 31505, 31527, 31617, 31721, 31774,
       31776, 31843, 31862, 32038, 32049, 32082, 32089, 32110, 32112,
       32126, 32262, 32304, 32393, 32453, 32460, 32533, 32554, 32560,
       32657, 32699, 32700, 32735, 32740, 32787, 32814, 32840, 32842,
       32846, 32850, 32901, 32926, 32933, 33103, 33114, 33131, 33161,
       33170, 33213, 33373, 33378, 33380, 33503, 33524, 33638, 33644,
       33733, 33764, 33802, 33825, 33832, 33838, 33880, 33906, 33919,
       33942, 33952, 33956, 33990, 34045, 34062, 34103, 34144, 34373,
       34416, 34417, 34422, 34423, 34570, 34614, 34644, 34737, 34754,
       34759, 34797, 34816, 34869, 34883, 34894, 34976, 35123, 35130,
       35149, 35240, 35495, 35516, 35517, 35652, 35726, 35803, 35811,
       35873, 35878, 35894, 35980, 36121, 36157, 36268, 36286, 36288,
       36296, 36338, 36343, 36349, 36388, 36598, 36619, 36634, 36703,
       36744, 36746, 36759, 36765, 36781, 36862, 36867, 36910, 36971,
       36998, 37002, 37029, 37183, 37274, 37287, 37302, 37351, 37409,
       37489, 37586, 37607, 37627, 37630, 37681, 37709, 37753, 37754,
       37771, 37772, 37845, 37857, 37923, 37937, 37975, 37978, 38020,
       38112, 38131, 38134, 38148, 38232, 38297, 38430, 38471, 38499,
       38502, 38584, 38588, 38725, 38839, 38927, 38992, 38994, 39036,
       39104, 39109, 39149, 39154, 39158, 39169, 39182, 39199, 39264,
       39295, 39305, 39359, 39459, 39480, 39503, 39505, 39551, 39601,
       39749, 39789, 39813, 39837, 39846, 39980, 40089, 40099, 40114,
       40153, 40212, 40235, 40262, 40264, 40267, 40319, 40371, 40373,
       40388, 40394, 40431, 40450, 40484, 40532, 40543, 40566, 40580,
       40696, 40729, 40792, 40814, 40840, 40914, 40940, 40949, 41003,
       41061, 41063, 41066, 41076, 41092, 41110, 41136, 41152, 41212,
       41251, 41288, 41413, 41454, 41524, 41617, 41660, 41678, 41682,
       41714, 41816, 41858, 41917, 41925, 42003, 42069, 42090, 42102,
       42112, 42205, 42385, 42479, 42519, 42540, 42556, 42568, 42606,
       42651, 42695, 42731, 42795, 42843, 42949, 42984, 42989, 43021,
       43029, 43057, 43063, 43086, 43098, 43104, 43149, 43192, 43252,
       43305, 43312, 43360, 43377, 43397, 43498, 43525, 43570, 43632,
       43635, 43693, 43709, 43838, 43849, 43863, 43898, 44052, 44084,
       44096, 44142, 44153, 44178, 44213, 44225, 44264, 44287, 44318,
       44319, 44338, 44450, 44553, 44654, 44674, 44808, 44852, 44895,
       44897, 44929, 44936, 44975, 44992, 44999, 45011, 45040, 45090,
       45105, 45120, 45122, 45172, 45179, 45188, 45216, 45259, 45348,
       45364, 45631, 45706, 45783, 45787, 46008, 46112, 46152, 46155,
       46183, 46184, 46204, 46217, 46225, 46312, 46328, 46362, 46403,
       46423, 46426, 46458, 46466, 46481, 46529, 46542, 46631, 46665,
       46685, 46687, 46696, 46745, 46775, 46805, 46835, 46846, 46880,
       46886, 46948, 46960, 47030, 47034, 47121, 47135, 47203, 47308,
       47329, 47332, 47381, 47400, 47438, 47470, 47476, 47611, 47616,
       47619, 47635, 47652, 47759, 47790, 47827, 47843, 47886, 47926,
       47992, 48066, 48138, 48284, 48298, 48307, 48312, 48323, 48350,
       48377, 48385, 48409, 48482, 48514, 48561, 48653, 48671, 48715,
       48719, 48786, 48921, 48992, 49205, 49226, 49325, 49333, 49399,
       49404, 49451, 49462]), array([   34,    84,   131,   253,   255,   361,   370,   567,   616,
         627,   653,   722,   752,   758,   826,   900,   932,   952,
        1043,  1055,  1197,  1201,  1203,  1258,  1301,  1335,  1340,
        1472,  1494,  1511,  1666,  1682,  1766,  1771,  1825,  1831,
        1839,  1842,  1907,  1927,  2001,  2016,  2091,  2112,  2117,
        2160,  2175,  2201,  2352,  2496,  2633,  2689,  2733,  2742,
        2761,  2809,  2832,  2873,  2875,  2924,  2979,  3025,  3045,
        3064,  3083,  3136,  3341,  3369,  3387,  3390,  3419,  3455,
        3491,  3507,  3641,  3647,  3658,  3725,  3736,  3844,  3846,
        3878,  3924,  4029,  4142,  4163,  4243,  4252,  4268,  4296,
        4319,  4354,  4361,  4575,  4665,  4668,  4747,  4751,  4782,
        4850,  4893,  5095,  5171,  5179,  5193,  5206,  5220,  5231,
        5244,  5374,  5385,  5397,  5519,  5580,  5583,  5669,  5687,
        5707,  5771,  5804,  5819,  5849,  5872,  5892,  5996,  6024,
        6137,  6152,  6231,  6253,  6399,  6518,  6541,  6574,  6576,
        6619,  6708,  6848,  6898,  6905,  6940,  6967,  6968,  7028,
        7034,  7065,  7071,  7124,  7210,  7259,  7288,  7351,  7402,
        7428,  7456,  7521,  7568,  7614,  7674,  7781,  7799,  7818,
        7986,  8084,  8090,  8153,  8213,  8238,  8316,  8334,  8355,
        8364,  8373,  8413,  8501,  8626,  8652,  8688,  8692,  8715,
        8731,  8760,  8861,  8928,  8933,  8955,  8979,  9008,  9064,
        9105,  9108,  9149,  9220,  9270,  9301,  9302,  9305,  9327,
        9347,  9413,  9467,  9572,  9579,  9592,  9656,  9753,  9805,
        9911,  9979, 10017, 10091, 10113, 10123, 10130, 10134, 10137,
       10153, 10197, 10269, 10335, 10337, 10349, 10351, 10510, 10513,
       10554, 10570, 10578, 10642, 10786, 10811, 10831, 10848, 10912,
       10938, 10976, 10996, 11136, 11145, 11173, 11193, 11229, 11236,
       11372, 11375, 11384, 11490, 11512, 11580, 11620, 11751, 11815,
       11835, 11850, 11882, 11915, 11948, 11963, 12019, 12021, 12035,
       12079, 12095, 12100, 12104, 12148, 12199, 12225, 12246, 12263,
       12332, 12342, 12368, 12407, 12410, 12445, 12488, 12496, 12529,
       12576, 12630, 12650, 12672, 12729, 12734, 12844, 12900, 12980,
       13022, 13100, 13159, 13175, 13194, 13215, 13228, 13297, 13341,
       13361, 13425, 13436, 13615, 13761, 13763, 13803, 13807, 13829,
       13903, 13920, 13944, 13951, 13999, 14003, 14037, 14112, 14115,
       14173, 14207, 14211, 14223, 14230, 14255, 14343, 14445, 14452,
       14491, 14505, 14506, 14664, 14741, 14765, 14864, 14899, 14963,
       14978, 15079, 15241, 15281, 15288, 15345, 15360, 15371, 15405,
       15408, 15461, 15484, 15495, 15562, 15571, 15593, 15651, 15707,
       15804, 15844, 15865, 16014, 16063, 16075, 16088, 16161, 16272,
       16291, 16293, 16316, 16326, 16386, 16483, 16544, 16548, 16579,
       16686, 16708, 16721, 16725, 16812, 16853, 16861, 16872, 16878,
       17081, 17104, 17125, 17179, 17228, 17245, 17312, 17328, 17425,
       17430, 17452, 17454, 17564, 17585, 17598, 17662, 17669, 17687,
       17772, 17859, 17902, 17957, 17982, 17987, 18054, 18114, 18163,
       18253, 18283, 18286, 18348, 18364, 18529, 18613, 18626, 18692,
       18817, 18850, 18929, 19012, 19060, 19275, 19310, 19320, 19326,
       19384, 19387, 19412, 19426, 19451, 19483, 19528, 19539, 19571,
       19580, 19699, 19710, 19797, 19812, 19824, 19900, 19949, 19966,
       19999, 20003, 20148, 20204, 20216, 20220, 20277, 20361, 20376,
       20397, 20431, 20440, 20450, 20463, 20520, 20635, 20694, 20703,
       20757, 20829, 20873, 20960, 21282, 21331, 21355, 21521, 21564,
       21617, 21628, 21688, 21717, 21718, 21772, 21811, 21821, 21883,
       21890, 22003, 22011, 22058, 22075, 22150, 22295, 22348, 22362,
       22475, 22503, 22592, 22622, 22729, 22761, 22777, 22782, 22821,
       22892, 23000, 23073, 23091, 23104, 23135, 23184, 23188, 23202,
       23211, 23237, 23238, 23265, 23295, 23336, 23373, 23450, 23584,
       23601, 23663, 23671, 23699, 23806, 23835, 23836, 23870, 23889,
       23921, 23953, 24046, 24053, 24111, 24155, 24181, 24221, 24244,
       24343, 24387, 24393, 24410, 24523, 24596, 24606, 24616, 24637,
       24653, 24782, 24786, 24805, 24833, 24846, 24893, 24902, 24993,
       25000, 25125, 25147, 25154, 25163, 25223, 25230, 25329, 25347,
       25421, 25432, 25507, 25610, 25611, 25692, 25696, 25795, 25836,
       25851, 25862, 25949, 26005, 26098, 26130, 26141, 26152, 26154,
       26207, 26315, 26340, 26429, 26462, 26478, 26524, 26538, 26562,
       26574, 26610, 26620, 26666, 26680, 26716, 26743, 26761, 26806,
       26817, 26831, 26860, 26862, 26955, 26959, 26992, 27113, 27160,
       27201, 27242, 27280, 27320, 27380, 27405, 27419, 27435, 27480,
       27604, 27607, 27677, 27703, 27772, 27838, 27850, 27853, 27860,
       27881, 27931, 28003, 28053, 28089, 28100, 28122, 28126, 28138,
       28208, 28214, 28221, 28223, 28279, 28304, 28305, 28311, 28364,
       28368, 28400, 28430, 28546, 28547, 28587, 28602, 28613, 28622,
       28682, 28721, 28758, 28804, 28817, 28833, 28839, 28886, 28889,
       28900, 28947, 29055, 29166, 29173, 29257, 29309, 29311, 29334,
       29362, 29365, 29405, 29471, 29542, 29580, 29583, 29619, 29716,
       29767, 29892, 30044, 30048, 30066, 30091, 30215, 30300, 30304,
       30411, 30477, 30572, 30602, 30640, 30680, 30688, 30744, 30784,
       30817, 30849, 30919, 30941, 31037, 31042, 31047, 31057, 31118,
       31128, 31197, 31232, 31252, 31267, 31305, 31331, 31448, 31527,
       31617, 31707, 31721, 31774, 31843, 32038, 32049, 32082, 32089,
       32110, 32126, 32304, 32393, 32453, 32460, 32533, 32554, 32560,
       32570, 32657, 32699, 32700, 32712, 32735, 32740, 32787, 32814,
       32840, 32842, 32846, 32850, 32901, 33114, 33131, 33161, 33170,
       33213, 33243, 33352, 33373, 33378, 33380, 33503, 33644, 33733,
       33764, 33802, 33825, 33832, 33838, 33880, 33906, 33942, 33952,
       33956, 33990, 34045, 34062, 34103, 34260, 34373, 34416, 34417,
       34422, 34423, 34519, 34570, 34614, 34644, 34737, 34754, 34797,
       34816, 34883, 34894, 34976, 35089, 35123, 35130, 35149, 35240,
       35450, 35516, 35517, 35603, 35652, 35803, 35811, 35857, 35873,
       35875, 35878, 35894, 36121, 36157, 36268, 36286, 36296, 36338,
       36343, 36349, 36360, 36388, 36598, 36619, 36634, 36703, 36744,
       36759, 36765, 36781, 36832, 36862, 36867, 36910, 36943, 36998,
       37002, 37029, 37183, 37287, 37300, 37302, 37351, 37409, 37429,
       37552, 37585, 37586, 37607, 37627, 37630, 37753, 37754, 37771,
       37772, 37845, 37857, 37923, 37937, 37975, 37978, 38020, 38112,
       38131, 38134, 38148, 38205, 38232, 38297, 38306, 38430, 38471,
       38499, 38502, 38584, 38588, 38725, 38927, 38992, 39036, 39104,
       39109, 39149, 39154, 39158, 39169, 39182, 39199, 39264, 39295,
       39305, 39359, 39459, 39480, 39503, 39505, 39551, 39601, 39749,
       39789, 39813, 39837, 39846, 39980, 40067, 40089, 40099, 40212,
       40235, 40262, 40264, 40319, 40371, 40373, 40388, 40394, 40402,
       40431, 40450, 40484, 40532, 40543, 40566, 40580, 40607, 40696,
       40729, 40732, 40784, 40792, 40840, 40940, 40949, 41003, 41061,
       41063, 41076, 41110, 41152, 41288, 41413, 41454, 41524, 41617,
       41660, 41678, 41682, 41714, 41816, 41858, 41925, 41991, 42003,
       42069, 42090, 42102, 42112, 42205, 42385, 42479, 42519, 42540,
       42550, 42556, 42568, 42606, 42695, 42731, 42795, 42843, 42949,
       42984, 43021, 43029, 43042, 43057, 43086, 43097, 43098, 43104,
       43149, 43192, 43252, 43312, 43360, 43377, 43397, 43498, 43570,
       43632, 43635, 43709, 43838, 43863, 43898, 44052, 44084, 44096,
       44142, 44153, 44178, 44213, 44225, 44264, 44287, 44319, 44450,
       44533, 44553, 44674, 44789, 44808, 44852, 44895, 44897, 44929,
       44936, 44975, 44999, 45040, 45081, 45090, 45105, 45120, 45122,
       45172, 45179, 45188, 45205, 45216, 45259, 45348, 45364, 45583,
       45631, 45656, 45706, 45783, 45787, 45803, 45906, 45915, 45924,
       46008, 46112, 46152, 46183, 46204, 46225, 46253, 46312, 46328,
       46362, 46403, 46423, 46426, 46458, 46466, 46481, 46529, 46542,
       46665, 46685, 46687, 46696, 46742, 46745, 46775, 46805, 46835,
       46846, 46880, 46886, 46948, 46960, 47030, 47034, 47121, 47135,
       47203, 47308, 47329, 47332, 47381, 47400, 47470, 47476, 47611,
       47616, 47619, 47635, 47652, 47759, 47827, 47843, 47886, 47926,
       47992, 48066, 48138, 48254, 48284, 48298, 48312, 48323, 48350,
       48377, 48385, 48482, 48556, 48653, 48671, 48715, 48719, 48786,
       48921, 48992, 49205, 49325, 49333, 49399, 49404, 49451, 49462]), array([   34,   131,   253,   255,   361,   370,   567,   616,   627,
         653,   722,   752,   758,   826,   900,   932,   952,   968,
        1043,  1055,  1197,  1201,  1203,  1258,  1301,  1335,  1472,
        1514,  1666,  1682,  1766,  1771,  1803,  1825,  1831,  1842,
        1907,  1923,  2001,  2016,  2022,  2031,  2091,  2112,  2117,
        2160,  2175,  2201,  2633,  2652,  2689,  2733,  2742,  2761,
        2809,  2837,  2873,  2875,  2924,  2979,  3025,  3045,  3064,
        3083,  3136,  3341,  3369,  3387,  3390,  3455,  3491,  3507,
        3641,  3647,  3658,  3725,  3736,  3810,  3844,  3878,  4029,
        4081,  4142,  4163,  4252,  4268,  4319,  4354,  4361,  4575,
        4665,  4668,  4747,  4751,  4782,  4850,  5095,  5171,  5179,
        5193,  5206,  5220,  5231,  5240,  5244,  5374,  5385,  5397,
        5519,  5580,  5583,  5645,  5669,  5687,  5707,  5771,  5804,
        5819,  5849,  5872,  5892,  5996,  6024,  6121,  6137,  6152,
        6231,  6399,  6518,  6541,  6574,  6576,  6619,  6708,  6848,
        6940,  6967,  6968,  7028,  7034,  7065,  7071,  7124,  7135,
        7210,  7259,  7288,  7402,  7521,  7568,  7614,  7674,  7781,
        7799,  7986,  8084,  8090,  8213,  8238,  8316,  8334,  8355,
        8364,  8373,  8413,  8501,  8626,  8652,  8688,  8692,  8701,
        8715,  8731,  8760,  8861,  8928,  8933,  8955,  8979,  9008,
        9064,  9105,  9108,  9122,  9125,  9149,  9220,  9270,  9301,
        9305,  9327,  9347,  9467,  9572,  9592,  9630,  9656,  9753,
        9805,  9911,  9925,  9979, 10091, 10113, 10123, 10130, 10134,
       10137, 10153, 10197, 10269, 10335, 10337, 10349, 10351, 10510,
       10513, 10554, 10570, 10578, 10786, 10811, 10831, 10848, 10912,
       10976, 10996, 11062, 11130, 11136, 11145, 11173, 11193, 11229,
       11236, 11372, 11375, 11490, 11512, 11580, 11620, 11751, 11815,
       11835, 11850, 11882, 11915, 11948, 11963, 12021, 12035, 12079,
       12095, 12100, 12104, 12148, 12199, 12225, 12246, 12263, 12268,
       12332, 12368, 12407, 12410, 12445, 12470, 12488, 12496, 12529,
       12576, 12630, 12650, 12672, 12729, 12734, 12844, 12900, 12980,
       13022, 13100, 13159, 13175, 13176, 13194, 13215, 13228, 13297,
       13341, 13354, 13361, 13425, 13436, 13615, 13761, 13807, 13829,
       13903, 13920, 13944, 13951, 13999, 14037, 14112, 14115, 14207,
       14211, 14223, 14230, 14255, 14343, 14445, 14452, 14491, 14505,
       14506, 14664, 14741, 14765, 14864, 14899, 14963, 14978, 15241,
       15281, 15360, 15371, 15408, 15422, 15461, 15495, 15562, 15571,
       15593, 15635, 15651, 15707, 15804, 15844, 15865, 16014, 16063,
       16075, 16088, 16161, 16272, 16291, 16293, 16316, 16326, 16544,
       16548, 16686, 16708, 16721, 16725, 16733, 16812, 16861, 16872,
       16878, 17081, 17104, 17125, 17179, 17228, 17245, 17312, 17328,
       17425, 17452, 17454, 17564, 17585, 17598, 17610, 17662, 17669,
       17687, 17772, 17859, 17902, 17982, 17987, 18054, 18091, 18114,
       18163, 18253, 18283, 18286, 18348, 18364, 18529, 18613, 18692,
       18735, 18788, 18817, 18850, 18929, 19012, 19017, 19060, 19275,
       19310, 19312, 19320, 19326, 19387, 19412, 19426, 19451, 19473,
       19528, 19539, 19571, 19580, 19699, 19710, 19812, 19900, 19949,
       19966, 19999, 20003, 20148, 20204, 20216, 20220, 20361, 20376,
       20397, 20431, 20435, 20440, 20450, 20463, 20520, 20694, 20703,
       20757, 20960, 21282, 21331, 21355, 21521, 21617, 21628, 21718,
       21772, 21811, 21821, 21824, 21883, 21890, 22011, 22058, 22075,
       22150, 22277, 22287, 22295, 22348, 22362, 22370, 22475, 22503,
       22622, 22729, 22761, 22782, 22821, 22892, 23000, 23091, 23104,
       23135, 23184, 23188, 23211, 23237, 23238, 23265, 23295, 23336,
       23373, 23450, 23544, 23584, 23601, 23663, 23671, 23699, 23754,
       23806, 23835, 23836, 23870, 23889, 23921, 23953, 23977, 24046,
       24053, 24111, 24155, 24181, 24221, 24244, 24343, 24387, 24393,
       24410, 24486, 24523, 24596, 24606, 24616, 24637, 24653, 24782,
       24786, 24805, 24833, 24846, 24893, 24902, 24993, 25000, 25147,
       25154, 25158, 25163, 25223, 25230, 25329, 25347, 25421, 25610,
       25611, 25681, 25692, 25696, 25795, 25822, 25836, 25851, 25862,
       25949, 26005, 26130, 26152, 26154, 26315, 26340, 26417, 26429,
       26462, 26478, 26524, 26538, 26562, 26574, 26620, 26666, 26680,
       26716, 26743, 26806, 26817, 26831, 26860, 26862, 26955, 26959,
       26988, 26992, 27014, 27036, 27050, 27110, 27113, 27201, 27242,
       27280, 27320, 27380, 27405, 27419, 27435, 27480, 27604, 27607,
       27677, 27703, 27772, 27838, 27850, 27853, 27860, 27874, 27881,
       27931, 28003, 28053, 28089, 28100, 28122, 28126, 28138, 28208,
       28214, 28221, 28223, 28304, 28305, 28311, 28327, 28364, 28368,
       28400, 28430, 28546, 28547, 28587, 28602, 28613, 28622, 28682,
       28721, 28758, 28804, 28817, 28833, 28889, 28947, 29055, 29088,
       29117, 29173, 29257, 29309, 29311, 29334, 29362, 29365, 29405,
       29471, 29580, 29583, 29680, 29716, 29767, 29892, 29948, 30044,
       30048, 30066, 30091, 30215, 30300, 30304, 30411, 30477, 30485,
       30572, 30602, 30680, 30688, 30744, 30817, 30849, 30919, 30941,
       31047, 31057, 31118, 31128, 31197, 31232, 31252, 31267, 31305,
       31331, 31448, 31505, 31527, 31617, 31721, 31774, 31776, 31843,
       32038, 32049, 32082, 32089, 32110, 32126, 32262, 32304, 32393,
       32453, 32460, 32533, 32554, 32560, 32570, 32657, 32699, 32700,
       32735, 32740, 32787, 32814, 32840, 32842, 32846, 32850, 32901,
       33131, 33161, 33170, 33213, 33310, 33352, 33356, 33373, 33378,
       33380, 33503, 33644, 33733, 33802, 33825, 33832, 33838, 33880,
       33906, 33942, 33952, 33956, 33990, 34045, 34062, 34103, 34144,
       34260, 34373, 34416, 34417, 34422, 34423, 34519, 34570, 34614,
       34644, 34754, 34797, 34816, 34883, 34894, 34976, 35123, 35130,
       35149, 35240, 35517, 35603, 35652, 35803, 35811, 35857, 35873,
       35878, 35998, 36121, 36157, 36268, 36286, 36296, 36338, 36343,
       36349, 36388, 36598, 36619, 36634, 36703, 36744, 36746, 36759,
       36765, 36781, 36832, 36862, 36867, 36910, 36998, 37002, 37029,
       37183, 37274, 37287, 37302, 37326, 37351, 37409, 37429, 37489,
       37585, 37586, 37607, 37627, 37630, 37753, 37754, 37835, 37845,
       37857, 37923, 37937, 37975, 37978, 38020, 38131, 38148, 38232,
       38297, 38471, 38499, 38502, 38584, 38588, 38725, 38839, 38927,
       38956, 38992, 39036, 39104, 39149, 39154, 39158, 39169, 39199,
       39264, 39295, 39305, 39359, 39459, 39480, 39503, 39505, 39551,
       39601, 39749, 39789, 39813, 39846, 39980, 40067, 40089, 40099,
       40153, 40212, 40235, 40262, 40264, 40319, 40373, 40394, 40431,
       40450, 40484, 40532, 40543, 40566, 40580, 40696, 40729, 40814,
       40840, 40914, 40940, 40949, 41003, 41061, 41063, 41066, 41076,
       41110, 41152, 41231, 41251, 41288, 41413, 41454, 41524, 41596,
       41617, 41660, 41678, 41682, 41714, 41816, 41858, 41917, 41925,
       42003, 42033, 42069, 42090, 42102, 42112, 42385, 42479, 42519,
       42540, 42556, 42568, 42606, 42695, 42731, 42795, 42843, 42949,
       42984, 43057, 43086, 43098, 43149, 43192, 43312, 43360, 43377,
       43397, 43498, 43570, 43632, 43635, 43709, 43838, 44052, 44084,
       44096, 44142, 44153, 44213, 44225, 44264, 44287, 44318, 44319,
       44450, 44553, 44674, 44789, 44808, 44852, 44895, 44897, 44929,
       44936, 44975, 44992, 44999, 45008, 45011, 45090, 45105, 45120,
       45122, 45172, 45179, 45188, 45216, 45259, 45348, 45364, 45606,
       45631, 45656, 45706, 45783, 45787, 45924, 46008, 46112, 46152,
       46155, 46183, 46194, 46204, 46225, 46253, 46312, 46328, 46362,
       46403, 46423, 46426, 46458, 46481, 46529, 46542, 46631, 46665,
       46685, 46696, 46745, 46775, 46805, 46835, 46846, 46880, 46886,
       46948, 46960, 47030, 47032, 47034, 47121, 47135, 47203, 47329,
       47332, 47381, 47400, 47470, 47476, 47611, 47616, 47619, 47635,
       47652, 47759, 47827, 47843, 47886, 47926, 47992, 48066, 48138,
       48284, 48298, 48323, 48377, 48435, 48482, 48514, 48653, 48715,
       48786, 48921, 49189, 49205, 49333, 49399, 49404, 49451, 49462]), array([   34,   131,   253,   255,   361,   370,   616,   627,   653,
         722,   752,   758,   826,   900,   932,   952,  1043,  1055,
        1197,  1201,  1203,  1258,  1301,  1335,  1472,  1511,  1514,
        1666,  1682,  1766,  1771,  1803,  1825,  1831,  1842,  1870,
        1907,  1923,  2001,  2016,  2091,  2112,  2117,  2160,  2175,
        2352,  2467,  2496,  2633,  2689,  2733,  2742,  2761,  2809,
        2873,  2875,  2924,  2979,  3025,  3045,  3064,  3083,  3136,
        3341,  3369,  3390,  3455,  3491,  3507,  3641,  3647,  3658,
        3736,  3801,  3810,  3844,  3846,  3878,  4029,  4081,  4142,
        4252,  4268,  4319,  4354,  4361,  4467,  4574,  4575,  4665,
        4747,  4751,  4782,  4850,  4967,  5095,  5171,  5179,  5193,
        5206,  5220,  5231,  5240,  5244,  5374,  5385,  5397,  5519,
        5543,  5580,  5583,  5645,  5669,  5707,  5771,  5804,  5819,
        5849,  5872,  5892,  5996,  6024,  6121,  6137,  6152,  6231,
        6518,  6541,  6574,  6576,  6619,  6708,  6754,  6848,  6905,
        6940,  6968,  7034,  7065,  7071,  7124,  7135,  7210,  7288,
        7402,  7456,  7521,  7549,  7568,  7614,  7674,  7781,  7799,
        7986,  8084,  8090,  8213,  8238,  8316,  8334,  8355,  8364,
        8413,  8501,  8550,  8626,  8652,  8688,  8692,  8715,  8731,
        8861,  8928,  8933,  8955,  8979,  9008,  9064,  9105,  9108,
        9125,  9149,  9220,  9255,  9270,  9301,  9305,  9327,  9347,
        9467,  9572,  9579,  9592,  9656,  9658,  9753,  9805,  9911,
        9979, 10091, 10113, 10123, 10130, 10134, 10137, 10153, 10165,
       10197, 10269, 10335, 10337, 10349, 10351, 10433, 10510, 10513,
       10544, 10554, 10570, 10578, 10642, 10727, 10786, 10811, 10831,
       10848, 10912, 10938, 10976, 10996, 11062, 11130, 11136, 11145,
       11193, 11229, 11236, 11372, 11375, 11384, 11490, 11512, 11532,
       11580, 11620, 11751, 11815, 11850, 11882, 11915, 11948, 11963,
       12019, 12021, 12035, 12079, 12095, 12100, 12104, 12148, 12199,
       12225, 12246, 12263, 12268, 12332, 12407, 12410, 12417, 12488,
       12496, 12529, 12630, 12650, 12672, 12729, 12734, 12900, 12980,
       13022, 13047, 13081, 13100, 13107, 13159, 13175, 13176, 13194,
       13215, 13228, 13297, 13341, 13361, 13425, 13436, 13545, 13615,
       13803, 13807, 13829, 13903, 13920, 13944, 13951, 13999, 14037,
       14112, 14115, 14173, 14207, 14211, 14223, 14230, 14255, 14343,
       14452, 14491, 14505, 14506, 14688, 14741, 14765, 14864, 14899,
       14963, 14978, 15079, 15241, 15281, 15360, 15371, 15405, 15408,
       15461, 15484, 15495, 15562, 15571, 15593, 15635, 15651, 15707,
       15804, 15844, 15865, 16014, 16063, 16075, 16088, 16161, 16272,
       16291, 16293, 16316, 16326, 16386, 16544, 16548, 16579, 16667,
       16686, 16708, 16721, 16725, 16776, 16812, 16861, 16872, 16878,
       17053, 17081, 17104, 17125, 17179, 17228, 17245, 17312, 17328,
       17425, 17430, 17452, 17454, 17564, 17585, 17598, 17610, 17662,
       17669, 17772, 17859, 17902, 17957, 17982, 17987, 18016, 18054,
       18091, 18114, 18163, 18253, 18268, 18283, 18286, 18348, 18364,
       18529, 18613, 18692, 18817, 18850, 18929, 19012, 19060, 19114,
       19116, 19168, 19310, 19320, 19326, 19412, 19426, 19473, 19528,
       19539, 19571, 19580, 19699, 19710, 19797, 19812, 19824, 19891,
       19900, 19949, 19956, 19966, 20204, 20216, 20361, 20376, 20397,
       20431, 20435, 20440, 20450, 20463, 20520, 20694, 20703, 20757,
       20829, 20960, 21130, 21282, 21355, 21521, 21564, 21617, 21628,
       21772, 21821, 21883, 21890, 22011, 22058, 22075, 22150, 22229,
       22295, 22348, 22362, 22370, 22503, 22622, 22729, 22761, 22821,
       22892, 23000, 23091, 23135, 23184, 23188, 23211, 23237, 23238,
       23265, 23295, 23336, 23373, 23395, 23399, 23450, 23584, 23601,
       23663, 23671, 23697, 23754, 23806, 23835, 23836, 23870, 23889,
       23921, 23953, 23995, 24046, 24048, 24053, 24111, 24155, 24179,
       24221, 24343, 24393, 24410, 24596, 24606, 24616, 24637, 24653,
       24782, 24786, 24805, 24817, 24833, 24846, 24893, 24902, 24993,
       25000, 25047, 25147, 25154, 25163, 25223, 25230, 25329, 25347,
       25382, 25421, 25432, 25468, 25611, 25696, 25795, 25822, 25836,
       25851, 25862, 25949, 26005, 26130, 26152, 26154, 26315, 26340,
       26417, 26429, 26462, 26478, 26524, 26538, 26562, 26574, 26620,
       26666, 26716, 26718, 26743, 26761, 26806, 26817, 26831, 26860,
       26862, 26955, 26959, 26988, 26992, 27014, 27088, 27110, 27113,
       27160, 27201, 27242, 27280, 27320, 27380, 27405, 27419, 27435,
       27459, 27480, 27506, 27604, 27607, 27677, 27689, 27703, 27772,
       27838, 27850, 27853, 27874, 27881, 27931, 28003, 28053, 28089,
       28100, 28122, 28126, 28138, 28208, 28214, 28221, 28223, 28304,
       28305, 28311, 28327, 28364, 28368, 28400, 28430, 28546, 28547,
       28587, 28602, 28613, 28622, 28682, 28721, 28758, 28804, 28817,
       28833, 28839, 28886, 28889, 28900, 29055, 29088, 29173, 29257,
       29309, 29311, 29334, 29362, 29365, 29405, 29471, 29580, 29583,
       29716, 29767, 29892, 30044, 30048, 30066, 30091, 30102, 30215,
       30300, 30304, 30411, 30477, 30485, 30572, 30602, 30680, 30688,
       30744, 30817, 30849, 30919, 31037, 31042, 31047, 31057, 31118,
       31128, 31150, 31173, 31197, 31232, 31252, 31267, 31305, 31331,
       31448, 31527, 31540, 31617, 31721, 31774, 31776, 31843, 32038,
       32049, 32082, 32089, 32110, 32112, 32126, 32201, 32262, 32304,
       32393, 32453, 32460, 32533, 32554, 32560, 32570, 32657, 32699,
       32700, 32712, 32735, 32740, 32814, 32840, 32842, 32846, 32850,
       32901, 32926, 33114, 33131, 33161, 33170, 33213, 33310, 33373,
       33378, 33380, 33503, 33524, 33638, 33644, 33733, 33764, 33802,
       33825, 33832, 33838, 33880, 33906, 33942, 33952, 33956, 33990,
       34045, 34062, 34103, 34144, 34154, 34260, 34373, 34416, 34417,
       34422, 34423, 34519, 34570, 34614, 34644, 34737, 34754, 34797,
       34816, 34883, 34894, 34976, 35123, 35130, 35149, 35240, 35516,
       35517, 35652, 35803, 35811, 35857, 35873, 35878, 35998, 36121,
       36157, 36268, 36288, 36296, 36338, 36343, 36349, 36388, 36598,
       36619, 36634, 36703, 36744, 36746, 36759, 36765, 36781, 36862,
       36867, 36910, 36943, 36964, 37029, 37183, 37287, 37302, 37351,
       37438, 37489, 37585, 37586, 37607, 37627, 37630, 37681, 37753,
       37754, 37771, 37772, 37845, 37857, 37923, 37937, 37975, 37978,
       38020, 38112, 38131, 38134, 38148, 38205, 38232, 38297, 38306,
       38430, 38471, 38499, 38502, 38584, 38588, 38725, 38927, 38956,
       38992, 39036, 39104, 39149, 39154, 39158, 39169, 39199, 39264,
       39295, 39305, 39359, 39459, 39480, 39503, 39505, 39551, 39601,
       39744, 39749, 39789, 39813, 39837, 39846, 39980, 40067, 40089,
       40099, 40235, 40262, 40264, 40267, 40319, 40371, 40373, 40388,
       40394, 40431, 40450, 40484, 40532, 40543, 40566, 40580, 40696,
       40729, 40840, 40940, 40949, 41003, 41061, 41063, 41066, 41076,
       41092, 41110, 41152, 41251, 41288, 41413, 41454, 41524, 41617,
       41660, 41678, 41682, 41714, 41816, 41858, 41917, 41925, 41926,
       41991, 42003, 42069, 42090, 42102, 42112, 42205, 42385, 42479,
       42519, 42540, 42556, 42606, 42651, 42695, 42731, 42795, 42843,
       42949, 42984, 42989, 43021, 43029, 43057, 43086, 43098, 43104,
       43149, 43192, 43312, 43360, 43377, 43397, 43498, 43570, 43632,
       43635, 43709, 43838, 43898, 44052, 44084, 44096, 44142, 44153,
       44178, 44213, 44225, 44264, 44287, 44319, 44338, 44396, 44450,
       44547, 44553, 44554, 44654, 44674, 44789, 44808, 44852, 44895,
       44897, 44929, 44936, 44999, 45008, 45090, 45105, 45120, 45122,
       45172, 45179, 45188, 45205, 45216, 45259, 45348, 45364, 45606,
       45631, 45656, 45706, 45724, 45783, 45787, 45906, 45924, 46008,
       46112, 46155, 46183, 46184, 46194, 46204, 46225, 46253, 46312,
       46328, 46362, 46403, 46423, 46426, 46458, 46466, 46481, 46529,
       46542, 46589, 46665, 46685, 46687, 46696, 46745, 46775, 46805,
       46835, 46846, 46880, 46886, 46948, 46960, 47030, 47032, 47034,
       47121, 47135, 47203, 47329, 47332, 47381, 47470, 47476, 47611,
       47616, 47619, 47652, 47727, 47759, 47827, 47843, 47886, 47926,
       47992, 48066, 48138, 48147, 48254, 48284, 48298, 48312, 48323,
       48350, 48377, 48385, 48435, 48482, 48514, 48556, 48653, 48682,
       48715, 48719, 48786, 48921, 48992, 49189, 49205, 49226, 49333,
       49399, 49404, 49451, 49462]), array([   20,    34,   131,   253,   255,   361,   370,   523,   567,
         616,   627,   653,   707,   722,   752,   758,   826,   900,
         952,   968,  1043,  1055,  1197,  1201,  1203,  1301,  1335,
        1472,  1511,  1514,  1666,  1682,  1766,  1771,  1803,  1825,
        1831,  1842,  1907,  1923,  1927,  2001,  2016,  2022,  2031,
        2091,  2112,  2117,  2160,  2175,  2325,  2352,  2417,  2467,
        2496,  2633,  2689,  2700,  2733,  2742,  2761,  2809,  2873,
        2875,  2924,  2979,  3025,  3045,  3064,  3083,  3136,  3341,
        3369,  3387,  3390,  3455,  3491,  3507,  3511,  3641,  3647,
        3658,  3673,  3725,  3736,  3810,  3844,  3846,  3878,  4029,
        4081,  4142,  4163,  4243,  4252,  4268,  4354,  4361,  4467,
        4574,  4575,  4665,  4668,  4751,  4782,  4850,  5070,  5095,
        5171,  5179,  5193,  5206,  5220,  5231,  5240,  5244,  5374,
        5385,  5397,  5519,  5580,  5583,  5588,  5645,  5669,  5687,
        5707,  5771,  5804,  5819,  5849,  5872,  5892,  5996,  6024,
        6051,  6121,  6152,  6231,  6253,  6350,  6399,  6518,  6541,
        6574,  6576,  6619,  6708,  6754,  6848,  6898,  6940,  6967,
        6968,  7034,  7065,  7071,  7124,  7135,  7259,  7288,  7351,
        7428,  7456,  7521,  7568,  7614,  7674,  7781,  7799,  7805,
        7818,  7969,  7986,  8084,  8090,  8213,  8238,  8316,  8334,
        8355,  8364,  8373,  8413,  8501,  8626,  8652,  8688,  8692,
        8701,  8715,  8731,  8760,  8861,  8928,  8933,  8955,  8979,
        9008,  9064,  9105,  9108,  9125,  9149,  9198,  9220,  9270,
        9301,  9302,  9305,  9327,  9347,  9507,  9546,  9564,  9572,
        9579,  9592,  9630,  9656,  9658,  9753,  9805,  9911,  9979,
       10091, 10113, 10123, 10130, 10134, 10137, 10153, 10197, 10269,
       10335, 10337, 10349, 10351, 10510, 10513, 10554, 10570, 10578,
       10600, 10642, 10786, 10811, 10831, 10848, 10912, 10938, 10976,
       10996, 11062, 11130, 11136, 11173, 11193, 11229, 11236, 11259,
       11372, 11375, 11490, 11512, 11532, 11580, 11620, 11751, 11815,
       11835, 11850, 11882, 11915, 11948, 11963, 12019, 12021, 12035,
       12079, 12095, 12100, 12104, 12148, 12199, 12246, 12263, 12268,
       12332, 12368, 12407, 12410, 12417, 12445, 12452, 12454, 12488,
       12496, 12529, 12576, 12630, 12650, 12672, 12729, 12801, 12844,
       12900, 12969, 12980, 13022, 13064, 13100, 13159, 13175, 13194,
       13215, 13228, 13297, 13341, 13361, 13425, 13436, 13581, 13615,
       13761, 13763, 13770, 13807, 13829, 13831, 13903, 13920, 13944,
       13951, 13999, 14037, 14112, 14115, 14207, 14211, 14223, 14230,
       14255, 14343, 14452, 14491, 14505, 14506, 14664, 14688, 14741,
       14765, 14864, 14899, 14963, 14978, 15079, 15170, 15241, 15251,
       15281, 15288, 15360, 15371, 15405, 15408, 15461, 15484, 15495,
       15562, 15571, 15593, 15635, 15651, 15707, 15769, 15804, 15844,
       15865, 15939, 15949, 16014, 16063, 16075, 16088, 16161, 16272,
       16291, 16293, 16316, 16326, 16386, 16544, 16548, 16579, 16686,
       16708, 16721, 16725, 16776, 16812, 16861, 16872, 16878, 17081,
       17104, 17125, 17179, 17245, 17328, 17368, 17425, 17430, 17452,
       17454, 17564, 17585, 17598, 17610, 17662, 17669, 17687, 17772,
       17859, 17902, 17957, 17982, 17987, 18054, 18114, 18147, 18163,
       18253, 18283, 18286, 18348, 18364, 18378, 18529, 18544, 18613,
       18660, 18692, 18817, 19012, 19060, 19114, 19275, 19294, 19310,
       19312, 19320, 19326, 19384, 19412, 19426, 19473, 19528, 19539,
       19571, 19580, 19699, 19710, 19812, 19824, 19900, 19949, 19956,
       19966, 19999, 20003, 20045, 20148, 20204, 20220, 20287, 20361,
       20376, 20397, 20431, 20440, 20450, 20451, 20463, 20520, 20694,
       20703, 20829, 20873, 20958, 20960, 21282, 21355, 21540, 21564,
       21617, 21628, 21688, 21717, 21718, 21772, 21811, 21821, 21824,
       21890, 22011, 22058, 22060, 22075, 22142, 22150, 22295, 22348,
       22362, 22475, 22503, 22622, 22729, 22761, 22777, 22782, 22793,
       22892, 23000, 23091, 23104, 23135, 23184, 23188, 23211, 23237,
       23238, 23265, 23295, 23336, 23373, 23414, 23450, 23544, 23584,
       23601, 23656, 23663, 23671, 23699, 23754, 23806, 23835, 23836,
       23870, 23889, 23921, 23953, 24046, 24053, 24111, 24155, 24221,
       24244, 24343, 24387, 24393, 24410, 24523, 24596, 24606, 24616,
       24637, 24653, 24782, 24786, 24805, 24817, 24833, 24846, 24893,
       24902, 24993, 25000, 25125, 25147, 25154, 25163, 25230, 25329,
       25347, 25421, 25432, 25444, 25610, 25611, 25624, 25692, 25696,
       25795, 25822, 25836, 25851, 25862, 25949, 26005, 26130, 26141,
       26152, 26154, 26207, 26315, 26340, 26429, 26443, 26462, 26477,
       26478, 26524, 26562, 26574, 26610, 26620, 26666, 26680, 26716,
       26743, 26761, 26806, 26817, 26831, 26860, 26862, 26955, 26959,
       26988, 26992, 27036, 27050, 27088, 27110, 27113, 27160, 27201,
       27242, 27280, 27320, 27380, 27405, 27419, 27435, 27480, 27506,
       27607, 27677, 27703, 27729, 27772, 27838, 27850, 27853, 27874,
       27881, 27931, 28003, 28011, 28089, 28100, 28122, 28126, 28138,
       28208, 28214, 28221, 28223, 28300, 28304, 28305, 28311, 28355,
       28364, 28368, 28400, 28430, 28498, 28546, 28547, 28587, 28602,
       28613, 28622, 28682, 28721, 28758, 28804, 28817, 28833, 28889,
       28900, 28947, 29055, 29088, 29173, 29257, 29309, 29311, 29334,
       29362, 29365, 29405, 29471, 29542, 29580, 29583, 29619, 29716,
       29767, 29892, 29948, 30044, 30048, 30066, 30091, 30102, 30215,
       30300, 30304, 30411, 30414, 30477, 30485, 30572, 30602, 30680,
       30688, 30744, 30817, 30849, 30919, 30941, 31037, 31042, 31047,
       31057, 31118, 31128, 31150, 31173, 31197, 31232, 31252, 31267,
       31305, 31331, 31398, 31527, 31721, 31726, 31774, 31776, 32038,
       32049, 32082, 32089, 32110, 32112, 32126, 32304, 32387, 32393,
       32453, 32460, 32533, 32554, 32560, 32570, 32657, 32699, 32700,
       32735, 32740, 32787, 32814, 32840, 32842, 32846, 32850, 32901,
       33114, 33131, 33161, 33170, 33213, 33352, 33373, 33378, 33380,
       33503, 33638, 33644, 33733, 33764, 33802, 33832, 33838, 33880,
       33906, 33919, 33942, 33952, 33956, 33990, 34045, 34062, 34103,
       34260, 34373, 34416, 34417, 34422, 34423, 34519, 34570, 34614,
       34644, 34737, 34754, 34797, 34816, 34869, 34883, 34894, 34976,
       35123, 35130, 35149, 35240, 35495, 35516, 35517, 35603, 35652,
       35803, 35811, 35857, 35873, 35878, 35980, 36121, 36157, 36268,
       36296, 36338, 36343, 36349, 36388, 36598, 36619, 36634, 36703,
       36759, 36765, 36781, 36832, 36862, 36867, 36898, 36910, 36943,
       36998, 37029, 37183, 37287, 37302, 37326, 37351, 37409, 37429,
       37552, 37553, 37585, 37586, 37607, 37627, 37630, 37681, 37709,
       37753, 37754, 37771, 37772, 37835, 37845, 37857, 37923, 37937,
       37975, 37978, 38020, 38112, 38131, 38134, 38148, 38232, 38297,
       38471, 38499, 38502, 38584, 38588, 38725, 38992, 39036, 39082,
       39104, 39149, 39154, 39158, 39169, 39182, 39199, 39264, 39295,
       39305, 39359, 39459, 39480, 39503, 39505, 39551, 39601, 39744,
       39749, 39789, 39813, 39837, 39846, 39980, 40067, 40089, 40099,
       40212, 40235, 40262, 40264, 40319, 40329, 40371, 40373, 40388,
       40394, 40431, 40450, 40484, 40532, 40543, 40566, 40580, 40597,
       40607, 40696, 40729, 40792, 40814, 40840, 40914, 40940, 40949,
       41003, 41061, 41063, 41076, 41110, 41152, 41251, 41288, 41413,
       41454, 41524, 41617, 41660, 41678, 41682, 41714, 41816, 41858,
       41917, 41925, 42003, 42069, 42090, 42102, 42112, 42205, 42385,
       42479, 42519, 42540, 42556, 42568, 42606, 42695, 42731, 42795,
       42843, 42949, 42984, 42989, 43021, 43029, 43057, 43086, 43097,
       43098, 43149, 43189, 43192, 43252, 43312, 43360, 43377, 43397,
       43498, 43525, 43570, 43632, 43635, 43709, 43838, 43849, 43863,
       43898, 44052, 44084, 44096, 44142, 44178, 44213, 44225, 44264,
       44287, 44319, 44338, 44450, 44553, 44674, 44789, 44808, 44852,
       44895, 44897, 44929, 44936, 44975, 44999, 45008, 45011, 45090,
       45105, 45120, 45122, 45172, 45179, 45188, 45216, 45259, 45348,
       45364, 45631, 45656, 45662, 45706, 45724, 45783, 45787, 45924,
       46008, 46112, 46116, 46152, 46183, 46184, 46204, 46225, 46253,
       46312, 46328, 46362, 46403, 46423, 46426, 46458, 46466, 46481,
       46529, 46542, 46631, 46665, 46685, 46696, 46742, 46745, 46775,
       46805, 46835, 46846, 46880, 46886, 46948, 46960, 47030, 47034,
       47121, 47135, 47203, 47308, 47329, 47332, 47381, 47400, 47438,
       47470, 47476, 47611, 47616, 47619, 47635, 47759, 47827, 47843,
       47886, 47926, 47992, 48066, 48138, 48298, 48312, 48323, 48350,
       48377, 48385, 48482, 48528, 48561, 48653, 48715, 48719, 48786,
       48921, 48992, 49189, 49205, 49226, 49265, 49333, 49399, 49404,
       49451, 49462])]
