training accuracy when lambda=0.3
[0.6314545454545455, 0.7435555555555555, 0.7652525252621584, 0.7829898989802659, 0.7880606060461565, 0.8014141414045084, 0.8090909091005422, 0.8151515151515152, 0.8202424242327911, 0.8246464646609143, 0.8287676767532272, 0.8340404040452206, 0.8365252525397021, 0.8402424242472408, 0.845353535367985, 0.84543434343916, 0.8503838383693888, 0.8536767676767677, 0.8556363636267306, 0.8583838383790219, 0.8590505050553215, 0.8607070707167038, 0.86296969697933, 0.8628888888744393, 0.8658787878643383, 0.8642424242520573, 0.8675151515296011, 0.8669292929196598, 0.8661616161567997, 0.8657171717123552, 0.867515151510335, 0.8678989898893569, 0.8692525252621583, 0.8674141414141414, 0.8668282828234662, 0.8647474747426582, 0.8647676767580437, 0.86759595958151, 0.8632121212217543, 0.866444444458894, 0.8621010101106432, 0.861676767662318, 0.8632929292977458, 0.8602828282972779, 0.8610505050456885, 0.8607878788023284, 0.8583636363491868, 0.8580404040355875, 0.8561616161471666, 0.8567474747619244]
test accuracy when lambda=0.3
[0.3959, 0.4048, 0.4043, 0.4083, 0.4065, 0.4098, 0.4096, 0.4062, 0.4062, 0.4053, 0.4072, 0.407, 0.4084, 0.4083, 0.4054, 0.4042, 0.407, 0.4056, 0.4049, 0.4066, 0.4069, 0.4052, 0.4065, 0.4061, 0.4072, 0.4041, 0.4029, 0.4031, 0.4058, 0.4012, 0.4025, 0.403, 0.4016, 0.4029, 0.4023, 0.4006, 0.3987, 0.4044, 0.4022, 0.4025, 0.4037, 0.4026, 0.4038, 0.3997, 0.3999, 0.3971, 0.3993, 0.4004, 0.4003, 0.3961]
training accuracy when lambda=0.4
[0.5631313131361296, 0.6676565656421161, 0.6891717171669006, 0.7027070707070707, 0.7109898989754494, 0.7181818181962678, 0.7245656565752896, 0.7307676767532272, 0.7346262626166296, 0.7387070706974377, 0.7428080807936311, 0.7454949494949495, 0.747898989908623, 0.7496969696825201, 0.7516767676623181, 0.7550707070755236, 0.7595151515296011, 0.7593535353439023, 0.7589696969600639, 0.7612323232323233, 0.7627676767676768, 0.7588484848533014, 0.7604848484944816, 0.7632121212169377, 0.7628686868590538, 0.7628282828379159, 0.7605252525397022, 0.7585454545502711, 0.7606666666714832, 0.7611313131409462, 0.7569292929292929, 0.7542424242424243, 0.7563030302933972, 0.7558585858489528, 0.7562626262722594, 0.7520404040452205, 0.7514141414237745, 0.749979797979798, 0.747070707061074, 0.7529494949494949, 0.7471717171765337, 0.7454747474891971, 0.7447272727128231, 0.7448282828186498, 0.7434141414093248, 0.7430505050601381, 0.7442424242424243, 0.7403434343434343, 0.7413131313034982, 0.738363636378086]
test accuracy when lambda=0.4
[0.392, 0.3984, 0.4059, 0.4044, 0.4099, 0.404, 0.4061, 0.4094, 0.4114, 0.4084, 0.4107, 0.412, 0.4121, 0.4138, 0.4115, 0.4105, 0.4068, 0.4104, 0.4139, 0.4047, 0.4125, 0.4109, 0.4053, 0.4031, 0.4108, 0.4046, 0.4074, 0.4052, 0.4061, 0.4016, 0.4027, 0.404, 0.4035, 0.4079, 0.4016, 0.4021, 0.4002, 0.4032, 0.4015, 0.4028, 0.3989, 0.4002, 0.4002, 0.3998, 0.4002, 0.4004, 0.3986, 0.3958, 0.4015, 0.3976]
training accuracy when lambda=0.5
[0.12737373737433944, 0.1357373737379758, 0.13785858585948896, 0.14074747474928095, 0.14311111111351937, 0.14597979798160418, 0.1474343434367517, 0.15127272727272728, 0.1520808080826143, 0.15436363636604464, 0.15915151515211723, 0.16163636363636363, 0.16541414141534555, 0.17058585858646066, 0.17600000000060206, 0.17880808081289734, 0.1866464646476688, 0.19197979798220624, 0.19650505050745878, 0.20458585858826686, 0.215878787879992, 0.22361616161616163, 0.23254545454726075, 0.2382828282900531, 0.24745454545454545, 0.258040404040404, 0.26414141414863895, 0.2733131313131313, 0.28105050504809675, 0.2900404040452206, 0.29529292929533757, 0.30474747474506647, 0.310989898989899, 0.3187474747474747, 0.3248080808153056, 0.3290909090981339, 0.33462626262987505, 0.3433939393891229, 0.34672727273449755, 0.3529696969709011, 0.3570505050529133, 0.36068686868686867, 0.3681818181721851, 0.3723838383766136, 0.37862626262385435, 0.3787676767724933, 0.38143434343193516, 0.3861616161664327, 0.3938787878787879, 0.3932727272775438]
test accuracy when lambda=0.5
[0.3911, 0.4058, 0.4063, 0.4086, 0.4051, 0.4096, 0.4143, 0.4088, 0.4136, 0.4088, 0.413, 0.4161, 0.4121, 0.4129, 0.4159, 0.4129, 0.409, 0.4141, 0.409, 0.4073, 0.4097, 0.405, 0.408, 0.4082, 0.407, 0.4073, 0.4029, 0.4061, 0.4029, 0.396, 0.4002, 0.4013, 0.3991, 0.3991, 0.3962, 0.3995, 0.3951, 0.3961, 0.3959, 0.3939, 0.39, 0.3938, 0.3924, 0.394, 0.391, 0.3977, 0.3902, 0.395, 0.3924, 0.3885]
training accuracy when lambda=0.6
[0.12886868686928893, 0.13460606060846889, 0.13648484848846087, 0.14016161616522857, 0.1435555555567597, 0.14682828283189522, 0.14921212121573363, 0.15173737373496546, 0.15896969697150318, 0.16159595959836787, 0.16856565656565656, 0.17527272727453347, 0.1840202020226103, 0.19076767676767678, 0.20161616161676368, 0.21361616161796781, 0.22597979798220624, 0.24048484848725676, 0.25262626262746674, 0.26927272726791074, 0.28515151515873993, 0.29842424242665067, 0.31060606060726476, 0.32301010100769273, 0.3384040404112652, 0.34882828282105804, 0.3610101010125093, 0.37181818181577353, 0.3850303030327113, 0.39642424241942587, 0.4062626262674428, 0.4156161616185699, 0.42422222222703876, 0.4326262626286709, 0.4397171717099469, 0.4477171717243965, 0.4555757575902072, 0.46444444443721966, 0.4669898989826742, 0.4771111111111111, 0.48167676767195117, 0.488363636378086, 0.4935353535401701, 0.4967474747619244, 0.4970909090909091, 0.504969696969697, 0.5139595959499629, 0.5192121212265708, 0.5237373737325572, 0.5236363636508132]
test accuracy when lambda=0.6
[0.3956, 0.3979, 0.4132, 0.4148, 0.4179, 0.4231, 0.42, 0.4138, 0.4151, 0.414, 0.419, 0.4185, 0.4138, 0.4151, 0.4089, 0.4073, 0.4102, 0.4094, 0.4016, 0.4048, 0.3994, 0.3998, 0.3916, 0.3928, 0.3928, 0.3924, 0.3939, 0.3889, 0.3889, 0.3923, 0.3874, 0.387, 0.3884, 0.3818, 0.3853, 0.3857, 0.3869, 0.3834, 0.3863, 0.3817, 0.3783, 0.3826, 0.3808, 0.3819, 0.3851, 0.3807, 0.3798, 0.3801, 0.3803, 0.3775]
training accuracy when lambda=0.7
[0.12412121212482452, 0.13278787878968498, 0.1402020202056326, 0.14107070707191122, 0.1455353535359556, 0.15137373737433943, 0.15501010101250928, 0.16062626262987503, 0.166727272729681, 0.17563636364358845, 0.186585858589471, 0.20133333333333334, 0.21264646465368944, 0.23296969697210523, 0.2487272727272727, 0.2698181818205901, 0.2900808080880329, 0.3118787878836044, 0.33109090909211325, 0.3508888888864806, 0.37082828282828284, 0.3882424242448325, 0.4026666666642584, 0.4206262626286709, 0.4403232323304571, 0.4565656565560235, 0.4670707070707071, 0.4816161616306112, 0.49446464645742166, 0.5062828282828283, 0.514525252520436, 0.524828282821058, 0.5365656565680649, 0.5471111111159277, 0.5520202020153855, 0.560989898980266, 0.5705050505195001, 0.5770909091053587, 0.5848080807936312, 0.5872929292977458, 0.5986262626166295, 0.6042626262554015, 0.6089696969745135, 0.6141818181866348, 0.6194343434198938, 0.6264040404040404, 0.6263636363540033, 0.6335959596055927, 0.6415555555700052, 0.6411313131409462]
test accuracy when lambda=0.7
[0.3816, 0.4045, 0.4134, 0.4212, 0.4263, 0.4227, 0.4189, 0.4134, 0.4184, 0.419, 0.4142, 0.406, 0.4073, 0.4012, 0.4021, 0.3906, 0.3869, 0.3833, 0.3757, 0.3744, 0.3758, 0.3668, 0.3635, 0.3673, 0.365, 0.3503, 0.3611, 0.3571, 0.36, 0.3571, 0.3559, 0.3482, 0.3483, 0.352, 0.3514, 0.3493, 0.3505, 0.3532, 0.346, 0.347, 0.3454, 0.3501, 0.3509, 0.3491, 0.3471, 0.3396, 0.3463, 0.349, 0.3401, 0.3493]
training accuracy when lambda=0.8
[0.12456565656926896, 0.13195959596200424, 0.13672727273088514, 0.14258585858676168, 0.14713131313492553, 0.15476767677008504, 0.16125252525493353, 0.17088888889129716, 0.18082828282948696, 0.19715151515151516, 0.2154949495021743, 0.23628282828644068, 0.25785858586099414, 0.2815959596031844, 0.30614141413900586, 0.3317171717123552, 0.35701010101732583, 0.3827878787854705, 0.4070303030327113, 0.4274747474651144, 0.4535555555459225, 0.47244444444685274, 0.4920404040331792, 0.511515151510335, 0.5277979797931632, 0.5417777777825943, 0.5581818181770016, 0.5689696969841466, 0.5844444444588941, 0.5971111111159276, 0.6086262626190378, 0.6189696969600639, 0.6289494949446784, 0.6354747474602979, 0.6448282828427324, 0.6521818181721851, 0.6637171717123552, 0.671919191928825, 0.6773131313227644, 0.6850909090957257, 0.6891717171669006, 0.6978383838383838, 0.7019191919336415, 0.7071111111207442, 0.7151111111207442, 0.7184242424194259, 0.7216767676767677, 0.7252727272775438, 0.7295757575853906, 0.7302626262481766]
test accuracy when lambda=0.8
[0.391, 0.4061, 0.4196, 0.4157, 0.4097, 0.4334, 0.4228, 0.4208, 0.4143, 0.4114, 0.4052, 0.3915, 0.3779, 0.3773, 0.3685, 0.3623, 0.3587, 0.341, 0.3374, 0.3342, 0.3298, 0.3172, 0.3176, 0.3205, 0.3229, 0.3207, 0.3116, 0.3221, 0.3084, 0.312, 0.3096, 0.3185, 0.3121, 0.3108, 0.3122, 0.3138, 0.3108, 0.3179, 0.3076, 0.3123, 0.3136, 0.3128, 0.3107, 0.3101, 0.3117, 0.3172, 0.3129, 0.3115, 0.3092, 0.3083]
