training accuracy when lambda=0.3
[0.631010101000468, 0.7443636363636363, 0.7691313131457628, 0.7832121212169377, 0.7950303030399362, 0.8028888889033385, 0.8086262626358957, 0.8156565656613822, 0.8220404040452206, 0.8268888889033384, 0.8305858585858585, 0.8349292929196599, 0.8398181818326315, 0.8428484848388518, 0.8453333333477829, 0.8481616161567996, 0.850545454540638, 0.8544242424242424, 0.8560202020105689, 0.8589494949639446, 0.8603636363540033, 0.8604848484703989, 0.8640404040259544, 0.8634949494804999, 0.8662424242520573, 0.8679595959451464, 0.8681818181866348, 0.8668282828234662, 0.8670303030351195, 0.8683838383934714, 0.8693737373833704, 0.8668484848629344, 0.8689494949350454, 0.8669898990043486, 0.8667272727128231, 0.866464646469463, 0.8675959596007762, 0.8659595959451464, 0.8638989898845403, 0.8649292929244764, 0.8647272727224562, 0.864626262621446, 0.8644646464598299, 0.8638989899038064, 0.8614747474699309, 0.8607474747378416, 0.8606060606012441, 0.860989898999532, 0.8581616161567996, 0.856525252520436]
test accuracy when lambda=0.3
[0.391, 0.4013, 0.4048, 0.4015, 0.4011, 0.4016, 0.4006, 0.402, 0.4063, 0.4024, 0.4069, 0.4047, 0.4026, 0.4061, 0.4075, 0.4044, 0.4013, 0.4039, 0.4058, 0.4066, 0.4025, 0.4045, 0.4073, 0.4058, 0.404, 0.4027, 0.4005, 0.4063, 0.4051, 0.4043, 0.4046, 0.4095, 0.4062, 0.4027, 0.4034, 0.4017, 0.4025, 0.4034, 0.405, 0.4009, 0.4024, 0.4004, 0.4051, 0.4024, 0.3995, 0.3996, 0.403, 0.3997, 0.4029, 0.4005]
training accuracy when lambda=0.4
[0.5641010101106432, 0.6704646464742795, 0.6935555555603721, 0.7031717171813503, 0.7155757575902072, 0.7205858585810421, 0.7280808080904412, 0.7319595959740456, 0.7385252525348855, 0.7408888888792559, 0.7443232323376819, 0.7481212121212121, 0.7506464646560977, 0.7541010101058266, 0.7557575757575757, 0.7588686868542373, 0.758141414131781, 0.7634747474699309, 0.762464646469463, 0.765333333347783, 0.7638989899134395, 0.7638585858634024, 0.7649494949639446, 0.7650707070755236, 0.7635757575805742, 0.7654545454545455, 0.7629292929196598, 0.7612323232178736, 0.7616363636267306, 0.7621414141365976, 0.7588888888840724, 0.759373737388187, 0.7577575757479427, 0.7559999999903669, 0.7546464646464647, 0.7578989898893568, 0.7554949495093991, 0.7536565656661988, 0.7513535353439023, 0.752141414131781, 0.7498989899134395, 0.7471313131409462, 0.74686868687832, 0.7476969696969697, 0.7478585858441362, 0.7474747474891971, 0.7441616161616161, 0.74389898989899, 0.7407878787878788, 0.7436565656661988]
test accuracy when lambda=0.4
[0.3904, 0.4027, 0.4028, 0.4021, 0.4078, 0.4011, 0.4122, 0.4064, 0.4122, 0.4077, 0.4069, 0.4089, 0.4064, 0.4058, 0.4106, 0.4112, 0.4105, 0.4105, 0.4139, 0.4081, 0.4122, 0.4063, 0.4084, 0.4094, 0.4129, 0.4051, 0.4085, 0.407, 0.405, 0.406, 0.404, 0.4103, 0.4049, 0.4017, 0.3994, 0.4041, 0.4061, 0.4013, 0.3958, 0.403, 0.4016, 0.3991, 0.3984, 0.3988, 0.3993, 0.3979, 0.3993, 0.4019, 0.4003, 0.4011]
training accuracy when lambda=0.5
[0.13068686868747076, 0.13674747475108714, 0.14070707070887692, 0.1424242424248445, 0.14319191919432747, 0.1466262626268647, 0.14866666666726874, 0.15208080808141014, 0.15323232323593564, 0.15696969697330937, 0.15917171717412543, 0.16402020202381443, 0.16533333333453748, 0.1705252525276608, 0.17438383838444044, 0.1800404040410061, 0.1846262626286709, 0.1923434343458426, 0.1981010101046225, 0.20591919192280433, 0.21515151515211722, 0.22244444444444444, 0.2296767676743594, 0.2388080808153056, 0.24688888889611368, 0.2549090909066826, 0.26236363636363635, 0.2709696969721052, 0.2812323232275067, 0.2887676767676768, 0.29298989899230726, 0.30210101009619356, 0.3098181818254066, 0.3164040403992239, 0.31957575757094103, 0.3284040404112652, 0.3332121212073047, 0.33670707070707073, 0.3459393939369857, 0.35284848484126, 0.3546262626286709, 0.36139393938912284, 0.36602020202501856, 0.3699393939345774, 0.3747676767724933, 0.3765252525300691, 0.3804848484776237, 0.3872727272871769, 0.38723232323713974, 0.39521212121212124]
test accuracy when lambda=0.5
[0.4023, 0.4112, 0.4056, 0.4134, 0.4079, 0.4116, 0.4105, 0.4096, 0.4202, 0.4081, 0.4154, 0.4217, 0.4128, 0.4105, 0.4112, 0.4112, 0.4125, 0.4098, 0.4116, 0.4042, 0.4101, 0.4017, 0.4, 0.4052, 0.3999, 0.3978, 0.3997, 0.3941, 0.4024, 0.3973, 0.3939, 0.396, 0.398, 0.3935, 0.3958, 0.3946, 0.3939, 0.3887, 0.392, 0.3926, 0.3874, 0.3854, 0.385, 0.3881, 0.3896, 0.3879, 0.3858, 0.3831, 0.3885, 0.3848]
training accuracy when lambda=0.6
[0.12636363636724876, 0.13705050505291333, 0.13795959596320836, 0.1421616161628203, 0.14371717172078413, 0.1491515151527193, 0.1520000000036124, 0.15559595959716374, 0.158929292929895, 0.16444444444625064, 0.17101010101130515, 0.1760000000018062, 0.18523232323412944, 0.1932323232347315, 0.20288888889129716, 0.21507070707793188, 0.2265252525258546, 0.23903030303030304, 0.2556363636387719, 0.2710909090885008, 0.2838787878787879, 0.29765656564934084, 0.31343434343434345, 0.32567676767195114, 0.3410909090909091, 0.35141414141895794, 0.363393939408389, 0.3748888888937054, 0.3883434343458426, 0.3975151515079267, 0.4067272727224562, 0.41701010100769276, 0.4276969697114193, 0.43402020201056896, 0.444747474749883, 0.4500202020226103, 0.46026262626262626, 0.4661212121356617, 0.4764646464646465, 0.47373737373978203, 0.4877575757479427, 0.48559595959114304, 0.4949090909090909, 0.5017777777681447, 0.5081616161664327, 0.5114343434198938, 0.5122626262554014, 0.5190707070634822, 0.5198787878787878, 0.531090909081276]
test accuracy when lambda=0.6
[0.3844, 0.4078, 0.4047, 0.4112, 0.4057, 0.4145, 0.4087, 0.4178, 0.415, 0.4179, 0.4162, 0.414, 0.4188, 0.4091, 0.412, 0.406, 0.405, 0.4031, 0.3948, 0.4015, 0.3927, 0.393, 0.3889, 0.3828, 0.3845, 0.381, 0.3894, 0.385, 0.3778, 0.3797, 0.3872, 0.3807, 0.3832, 0.3807, 0.3786, 0.3782, 0.3811, 0.3752, 0.3782, 0.378, 0.3721, 0.3754, 0.3786, 0.3774, 0.3753, 0.3805, 0.3772, 0.3757, 0.3736, 0.3751]
training accuracy when lambda=0.7
[0.1264242424242424, 0.1340000000018062, 0.13896969697692177, 0.14311111111472352, 0.14686868686958998, 0.15080808080928496, 0.1574343434349455, 0.1606262626268647, 0.1686868686880728, 0.1779797979870228, 0.18862626262806884, 0.20014141414382242, 0.21478787878908293, 0.23454545454665868, 0.25197979797979797, 0.27313131313612965, 0.29139393939393937, 0.3121010100986018, 0.33086868686387033, 0.34957575757816584, 0.3729292929341095, 0.39107070707311536, 0.40866666665944185, 0.4265454545478628, 0.4401010101010101, 0.45513131312168004, 0.4695959595911431, 0.4835959595983679, 0.4950505050553216, 0.5097575757720254, 0.5178383838407921, 0.5272525252549335, 0.5406464646464646, 0.5482828282780118, 0.5554343434198938, 0.5651515151442903, 0.57569696968252, 0.5802222222222222, 0.5854545454689951, 0.5926868686916852, 0.597797979790755, 0.60496969697933, 0.6130303030158534, 0.6189696969745135, 0.621676767662318, 0.6224444444372197, 0.6283838383838384, 0.6329898990043487, 0.6376565656710153, 0.6458989899134395]
test accuracy when lambda=0.7
[0.3991, 0.4138, 0.4205, 0.4153, 0.4169, 0.4203, 0.426, 0.4168, 0.4071, 0.4177, 0.4165, 0.415, 0.4067, 0.4042, 0.3997, 0.3962, 0.3903, 0.3805, 0.3845, 0.3713, 0.3737, 0.3744, 0.3707, 0.362, 0.3613, 0.3599, 0.3562, 0.3537, 0.3503, 0.3523, 0.352, 0.3459, 0.3479, 0.3481, 0.3445, 0.3442, 0.3454, 0.3517, 0.351, 0.3498, 0.3523, 0.3508, 0.3461, 0.349, 0.3521, 0.349, 0.3491, 0.3492, 0.3525, 0.3431]
training accuracy when lambda=0.8
[0.12195959596019802, 0.13179797980038807, 0.13886868687229928, 0.14214141414863896, 0.1501212121218142, 0.15525252525372937, 0.16644444444564857, 0.173818181819988, 0.18535353535413743, 0.20286868687229928, 0.22430303030363238, 0.24472727272847686, 0.26872727273449754, 0.29507070707311533, 0.32216161616161615, 0.34866666665944185, 0.37030303029821376, 0.39709090909572564, 0.4215555555531473, 0.44357575757094103, 0.4673131313034982, 0.48787878789323746, 0.5062020201947954, 0.525050505040872, 0.5401616161519831, 0.5579595959644125, 0.5668686868542373, 0.5836565656613822, 0.5910505050553216, 0.6055757575805741, 0.6200606060557895, 0.6238181818133652, 0.6349090909139075, 0.6437777777729612, 0.6523030302885807, 0.6619393939442105, 0.6670505050408719, 0.6739393939297609, 0.6840606060702391, 0.6882424242472408, 0.6957777777922274, 0.7002222222366719, 0.704686868672419, 0.7096363636411802, 0.7165454545310049, 0.719898989908623, 0.7282828282731952, 0.7287878787926954, 0.7378787878643382, 0.7397575757479427]
test accuracy when lambda=0.8
[0.3552, 0.3891, 0.41, 0.4138, 0.4115, 0.4196, 0.4397, 0.4272, 0.4186, 0.408, 0.3928, 0.3778, 0.3771, 0.3722, 0.3532, 0.3461, 0.345, 0.3339, 0.3227, 0.3265, 0.3207, 0.3104, 0.3149, 0.3134, 0.3058, 0.3128, 0.3075, 0.3133, 0.3099, 0.3154, 0.3127, 0.3071, 0.3063, 0.3055, 0.3086, 0.3099, 0.3118, 0.3084, 0.3088, 0.309, 0.3096, 0.3114, 0.3055, 0.3111, 0.3148, 0.3076, 0.3107, 0.3108, 0.3076, 0.3139]
