training accuracy when lambda=0.3
[0.6807070706974376, 0.7806868686868687, 0.7991717171813503, 0.8105252525348856, 0.8169898989947155, 0.8247676767773099, 0.8274545454449124, 0.8346868686772356, 0.8348484848629345, 0.8372323232178737, 0.8400202020250186, 0.8424242424146093, 0.8441414141414142, 0.8475757575902072, 0.8479595959740456, 0.8483838383742053, 0.8522020202068368, 0.8531111111014781, 0.8536363636508133, 0.8535151515007019, 0.8548080807984477, 0.8558383838528334, 0.8532727272775438, 0.8561616161712492, 0.8563636363588198, 0.8561212121115791, 0.8557171717027221, 0.8561414141365976, 0.8548686868542372, 0.8559797979942476, 0.8540808080904412, 0.8538989899134395, 0.8539393939345774, 0.8535151515247846, 0.8515757575853906, 0.8522222222318553, 0.8508282828379159, 0.851373737388187, 0.8504040404136735, 0.8496161616209782, 0.8488686868590538, 0.8483030303078468, 0.8468080808032643, 0.8449292929341095, 0.8445454545502711, 0.841454545459362, 0.84496969697933, 0.8405858585906751, 0.8428888888937054, 0.842989898989899]
test accuracy when lambda=0.3
[0.3797, 0.3868, 0.3939, 0.3886, 0.3933, 0.3952, 0.3922, 0.3951, 0.3953, 0.3951, 0.3982, 0.3976, 0.3963, 0.3996, 0.3972, 0.3967, 0.4002, 0.3946, 0.3978, 0.4013, 0.3979, 0.3987, 0.3992, 0.4007, 0.398, 0.4005, 0.3972, 0.3974, 0.3956, 0.3993, 0.3989, 0.4012, 0.3986, 0.3965, 0.3959, 0.398, 0.4008, 0.3958, 0.3974, 0.397, 0.4003, 0.3972, 0.3984, 0.3975, 0.3964, 0.3974, 0.3976, 0.3951, 0.3967, 0.3944]
training accuracy when lambda=0.4
[0.5632323232371398, 0.6462828282972779, 0.6571717171765337, 0.6663232323087828, 0.66840404041849, 0.67343434343916, 0.6766262626166295, 0.6813737373592877, 0.6841616161471665, 0.68630303031748, 0.6877373737421902, 0.6881818181673686, 0.6916161616306112, 0.6929898989754494, 0.6961414141414142, 0.6963232323135993, 0.6973737373689208, 0.698282828297278, 0.6999595959644125, 0.6994949494804998, 0.7009292929148433, 0.7026262626262626, 0.703515151510335, 0.704686868672419, 0.7054747474651144, 0.7044040404136734, 0.7048686868542372, 0.7086060606060606, 0.7063030302982137, 0.7079393939297609, 0.7059393939442105, 0.708585858571409, 0.7068484848533014, 0.7078585858441363, 0.7044040404040404, 0.7047878787734292, 0.7060606060702391, 0.7067474747571079, 0.7072121212169378, 0.7052727272679107, 0.7063434343530675, 0.7036161616209782, 0.7039191919095589, 0.7027474747619243, 0.7048686868831365, 0.7033535353583519, 0.7040202020057524, 0.7015353535209039, 0.7021616161519831, 0.6986060605964275]
test accuracy when lambda=0.4
[0.383, 0.3898, 0.3909, 0.3974, 0.3927, 0.3967, 0.3939, 0.3961, 0.3955, 0.3994, 0.3966, 0.3979, 0.3983, 0.3959, 0.3998, 0.3944, 0.3978, 0.399, 0.4016, 0.4006, 0.3996, 0.3998, 0.3968, 0.3987, 0.3968, 0.3994, 0.3973, 0.3963, 0.3955, 0.3958, 0.3924, 0.3979, 0.3933, 0.3962, 0.3945, 0.3953, 0.3947, 0.3934, 0.3939, 0.3939, 0.3939, 0.3881, 0.3932, 0.3918, 0.3912, 0.3932, 0.3919, 0.3844, 0.3926, 0.3875]
training accuracy when lambda=0.5
[0.12725252525613764, 0.13357575757635964, 0.13450505050625464, 0.1376767676803801, 0.14076767677008503, 0.14218181818362438, 0.14436363636724878, 0.14646464646554958, 0.14870707070827485, 0.15197979797738972, 0.15404040404401645, 0.1580606060618102, 0.16094949495069907, 0.16482828283008902, 0.16921212121573362, 0.17355555555796381, 0.1777979798015922, 0.18359595959776578, 0.19149494949615362, 0.1978989899026023, 0.2054545454569537, 0.2146464646488729, 0.22088888888949096, 0.23191919192280433, 0.23745454545213718, 0.24896969697692178, 0.25553535353535356, 0.2639595959668208, 0.2736767676791759, 0.280727272729681, 0.28983838383597554, 0.2964646464682589, 0.30442424242905897, 0.3100606060618102, 0.3196767676839925, 0.3231717171729213, 0.3316161616113451, 0.3371717171729213, 0.34476767677490155, 0.35022222222703875, 0.3542222222174057, 0.360484848489665, 0.36496969697210524, 0.37204040404040406, 0.374727272729681, 0.3802222222270388, 0.3884646464718713, 0.38919191919432744, 0.3954343434343434, 0.3990101010149176]
test accuracy when lambda=0.5
[0.3778, 0.3842, 0.3948, 0.3988, 0.3957, 0.3993, 0.4004, 0.4021, 0.4034, 0.3992, 0.4078, 0.4038, 0.4057, 0.4076, 0.4016, 0.4057, 0.4066, 0.4057, 0.401, 0.4013, 0.4008, 0.4006, 0.4029, 0.3965, 0.4021, 0.3993, 0.3974, 0.3999, 0.3959, 0.3937, 0.4007, 0.3928, 0.3934, 0.3933, 0.3916, 0.3948, 0.3945, 0.389, 0.3898, 0.3888, 0.3907, 0.3895, 0.3893, 0.3907, 0.3912, 0.3877, 0.3862, 0.3829, 0.3887, 0.3817]
training accuracy when lambda=0.6
[0.12541414141474347, 0.13212121212301833, 0.13593939394120014, 0.13858585858766478, 0.1421414141420162, 0.1452929292965417, 0.14800000000180621, 0.15119191919312333, 0.1566868686886749, 0.15967676767767078, 0.1661616161628203, 0.1717171717177738, 0.1806262626286709, 0.1872121212127233, 0.198989898989899, 0.2098181818205901, 0.22313131313311932, 0.23614141413900588, 0.2484444444456486, 0.2636565656571677, 0.2754949494985619, 0.2910707070719112, 0.3049292929244764, 0.3173737373809622, 0.33442424242544655, 0.3475151515175598, 0.3603838383910632, 0.3702626262578097, 0.3863434343386178, 0.393474747479564, 0.4008484848436683, 0.4146868686796439, 0.4262424242448325, 0.43270707071429554, 0.44426262625540147, 0.4523434343434343, 0.45757575756853275, 0.4649494949398619, 0.4723434343410261, 0.47909090909331736, 0.48503030303511957, 0.48969696969215315, 0.49985858584895276, 0.5038585858537693, 0.5070909090933173, 0.5157373737325572, 0.5167474747522913, 0.524323232337682, 0.5285252525156194, 0.5333333333381499]
test accuracy when lambda=0.6
[0.3851, 0.3977, 0.3987, 0.4062, 0.4075, 0.4082, 0.4072, 0.4061, 0.4008, 0.4057, 0.4085, 0.4094, 0.4031, 0.407, 0.4015, 0.3965, 0.4017, 0.3978, 0.3969, 0.3958, 0.3927, 0.3925, 0.3833, 0.3827, 0.3881, 0.3861, 0.3838, 0.3794, 0.3831, 0.3818, 0.3814, 0.3821, 0.3722, 0.3801, 0.3761, 0.38, 0.3748, 0.3689, 0.3777, 0.3708, 0.3728, 0.3681, 0.3717, 0.3729, 0.3713, 0.3733, 0.3738, 0.372, 0.3742, 0.369]
training accuracy when lambda=0.7
[0.12523232323593564, 0.13226262626985108, 0.134949494950097, 0.1406868686880728, 0.14573737374098614, 0.14842424242785482, 0.15115151515211722, 0.1572121212157336, 0.16242424242424242, 0.17004040404281232, 0.17711111111472352, 0.19044444444926098, 0.20296969696969697, 0.21919191919312334, 0.23511111111351937, 0.2528484848484848, 0.2723030303030303, 0.293878787879992, 0.3139595959571877, 0.3338989898965816, 0.3537373737325572, 0.37626262626262624, 0.39181818181818184, 0.409797979790755, 0.4265252525180277, 0.44450505050745875, 0.45894949494227016, 0.4725656565560235, 0.48686868687350343, 0.5010909090909091, 0.510242424240016, 0.526767676760452, 0.5339797979701649, 0.5414747474891971, 0.5529898989923072, 0.5635959595959597, 0.5741010100961935, 0.5741010101010101, 0.5862828282683786, 0.5916161616306113, 0.5971717171861668, 0.6037575757623923, 0.6091717171572676, 0.618121212111579, 0.6227878787878788, 0.6270505050649546, 0.6358181818181818, 0.6391515151659648, 0.6407676767580437, 0.6468080808225304]
test accuracy when lambda=0.7
[0.3741, 0.3966, 0.4032, 0.4034, 0.4087, 0.4088, 0.4138, 0.4135, 0.4106, 0.4158, 0.4106, 0.4061, 0.3991, 0.3888, 0.3946, 0.3908, 0.3799, 0.3797, 0.3777, 0.3753, 0.3719, 0.3658, 0.3605, 0.3597, 0.3568, 0.3594, 0.3467, 0.3532, 0.3485, 0.3404, 0.3495, 0.3496, 0.3517, 0.3466, 0.3452, 0.3486, 0.3435, 0.3508, 0.3469, 0.3489, 0.343, 0.3482, 0.3517, 0.3438, 0.3463, 0.3451, 0.3494, 0.3486, 0.3494, 0.3477]
training accuracy when lambda=0.8
[0.12313131313251727, 0.1314141414165497, 0.1362828282840324, 0.14060606060846886, 0.14517171717352337, 0.15028282828343034, 0.15573737374098615, 0.16628282828282828, 0.1784040404040404, 0.18923232323232322, 0.20620202020322434, 0.22832323232564058, 0.2460202020211051, 0.27151515151515154, 0.2959393939405981, 0.32175757575757574, 0.34622222221981397, 0.3733737373785539, 0.39422222221740566, 0.4196565656589739, 0.4422424242376077, 0.4620606060557895, 0.48553535353535354, 0.5027676767676768, 0.5195757575781659, 0.537959595959596, 0.5520808080952577, 0.5661212121139874, 0.5795353535209039, 0.5956161616065285, 0.6053131313275809, 0.6142828282972779, 0.6278383838407922, 0.6322626262674428, 0.6458181818278149, 0.6555757575902071, 0.6615555555555556, 0.6639191919191919, 0.6759393939442104, 0.6807474747474748, 0.6878989898941733, 0.6967272727224562, 0.6984444444299949, 0.7082828282924614, 0.7147272727224562, 0.716686868672419, 0.7222424242376078, 0.729090909081276, 0.7315555555651886, 0.7387070706974377]
test accuracy when lambda=0.8
[0.3643, 0.3988, 0.3964, 0.4117, 0.4194, 0.4256, 0.4238, 0.4217, 0.4106, 0.4041, 0.3977, 0.3975, 0.3767, 0.3717, 0.3673, 0.354, 0.3502, 0.3354, 0.3357, 0.331, 0.3307, 0.323, 0.3166, 0.3113, 0.3105, 0.3127, 0.3147, 0.3126, 0.3124, 0.3138, 0.3078, 0.3072, 0.309, 0.3023, 0.307, 0.3119, 0.3049, 0.3032, 0.3057, 0.3085, 0.3068, 0.3097, 0.3067, 0.3083, 0.3056, 0.3058, 0.3086, 0.3058, 0.3085, 0.3149]
