training accuracy when lambda=0.3
[0.6851717171717172, 0.7822626262770759, 0.8026262626358956, 0.8128080807984477, 0.8182626262674428, 0.8238989898941733, 0.8264444444299949, 0.8325050505195001, 0.8363434343338013, 0.8368080808080808, 0.8406464646320151, 0.8427676767628602, 0.8461818181962678, 0.8465656565560234, 0.8492929292881127, 0.8505858585858586, 0.8519999999903669, 0.852404040408857, 0.8532323232323232, 0.8551919192015522, 0.8558585858537693, 0.8554141414237745, 0.8564646464598299, 0.8560202020105689, 0.8560606060461564, 0.8570707070755236, 0.8552525252669748, 0.8557373737373737, 0.8575151515007019, 0.8550909090957256, 0.8557979798027964, 0.8546868686772356, 0.8539999999951835, 0.8563434343338012, 0.8531717171813502, 0.8545252525397021, 0.8539393939249443, 0.8503030302982137, 0.8520202020105689, 0.8496969696921531, 0.8502020201972037, 0.8447474747426582, 0.849494949499766, 0.8442828282780117, 0.8464444444396279, 0.8450101010004679, 0.8421212121260286, 0.8462626262674428, 0.8402828282683786, 0.8425454545310049]
test accuracy when lambda=0.3
[0.3796, 0.389, 0.3929, 0.3929, 0.3953, 0.3945, 0.3946, 0.3933, 0.3939, 0.3954, 0.3966, 0.3957, 0.3998, 0.3988, 0.3982, 0.3968, 0.3954, 0.3974, 0.3987, 0.3958, 0.3932, 0.3959, 0.3978, 0.3984, 0.3965, 0.396, 0.3982, 0.3952, 0.3968, 0.396, 0.3966, 0.395, 0.3967, 0.3943, 0.3951, 0.3946, 0.392, 0.3953, 0.3945, 0.399, 0.3926, 0.3949, 0.3917, 0.3961, 0.3961, 0.3948, 0.3937, 0.3946, 0.3945, 0.3912]
training accuracy when lambda=0.4
[0.556424242429059, 0.6448484848484849, 0.6582424242448325, 0.6658383838239342, 0.6721616161471665, 0.6765454545358215, 0.6785050505098671, 0.6808282828138332, 0.6834949494949495, 0.6851111111111111, 0.6889292929196599, 0.6899797979942476, 0.6922828282828283, 0.6942424242472408, 0.6935757575902072, 0.696707070692621, 0.697494949509399, 0.7000808080663584, 0.6997979797931633, 0.7032121212024881, 0.703010101010101, 0.7017777777729612, 0.7048888888840723, 0.705373737388187, 0.7044646464550134, 0.7039393939345774, 0.7057171717316213, 0.7072929293073789, 0.7092121212121212, 0.7061414141414142, 0.7056969697066028, 0.7063838383838383, 0.7050909090764594, 0.7037777777681447, 0.7036767676671346, 0.705575757561308, 0.7077171717268048, 0.7033939394035724, 0.7043434343338013, 0.7030909090957256, 0.702484848489665, 0.7037373737470068, 0.7025252525397021, 0.7040808080808081, 0.7019191919336415, 0.7010909091005422, 0.7018787878932375, 0.6992727272727273, 0.6988686868735035, 0.7001010101058266]
test accuracy when lambda=0.4
[0.3789, 0.3866, 0.3908, 0.395, 0.3984, 0.4008, 0.3955, 0.3971, 0.3974, 0.3953, 0.396, 0.4005, 0.3987, 0.4017, 0.3985, 0.3978, 0.4006, 0.397, 0.3963, 0.3974, 0.397, 0.4, 0.398, 0.4018, 0.3981, 0.3958, 0.3949, 0.3928, 0.3953, 0.3983, 0.3974, 0.3922, 0.3915, 0.3913, 0.3925, 0.391, 0.3894, 0.394, 0.39, 0.3937, 0.39, 0.3894, 0.3914, 0.3899, 0.3877, 0.3936, 0.3891, 0.3871, 0.3854, 0.3862]
training accuracy when lambda=0.5
[0.1284444444468527, 0.13248484848725675, 0.13513131313492555, 0.13830303030363236, 0.1387070707142955, 0.1425858585870627, 0.14395959596019803, 0.14666666666907494, 0.14816161616221823, 0.1533939394011642, 0.15339393939634766, 0.15723232323954803, 0.16121212121272327, 0.16367676767676767, 0.16739393939634767, 0.17385858585918793, 0.17913131313251726, 0.1850101010137134, 0.19242424242785483, 0.20133333334055814, 0.20733333333333334, 0.21664646464646464, 0.22450505050625463, 0.23151515151274324, 0.24034343435065914, 0.25202020201779374, 0.2569494949446784, 0.2669090909163157, 0.2787070707142955, 0.2862222222222222, 0.29111111110870286, 0.2997373737385779, 0.30781818182299836, 0.31606060605338127, 0.32191919191919194, 0.3284040403992239, 0.33648484848725674, 0.3431717171620841, 0.34929292929292927, 0.354888888890093, 0.3585858585834503, 0.36262626262867087, 0.3699797979846145, 0.3752323232371398, 0.3766666666570336, 0.38323232323954803, 0.39351515151635563, 0.3888888888864806, 0.3974141414141414, 0.40141414141173315]
test accuracy when lambda=0.5
[0.3741, 0.3839, 0.392, 0.3941, 0.3953, 0.4009, 0.4005, 0.4031, 0.4031, 0.4012, 0.3998, 0.4011, 0.3947, 0.4019, 0.3978, 0.4012, 0.3988, 0.399, 0.3986, 0.3993, 0.3991, 0.3979, 0.3976, 0.3954, 0.3921, 0.3921, 0.3932, 0.3953, 0.3951, 0.3925, 0.3959, 0.3929, 0.3918, 0.3868, 0.3892, 0.3888, 0.3832, 0.3856, 0.3848, 0.3894, 0.3882, 0.3872, 0.3898, 0.3831, 0.3855, 0.3866, 0.3807, 0.3841, 0.384, 0.382]
training accuracy when lambda=0.6
[0.12416161616522857, 0.13284848484908693, 0.13557575757937, 0.13957575757635965, 0.14202020202381443, 0.14365656565837187, 0.14751515151635564, 0.1501212121218142, 0.15482828282948696, 0.15884848485209724, 0.16307070707251328, 0.16777777778500258, 0.17490909091270332, 0.18153535353655767, 0.19175757576480057, 0.19882828282828283, 0.21391919192039605, 0.22456565657288138, 0.23694949495310735, 0.25248484848846087, 0.26381818181938593, 0.27767676767736976, 0.2921616161640244, 0.3054747474723392, 0.3183636363708612, 0.33189898990380645, 0.3426666666714832, 0.3555353535281287, 0.36658585858826687, 0.38359595959836784, 0.390202020209245, 0.3978383838407921, 0.4092929293001541, 0.418545454540638, 0.42907070705625744, 0.43472727272486444, 0.44341414141895796, 0.45377777777296124, 0.45781818181336525, 0.4653939393867146, 0.47173737373014896, 0.4791111111255607, 0.485535353530537, 0.4916161616089368, 0.4970101010028762, 0.5022020201972036, 0.5068888888888889, 0.5146262626262627, 0.5161818181818182, 0.5198989898893568]
test accuracy when lambda=0.6
[0.3818, 0.3951, 0.3938, 0.4007, 0.4, 0.4002, 0.404, 0.4059, 0.4072, 0.4056, 0.3963, 0.406, 0.4009, 0.4049, 0.408, 0.4031, 0.3968, 0.3993, 0.4008, 0.3961, 0.3901, 0.3905, 0.3839, 0.3858, 0.3856, 0.3846, 0.3792, 0.3761, 0.3758, 0.3798, 0.3772, 0.3767, 0.3784, 0.3716, 0.3759, 0.3753, 0.3711, 0.3727, 0.3749, 0.3732, 0.3709, 0.3729, 0.3736, 0.3731, 0.3792, 0.3724, 0.3678, 0.3734, 0.3743, 0.3768]
training accuracy when lambda=0.7
[0.12448484848545055, 0.1322020202056326, 0.1374747474783599, 0.1414949494949495, 0.1436161616179678, 0.14741414141504453, 0.15216161616251928, 0.15648484848725674, 0.16311111111291732, 0.17103030303391542, 0.1825858585906751, 0.19278787878908293, 0.20789898990019404, 0.22430303030543858, 0.24036363636604463, 0.25973737373857786, 0.28242424242544656, 0.2999191919216002, 0.3211919191895109, 0.34131313131072305, 0.36341414141534556, 0.3819595959644125, 0.4048080808080808, 0.4207676767652685, 0.43591919192160017, 0.4473939393843063, 0.4608080808104891, 0.4774141414069166, 0.49406060606301433, 0.5039595959644125, 0.5143232323160075, 0.5243030303174799, 0.5375757575902071, 0.5447272727272727, 0.555939393939394, 0.5637979798027963, 0.571494949499766, 0.5815555555603721, 0.5853737373641043, 0.5969898989947156, 0.5984444444444444, 0.6048282828234663, 0.6143838383838384, 0.6190101009956513, 0.6210101009956513, 0.6270707070658905, 0.6326868687013183, 0.6403232323087827, 0.6450101010149175, 0.6479393939345774]
test accuracy when lambda=0.7
[0.3669, 0.3944, 0.3988, 0.4007, 0.4108, 0.4184, 0.4147, 0.413, 0.4122, 0.4077, 0.4099, 0.404, 0.4034, 0.3963, 0.3963, 0.3893, 0.3888, 0.3783, 0.3732, 0.3699, 0.3725, 0.3686, 0.3611, 0.3628, 0.357, 0.3589, 0.3553, 0.3549, 0.3599, 0.3488, 0.3509, 0.3517, 0.3562, 0.3564, 0.3501, 0.3497, 0.347, 0.3495, 0.3508, 0.3456, 0.3489, 0.3479, 0.3495, 0.3487, 0.3514, 0.346, 0.3472, 0.3468, 0.3519, 0.3473]
training accuracy when lambda=0.8
[0.1209292929317012, 0.13232323232564058, 0.1368080808116932, 0.13979797979918393, 0.14503030303391543, 0.1525858585876648, 0.15874747474807682, 0.1667272727278748, 0.17804040404040403, 0.1929898989971238, 0.2082222222258346, 0.23121212121332535, 0.24955555555675968, 0.27707070707793185, 0.30430303030784683, 0.3313131313179479, 0.3521010101058266, 0.37943434343434346, 0.40422222222703874, 0.42345454544972894, 0.4467878787878788, 0.46709090909572565, 0.4880404040428123, 0.5043232323184158, 0.526585858581042, 0.5363030303078469, 0.5525252525180278, 0.5670707070851567, 0.5793333333309251, 0.5918585858682189, 0.6037171717123552, 0.6121818181721851, 0.6202828282852365, 0.6331515151370656, 0.6444040404088569, 0.6505050505146835, 0.658787878780654, 0.6632323232371398, 0.6742828282683787, 0.6809696969552473, 0.6848888888840724, 0.692585858571409, 0.699010101010101, 0.6996969697114193, 0.7099393939538435, 0.7124848484752154, 0.7181616161760658, 0.72359595958151, 0.7238181818085487, 0.7303030303126634]
test accuracy when lambda=0.8
[0.3592, 0.3878, 0.4062, 0.399, 0.4183, 0.4172, 0.4164, 0.415, 0.4107, 0.4051, 0.3778, 0.3858, 0.3672, 0.3629, 0.3608, 0.3521, 0.3431, 0.3423, 0.3386, 0.3238, 0.3284, 0.3207, 0.3217, 0.3162, 0.3195, 0.3202, 0.3138, 0.3114, 0.3167, 0.3146, 0.3145, 0.311, 0.3126, 0.3029, 0.307, 0.3042, 0.3059, 0.3072, 0.3086, 0.3116, 0.3074, 0.3079, 0.3069, 0.3059, 0.3109, 0.3107, 0.3116, 0.3169, 0.3093, 0.3069]
