training accuracy when lambda=0.3
[0.6584646464598299, 0.7563434343482509, 0.7768686868783199, 0.7896969696873366, 0.7957979797883468, 0.8048080808177139, 0.8112929292881128, 0.8141212121260286, 0.8193535353535354, 0.8241212121308452, 0.8279595959644125, 0.8296969697017862, 0.8336969696873366, 0.8372121212073047, 0.8389090908994579, 0.8414343434198939, 0.8423838383790219, 0.8449494949591281, 0.8462828282731952, 0.8511717171765337, 0.8503434343386178, 0.8537373737470068, 0.8528282828186498, 0.853979797989431, 0.8574949495045826, 0.8564242424097929, 0.8556161616306113, 0.8558383838335673, 0.8574747474699309, 0.8581212121356617, 0.8572727272775438, 0.8576969696921531, 0.8615151515296011, 0.8581212121260287, 0.8590505050456885, 0.8556363636411801, 0.8569696969745135, 0.8578585858441362, 0.8556969697114193, 0.8578181818278149, 0.8583232323184158, 0.855535353530537, 0.8553535353583519, 0.8569696969841466, 0.8517171717027221, 0.8493939393794898, 0.853555555541106, 0.855393939398756, 0.8518585858730354, 0.8510707070755236]
test accuracy when lambda=0.3
[0.3983, 0.411, 0.4119, 0.4197, 0.4226, 0.4201, 0.4202, 0.4229, 0.4278, 0.4269, 0.4227, 0.4217, 0.4314, 0.4293, 0.4246, 0.4303, 0.4278, 0.4265, 0.4287, 0.4291, 0.4292, 0.4297, 0.4314, 0.4263, 0.4317, 0.4294, 0.4311, 0.4267, 0.4272, 0.4336, 0.4282, 0.4327, 0.4328, 0.4284, 0.4261, 0.4288, 0.4334, 0.4299, 0.4274, 0.4287, 0.4317, 0.4282, 0.4306, 0.427, 0.4269, 0.4315, 0.4274, 0.429, 0.4278, 0.427]
training accuracy when lambda=0.4
[0.5900606060461564, 0.6788888888937055, 0.6944444444444444, 0.7062424242327912, 0.7111717171861668, 0.718909090918724, 0.7260000000048166, 0.7282424242520573, 0.7310707070562574, 0.7339595959740456, 0.7375959596055927, 0.7411919191822861, 0.7410303030399361, 0.7471717171620841, 0.7470909091005422, 0.7508888888744393, 0.7522828282924614, 0.7542424242327912, 0.7560404040548536, 0.7562424242472408, 0.7577373737518234, 0.7585656565608401, 0.7608686868590538, 0.7591515151418821, 0.7594343434198938, 0.7622626262626263, 0.7598585858730355, 0.7617373737229242, 0.7593535353390858, 0.7604444444540776, 0.7586868686724191, 0.7595959595959596, 0.7577575757672088, 0.7574747474602979, 0.756969696969697, 0.7560404040404041, 0.7559191919191919, 0.7555959595959596, 0.7554949495045825, 0.7527474747571078, 0.753555555541106, 0.7535757575805742, 0.7564242424146094, 0.7531313131409462, 0.7515555555651886, 0.7503434343434343, 0.7519999999855503, 0.7510505050601382, 0.7509898989802659, 0.7495757575709411]
test accuracy when lambda=0.4
[0.4079, 0.4176, 0.4297, 0.4299, 0.4366, 0.4414, 0.4436, 0.4344, 0.4419, 0.4463, 0.445, 0.4434, 0.443, 0.449, 0.4428, 0.4434, 0.4509, 0.4457, 0.4487, 0.4487, 0.4513, 0.4541, 0.4527, 0.4464, 0.4486, 0.4508, 0.4498, 0.4478, 0.451, 0.4486, 0.4506, 0.4506, 0.4529, 0.4525, 0.4466, 0.449, 0.4523, 0.4489, 0.4493, 0.4506, 0.4459, 0.4513, 0.4461, 0.4497, 0.4445, 0.4474, 0.4483, 0.4496, 0.4513, 0.4481]
training accuracy when lambda=0.5
[0.21852525253006908, 0.24593939393698566, 0.2530505050480968, 0.2620202020153855, 0.2633333333339354, 0.26967676767195115, 0.2732525252573418, 0.2770505050517092, 0.28121212121573363, 0.28317171716690065, 0.28789898989658164, 0.2919797979834104, 0.2960606060581978, 0.30084848484366833, 0.3054747474699309, 0.3107272727320893, 0.3150505050529133, 0.3220202020274268, 0.3267676767749016, 0.33242424242183416, 0.3403030303102551, 0.3454343434295269, 0.35197979798461454, 0.35818181818181816, 0.3656969697041945, 0.37309090908609255, 0.380202020209245, 0.3867272727224562, 0.39189898990380645, 0.40008080808803287, 0.40448484848966504, 0.4107676767676768, 0.4212525252428922, 0.4228686868662786, 0.4277979797979798, 0.43604040404762884, 0.44034343434343437, 0.4467474747426582, 0.45157575757094104, 0.45638383837902186, 0.45995959596200425, 0.4615959595959596, 0.4653737373737374, 0.4711515151466986, 0.4764848484992981, 0.4778585858489528, 0.4842828282876448, 0.48707070706107397, 0.48971717172439655, 0.4913939393843063]
test accuracy when lambda=0.5
[0.4226, 0.4366, 0.4387, 0.4525, 0.4612, 0.4609, 0.4678, 0.4643, 0.4713, 0.4609, 0.4608, 0.4723, 0.4728, 0.4734, 0.4788, 0.4774, 0.4734, 0.4779, 0.4688, 0.4702, 0.476, 0.4748, 0.4766, 0.4723, 0.4691, 0.4761, 0.4737, 0.4695, 0.4621, 0.4713, 0.468, 0.4658, 0.4651, 0.4673, 0.4598, 0.459, 0.4624, 0.4646, 0.4603, 0.463, 0.4575, 0.4577, 0.4558, 0.4579, 0.4599, 0.458, 0.4611, 0.4581, 0.4542, 0.4618]
training accuracy when lambda=0.6
[0.22101010101130514, 0.2503838383838384, 0.26090909090668263, 0.2703434343446385, 0.27701010100769274, 0.28355555555314726, 0.2886666666714832, 0.29488888889129716, 0.30179797979557155, 0.30822222222463047, 0.31383838383597557, 0.3201414141365976, 0.3274343434295269, 0.3345454545430463, 0.34286868687229927, 0.353191919199144, 0.3600808080783998, 0.3706464646512812, 0.3815353535257205, 0.38977777777296124, 0.4046060606108771, 0.41523232324677284, 0.42456565656806483, 0.4354343434271186, 0.4481414141438224, 0.4565858585834503, 0.46577777778018603, 0.47723232322269016, 0.4871515151563317, 0.4949696969745135, 0.5056161616185699, 0.5099393939442105, 0.5203030303174799, 0.5264444444396279, 0.53640404041849, 0.5422828282756035, 0.5492121212121213, 0.5542626262650345, 0.5611919191774696, 0.5638585858730355, 0.5717777777705529, 0.5731111111159276, 0.582020202020202, 0.5865656565656565, 0.5930303030158535, 0.5961414141414142, 0.595151515141882, 0.6029292929148433, 0.6037777777874108, 0.6071111111014781]
test accuracy when lambda=0.6
[0.4333, 0.4468, 0.4695, 0.4835, 0.479, 0.4837, 0.4913, 0.5007, 0.506, 0.5024, 0.4986, 0.5001, 0.5012, 0.5027, 0.5015, 0.5034, 0.4974, 0.4984, 0.4992, 0.4956, 0.4958, 0.4916, 0.4905, 0.4925, 0.4861, 0.4915, 0.4852, 0.4807, 0.4794, 0.4797, 0.4775, 0.4792, 0.48, 0.4803, 0.4744, 0.476, 0.4767, 0.473, 0.475, 0.4758, 0.4681, 0.4693, 0.4681, 0.4688, 0.4692, 0.4687, 0.4684, 0.4678, 0.4668, 0.4714]
training accuracy when lambda=0.7
[0.2220000000072248, 0.2569292929317012, 0.2725252525276608, 0.28472727273208925, 0.2944848484920733, 0.30268686868446043, 0.3124848484848485, 0.31852525252525254, 0.3275959595959596, 0.33391919191437536, 0.34438383837661357, 0.35139393939393937, 0.36307070707070704, 0.3715555555579638, 0.3844646464598299, 0.393292929290521, 0.4089898989874907, 0.4216363636411802, 0.4358383838335673, 0.4524242424194259, 0.4668080808128973, 0.4801010101034184, 0.48892929293410947, 0.5056565656541574, 0.5198383838383839, 0.5324040403992238, 0.5483030303078469, 0.5577979798076129, 0.5699595959499629, 0.5773131313083147, 0.5874141414093249, 0.5990909090764595, 0.6087272727272727, 0.6192121212265709, 0.6248484848629344, 0.6317979798027963, 0.6401414141510472, 0.6490909091053587, 0.6524040404088569, 0.6612727272727272, 0.6642424242351994, 0.6696767676767676, 0.677979797979798, 0.6771313131409462, 0.6862424242424242, 0.6886464646464646, 0.6953333333285168, 0.6973535353390857, 0.7041818181914512, 0.7070101010052845]
test accuracy when lambda=0.7
[0.4345, 0.4804, 0.4946, 0.5035, 0.5139, 0.5282, 0.529, 0.5397, 0.5354, 0.5365, 0.5355, 0.5383, 0.5413, 0.5383, 0.541, 0.5308, 0.5268, 0.5218, 0.5231, 0.5189, 0.5149, 0.5125, 0.5029, 0.4982, 0.4974, 0.4961, 0.4984, 0.4919, 0.4891, 0.4884, 0.4847, 0.4891, 0.4838, 0.4856, 0.4831, 0.485, 0.4847, 0.4779, 0.4827, 0.4748, 0.475, 0.4793, 0.4775, 0.4798, 0.4804, 0.4764, 0.474, 0.476, 0.4715, 0.4748]
training accuracy when lambda=0.8
[0.2154141414165497, 0.2621414141365976, 0.28145454545213716, 0.297191919199144, 0.31042424242424244, 0.3209090909066826, 0.3351111111129173, 0.3412525252531273, 0.350545454540638, 0.3613737373689208, 0.37040404039922387, 0.3848080808080808, 0.39608080808321633, 0.40892929291965985, 0.4229898989802659, 0.43824242423519943, 0.45529292929774584, 0.4725050505050505, 0.4863636363660446, 0.5040808080808081, 0.522646464632015, 0.5375555555700051, 0.5542020202068367, 0.5704040403968156, 0.5862020201923871, 0.6033333333429665, 0.614909090918724, 0.6292323232419563, 0.6440808080952577, 0.6559797979846145, 0.6608484848484848, 0.6719797979749814, 0.6822828282972779, 0.6947878787878788, 0.7037373737277407, 0.7123434343386178, 0.7190707070658905, 0.7257575757720254, 0.7288888888792558, 0.7345454545454545, 0.7461212121308451, 0.7509898989995321, 0.7552727272727273, 0.7626666666570336, 0.7666060606060606, 0.7722020201923872, 0.7729090908994578, 0.7783838383934715, 0.7825050505098671, 0.7857777777922273]
test accuracy when lambda=0.8
[0.4406, 0.4943, 0.5186, 0.5384, 0.547, 0.5755, 0.5686, 0.5701, 0.5748, 0.5737, 0.5606, 0.5582, 0.5573, 0.552, 0.5477, 0.5419, 0.5439, 0.5286, 0.5227, 0.5206, 0.5185, 0.5107, 0.5145, 0.5132, 0.5032, 0.5008, 0.5055, 0.4887, 0.4943, 0.4832, 0.4814, 0.488, 0.479, 0.4877, 0.4839, 0.4847, 0.4843, 0.4797, 0.4801, 0.4785, 0.4757, 0.4858, 0.4742, 0.4767, 0.4772, 0.4768, 0.4692, 0.477, 0.4718, 0.4745]
