training accuracy when lambda=0.3
[0.6508888888985219, 0.7555151515007019, 0.7781818181673685, 0.789999999990367, 0.7990505050408719, 0.8046060606156937, 0.8091515151515152, 0.8147878788023284, 0.8189898989898989, 0.8228282828186497, 0.8278383838383838, 0.8311515151611483, 0.8344848484752154, 0.8354949494853164, 0.8394343434295269, 0.8432525252669749, 0.8447272727224562, 0.8447676767821264, 0.8483030302885807, 0.8513939393891229, 0.8518585858682189, 0.852505050500234, 0.853959595969229, 0.8558989898941733, 0.8564242424194259, 0.8578181818326315, 0.8581414141269645, 0.8603838383693888, 0.8619393939393939, 0.8609494949639446, 0.8588484848340352, 0.8603232323087827, 0.8593131313034983, 0.8605454545454545, 0.859898989908623, 0.8592323232323232, 0.861656565642116, 0.8601616161712492, 0.86056565656084, 0.8581616161760658, 0.8572727272582776, 0.857151515141882, 0.8569090909235405, 0.8591111111159276, 0.8571313131264966, 0.8566060606108772, 0.854464646469463, 0.8550707070851566, 0.8536161616065285, 0.8539797979701649]
test accuracy when lambda=0.3
[0.4032, 0.4125, 0.421, 0.4268, 0.4293, 0.4273, 0.4292, 0.4234, 0.4318, 0.4206, 0.434, 0.4311, 0.4318, 0.4316, 0.4318, 0.4363, 0.4316, 0.4336, 0.4342, 0.4332, 0.4339, 0.44, 0.4387, 0.4387, 0.4369, 0.4364, 0.4367, 0.4402, 0.4374, 0.4335, 0.4333, 0.4351, 0.4374, 0.4348, 0.4378, 0.4342, 0.4349, 0.4351, 0.4321, 0.4405, 0.4352, 0.4358, 0.4336, 0.4354, 0.4339, 0.4376, 0.4321, 0.4315, 0.4349, 0.4336]
training accuracy when lambda=0.4
[0.5839191919143754, 0.6786666666570336, 0.6979797979653484, 0.7050909091005422, 0.71496969697933, 0.7187070707070707, 0.7261414141414141, 0.7305858586003082, 0.7330101010245507, 0.7361010101106432, 0.74103030302067, 0.7447272727128231, 0.7468080808177139, 0.749373737388187, 0.7523838383790219, 0.7513939393843063, 0.7544242424146094, 0.7553737373689209, 0.7568282828282829, 0.7594747474651145, 0.7604848484752154, 0.7599595959740456, 0.7624040403944073, 0.7616161616161616, 0.7632727272823604, 0.7640202020298351, 0.7641212121308452, 0.7631515151418821, 0.7622424242424243, 0.7646868686868686, 0.7639393939297608, 0.7626060605964275, 0.7627676767676768, 0.7627474747330252, 0.7635959595959596, 0.7597575757479427, 0.7609090908994578, 0.7595151515199681, 0.7599595959547795, 0.7607070707167037, 0.7601616161760658, 0.7592121212217543, 0.7594747474651145, 0.7590303030447526, 0.7577777777777778, 0.7575757575902072, 0.7562020202068367, 0.7565656565752896, 0.7551717171620841, 0.7533737373592878]
test accuracy when lambda=0.4
[0.4108, 0.4322, 0.427, 0.4386, 0.4374, 0.4457, 0.4394, 0.4468, 0.4428, 0.4439, 0.4468, 0.445, 0.4424, 0.452, 0.4476, 0.4468, 0.4508, 0.4487, 0.4533, 0.4457, 0.4538, 0.4505, 0.4526, 0.4531, 0.4501, 0.4494, 0.4499, 0.4501, 0.4448, 0.4465, 0.453, 0.4469, 0.4509, 0.4393, 0.4482, 0.4494, 0.4496, 0.4428, 0.4469, 0.4457, 0.4432, 0.4462, 0.4452, 0.4461, 0.4456, 0.4469, 0.4447, 0.4424, 0.4425, 0.444]
training accuracy when lambda=0.5
[0.2205050505050505, 0.24715151515873995, 0.25587878787637963, 0.26086868686868686, 0.2668080808092849, 0.2699595959644125, 0.27371717172078414, 0.2768484848460766, 0.28157575758298237, 0.28466666667389146, 0.288727272729681, 0.29228282828042, 0.2968282828355076, 0.30153535353535355, 0.3056969696969697, 0.30969696969215316, 0.3135555555531473, 0.3210101010076927, 0.32725252525975007, 0.33422222221740566, 0.34004040403317926, 0.34593939394180223, 0.35220202019720365, 0.3611313131337214, 0.3680606060581978, 0.3751111111183359, 0.37878787878306225, 0.3872525252573418, 0.39315151515151514, 0.404727272729681, 0.4090505050432802, 0.41282828283550765, 0.4198787878739713, 0.4247070706974376, 0.43028282828282827, 0.43612121212602867, 0.4426666666618501, 0.4449090909163157, 0.45145454544009583, 0.4520202020250186, 0.45933333332370024, 0.4627878787878788, 0.4695151515079267, 0.4729494949543115, 0.4763232323184158, 0.477838383831159, 0.4826060605988358, 0.48513131313612967, 0.490727272729681, 0.49250505050986704]
test accuracy when lambda=0.5
[0.4291, 0.4452, 0.4556, 0.4599, 0.4656, 0.4664, 0.4762, 0.4727, 0.4747, 0.4743, 0.4756, 0.4702, 0.48, 0.4789, 0.4745, 0.4795, 0.4801, 0.4741, 0.4756, 0.4777, 0.4776, 0.475, 0.4771, 0.475, 0.478, 0.471, 0.477, 0.4711, 0.4756, 0.476, 0.465, 0.4649, 0.47, 0.4693, 0.4624, 0.4633, 0.4653, 0.4627, 0.4622, 0.4636, 0.4636, 0.4626, 0.4581, 0.4589, 0.4593, 0.4573, 0.457, 0.4569, 0.4561, 0.4573]
training accuracy when lambda=0.6
[0.2238383838407921, 0.25406060606301434, 0.2653535353511271, 0.27159595959836785, 0.27812121211639557, 0.28440404040524453, 0.29103030303030303, 0.2988484848436683, 0.30236363635881985, 0.30834343434102607, 0.31169696969817384, 0.3204040404112652, 0.32531313131072304, 0.33353535354257835, 0.341979797979798, 0.3480404040452206, 0.35745454545574956, 0.3671313131325173, 0.3748888888961137, 0.38678787879510357, 0.3961212121139873, 0.4048484848436683, 0.4174141414141414, 0.42874747475469954, 0.43874747474024994, 0.44927272727272727, 0.4577777777777778, 0.46694949494949495, 0.47892929293651776, 0.4861212121139873, 0.49480808079844774, 0.506505050509867, 0.5145454545478628, 0.5233131313179479, 0.5292929293073789, 0.5385656565801061, 0.5404848484992981, 0.5486868686724191, 0.5556363636411802, 0.5575151515296011, 0.5644242424194259, 0.5671919191822861, 0.578505050509867, 0.5826262626407123, 0.583535353530537, 0.5894747474771558, 0.5933333333381499, 0.5966464646609143, 0.6020202020057525, 0.6066666666570336]
test accuracy when lambda=0.6
[0.4351, 0.4597, 0.472, 0.4785, 0.4847, 0.4928, 0.5111, 0.5059, 0.4977, 0.5011, 0.502, 0.5072, 0.5027, 0.5031, 0.5034, 0.5091, 0.5025, 0.5014, 0.5039, 0.5018, 0.5037, 0.496, 0.4952, 0.4939, 0.4924, 0.489, 0.4945, 0.4885, 0.4894, 0.4898, 0.4898, 0.488, 0.486, 0.4823, 0.4784, 0.4806, 0.4791, 0.4809, 0.4737, 0.4761, 0.4712, 0.4715, 0.4757, 0.4705, 0.4747, 0.4715, 0.4658, 0.4684, 0.4697, 0.4669]
training accuracy when lambda=0.7
[0.22357575757936998, 0.2588080808080808, 0.2701616161567996, 0.28212121212843694, 0.29335353535353537, 0.3034747474723392, 0.31004040404040406, 0.31927272727513556, 0.32656565656565656, 0.33474747474747474, 0.343797979790755, 0.3524646464622382, 0.3608686868662786, 0.37012121212121213, 0.38240404040644865, 0.3941414141390059, 0.40719191919432746, 0.41767676767917594, 0.43412121212362037, 0.44884848484126005, 0.460505050500234, 0.47626262625780974, 0.49137373737614565, 0.5059999999927752, 0.5166666666811163, 0.5322020201947953, 0.5416363636508132, 0.5547474747378417, 0.5672525252453005, 0.5788888888840723, 0.5857777777922274, 0.5961414141317811, 0.6062828282876448, 0.618424242438692, 0.6225050505122753, 0.6307676767773098, 0.6352727272630943, 0.6442828282876448, 0.6505656565801061, 0.6580606060654226, 0.6632929292881128, 0.6669292929437426, 0.6723636363588198, 0.6778181818181818, 0.6841818181770016, 0.6864444444588941, 0.6917171717219882, 0.696383838398288, 0.7002424242279747, 0.7019595959644125]
test accuracy when lambda=0.7
[0.4386, 0.466, 0.4912, 0.5014, 0.5232, 0.5293, 0.5309, 0.5336, 0.5397, 0.54, 0.5332, 0.5295, 0.5355, 0.5293, 0.5303, 0.5268, 0.5286, 0.5211, 0.5237, 0.5178, 0.5153, 0.5123, 0.5022, 0.5033, 0.5042, 0.5028, 0.5021, 0.4926, 0.4958, 0.4863, 0.4938, 0.4836, 0.4849, 0.4886, 0.491, 0.4869, 0.4896, 0.4882, 0.4865, 0.4866, 0.4844, 0.4812, 0.4838, 0.4815, 0.4829, 0.4799, 0.4862, 0.4816, 0.4809, 0.4791]
training accuracy when lambda=0.8
[0.22010101010221422, 0.2653535353541374, 0.28321212120971295, 0.29925252525252527, 0.31171717171476343, 0.32591919191919194, 0.33305050505050504, 0.34466666665944184, 0.3540606060654226, 0.3648888888937054, 0.37339393938912285, 0.38404040403317924, 0.3998787878787879, 0.4126262626262626, 0.4267676767652685, 0.44125252525252523, 0.4573333333357416, 0.47545454546899507, 0.4920000000144496, 0.5087070706974376, 0.5252929292832962, 0.5416363636363636, 0.5556161616257946, 0.5746262626407123, 0.5902020201923871, 0.6026060606108772, 0.6193333333188837, 0.6308282828186498, 0.6442424242520574, 0.6549090909235405, 0.6637171717099469, 0.6754545454400959, 0.6862424242424242, 0.6929090909090909, 0.7041818181818181, 0.7113939393794898, 0.7163232323232324, 0.7245656565752896, 0.7304646464742796, 0.7398585858441362, 0.7435959595863265, 0.7458787878691548, 0.7583030303078468, 0.7559191919191919, 0.7665656565656566, 0.7692323232419563, 0.7733737373881869, 0.7752525252573418, 0.7806868686868687, 0.7867070707167038]
test accuracy when lambda=0.8
[0.4507, 0.4865, 0.5144, 0.544, 0.5469, 0.5616, 0.5678, 0.5653, 0.5711, 0.5638, 0.5658, 0.5596, 0.5602, 0.5466, 0.5401, 0.5336, 0.5328, 0.5314, 0.523, 0.5173, 0.5083, 0.5006, 0.5051, 0.4997, 0.4921, 0.4854, 0.4968, 0.4909, 0.4918, 0.4838, 0.4795, 0.4814, 0.4835, 0.4776, 0.4826, 0.4782, 0.4725, 0.4756, 0.474, 0.4757, 0.4778, 0.4667, 0.472, 0.4763, 0.4751, 0.4781, 0.4761, 0.4676, 0.4697, 0.4748]
