[array([    4,    47,    62,   139,   160,   184,   189,   191,   221,
         261,   324,   350,   373,   390,   403,   519,   522,   548,
         549,   569,   626,   667,   710,   755,   771,   787,   820,
         860,   863,   933,   964,  1003,  1047,  1071,  1097,  1132,
        1153,  1172,  1219,  1245,  1251,  1363,  1370,  1371,  1386,
        1467,  1496,  1545,  1784,  1849,  1959,  1982,  1989,  2017,
        2021,  2089,  2096,  2114,  2146,  2151,  2156,  2174,  2177,
        2257,  2329,  2444,  2533,  2558,  2573,  2594,  2637,  2686,
        2775,  2797,  2856,  2893,  2905,  2984,  3014,  3033,  3060,
        3096,  3105,  3144,  3279,  3298,  3322,  3327,  3366,  3392,
        3452,  3501,  3535,  3612,  3665,  3687,  3708,  3723,  3848,
        3871,  3917,  3938,  3971,  4002,  4196,  4237,  4255,  4336,
        4346,  4417,  4429,  4534,  4554,  4614,  4669,  4680,  4714,
        4768,  4804,  4807,  4808,  4816,  4847,  4879,  4914,  4923,
        4931,  4935,  4944,  5044,  5047,  5053,  5077,  5136,  5148,
        5172,  5196,  5228,  5251,  5298,  5328,  5345,  5429,  5465,
        5495,  5529,  5549,  5691,  5742,  5755,  5817,  5877,  5880,
        6000,  6009,  6061,  6108,  6130,  6131,  6161,  6189,  6206,
        6279,  6312,  6348,  6370,  6455,  6555,  6568,  6640,  6655,
        6664,  6724,  6732,  6742,  6766,  6771,  6797,  6829,  6832,
        6833,  6838,  6876,  6888,  6910,  6922,  6971,  6980,  6998,
        7027,  7043,  7086,  7113,  7161,  7170,  7178,  7212,  7217,
        7302,  7315,  7357,  7373,  7422,  7513,  7534,  7667,  7671,
        7724,  7836,  7910,  7946,  7968,  8086,  8118,  8165,  8201,
        8246,  8301,  8339,  8341,  8385,  8428,  8435,  8441,  8442,
        8533,  8587,  8646,  8678,  8722,  8766,  8864,  8946,  8965,
        8973,  9032,  9063,  9069,  9101,  9138,  9317,  9334,  9381,
        9395,  9429,  9462,  9530,  9552,  9603,  9636,  9653,  9771,
        9788,  9827,  9877,  9921,  9968,  9971, 10001, 10005, 10022,
       10041, 10056, 10093, 10215, 10219, 10236, 10239, 10242, 10283,
       10358, 10377, 10415, 10428, 10555, 10573, 10580, 10588, 10602,
       10608, 10621, 10704, 10826, 10863, 10872, 10877, 10884, 10902,
       10910, 10946, 10983, 11044, 11045, 11054, 11055, 11068, 11073,
       11139, 11143, 11156, 11221, 11272, 11322, 11381, 11405, 11460,
       11468, 11489, 11518, 11557, 11563, 11564, 11576, 11583, 11682,
       11687, 11752, 11794, 11795, 11832, 11836, 11981, 12040, 12093,
       12181, 12214, 12237, 12286, 12287, 12289, 12307, 12374, 12386,
       12421, 12464, 12484, 12505, 12553, 12624, 12648, 12649, 12683,
       12685, 12707, 12711, 12712, 12738, 12743, 12768, 12784, 12788,
       12837, 12918, 12956, 12961, 12972, 12993, 13034, 13052, 13150,
       13230, 13238, 13263, 13279, 13324, 13365, 13444, 13446, 13452,
       13453, 13457, 13498, 13541, 13543, 13553, 13564, 13588, 13609,
       13714, 13747, 13840, 13865, 13875, 13916, 14040, 14047, 14064,
       14074, 14137, 14183, 14221, 14276, 14293, 14307, 14431, 14441,
       14449, 14498, 14577, 14601, 14718, 14720, 14739, 14760, 14851,
       14957, 15081, 15084, 15165, 15172, 15210, 15211, 15297, 15469,
       15515, 15520, 15527, 15555, 15560, 15607, 15634, 15669, 15673,
       15722, 15802, 15866, 15888, 15907, 15924, 15925, 15935, 15994,
       16004, 16173, 16175, 16220, 16303, 16339, 16459, 16479, 16521,
       16526, 16726, 16731, 16780, 16821, 16841, 16848, 16856, 16894,
       16970, 16977, 16994, 17007, 17028, 17077, 17082, 17150, 17209,
       17217, 17265, 17305, 17413, 17422, 17444, 17445, 17450, 17553,
       17555, 17608, 17645, 17667, 17698, 17750, 17803, 17853, 17893,
       17928, 17932, 17933, 17960, 17983, 17986, 18033, 18056, 18078,
       18117, 18191, 18199, 18269, 18321, 18366, 18370, 18419, 18479,
       18514, 18531, 18579, 18588, 18611, 18617, 18721, 18734, 18737,
       18762, 18776, 18875, 18918, 18927, 18996, 19053, 19055, 19138,
       19159, 19203, 19213, 19386, 19402, 19404, 19477, 19511, 19530,
       19545, 19625, 19730, 19749, 19764, 19774, 19835, 19873, 19942,
       20090, 20092, 20120, 20126, 20142, 20144, 20259, 20294, 20299,
       20363, 20408, 20441, 20443, 20492, 20506, 20546, 20601, 20630,
       20698, 20731, 20765, 20816, 20852, 20859, 20898, 20921, 20927,
       20956, 20982, 21043, 21080, 21082, 21145, 21159, 21160, 21167,
       21256, 21323, 21374, 21411, 21414, 21422, 21546, 21588, 21618,
       21677, 21681, 21729, 21773, 21786, 21798, 21903, 21915, 21921,
       22194, 22223, 22282, 22306, 22357, 22381, 22394, 22448, 22462,
       22550, 22557, 22595, 22683, 22709, 22718, 22720, 22775, 22807,
       22935, 22947, 22983, 23018, 23036, 23038, 23065, 23071, 23138,
       23172, 23218, 23297, 23298, 23301, 23334, 23452, 23525, 23576,
       23578, 23597, 23613, 23641, 23665, 23680, 23848, 23894, 23916,
       23933, 23956, 23970, 24047, 24091, 24166, 24187, 24207, 24208,
       24279, 24339, 24389, 24428, 24438, 24439, 24509, 24516, 24655,
       24739, 24760, 24778, 24790, 24819, 24835, 24870, 24879, 24934,
       25023, 25071, 25092, 25096, 25136, 25143, 25213, 25260, 25275,
       25299, 25308, 25360, 25459, 25470, 25490, 25595, 25628, 25663,
       25682, 25725, 25753, 25783, 25845, 25884, 25907, 25925, 25951,
       25962, 25975, 25976, 25987, 25991, 26084, 26186, 26219, 26246,
       26263, 26269, 26278, 26321, 26338, 26374, 26394, 26397, 26402,
       26408, 26414, 26424, 26530, 26650, 26678, 26720, 26771, 26781,
       26792, 26848, 26894, 26951, 26964, 26975, 26984, 27060, 27062,
       27064, 27136, 27168, 27178, 27218, 27231, 27333, 27360, 27391,
       27403, 27416, 27427, 27580, 27697, 27725, 27734, 27749, 27753,
       27781, 27829, 27842, 27854, 27867, 27917, 27979, 27991, 28059,
       28124, 28143, 28148, 28203, 28219, 28227, 28258, 28274, 28392,
       28397, 28417, 28453, 28478, 28551, 28554, 28627, 28687, 28755,
       28791, 28858, 28879, 28880, 28903, 28989, 29018, 29030, 29035,
       29042, 29082, 29109, 29123, 29130, 29195, 29202, 29245, 29259,
       29283, 29358, 29373, 29407, 29444, 29518, 29547, 29577, 29592,
       29606, 29616, 29626, 29631, 29651, 29656, 29681, 29766, 29817,
       29835, 29853, 29864, 29904, 29986, 30049, 30113, 30128, 30160,
       30171, 30213, 30232, 30289, 30374, 30405, 30433, 30475, 30494,
       30531, 30619, 30624, 30648, 30653, 30738, 30780, 30788, 30789,
       30837, 30952, 31001, 31015, 31052, 31061, 31074, 31208, 31235,
       31247, 31287, 31326, 31342, 31360, 31410, 31419, 31495, 31597,
       31607, 31608, 31624, 31658, 31673, 31728, 31769, 31791, 31855,
       31958, 31986, 31990, 32008, 32045, 32117, 32140, 32196, 32239,
       32250, 32297, 32339, 32359, 32382, 32394, 32450, 32599, 32643,
       32645, 32653, 32736, 32757, 32761, 32773, 32775, 32783, 32809,
       32828, 32887, 32925, 33020, 33064, 33178, 33187, 33227, 33229,
       33296, 33412, 33419, 33471, 33538, 33562, 33598, 33687, 33721,
       33736, 33740, 33744, 33751, 33755, 33788, 33822, 33863, 33935,
       33946, 34053, 34054, 34097, 34104, 34131, 34174, 34193, 34257,
       34262, 34266, 34288, 34314, 34389, 34395, 34405, 34426, 34529,
       34634, 34657, 34659, 34679, 34726, 34818, 34842, 34885, 34890,
       34935, 34942, 34999, 35002, 35074, 35128, 35133, 35173, 35209,
       35255, 35257, 35262, 35323, 35442, 35460, 35515, 35519, 35657,
       35862, 35895, 35932, 35957, 36021, 36023, 36057, 36060, 36084,
       36111, 36130, 36177, 36211, 36336, 36353, 36377, 36389, 36396,
       36401, 36411, 36429, 36450, 36524, 36539, 36541, 36561, 36569,
       36572, 36583, 36605, 36674, 36690, 36700, 36708, 36795, 36809,
       36906, 36938, 36948, 37035, 37082, 37122, 37123, 37146, 37169,
       37213, 37259, 37304, 37428, 37432, 37501, 37516, 37611, 37620,
       37691, 37731, 37737, 37746, 37764, 37810, 37863, 37886, 37927,
       37941, 37948, 37964, 37973, 37988, 38006, 38058, 38079, 38082,
       38099, 38128, 38165, 38166, 38188, 38208, 38264, 38277, 38290,
       38347, 38348, 38416, 38435, 38452, 38456, 38481, 38519, 38541,
       38565, 38568, 38648, 38654, 38720, 38733, 38756, 38822, 38866,
       38875, 38879, 38960, 38970, 38982, 38995, 39047, 39057, 39069,
       39071, 39153, 39198, 39200, 39229, 39235, 39280, 39315, 39370,
       39399, 39401, 39458, 39465, 39475, 39501, 39519, 39561, 39575,
       39629, 39655, 39675, 39696, 39735, 39863, 39874, 39895, 39923,
       39939, 39950, 40086, 40115, 40128, 40181, 40194, 40247, 40257,
       40302, 40340, 40382, 40583, 40588, 40628, 40663, 40668, 40816,
       40831, 40879, 40886, 40928, 41010, 41021, 41054, 41164, 41166,
       41179, 41221, 41245, 41268, 41289, 41308, 41350, 41365, 41425,
       41447, 41453, 41500, 41522, 41637, 41651, 41654, 41718, 41744,
       41745, 41765, 41785, 41790, 41797, 41818, 41848, 41905, 41979,
       42034, 42047, 42086, 42185, 42269, 42270, 42295, 42310, 42368,
       42396, 42517, 42580, 42593, 42623, 42659, 42669, 42722, 42734,
       42858, 42861, 42914, 42953, 42978, 42992, 43074, 43077, 43173,
       43178, 43180, 43187, 43212, 43222, 43242, 43272, 43296, 43419,
       43453, 43548, 43582, 43622, 43676, 43715, 43718, 43752, 43775,
       43781, 43936, 43976, 43999, 44005, 44038, 44062, 44089, 44165,
       44222, 44238, 44249, 44260, 44329, 44336, 44345, 44369, 44393,
       44444, 44446, 44492, 44506, 44522, 44580, 44714, 44715, 44785,
       44876, 44905, 44937, 45087, 45101, 45126, 45157, 45169, 45175,
       45184, 45265, 45329, 45385, 45416, 45451, 45466, 45498, 45528,
       45552, 45559, 45629, 45754, 45790, 45814, 45839, 45855, 45879,
       45884, 45931, 45953, 45959, 45975, 45982, 46004, 46028, 46039,
       46125, 46176, 46209, 46232, 46249, 46283, 46294, 46297, 46361,
       46427, 46432, 46437, 46465, 46525, 46555, 46561, 46598, 46702,
       46719, 46885, 46914, 46983, 47010, 47065, 47130, 47141, 47148,
       47165, 47184, 47190, 47211, 47226, 47290, 47333, 47345, 47349,
       47360, 47385, 47401, 47505, 47520, 47558, 47605, 47649, 47776,
       47777, 47794, 47804, 47857, 47879, 47952, 47962, 47977, 47981,
       47989, 48020, 48070, 48097, 48100, 48114, 48158, 48164, 48241,
       48242, 48271, 48309, 48353, 48387, 48389, 48392, 48420, 48426,
       48474, 48478, 48503, 48512, 48519, 48612, 48656, 48672, 48679,
       48692, 48696, 48703, 48706, 48713, 48765, 48846, 48854, 48867,
       48881, 48883, 48902, 48925, 48937, 48942, 48972, 48984, 49006,
       49131, 49157, 49159, 49236, 49246, 49248, 49254, 49266, 49406,
       49456, 49461, 49469, 49486, 49496, 49499]), array([   47,    62,   139,   189,   191,   221,   243,   261,   324,
         350,   377,   445,   548,   559,   626,   667,   710,   755,
         771,   787,   805,   820,   863,   964,  1003,  1006,  1036,
        1047,  1049,  1071,  1097,  1132,  1153,  1219,  1245,  1251,
        1363,  1371,  1385,  1386,  1467,  1496,  1545,  1784,  1849,
        1959,  1982,  1989,  2017,  2082,  2096,  2114,  2146,  2151,
        2156,  2157,  2174,  2177,  2250,  2257,  2329,  2365,  2533,
        2558,  2573,  2615,  2686,  2775,  2795,  2797,  2856,  2893,
        2984,  3014,  3033,  3060,  3096,  3105,  3279,  3298,  3327,
        3392,  3501,  3522,  3535,  3665,  3708,  3848,  3871,  3938,
        4002,  4196,  4237,  4244,  4255,  4261,  4392,  4534,  4554,
        4680,  4714,  4763,  4768,  4790,  4804,  4807,  4808,  4816,
        4847,  4879,  4914,  4931,  4935,  4944,  5047,  5053,  5077,
        5136,  5148,  5167,  5196,  5228,  5251,  5287,  5298,  5328,
        5429,  5472,  5495,  5529,  5549,  5755,  5817,  5877,  5880,
        5934,  6000,  6009,  6061,  6108,  6131,  6161,  6189,  6206,
        6312,  6348,  6455,  6555,  6568,  6640,  6655,  6664,  6724,
        6742,  6756,  6766,  6771,  6797,  6832,  6833,  6876,  6910,
        6922,  7024,  7170,  7178,  7212,  7302,  7315,  7357,  7422,
        7513,  7534,  7563,  7667,  7671,  7724,  7836,  7946,  7968,
        8057,  8118,  8165,  8201,  8246,  8341,  8385,  8441,  8442,
        8533,  8580,  8687,  8722,  8766,  8804,  8946,  8965,  8973,
        9032,  9069,  9138,  9253,  9317,  9334,  9381,  9395,  9429,
        9462,  9464,  9552,  9603,  9636,  9653,  9827,  9921,  9945,
        9968,  9971, 10005, 10041, 10093, 10215, 10236, 10239, 10283,
       10303, 10358, 10377, 10555, 10573, 10588, 10602, 10608, 10621,
       10704, 10863, 10871, 10872, 10877, 10884, 10910, 10971, 10983,
       11054, 11055, 11143, 11156, 11203, 11221, 11381, 11405, 11460,
       11468, 11489, 11518, 11557, 11563, 11564, 11583, 11682, 11687,
       11752, 11794, 11795, 11836, 11953, 11975, 11981, 12040, 12093,
       12181, 12237, 12286, 12287, 12289, 12307, 12374, 12386, 12421,
       12464, 12484, 12505, 12553, 12624, 12648, 12649, 12683, 12685,
       12711, 12712, 12738, 12743, 12768, 12784, 12788, 12918, 12956,
       12961, 12972, 12983, 12993, 13034, 13052, 13150, 13230, 13238,
       13279, 13324, 13365, 13446, 13453, 13457, 13498, 13541, 13543,
       13553, 13564, 13588, 13617, 13714, 13747, 13840, 13875, 13896,
       13916, 13989, 14015, 14040, 14047, 14137, 14183, 14221, 14293,
       14307, 14431, 14449, 14487, 14498, 14533, 14601, 14718, 14720,
       14724, 14739, 14760, 14780, 14851, 15042, 15081, 15084, 15165,
       15172, 15196, 15210, 15217, 15297, 15469, 15515, 15520, 15527,
       15555, 15607, 15634, 15669, 15673, 15709, 15722, 15752, 15866,
       15879, 15886, 15888, 15907, 15935, 15967, 15994, 16173, 16175,
       16220, 16253, 16303, 16339, 16459, 16479, 16521, 16529, 16731,
       16746, 16821, 16841, 16856, 16894, 16994, 17007, 17077, 17082,
       17150, 17178, 17217, 17265, 17305, 17413, 17422, 17444, 17445,
       17450, 17524, 17555, 17608, 17645, 17667, 17698, 17707, 17853,
       17924, 17928, 17933, 17948, 17960, 17983, 18033, 18056, 18078,
       18188, 18191, 18199, 18269, 18321, 18366, 18414, 18479, 18480,
       18518, 18520, 18531, 18533, 18579, 18588, 18617, 18721, 18737,
       18875, 18918, 18927, 18996, 19053, 19055, 19138, 19159, 19203,
       19213, 19386, 19402, 19404, 19462, 19477, 19511, 19530, 19545,
       19546, 19603, 19625, 19730, 19749, 19774, 19835, 19873, 19942,
       20001, 20092, 20126, 20142, 20144, 20253, 20294, 20299, 20363,
       20443, 20492, 20506, 20546, 20552, 20611, 20630, 20698, 20731,
       20743, 20765, 20815, 20816, 20852, 20859, 20898, 20921, 20927,
       20956, 20982, 21043, 21080, 21082, 21145, 21159, 21160, 21167,
       21256, 21323, 21374, 21411, 21414, 21422, 21447, 21486, 21588,
       21618, 21677, 21681, 21729, 21903, 21915, 21921, 22239, 22264,
       22282, 22357, 22381, 22448, 22462, 22550, 22557, 22718, 22720,
       22881, 22889, 22947, 22983, 23018, 23036, 23038, 23065, 23071,
       23138, 23172, 23218, 23297, 23298, 23301, 23334, 23452, 23576,
       23613, 23629, 23641, 23665, 23814, 23894, 23916, 23956, 23970,
       24047, 24091, 24166, 24187, 24207, 24208, 24279, 24314, 24315,
       24339, 24389, 24438, 24439, 24516, 24655, 24733, 24739, 24760,
       24778, 24790, 24819, 24835, 24857, 24870, 24934, 25023, 25071,
       25136, 25143, 25213, 25260, 25275, 25299, 25308, 25315, 25360,
       25459, 25470, 25478, 25485, 25490, 25563, 25595, 25628, 25663,
       25725, 25753, 25783, 25877, 25884, 25907, 25925, 25951, 25962,
       25976, 25991, 26051, 26084, 26093, 26186, 26219, 26263, 26269,
       26278, 26321, 26394, 26402, 26408, 26432, 26530, 26650, 26678,
       26720, 26771, 26792, 26894, 26951, 26964, 26975, 26984, 27060,
       27136, 27178, 27360, 27416, 27427, 27476, 27570, 27580, 27645,
       27698, 27722, 27749, 27753, 27829, 27842, 27847, 27848, 27867,
       27917, 27979, 27991, 28108, 28124, 28130, 28143, 28148, 28219,
       28258, 28274, 28310, 28363, 28397, 28478, 28517, 28551, 28627,
       28687, 28755, 28858, 28879, 28880, 28903, 28965, 28989, 29018,
       29019, 29030, 29035, 29042, 29082, 29109, 29123, 29157, 29177,
       29195, 29202, 29245, 29259, 29283, 29373, 29394, 29407, 29444,
       29480, 29577, 29592, 29606, 29616, 29626, 29631, 29656, 29681,
       29766, 29817, 29835, 29853, 29904, 29986, 29995, 30049, 30113,
       30128, 30160, 30171, 30202, 30232, 30289, 30346, 30374, 30405,
       30494, 30531, 30547, 30619, 30624, 30738, 30780, 30788, 30837,
       30952, 31001, 31015, 31052, 31061, 31074, 31107, 31208, 31235,
       31247, 31287, 31295, 31317, 31342, 31360, 31375, 31410, 31419,
       31495, 31525, 31597, 31608, 31624, 31658, 31763, 31769, 31986,
       31990, 32008, 32045, 32139, 32140, 32186, 32223, 32239, 32250,
       32297, 32394, 32450, 32581, 32599, 32643, 32653, 32757, 32761,
       32773, 32783, 32809, 32819, 32887, 32925, 32995, 33064, 33157,
       33178, 33206, 33227, 33296, 33404, 33412, 33419, 33538, 33562,
       33586, 33598, 33687, 33740, 33751, 33755, 33782, 33788, 33822,
       33861, 33863, 33936, 34036, 34053, 34054, 34097, 34121, 34131,
       34174, 34193, 34257, 34262, 34266, 34288, 34389, 34395, 34405,
       34529, 34634, 34657, 34659, 34679, 34726, 34840, 34890, 34935,
       34999, 35002, 35012, 35074, 35128, 35133, 35185, 35209, 35255,
       35257, 35262, 35299, 35323, 35361, 35442, 35460, 35515, 35519,
       35657, 35779, 35862, 35895, 35932, 35957, 36023, 36060, 36076,
       36084, 36111, 36130, 36177, 36183, 36353, 36364, 36377, 36378,
       36396, 36401, 36411, 36429, 36495, 36524, 36539, 36541, 36561,
       36569, 36572, 36583, 36674, 36700, 36708, 36795, 36809, 36876,
       36906, 36938, 36948, 37082, 37122, 37123, 37213, 37289, 37304,
       37311, 37432, 37516, 37620, 37707, 37731, 37746, 37764, 37810,
       37863, 37927, 37941, 37964, 37988, 38006, 38043, 38058, 38079,
       38099, 38117, 38128, 38188, 38208, 38264, 38277, 38290, 38321,
       38345, 38347, 38435, 38452, 38481, 38565, 38568, 38654, 38720,
       38756, 38822, 38866, 38875, 38879, 38970, 38995, 39047, 39057,
       39069, 39071, 39153, 39198, 39229, 39235, 39280, 39401, 39458,
       39465, 39475, 39501, 39519, 39561, 39575, 39629, 39655, 39675,
       39696, 39794, 39863, 39874, 39895, 39939, 39950, 39994, 40061,
       40086, 40115, 40127, 40128, 40181, 40194, 40247, 40257, 40273,
       40297, 40302, 40363, 40382, 40420, 40583, 40588, 40628, 40659,
       40670, 40683, 40823, 40849, 40879, 40886, 40928, 40933, 41000,
       41010, 41021, 41032, 41054, 41164, 41166, 41179, 41209, 41221,
       41268, 41289, 41308, 41350, 41425, 41453, 41500, 41522, 41637,
       41654, 41718, 41744, 41745, 41754, 41765, 41785, 41790, 41797,
       41818, 41827, 41829, 41848, 41897, 41905, 42047, 42086, 42185,
       42269, 42270, 42295, 42310, 42368, 42396, 42525, 42580, 42623,
       42669, 42722, 42858, 42861, 42912, 42953, 42978, 42992, 43074,
       43173, 43212, 43242, 43272, 43296, 43419, 43548, 43582, 43622,
       43654, 43676, 43715, 43752, 43781, 43936, 43976, 43999, 44005,
       44038, 44062, 44088, 44089, 44125, 44222, 44226, 44238, 44249,
       44260, 44328, 44329, 44336, 44345, 44369, 44393, 44444, 44446,
       44492, 44506, 44522, 44580, 44714, 44715, 44785, 44876, 44905,
       44937, 45087, 45157, 45169, 45184, 45265, 45329, 45416, 45451,
       45498, 45528, 45552, 45582, 45588, 45629, 45739, 45754, 45790,
       45814, 45839, 45879, 45884, 45931, 45933, 45953, 45975, 45982,
       46004, 46028, 46207, 46209, 46249, 46283, 46297, 46427, 46465,
       46525, 46555, 46561, 46702, 46719, 46885, 46983, 47065, 47130,
       47141, 47148, 47184, 47190, 47211, 47226, 47290, 47313, 47315,
       47333, 47345, 47349, 47360, 47401, 47505, 47520, 47558, 47605,
       47750, 47776, 47777, 47794, 47804, 47857, 47879, 47952, 47977,
       47981, 47989, 48009, 48020, 48097, 48114, 48158, 48164, 48241,
       48242, 48271, 48309, 48353, 48387, 48389, 48392, 48420, 48426,
       48474, 48503, 48512, 48519, 48612, 48656, 48672, 48679, 48689,
       48692, 48696, 48703, 48707, 48713, 48765, 48846, 48854, 48881,
       48883, 48924, 48937, 48942, 48972, 49073, 49159, 49236, 49246,
       49248, 49254, 49266, 49456, 49461, 49469, 49496, 49499]), array([   47,    62,   139,   189,   191,   221,   243,   324,   350,
         377,   445,   548,   549,   559,   561,   626,   667,   710,
         771,   787,   805,   863,   964,  1003,  1047,  1049,  1071,
        1097,  1132,  1153,  1219,  1245,  1363,  1371,  1380,  1385,
        1386,  1467,  1496,  1545,  1784,  1849,  1959,  1982,  1989,
        2017,  2082,  2096,  2114,  2146,  2151,  2157,  2174,  2177,
        2250,  2257,  2329,  2444,  2533,  2558,  2573,  2615,  2649,
        2686,  2775,  2795,  2797,  2856,  2893,  2984,  3014,  3033,
        3096,  3105,  3298,  3309,  3327,  3392,  3422,  3501,  3535,
        3708,  3848,  3871,  3917,  3938,  4002,  4196,  4237,  4244,
        4255,  4261,  4392,  4499,  4534,  4554,  4669,  4680,  4714,
        4763,  4768,  4804,  4807,  4808,  4816,  4914,  4931,  4935,
        4944,  5047,  5053,  5148,  5196,  5228,  5251,  5287,  5298,
        5328,  5429,  5495,  5529,  5549,  5754,  5755,  5817,  5880,
        5934,  6000,  6009,  6061,  6161,  6189,  6206,  6279,  6312,
        6348,  6455,  6555,  6640,  6641,  6655,  6664,  6724,  6742,
        6766,  6771,  6797,  6832,  6833,  6876,  6907,  6910,  6922,
        7024,  7170,  7178,  7212,  7224,  7273,  7302,  7315,  7357,
        7373,  7422,  7459,  7513,  7534,  7563,  7667,  7724,  7836,
        7946,  7968,  8057,  8086,  8118,  8152,  8165,  8201,  8246,
        8301,  8341,  8346,  8385,  8428,  8441,  8442,  8533,  8580,
        8892,  8946,  8965,  8973,  9032,  9069,  9138,  9251,  9253,
        9334,  9381,  9395,  9429,  9462,  9464,  9552,  9603,  9636,
        9921,  9945,  9971, 10005, 10041, 10093, 10215, 10236, 10239,
       10283, 10303, 10358, 10377, 10428, 10555, 10573, 10588, 10602,
       10621, 10704, 10826, 10863, 10872, 10877, 10884, 10910, 10971,
       10983, 11054, 11055, 11073, 11139, 11156, 11203, 11221, 11381,
       11392, 11405, 11460, 11468, 11489, 11504, 11518, 11557, 11563,
       11564, 11583, 11682, 11687, 11752, 11794, 11795, 11836, 11981,
       12093, 12237, 12286, 12287, 12289, 12307, 12374, 12386, 12421,
       12464, 12484, 12553, 12624, 12648, 12649, 12683, 12685, 12711,
       12712, 12738, 12768, 12918, 12956, 12961, 12972, 12993, 13034,
       13052, 13074, 13150, 13230, 13238, 13324, 13365, 13446, 13453,
       13457, 13541, 13543, 13553, 13564, 13588, 13617, 13747, 13875,
       13896, 13916, 13989, 14015, 14040, 14137, 14183, 14293, 14307,
       14334, 14431, 14449, 14487, 14498, 14533, 14577, 14601, 14718,
       14720, 14724, 14739, 14760, 14780, 14895, 15042, 15081, 15084,
       15165, 15172, 15196, 15210, 15297, 15469, 15515, 15520, 15527,
       15538, 15555, 15607, 15634, 15669, 15709, 15722, 15752, 15886,
       15888, 15907, 15908, 15935, 15967, 15994, 16175, 16220, 16253,
       16303, 16339, 16459, 16479, 16521, 16529, 16674, 16821, 16841,
       16856, 16894, 16994, 17007, 17077, 17082, 17150, 17178, 17217,
       17305, 17413, 17422, 17444, 17445, 17450, 17524, 17555, 17608,
       17667, 17698, 17707, 17853, 17924, 17928, 17933, 17960, 17983,
       18033, 18191, 18269, 18321, 18366, 18414, 18479, 18480, 18518,
       18531, 18579, 18588, 18617, 18737, 18762, 18776, 18875, 18918,
       18927, 18996, 19053, 19055, 19071, 19138, 19159, 19203, 19213,
       19386, 19402, 19404, 19462, 19477, 19511, 19530, 19545, 19546,
       19625, 19730, 19770, 19774, 19790, 19835, 19873, 19942, 20090,
       20092, 20126, 20142, 20253, 20259, 20294, 20299, 20363, 20441,
       20443, 20492, 20506, 20546, 20552, 20600, 20630, 20698, 20731,
       20743, 20765, 20815, 20852, 20859, 20898, 20921, 20927, 20956,
       20982, 21012, 21039, 21043, 21080, 21082, 21145, 21159, 21160,
       21167, 21256, 21323, 21374, 21411, 21414, 21486, 21588, 21677,
       21681, 21729, 21903, 21915, 21921, 22169, 22239, 22264, 22282,
       22357, 22448, 22462, 22526, 22550, 22557, 22718, 22720, 22947,
       22983, 23018, 23038, 23065, 23071, 23138, 23172, 23218, 23301,
       23334, 23576, 23613, 23629, 23641, 23665, 23814, 23894, 23916,
       23956, 23970, 24047, 24091, 24166, 24187, 24207, 24208, 24314,
       24315, 24339, 24438, 24439, 24516, 24655, 24733, 24739, 24760,
       24778, 24790, 24819, 24829, 24835, 24857, 24870, 24934, 25023,
       25071, 25136, 25213, 25229, 25275, 25299, 25308, 25315, 25360,
       25436, 25459, 25470, 25478, 25485, 25490, 25595, 25628, 25663,
       25682, 25753, 25783, 25877, 25884, 25907, 25925, 25951, 25991,
       26051, 26084, 26093, 26186, 26219, 26263, 26269, 26278, 26394,
       26402, 26408, 26432, 26530, 26596, 26650, 26720, 26771, 26792,
       26894, 26951, 26975, 26984, 27060, 27178, 27333, 27360, 27416,
       27427, 27476, 27570, 27580, 27698, 27722, 27753, 27829, 27842,
       27848, 27867, 27894, 27979, 27991, 28059, 28108, 28124, 28130,
       28148, 28203, 28219, 28258, 28274, 28310, 28363, 28397, 28417,
       28478, 28517, 28551, 28627, 28687, 28755, 28879, 28903, 29018,
       29019, 29030, 29042, 29082, 29109, 29123, 29157, 29202, 29259,
       29283, 29388, 29394, 29444, 29480, 29577, 29592, 29606, 29616,
       29626, 29631, 29651, 29656, 29681, 29766, 29817, 29835, 29845,
       29853, 29904, 29995, 30113, 30160, 30171, 30202, 30232, 30328,
       30405, 30475, 30494, 30531, 30547, 30619, 30624, 30738, 30780,
       30788, 30873, 30944, 30952, 31015, 31052, 31061, 31107, 31179,
       31208, 31287, 31299, 31342, 31360, 31375, 31410, 31419, 31495,
       31608, 31624, 31658, 31673, 31728, 31763, 31769, 31986, 31990,
       32008, 32045, 32139, 32140, 32186, 32250, 32297, 32345, 32394,
       32450, 32542, 32581, 32599, 32643, 32757, 32761, 32773, 32775,
       32783, 32809, 32828, 32887, 32995, 33064, 33157, 33178, 33206,
       33296, 33404, 33412, 33419, 33538, 33544, 33562, 33598, 33653,
       33687, 33740, 33744, 33751, 33755, 33782, 33788, 33822, 33826,
       33863, 33936, 34053, 34054, 34097, 34121, 34131, 34174, 34193,
       34257, 34266, 34283, 34288, 34389, 34395, 34634, 34657, 34659,
       34679, 34726, 34885, 34890, 34935, 34999, 35002, 35074, 35128,
       35133, 35209, 35255, 35257, 35262, 35299, 35323, 35361, 35442,
       35460, 35515, 35519, 35657, 35779, 35862, 35895, 35932, 36023,
       36060, 36076, 36084, 36111, 36116, 36130, 36177, 36353, 36377,
       36378, 36396, 36401, 36411, 36429, 36524, 36539, 36561, 36569,
       36583, 36662, 36674, 36708, 36795, 36809, 36876, 36906, 36938,
       37082, 37122, 37123, 37213, 37217, 37289, 37304, 37311, 37432,
       37620, 37731, 37746, 37764, 37810, 37863, 37927, 37964, 37988,
       38058, 38079, 38099, 38117, 38128, 38166, 38188, 38208, 38264,
       38277, 38290, 38321, 38347, 38348, 38416, 38435, 38452, 38481,
       38565, 38568, 38594, 38654, 38720, 38756, 38822, 38866, 38875,
       38970, 38995, 39057, 39069, 39071, 39153, 39198, 39229, 39235,
       39280, 39345, 39401, 39458, 39465, 39519, 39561, 39629, 39675,
       39696, 39794, 39874, 39950, 39994, 40061, 40115, 40127, 40128,
       40181, 40194, 40247, 40257, 40273, 40297, 40302, 40363, 40382,
       40420, 40583, 40588, 40628, 40659, 40683, 40823, 40849, 40879,
       40886, 40890, 40928, 40973, 41021, 41032, 41054, 41164, 41179,
       41209, 41221, 41245, 41268, 41289, 41308, 41425, 41453, 41500,
       41522, 41651, 41654, 41718, 41744, 41745, 41754, 41765, 41785,
       41790, 41797, 41818, 41827, 41848, 41897, 41905, 41952, 42047,
       42086, 42185, 42269, 42295, 42368, 42396, 42525, 42580, 42623,
       42669, 42722, 42912, 42953, 42978, 42992, 43074, 43187, 43212,
       43242, 43272, 43296, 43419, 43548, 43582, 43654, 43715, 43781,
       43936, 43976, 43999, 44005, 44038, 44062, 44088, 44089, 44125,
       44222, 44226, 44249, 44260, 44328, 44329, 44336, 44345, 44369,
       44444, 44446, 44492, 44506, 44522, 44714, 44715, 44785, 44876,
       44937, 45087, 45101, 45157, 45169, 45184, 45329, 45451, 45498,
       45528, 45552, 45582, 45629, 45680, 45681, 45739, 45754, 45790,
       45814, 45884, 45931, 45933, 45953, 45975, 45982, 46004, 46028,
       46209, 46249, 46283, 46297, 46427, 46465, 46525, 46561, 46702,
       46719, 46983, 47065, 47141, 47148, 47184, 47190, 47211, 47226,
       47290, 47333, 47345, 47349, 47360, 47385, 47401, 47505, 47520,
       47558, 47605, 47750, 47776, 47794, 47804, 47834, 47857, 47879,
       47977, 47981, 48009, 48097, 48100, 48114, 48164, 48241, 48242,
       48271, 48309, 48353, 48387, 48389, 48392, 48420, 48426, 48474,
       48503, 48512, 48519, 48612, 48656, 48672, 48692, 48696, 48703,
       48707, 48713, 48846, 48854, 48881, 48902, 48924, 48937, 48942,
       48972, 49073, 49159, 49236, 49246, 49248, 49254, 49259, 49456,
       49461, 49469, 49486, 49496]), array([   47,    62,   139,   189,   191,   221,   324,   350,   377,
         548,   549,   561,   626,   667,   710,   787,   863,   964,
        1003,  1047,  1049,  1071,  1097,  1132,  1153,  1219,  1245,
        1363,  1371,  1380,  1385,  1386,  1467,  1496,  1545,  1849,
        1982,  1989,  2082,  2096,  2114,  2151,  2157,  2174,  2177,
        2257,  2329,  2444,  2558,  2573,  2615,  2649,  2686,  2775,
        2795,  2797,  2856,  2893,  2984,  3014,  3096,  3105,  3298,
        3327,  3392,  3501,  3522,  3535,  3708,  3871,  3938,  4196,
        4237,  4244,  4255,  4261,  4392,  4534,  4554,  4669,  4680,
        4763,  4790,  4804,  4807,  4816,  4914,  4935,  4944,  5047,
        5053,  5148,  5196,  5228,  5251,  5298,  5328,  5495,  5529,
        5549,  5755,  5880,  6000,  6161,  6189,  6206,  6312,  6455,
        6655,  6664,  6724,  6742,  6766,  6771,  6797,  6832,  6876,
        6907,  6910,  6922,  7024,  7178,  7224,  7302,  7357,  7422,
        7563,  7667,  7946,  8086,  8118,  8165,  8201,  8246,  8341,
        8346,  8385,  8441,  8442,  8533,  8580,  8804,  8892,  8946,
        8965,  8973,  9032,  9069,  9251,  9253,  9334,  9381,  9395,
        9429,  9462,  9552,  9636,  9921,  9945,  9968,  9971, 10005,
       10041, 10236, 10283, 10303, 10358, 10377, 10588, 10602, 10621,
       10704, 10826, 10863, 10872, 10877, 10884, 10910, 10971, 10983,
       11044, 11054, 11055, 11156, 11203, 11221, 11381, 11460, 11468,
       11489, 11518, 11557, 11563, 11564, 11583, 11682, 11687, 11752,
       11794, 11795, 11836, 11981, 12237, 12286, 12287, 12289, 12307,
       12374, 12421, 12464, 12484, 12553, 12624, 12649, 12683, 12711,
       12768, 12918, 12956, 12972, 13034, 13052, 13074, 13230, 13238,
       13365, 13446, 13453, 13457, 13541, 13543, 13553, 13564, 13588,
       13747, 13875, 13896, 13916, 13989, 14015, 14137, 14183, 14293,
       14334, 14431, 14498, 14533, 14601, 14694, 14718, 14739, 14760,
       14780, 15042, 15084, 15165, 15210, 15297, 15469, 15515, 15520,
       15527, 15555, 15607, 15709, 15752, 15886, 15888, 15907, 15908,
       15967, 15994, 16175, 16220, 16303, 16339, 16459, 16479, 16521,
       16529, 16674, 16821, 16841, 16856, 16948, 16994, 17007, 17077,
       17150, 17178, 17217, 17305, 17413, 17422, 17450, 17555, 17608,
       17667, 17707, 17928, 17960, 17983, 18033, 18191, 18269, 18321,
       18366, 18414, 18479, 18480, 18531, 18579, 18588, 18737, 18875,
       18918, 18927, 18996, 19053, 19055, 19071, 19159, 19203, 19213,
       19386, 19402, 19404, 19477, 19511, 19530, 19545, 19625, 19770,
       19835, 19873, 19942, 20092, 20142, 20259, 20299, 20363, 20443,
       20492, 20546, 20552, 20698, 20731, 20743, 20765, 20815, 20859,
       20898, 20921, 20927, 20956, 21039, 21043, 21080, 21082, 21145,
       21159, 21167, 21256, 21323, 21411, 21414, 21486, 21588, 21677,
       21681, 21729, 21903, 21915, 21921, 22223, 22239, 22264, 22550,
       22557, 22947, 22983, 23018, 23071, 23138, 23172, 23200, 23218,
       23301, 23576, 23613, 23629, 23641, 23665, 23814, 23894, 23916,
       23956, 23970, 24166, 24187, 24207, 24208, 24314, 24315, 24339,
       24438, 24516, 24655, 24733, 24739, 24760, 24778, 24790, 24819,
       24835, 24857, 24870, 24934, 25136, 25213, 25229, 25275, 25299,
       25308, 25315, 25360, 25436, 25459, 25470, 25478, 25485, 25490,
       25595, 25628, 25663, 25753, 25877, 25907, 25951, 25991, 26051,
       26084, 26093, 26186, 26269, 26394, 26402, 26408, 26530, 26650,
       26720, 26792, 26894, 26951, 26975, 26984, 27060, 27333, 27360,
       27416, 27698, 27722, 27753, 27829, 27842, 27867, 27894, 27979,
       27991, 28059, 28108, 28130, 28148, 28203, 28219, 28274, 28310,
       28363, 28397, 28478, 28517, 28551, 28627, 28687, 28755, 28879,
       28903, 28965, 29030, 29042, 29082, 29109, 29157, 29177, 29202,
       29259, 29283, 29444, 29480, 29592, 29606, 29626, 29631, 29656,
       29681, 29766, 29817, 29835, 29904, 29995, 30113, 30171, 30232,
       30405, 30475, 30531, 30547, 30619, 30624, 30738, 30944, 30952,
       31052, 31061, 31107, 31179, 31208, 31247, 31287, 31299, 31342,
       31355, 31360, 31375, 31410, 31495, 31608, 31624, 31658, 31673,
       31763, 31769, 31990, 32008, 32186, 32250, 32297, 32345, 32394,
       32450, 32542, 32581, 32599, 32643, 32757, 32773, 32775, 32783,
       32809, 32887, 32995, 33064, 33157, 33178, 33206, 33296, 33412,
       33419, 33538, 33598, 33687, 33740, 33751, 33755, 33788, 33822,
       33863, 34053, 34054, 34097, 34174, 34193, 34257, 34266, 34283,
       34288, 34389, 34395, 34657, 34659, 34679, 34726, 34890, 34935,
       34999, 35002, 35074, 35128, 35133, 35209, 35255, 35257, 35323,
       35361, 35442, 35460, 35519, 35862, 35895, 35932, 36023, 36060,
       36084, 36111, 36116, 36130, 36177, 36353, 36401, 36411, 36429,
       36524, 36561, 36569, 36583, 36674, 36795, 36809, 36876, 36938,
       37122, 37123, 37213, 37289, 37432, 37516, 37620, 37731, 37810,
       37863, 37927, 37964, 38058, 38117, 38128, 38188, 38208, 38321,
       38347, 38348, 38452, 38481, 38565, 38568, 38654, 38720, 38756,
       38822, 38866, 38875, 38995, 39069, 39071, 39153, 39198, 39229,
       39280, 39458, 39465, 39561, 39675, 39696, 39874, 39950, 39994,
       40061, 40115, 40127, 40128, 40194, 40247, 40257, 40273, 40297,
       40302, 40363, 40382, 40420, 40583, 40588, 40628, 40659, 40823,
       40879, 40886, 40928, 41021, 41032, 41054, 41179, 41209, 41308,
       41425, 41453, 41500, 41522, 41654, 41745, 41790, 41797, 41818,
       41827, 41848, 41905, 41952, 42047, 42086, 42185, 42295, 42525,
       42580, 42623, 42669, 42722, 42912, 42953, 43074, 43212, 43242,
       43272, 43296, 43419, 43582, 43654, 43781, 43999, 44038, 44222,
       44226, 44249, 44260, 44328, 44329, 44345, 44369, 44444, 44492,
       44506, 44522, 44714, 44715, 44785, 44876, 44937, 45087, 45101,
       45169, 45184, 45329, 45451, 45498, 45552, 45582, 45629, 45680,
       45739, 45754, 45884, 45933, 45953, 45975, 45982, 46004, 46028,
       46209, 46249, 46283, 46297, 46427, 46525, 46538, 46561, 46702,
       46719, 46983, 47065, 47141, 47148, 47184, 47190, 47211, 47290,
       47333, 47345, 47349, 47360, 47401, 47505, 47520, 47558, 47605,
       47750, 47776, 47794, 47804, 47834, 47857, 47879, 47977, 47981,
       48009, 48114, 48164, 48241, 48271, 48353, 48387, 48392, 48420,
       48426, 48474, 48503, 48512, 48519, 48612, 48656, 48696, 48703,
       48846, 48854, 48881, 48924, 48937, 48972, 49073, 49159, 49236,
       49246, 49248, 49254, 49461, 49469, 49496]), array([   47,   139,   189,   191,   221,   350,   377,   548,   549,
         561,   626,   667,   710,   787,   863,   964,  1003,  1047,
        1049,  1071,  1097,  1219,  1245,  1363,  1371,  1380,  1385,
        1386,  1467,  1496,  1545,  1849,  1982,  1989,  2017,  2082,
        2096,  2114,  2157,  2174,  2177,  2257,  2444,  2558,  2573,
        2615,  2649,  2686,  2775,  2795,  2797,  2856,  2984,  3014,
        3105,  3298,  3327,  3392,  3501,  3708,  3871,  3938,  4196,
        4237,  4255,  4261,  4392,  4534,  4554,  4669,  4680,  4790,
        4804,  4807,  4816,  4914,  4935,  4944,  5047,  5148,  5196,
        5228,  5298,  5328,  5495,  5529,  5700,  5755,  5817,  5880,
        6000,  6161,  6189,  6206,  6279,  6312,  6655,  6664,  6766,
        6771,  6797,  6832,  6876,  6907,  6910,  6922,  7302,  7357,
        7422,  7667,  7946,  8118,  8201,  8246,  8341,  8346,  8385,
        8441,  8442,  8533,  8804,  8892,  8946,  8973,  9032,  9069,
        9251,  9253,  9334,  9381,  9552,  9636,  9921,  9945,  9968,
        9971, 10005, 10041, 10236, 10283, 10358, 10377, 10602, 10704,
       10826, 10863, 10872, 10877, 10884, 10983, 11054, 11055, 11156,
       11203, 11221, 11460, 11468, 11489, 11557, 11563, 11564, 11583,
       11682, 11687, 11752, 11794, 11795, 11836, 11981, 12237, 12286,
       12287, 12289, 12307, 12374, 12464, 12484, 12553, 12624, 12649,
       12683, 12711, 12768, 12918, 12956, 12972, 13034, 13052, 13074,
       13230, 13238, 13446, 13453, 13457, 13541, 13543, 13553, 13564,
       13588, 13875, 13896, 13916, 13989, 14015, 14137, 14183, 14293,
       14334, 14431, 14498, 14533, 14718, 14780, 14895, 15042, 15084,
       15210, 15297, 15469, 15515, 15520, 15527, 15555, 15607, 15709,
       15752, 15886, 15888, 15908, 15967, 15994, 16175, 16220, 16303,
       16339, 16459, 16479, 16521, 16529, 16821, 16841, 16856, 16948,
       16994, 17007, 17077, 17150, 17178, 17217, 17305, 17413, 17422,
       17450, 17555, 17608, 17707, 17853, 17928, 17960, 17983, 18033,
       18191, 18269, 18321, 18366, 18414, 18479, 18480, 18531, 18579,
       18588, 18737, 18918, 18927, 19055, 19071, 19159, 19203, 19213,
       19386, 19402, 19404, 19511, 19530, 19545, 19625, 19774, 19820,
       19835, 19873, 19942, 20092, 20126, 20142, 20259, 20299, 20363,
       20443, 20492, 20546, 20600, 20698, 20731, 20765, 20859, 20898,
       20921, 20956, 21039, 21043, 21080, 21082, 21145, 21167, 21256,
       21323, 21414, 21486, 21546, 21588, 21677, 21681, 21729, 21903,
       21921, 22239, 22550, 22557, 22947, 22983, 23018, 23071, 23119,
       23138, 23172, 23218, 23576, 23613, 23629, 23641, 23894, 23916,
       23956, 23970, 24166, 24187, 24207, 24208, 24314, 24315, 24339,
       24438, 24516, 24655, 24733, 24760, 24778, 24790, 24819, 24857,
       24870, 24934, 25213, 25299, 25308, 25360, 25436, 25459, 25470,
       25485, 25490, 25595, 25628, 25663, 25753, 25877, 25907, 25951,
       25991, 26051, 26084, 26093, 26186, 26269, 26394, 26402, 26408,
       26530, 26650, 26720, 26792, 26894, 26975, 26984, 27060, 27062,
       27333, 27360, 27416, 27698, 27722, 27753, 27829, 27867, 27894,
       27979, 27991, 28059, 28108, 28130, 28148, 28219, 28310, 28397,
       28478, 28517, 28551, 28627, 28755, 28879, 28903, 28965, 29030,
       29042, 29082, 29109, 29157, 29202, 29259, 29283, 29444, 29480,
       29592, 29606, 29626, 29656, 29681, 29766, 29817, 29904, 29995,
       30113, 30171, 30232, 30405, 30531, 30547, 30619, 30624, 30738,
       30944, 30952, 31052, 31061, 31107, 31179, 31208, 31287, 31342,
       31360, 31375, 31410, 31495, 31608, 31624, 31763, 31769, 31990,
       32008, 32139, 32186, 32250, 32297, 32394, 32450, 32599, 32643,
       32757, 32773, 32783, 32809, 32887, 32995, 33064, 33157, 33178,
       33206, 33296, 33404, 33419, 33538, 33598, 33687, 33740, 33751,
       33755, 33822, 33863, 34054, 34097, 34193, 34257, 34266, 34283,
       34288, 34395, 34657, 34659, 34679, 34726, 34890, 34935, 34999,
       35002, 35074, 35128, 35209, 35255, 35257, 35299, 35323, 35361,
       35442, 35515, 35519, 35862, 35895, 35932, 36023, 36060, 36084,
       36111, 36116, 36130, 36177, 36353, 36396, 36401, 36411, 36429,
       36561, 36569, 36583, 36674, 36795, 36809, 36876, 36938, 36948,
       37213, 37289, 37304, 37311, 37432, 37620, 37731, 37810, 37863,
       37927, 37964, 38058, 38099, 38117, 38128, 38188, 38208, 38321,
       38347, 38348, 38435, 38452, 38481, 38654, 38720, 38756, 38822,
       38875, 38995, 39069, 39071, 39153, 39198, 39229, 39280, 39401,
       39458, 39561, 39675, 39696, 39874, 39950, 39994, 40061, 40115,
       40127, 40194, 40247, 40273, 40297, 40302, 40363, 40380, 40382,
       40420, 40588, 40628, 40659, 40823, 40886, 41021, 41054, 41179,
       41209, 41308, 41425, 41453, 41500, 41522, 41654, 41765, 41790,
       41797, 41818, 41827, 41848, 42047, 42086, 42185, 42295, 42525,
       42580, 42722, 42912, 42953, 43074, 43212, 43242, 43272, 43419,
       43582, 43654, 43781, 44125, 44222, 44226, 44249, 44260, 44329,
       44345, 44369, 44444, 44492, 44506, 44522, 44714, 44715, 44785,
       44876, 44937, 45087, 45169, 45184, 45329, 45451, 45498, 45552,
       45582, 45629, 45754, 45884, 45933, 45953, 45975, 45982, 46004,
       46028, 46209, 46249, 46297, 46465, 46525, 46561, 46702, 46719,
       46983, 47065, 47141, 47148, 47184, 47190, 47211, 47226, 47290,
       47333, 47345, 47349, 47360, 47505, 47520, 47558, 47605, 47750,
       47776, 47794, 47804, 47834, 47857, 47879, 47981, 48009, 48114,
       48164, 48241, 48242, 48271, 48353, 48387, 48392, 48420, 48426,
       48474, 48503, 48512, 48519, 48612, 48656, 48696, 48703, 48713,
       48846, 48881, 48902, 48937, 48972, 49073, 49159, 49236, 49246,
       49248, 49254, 49461, 49469, 49496]), array([   47,   139,   189,   350,   377,   549,   561,   626,   667,
         787,   863,   964,  1003,  1047,  1049,  1097,  1219,  1245,
        1363,  1371,  1385,  1386,  1467,  1496,  1545,  1982,  2017,
        2082,  2096,  2114,  2257,  2444,  2558,  2573,  2615,  2649,
        2775,  2795,  2797,  3014,  3105,  3327,  3392,  3501,  3708,
        3871,  3938,  4196,  4237,  4261,  4392,  4534,  4554,  4763,
        4804,  4807,  4914,  4935,  4944,  5047,  5196,  5495,  5529,
        5755,  5880,  6000,  6161,  6189,  6206,  6655,  6766,  6771,
        6797,  6876,  6910,  7224,  7302,  7357,  7422,  7459,  7667,
        7946,  8201,  8246,  8341,  8385,  8441,  8442,  8533,  8946,
        9032,  9069,  9334,  9381,  9552,  9636,  9945,  9968,  9971,
       10005, 10041, 10236, 10283, 10358, 10377, 10704, 10826, 10863,
       10872, 10983, 11054, 11055, 11156, 11203, 11221, 11460, 11468,
       11489, 11557, 11563, 11583, 11682, 11794, 11795, 11836, 12237,
       12286, 12287, 12289, 12307, 12374, 12464, 12484, 12553, 12624,
       12649, 12683, 12711, 12956, 13034, 13052, 13074, 13230, 13238,
       13446, 13453, 13457, 13541, 13543, 13553, 13564, 13588, 13875,
       13916, 14015, 14137, 14183, 14293, 14334, 14498, 14533, 14718,
       15042, 15084, 15210, 15297, 15469, 15515, 15520, 15527, 15607,
       15709, 15967, 15994, 16175, 16220, 16303, 16339, 16521, 16529,
       16821, 16841, 16856, 16994, 17007, 17077, 17150, 17217, 17305,
       17413, 17608, 17928, 17983, 18033, 18191, 18269, 18321, 18366,
       18414, 18479, 18480, 18531, 18579, 18588, 18737, 18927, 19055,
       19071, 19159, 19203, 19213, 19386, 19404, 19511, 19530, 19545,
       19625, 19835, 19873, 19942, 20092, 20126, 20142, 20259, 20299,
       20443, 20492, 20546, 20552, 20600, 20731, 20765, 20859, 20898,
       20921, 20956, 21039, 21043, 21080, 21082, 21145, 21167, 21256,
       21323, 21486, 21677, 21681, 21903, 21921, 22239, 22550, 22557,
       22947, 23018, 23071, 23172, 23218, 23576, 23613, 23641, 23814,
       23894, 23956, 23970, 24166, 24187, 24207, 24208, 24315, 24438,
       24516, 24655, 24733, 24760, 24778, 24790, 24819, 24870, 24934,
       25213, 25299, 25308, 25360, 25436, 25459, 25490, 25595, 25628,
       25753, 25907, 25951, 25991, 26051, 26084, 26093, 26186, 26269,
       26394, 26402, 26408, 26432, 26650, 26720, 26792, 26894, 26975,
       26984, 27060, 27333, 27360, 27416, 27570, 27698, 27753, 27829,
       27867, 27894, 27991, 28059, 28108, 28130, 28148, 28219, 28274,
       28310, 28397, 28478, 28627, 28879, 29019, 29030, 29042, 29082,
       29109, 29157, 29202, 29259, 29283, 29444, 29480, 29592, 29606,
       29626, 29681, 29766, 29817, 29904, 29995, 30113, 30171, 30232,
       30405, 30531, 30619, 30624, 30738, 30952, 31052, 31107, 31179,
       31208, 31287, 31342, 31360, 31375, 31495, 31624, 31763, 31769,
       31990, 32139, 32186, 32250, 32297, 32394, 32599, 32773, 32809,
       32995, 33064, 33157, 33178, 33296, 33419, 33538, 33687, 33740,
       33751, 33755, 33822, 34054, 34097, 34121, 34174, 34193, 34257,
       34266, 34288, 34395, 34657, 34679, 34726, 34935, 34999, 35002,
       35074, 35128, 35209, 35255, 35257, 35323, 35361, 35442, 35519,
       35895, 35932, 36023, 36060, 36084, 36111, 36116, 36130, 36177,
       36353, 36401, 36411, 36429, 36569, 36583, 36674, 36809, 36876,
       36938, 37213, 37289, 37311, 37432, 37731, 37810, 37863, 37927,
       37964, 37988, 38058, 38117, 38128, 38188, 38208, 38321, 38347,
       38435, 38452, 38594, 38654, 38720, 38756, 38822, 38875, 38995,
       39069, 39071, 39153, 39198, 39229, 39280, 39401, 39458, 39561,
       39675, 39696, 39874, 39950, 39994, 40115, 40127, 40128, 40194,
       40247, 40273, 40302, 40382, 40588, 40628, 40659, 40823, 40928,
       41021, 41032, 41054, 41179, 41209, 41308, 41425, 41453, 41500,
       41522, 41654, 41745, 41790, 41797, 41818, 41827, 41905, 42047,
       42086, 42185, 42295, 42525, 42580, 42953, 43074, 43212, 43272,
       43419, 43654, 43781, 44226, 44260, 44329, 44345, 44369, 44492,
       44522, 44714, 44715, 44785, 44876, 44937, 45087, 45101, 45169,
       45184, 45329, 45552, 45582, 45629, 45739, 45754, 45933, 45953,
       45975, 45982, 46004, 46028, 46209, 46249, 46297, 46525, 46561,
       46702, 46719, 46983, 47065, 47141, 47148, 47184, 47190, 47211,
       47333, 47349, 47360, 47505, 47520, 47558, 47605, 47750, 47776,
       47794, 47804, 47857, 47981, 48114, 48241, 48271, 48353, 48387,
       48392, 48420, 48426, 48503, 48519, 48612, 48656, 48696, 48846,
       48881, 48972, 49073, 49128, 49159, 49246, 49248, 49254, 49461,
       49469, 49496]), array([   47,   189,   191,   350,   377,   549,   561,   626,   667,
         787,   863,   964,  1047,  1049,  1097,  1219,  1245,  1363,
        1371,  1496,  1545,  1982,  2096,  2114,  2558,  2573,  2615,
        2686,  2775,  2795,  2797,  3014,  3105,  3327,  3392,  3501,
        3871,  3938,  4196,  4237,  4261,  4392,  4534,  4554,  4804,
        4807,  4914,  4935,  5047,  5196,  5755,  5858,  5880,  5934,
        6161,  6189,  6655,  6766,  6797,  6832,  6876,  6910,  7302,
        7422,  7459,  7667,  7946,  8201,  8246,  8341,  8346,  8385,
        8441,  8442,  8533,  8892,  8946,  9032,  9069,  9334,  9381,
        9552,  9636,  9945,  9968,  9971, 10005, 10041, 10236, 10358,
       10377, 10704, 10826, 10863, 10872, 10983, 11054, 11055, 11156,
       11203, 11221, 11460, 11468, 11489, 11557, 11563, 11583, 11682,
       11794, 11795, 11836, 12237, 12286, 12287, 12289, 12307, 12374,
       12484, 12553, 12624, 12649, 12683, 12711, 12956, 13034, 13052,
       13074, 13238, 13446, 13453, 13457, 13541, 13543, 13564, 13588,
       13875, 13916, 14015, 14137, 14183, 14293, 14334, 14498, 14533,
       15084, 15210, 15297, 15469, 15515, 15520, 15527, 15607, 15967,
       15994, 16175, 16220, 16303, 16529, 16821, 16841, 16856, 16994,
       17007, 17077, 17217, 17305, 17413, 17450, 17608, 17928, 17960,
       17983, 18033, 18191, 18269, 18321, 18366, 18414, 18479, 18480,
       18531, 18579, 18588, 18737, 18927, 19055, 19159, 19203, 19213,
       19386, 19404, 19511, 19530, 19545, 19625, 19835, 19873, 19942,
       20126, 20142, 20259, 20299, 20443, 20546, 20731, 20765, 20859,
       20898, 20921, 20956, 21043, 21080, 21082, 21145, 21256, 21323,
       21411, 21486, 21681, 21729, 21903, 22239, 22550, 22947, 23018,
       23071, 23172, 23200, 23218, 23576, 23613, 23641, 23814, 23894,
       23956, 23970, 24166, 24187, 24207, 24315, 24438, 24516, 24655,
       24733, 24760, 24790, 24819, 24870, 24934, 25299, 25308, 25360,
       25436, 25490, 25595, 25628, 25753, 25877, 25907, 25951, 25991,
       26051, 26084, 26093, 26186, 26269, 26394, 26402, 26408, 26650,
       26792, 26894, 26951, 26975, 26984, 27333, 27360, 27416, 27698,
       27753, 27829, 27842, 27867, 27894, 27991, 28130, 28148, 28219,
       28310, 28397, 28478, 28627, 28755, 28879, 29019, 29030, 29042,
       29082, 29109, 29202, 29259, 29283, 29444, 29480, 29606, 29626,
       29681, 29766, 29817, 29904, 29995, 30113, 30171, 30232, 30405,
       30531, 30619, 30624, 30944, 30952, 31052, 31107, 31179, 31208,
       31360, 31375, 31495, 31608, 31624, 31763, 31769, 31990, 32186,
       32250, 32297, 32599, 32643, 32773, 32809, 32887, 32995, 33064,
       33157, 33178, 33296, 33419, 33538, 33687, 33822, 34054, 34097,
       34193, 34257, 34266, 34288, 34657, 34679, 34890, 34935, 34999,
       35002, 35074, 35128, 35209, 35255, 35299, 35323, 35442, 35519,
       35895, 35932, 36023, 36060, 36084, 36111, 36116, 36130, 36177,
       36353, 36401, 36429, 36569, 36583, 36674, 36809, 36876, 36938,
       37289, 37311, 37731, 37810, 37863, 37927, 37964, 38058, 38117,
       38128, 38188, 38347, 38435, 38452, 38481, 38594, 38654, 38720,
       38866, 38875, 38995, 39069, 39071, 39153, 39198, 39229, 39280,
       39401, 39458, 39561, 39675, 39696, 39950, 40115, 40127, 40194,
       40247, 40382, 40588, 40628, 40659, 40823, 41021, 41054, 41179,
       41209, 41308, 41425, 41453, 41500, 41522, 41654, 41744, 41745,
       41790, 41797, 41818, 41827, 42086, 42185, 42295, 42525, 42580,
       42953, 43074, 43212, 43272, 43419, 43654, 44226, 44260, 44329,
       44345, 44369, 44492, 44506, 44714, 44715, 44785, 44876, 44937,
       45087, 45184, 45329, 45552, 45582, 45629, 45739, 45754, 45933,
       45953, 45982, 46004, 46028, 46209, 46249, 46297, 46525, 46561,
       46702, 46719, 47065, 47148, 47184, 47190, 47211, 47333, 47349,
       47360, 47505, 47520, 47558, 47750, 47776, 47794, 47804, 47857,
       47981, 48114, 48241, 48271, 48353, 48392, 48420, 48426, 48503,
       48519, 48612, 48656, 48696, 48713, 48846, 48881, 48972, 49073,
       49159, 49254, 49461, 49469]), array([   47,   189,   191,   350,   549,   561,   626,   667,   787,
         964,  1047,  1049,  1097,  1219,  1245,  1363,  1371,  1496,
        1982,  2017,  2096,  2114,  2558,  2775,  2795,  3014,  3105,
        3392,  3501,  3871,  3938,  4196,  4237,  4392,  4534,  4554,
        4804,  4807,  4935,  4944,  5047,  5196,  5755,  5880,  6000,
        6161,  6189,  6206,  6655,  6797,  6876,  6910,  7302,  7422,
        7667,  8201,  8246,  8341,  8385,  8441,  8442,  8533,  8946,
        9032,  9069,  9334,  9381,  9552,  9636,  9945, 10005, 10041,
       10236, 10377, 10704, 10826, 10863, 10872, 10983, 11054, 11055,
       11156, 11203, 11221, 11468, 11563, 11564, 11794, 11836, 12237,
       12287, 12289, 12374, 12624, 12649, 12683, 12711, 13074, 13238,
       13446, 13453, 13457, 13541, 13543, 13564, 13875, 13916, 14015,
       14137, 14183, 14293, 14334, 14431, 14498, 14533, 14895, 15084,
       15210, 15297, 15469, 15515, 15520, 15527, 15908, 15967, 15994,
       16220, 16303, 16529, 16821, 16841, 16856, 16994, 17007, 17077,
       17217, 17305, 17413, 17608, 17928, 17983, 18033, 18269, 18321,
       18366, 18414, 18479, 18531, 18579, 18737, 18927, 19055, 19159,
       19203, 19213, 19386, 19511, 19530, 19545, 19625, 19835, 19873,
       19942, 20126, 20142, 20259, 20299, 20443, 20492, 20546, 20731,
       20765, 20859, 20898, 20921, 20956, 21043, 21080, 21082, 21167,
       21256, 21323, 21486, 21677, 21681, 21903, 22239, 22550, 22947,
       23071, 23172, 23218, 23576, 23613, 23641, 23970, 24166, 24207,
       24315, 24516, 24655, 24733, 24760, 24870, 24934, 25308, 25360,
       25436, 25490, 25595, 25628, 25753, 25907, 25951, 25991, 26084,
       26093, 26186, 26269, 26394, 26402, 26408, 26530, 26650, 26792,
       26975, 26984, 27333, 27360, 27416, 27698, 27753, 27829, 27867,
       27894, 27991, 28108, 28130, 28148, 28219, 28310, 28397, 28478,
       28879, 29030, 29042, 29082, 29109, 29202, 29259, 29283, 29444,
       29480, 29606, 29626, 29681, 29766, 29817, 29904, 29995, 30113,
       30171, 30405, 30531, 30547, 30619, 30624, 30952, 31052, 31107,
       31208, 31495, 31763, 31769, 31990, 32250, 32297, 32599, 32773,
       32809, 32995, 33064, 33157, 33178, 33296, 33538, 33687, 33755,
       33822, 34054, 34097, 34193, 34257, 34266, 34288, 34679, 34726,
       34935, 34999, 35002, 35074, 35128, 35209, 35323, 35442, 35519,
       35932, 36023, 36060, 36084, 36177, 36353, 36429, 36569, 36583,
       36674, 36876, 36938, 37289, 37731, 37810, 37863, 37927, 37964,
       38058, 38117, 38188, 38347, 38435, 38452, 38481, 38654, 38720,
       38756, 38995, 39069, 39071, 39153, 39198, 39229, 39280, 39458,
       39561, 39675, 39696, 39950, 40115, 40127, 40194, 40247, 40302,
       40382, 40588, 40628, 40659, 40823, 41021, 41054, 41308, 41425,
       41453, 41500, 41522, 41654, 41745, 41790, 41797, 42086, 42185,
       42580, 42953, 43074, 43212, 43272, 43419, 43781, 44226, 44260,
       44329, 44345, 44369, 44492, 44714, 44715, 44785, 44876, 44937,
       45087, 45184, 45329, 45552, 45629, 45754, 45933, 45953, 45982,
       46004, 46028, 46209, 46249, 46297, 46525, 46719, 46983, 47065,
       47141, 47148, 47184, 47190, 47211, 47333, 47349, 47505, 47520,
       47558, 47605, 47750, 47776, 47794, 47857, 47981, 48114, 48241,
       48271, 48387, 48503, 48519, 48656, 48696, 48846, 48881, 48972,
       49159, 49236, 49254, 49461, 49469]), array([   47,   189,   191,   350,   377,   549,   561,   626,   667,
         710,   787,   964,  1047,  1049,  1097,  1219,  1245,  1363,
        1371,  1467,  1496,  1545,  1982,  2096,  2114,  2558,  2615,
        2649,  2775,  2795,  2797,  2984,  3014,  3105,  3392,  3501,
        3871,  3938,  4196,  4237,  4392,  4534,  4804,  4807,  4935,
        5047,  5196,  5755,  5880,  6000,  6161,  6189,  6206,  6655,
        6832,  6876,  7302,  7422,  7459,  8201,  8246,  8341,  8385,
        8441,  8442,  8533,  8946,  9032,  9069,  9334,  9381,  9552,
        9636,  9945, 10005, 10041, 10236, 10358, 10377, 10704, 10826,
       10863, 10872, 10983, 11054, 11156, 11203, 11221, 11460, 11468,
       11563, 11583, 11682, 11794, 11795, 11836, 12237, 12286, 12287,
       12289, 12374, 12553, 12624, 12649, 12683, 12711, 12956, 13052,
       13074, 13238, 13446, 13453, 13457, 13541, 13543, 13564, 13588,
       13875, 13916, 14015, 14137, 14183, 14293, 14334, 14431, 14498,
       14533, 15084, 15210, 15297, 15469, 15515, 15520, 15527, 15607,
       15967, 15994, 16175, 16220, 16303, 16529, 16821, 16841, 16856,
       16994, 17007, 17077, 17217, 17305, 17413, 17608, 17928, 17983,
       18033, 18204, 18269, 18321, 18414, 18479, 18480, 18531, 18579,
       18588, 18737, 18927, 19055, 19159, 19203, 19213, 19386, 19404,
       19511, 19530, 19625, 19820, 19835, 19873, 19942, 20092, 20142,
       20259, 20299, 20443, 20731, 20765, 20859, 20898, 20921, 20956,
       21043, 21080, 21082, 21145, 21167, 21256, 21323, 21486, 21681,
       21903, 22239, 22550, 22947, 23071, 23172, 23218, 23576, 23613,
       23641, 23956, 23970, 24166, 24207, 24315, 24516, 24655, 24733,
       24760, 24790, 24819, 24870, 24934, 25308, 25360, 25595, 25628,
       25663, 25753, 25907, 25951, 25991, 26084, 26093, 26186, 26269,
       26394, 26402, 26408, 26530, 26650, 26792, 26894, 26975, 26984,
       27333, 27416, 27698, 27753, 27829, 27867, 27894, 27991, 28059,
       28108, 28219, 28310, 28397, 28879, 29030, 29042, 29082, 29109,
       29202, 29259, 29283, 29444, 29480, 29606, 29626, 29681, 29766,
       29817, 29995, 30113, 30171, 30405, 30531, 30619, 30624, 30952,
       31052, 31107, 31179, 31208, 31495, 31624, 31658, 31763, 31769,
       31990, 32139, 32250, 32297, 32599, 32773, 32809, 33064, 33157,
       33178, 33296, 33538, 33687, 33755, 34054, 34097, 34174, 34193,
       34257, 34266, 34288, 34679, 34935, 34999, 35074, 35128, 35209,
       35323, 35442, 35519, 35932, 36023, 36060, 36084, 36111, 36116,
       36130, 36177, 36353, 36401, 36429, 36569, 36583, 36674, 36938,
       37289, 37731, 37810, 37863, 37927, 37964, 38058, 38117, 38347,
       38452, 38654, 38720, 38995, 39069, 39071, 39153, 39198, 39229,
       39280, 39561, 39675, 39696, 39874, 39950, 40115, 40127, 40194,
       40247, 40273, 40302, 40382, 40588, 40628, 40659, 40823, 41021,
       41054, 41209, 41308, 41425, 41453, 41500, 41522, 41654, 41745,
       41790, 41797, 42086, 42185, 42295, 42525, 42580, 42953, 43074,
       43212, 43272, 43419, 43654, 44260, 44329, 44345, 44369, 44506,
       44714, 44715, 44785, 44876, 44937, 45087, 45184, 45329, 45582,
       45739, 45754, 45933, 45953, 45982, 46004, 46028, 46209, 46249,
       46297, 46525, 46561, 46702, 46719, 46983, 47065, 47148, 47184,
       47190, 47211, 47333, 47349, 47505, 47520, 47558, 47605, 47750,
       47776, 47794, 47857, 47981, 48114, 48241, 48271, 48353, 48387,
       48392, 48420, 48503, 48519, 48696, 48846, 48881, 48972, 49073,
       49159, 49254, 49461, 49469]), array([   47,    62,   139,   189,   191,   243,   350,   377,   548,
         549,   561,   569,   626,   667,   710,   787,   964,  1047,
        1049,  1097,  1132,  1219,  1245,  1363,  1371,  1385,  1386,
        1387,  1467,  1496,  1545,  1784,  1849,  1982,  1989,  2017,
        2082,  2096,  2114,  2157,  2444,  2558,  2573,  2637,  2649,
        2686,  2710,  2775,  2795,  2797,  2984,  3014,  3096,  3105,
        3298,  3309,  3327,  3392,  3501,  3708,  3871,  3938,  4196,
        4237,  4261,  4392,  4499,  4534,  4554,  4669,  4680,  4763,
        4804,  4807,  4914,  4935,  4944,  5047,  5172,  5196,  5328,
        5364,  5495,  5529,  5549,  5755,  5880,  5934,  6000,  6161,
        6189,  6206,  6655,  6771,  6797,  6832,  6876,  6907,  6910,
        7024,  7224,  7302,  7357,  7422,  7459,  7667,  7946,  8118,
        8201,  8246,  8282,  8301,  8341,  8346,  8385,  8428,  8441,
        8442,  8533,  8804,  8892,  8946,  8965,  9032,  9069,  9253,
        9334,  9381,  9462,  9552,  9636,  9921,  9945,  9968,  9971,
       10005, 10041, 10215, 10236, 10283, 10358, 10377, 10602, 10704,
       10826, 10863, 10872, 10910, 10971, 10983, 11054, 11055, 11103,
       11156, 11203, 11221, 11262, 11405, 11460, 11468, 11482, 11489,
       11518, 11555, 11557, 11563, 11564, 11583, 11682, 11687, 11752,
       11794, 11795, 11836, 11981, 12237, 12286, 12287, 12289, 12307,
       12374, 12386, 12464, 12484, 12553, 12624, 12649, 12683, 12711,
       12738, 12918, 12956, 12972, 13034, 13052, 13074, 13230, 13238,
       13445, 13446, 13453, 13457, 13541, 13543, 13553, 13564, 13588,
       13747, 13875, 13896, 13916, 13989, 14015, 14137, 14183, 14293,
       14334, 14431, 14487, 14498, 14533, 14577, 14601, 14694, 14718,
       14739, 14760, 14780, 15042, 15084, 15210, 15297, 15469, 15515,
       15520, 15527, 15555, 15607, 15752, 15886, 15888, 15907, 15908,
       15967, 15994, 16175, 16220, 16253, 16303, 16339, 16479, 16529,
       16821, 16841, 16856, 16994, 17007, 17046, 17077, 17150, 17178,
       17217, 17305, 17413, 17450, 17555, 17608, 17667, 17707, 17928,
       17960, 17983, 18033, 18191, 18204, 18269, 18321, 18366, 18414,
       18479, 18480, 18531, 18579, 18588, 18737, 18762, 18927, 19053,
       19055, 19071, 19159, 19203, 19213, 19386, 19402, 19404, 19462,
       19477, 19511, 19530, 19545, 19546, 19625, 19770, 19820, 19835,
       19873, 19942, 20092, 20126, 20142, 20144, 20259, 20299, 20443,
       20492, 20546, 20552, 20600, 20601, 20731, 20765, 20852, 20859,
       20898, 20921, 20927, 20956, 21039, 21043, 21080, 21082, 21145,
       21167, 21256, 21323, 21411, 21486, 21677, 21681, 21729, 21903,
       21915, 21921, 22223, 22239, 22264, 22282, 22526, 22550, 22557,
       22881, 22889, 22947, 22983, 23018, 23065, 23071, 23138, 23172,
       23218, 23487, 23576, 23613, 23629, 23641, 23814, 23894, 23916,
       23956, 23970, 24166, 24187, 24207, 24208, 24314, 24315, 24339,
       24438, 24510, 24516, 24655, 24733, 24760, 24790, 24819, 24835,
       24857, 24870, 24934, 25071, 25143, 25275, 25299, 25308, 25360,
       25436, 25459, 25470, 25478, 25490, 25595, 25628, 25663, 25753,
       25765, 25877, 25907, 25925, 25951, 25991, 26051, 26084, 26093,
       26186, 26219, 26269, 26394, 26402, 26408, 26432, 26530, 26650,
       26792, 26894, 26951, 26975, 26984, 27062, 27333, 27360, 27416,
       27427, 27570, 27640, 27698, 27722, 27753, 27829, 27848, 27867,
       27894, 27917, 27979, 27991, 28059, 28108, 28124, 28130, 28148,
       28203, 28219, 28258, 28274, 28310, 28363, 28397, 28478, 28517,
       28627, 28631, 28755, 28879, 28965, 29019, 29030, 29042, 29082,
       29109, 29157, 29202, 29259, 29283, 29444, 29480, 29509, 29592,
       29606, 29626, 29681, 29766, 29817, 29904, 29995, 30113, 30171,
       30202, 30232, 30328, 30405, 30475, 30531, 30547, 30619, 30624,
       30788, 30944, 30952, 31052, 31061, 31107, 31179, 31208, 31247,
       31287, 31299, 31342, 31355, 31360, 31375, 31410, 31495, 31608,
       31624, 31658, 31673, 31763, 31769, 31990, 32008, 32139, 32186,
       32250, 32297, 32345, 32394, 32450, 32542, 32581, 32599, 32643,
       32757, 32761, 32773, 32783, 32809, 32821, 32887, 33020, 33064,
       33157, 33178, 33206, 33296, 33404, 33419, 33538, 33643, 33687,
       33744, 33751, 33755, 33822, 34054, 34097, 34174, 34193, 34257,
       34266, 34283, 34288, 34389, 34395, 34657, 34659, 34679, 34726,
       34890, 34935, 34999, 35002, 35074, 35128, 35133, 35209, 35255,
       35257, 35299, 35323, 35361, 35442, 35460, 35519, 35842, 35862,
       35895, 35932, 36023, 36060, 36084, 36111, 36116, 36130, 36177,
       36353, 36396, 36401, 36429, 36561, 36569, 36583, 36674, 36795,
       36809, 36876, 36938, 37122, 37123, 37213, 37289, 37311, 37432,
       37731, 37810, 37863, 37927, 37964, 38058, 38099, 38117, 38128,
       38188, 38208, 38347, 38348, 38435, 38452, 38481, 38543, 38565,
       38594, 38654, 38720, 38756, 38866, 38875, 38995, 39069, 39071,
       39153, 39198, 39200, 39229, 39280, 39401, 39458, 39465, 39561,
       39675, 39696, 39786, 39863, 39874, 39950, 39994, 40061, 40115,
       40127, 40128, 40194, 40247, 40273, 40297, 40302, 40380, 40382,
       40420, 40588, 40628, 40659, 40763, 40823, 40886, 40928, 40973,
       41021, 41032, 41054, 41179, 41209, 41308, 41425, 41453, 41500,
       41522, 41654, 41745, 41790, 41797, 41818, 41827, 41829, 41905,
       42047, 42086, 42185, 42295, 42368, 42525, 42580, 42623, 42659,
       42722, 42912, 42953, 43074, 43212, 43272, 43296, 43419, 43453,
       43654, 43781, 44226, 44260, 44328, 44329, 44345, 44369, 44439,
       44444, 44492, 44506, 44522, 44714, 44715, 44785, 44876, 44905,
       44937, 45087, 45101, 45169, 45184, 45329, 45451, 45468, 45529,
       45552, 45582, 45629, 45681, 45739, 45754, 45814, 45884, 45931,
       45933, 45953, 45975, 45982, 46004, 46028, 46209, 46249, 46297,
       46427, 46437, 46525, 46561, 46719, 46885, 46983, 47065, 47141,
       47148, 47184, 47190, 47211, 47290, 47333, 47345, 47349, 47360,
       47385, 47401, 47505, 47520, 47558, 47568, 47605, 47651, 47750,
       47776, 47794, 47857, 47879, 47952, 47977, 47981, 48009, 48100,
       48114, 48164, 48241, 48242, 48268, 48271, 48353, 48387, 48392,
       48420, 48503, 48519, 48612, 48656, 48672, 48689, 48696, 48707,
       48713, 48731, 48846, 48854, 48881, 48902, 48937, 48972, 49073,
       49128, 49159, 49236, 49246, 49248, 49254, 49461, 49469, 49496])]
