[   78    88   102   105   137   278   304   443   487   598   743   786
   792   931   938   945  1016  1099  1124  1310  1336  1486  1541  1563
  1581  1641  1710  1721  1746  1904  1931  1939  2019  2031  2033  2035
  2165  2196  2237  2247  2389  2390  2400  2493  2532  2596  2733  2750
  2825  2856  2857  2862  2874  2878  2909  2972  2976  2986  3055  3172
  3190  3219  3266  3302  3304  3319  3329  3532  3625  3635  3638  3669
  3692  3770  3775  3846  3848  3869  3937  3963  3977  4064  4116  4137
  4171  4269  4273  4274  4296  4299  4406  4597  4615  4637  4829  5000
  5008  5021  5032  5163  5178  5212  5232  5247  5267  5410  5447  5487
  5705  5712  5778  5857  5874  6010  6220  6236  6335  6338  6366  6398
  6418  6419  6427  6478  6499  6591  6608  6651  6848  6899  6923  7100
  7201  7242  7262  7277  7312  7332  7341  7359  7368  7380  7466  7588
  7651  7888  7958  7969  8071  8100  8160  8204  8219  8313  8367  8381
  8400  8433  8627  8653  8748  8769  8840  8857  8962  9071  9081  9086
  9196  9259  9287  9542  9572  9670  9776  9780  9781  9892  9901 10007
 10050 10073 10234 10279 10376 10388 10412 10442 10453 10510 10582 10584
 10632 10638 10643 10663 10674 10697 10706 10719 10819 10832 10855 10865
 10936 10962 11004 11033 11040 11062 11218 11271 11331 11427 11530 11536
 11550 11601 11611 11644 11648 11653 11756 11768 11849 11962 12109 12171
 12286 12324 12332 12369 12380 12400 12492 12497 12505 12547 12562 12602
 12640 12756 12827 12837 12866 12915 12961 12963 12976 12996 13139 13165
 13184 13193 13397 13407 13424 13473 13527 13528 13572 13620 13670 13672
 13697 13700 13716 13731 13738 13751 13753 13802 13807 13824 13867 13936
 14082 14110 14136 14282 14307 14369 14381 14393 14437 14502 14503 14544
 14736 14774 14789 14828 14916 15028 15033 15257 15260 15435 15478 15511
 15533 15569 15683 15830 15891 15934 15941 15962 16017 16042 16135 16157
 16184 16230 16287 16319 16320 16452 16471 16619 16774 16798 16805 16835
 16905 16931 17000 17006 17050 17053 17083 17159 17190 17204 17218 17329
 17349 17405 17439 17457 17544 17604 17666 17682 17703 17814 17834 17839
 17869 17903 17996 18013 18026 18027 18092 18248 18287 18300 18302 18308
 18313 18348 18448 18449 18477 18490 18511 18555 18566 18696 18705 18712
 18789 18805 18817 18893 18950 18957 19021 19042 19081 19096 19141 19157
 19180 19261 19308 19338 19379 19400 19513 19528 19692 19757 19852 19942
 19988 20013 20041 20042 20050 20061 20065 20096 20138 20187 20246 20249
 20250 20272 20367 20420 20429 20455 20456 20515 20519 20534 20570 20694
 20795 20861 20862 20888 20891 20906 21126 21251 21285 21498 21526 21610
 21622 21671 21691 21700 21722 21882 21916 21935 21966 22043 22061 22084
 22154 22167 22461 22505 22523 22534 22544 22548 22562 22655 22732 22877
 22898 22929 22963 22994 23001 23029 23044 23061 23098 23317 23372 23478
 23497 23498 23570 23604 23634 23671 23689 23745 23765 23782 23808 23818
 23954 24011 24079 24095 24193 24243 24288 24340 24351 24386 24472 24473
 24495 24551 24573 24588 24632 24639 24729 24928 24935 24973 25068 25149
 25210 25275 25301 25373 25393 25471 25505 25523 25530 25666 25722 25838
 25869 25902 25957 25982 26012 26051 26070 26078 26265 26413 26456 26546
 26627 26713 26749 26825 26848 26857 26861 27001 27059 27125 27211 27253
 27271 27286 27352 27371 27391 27582 27583 27649 27658 27732 27771 27791
 27803 27812 27884 27885 27919 27936 28005 28051 28087 28161 28212 28287
 28323 28336 28378 28404 28423 28424 28449 28502 28505 28556 28667 28679
 28680 28702 28710 28773 28777 28784 28884 28896 28920 28960 29003 29082
 29222 29279 29396 29447 29465 29532 29568 29606 29659 29666 29752 29811
 29874 30013 30084 30165 30171 30196 30234 30312 30330 30499 30534 30543
 30574 30638 30670 30690 30703 30727 30809 31002 31031 31060 31101 31108
 31119 31145 31211 31220 31240 31335 31503 31532 31537 31603 31641 31675
 31867 31901 32009 32023 32189 32301 32309 32419 32477 32501 32525 32556
 32583 32586 32727 32838 32874 32911 32921 33018 33136 33156 33223 33237
 33272 33282 33284 33297 33314 33344 33475 33519 33539 33571 33617 33645
 33827 34011 34057 34129 34164 34219 34266 34321 34400 34416 34445 34446
 34531 34533 34603 34605 34622 34781 34790 34815 34855 34997 35010 35041
 35075 35077 35159 35194 35226 35241 35282 35297 35410 35418 35420 35432
 35440 35442 35514 35539 35601 35663 35679 35731 35760 35782 35810 35840
 35843 35909 35980 36061 36113 36146 36158 36209 36236 36259 36384 36476
 36511 36668 36695 36704 36722 36763 36873 36897 36899 36901 36904 36980
 36992 36994 37104 37206 37238 37331 37381 37392 37420 37439 37449 37461
 37520 37593 37600 37617 37722 37792 37830 37856 37858 37880]
[   78    88   102   105   253   278   304   376   393   415   443   495
   529   557   598   632   786   909   931   938   945  1016  1041  1099
  1108  1124  1150  1284  1310  1336  1467  1486  1541  1546  1563  1581
  1613  1641  1664  1710  1746  1904  1931  1939  2019  2025  2031  2033
  2035  2050  2126  2145  2165  2173  2196  2211  2237  2247  2389  2390
  2493  2532  2596  2612  2733  2744  2747  2750  2797  2807  2825  2856
  2857  2862  2874  2878  2909  2972  2976  2986  3032  3051  3055  3172
  3190  3204  3266  3302  3304  3319  3329  3359  3440  3492  3532  3545
  3558  3625  3629  3635  3638  3669  3692  3770  3775  3846  3848  3869
  3937  3963  3977  4064  4116  4136  4137  4163  4171  4215  4252  4257
  4268  4269  4273  4274  4296  4406  4455  4597  4615  4627  4637  4829
  4901  4912  4975  5000  5008  5021  5032  5079  5114  5163  5178  5212
  5226  5232  5247  5267  5339  5410  5417  5447  5460  5480  5483  5487
  5501  5505  5681  5705  5712  5778  5857  5874  5957  6010  6138  6217
  6220  6236  6238  6335  6366  6398  6418  6419  6427  6478  6499  6582
  6591  6608  6651  6672  6848  6851  6899  6923  6963  7100  7201  7212
  7228  7242  7262  7277  7286  7312  7332  7359  7368  7380  7466  7588
  7595  7631  7651  7751  7888  7958  7969  7994  8035  8071  8100  8101
  8134  8160  8204  8219  8247  8313  8367  8381  8400  8405  8443  8452
  8627  8653  8748  8769  8840  8857  8870  8913  8962  9071  9081  9086
  9196  9259  9287  9359  9435  9511  9542  9572  9670  9776  9780  9781
  9892  9901  9956  9995 10007 10050 10060 10073 10120 10234 10277 10279
 10341 10359 10376 10412 10442 10453 10510 10517 10582 10584 10632 10638
 10643 10663 10674 10697 10706 10719 10819 10832 10855 10865 10936 10945
 10962 11004 11033 11040 11062 11084 11113 11201 11218 11232 11270 11271
 11331 11427 11457 11477 11479 11530 11536 11550 11560 11596 11601 11644
 11648 11653 11727 11753 11756 11768 11849 11868 11931 12049 12101 12109
 12145 12171 12172 12212 12230 12232 12286 12324 12332 12369 12380 12450
 12459 12492 12497 12501 12505 12547 12562 12577 12592 12602 12604 12640
 12756 12827 12837 12866 12915 12950 12963 12976 12996 13139 13165 13193
 13253 13334 13397 13407 13424 13473 13510 13521 13527 13528 13536 13572
 13620 13670 13672 13697 13700 13716 13731 13738 13751 13753 13802 13807
 13824 13867 13936 14082 14110 14136 14282 14307 14369 14381 14393 14396
 14437 14502 14503 14544 14652 14736 14774 14789 14814 14828 14916 15028
 15033 15208 15260 15270 15317 15435 15472 15478 15483 15499 15511 15533
 15569 15617 15650 15683 15688 15756 15891 15895 15934 15941 15962 16042
 16072 16135 16157 16184 16230 16257 16270 16277 16287 16319 16320 16375
 16384 16443 16452 16471 16523 16580 16619 16694 16734 16798 16805 16835
 16905 17000 17006 17053 17159 17175 17190 17204 17218 17285 17329 17330
 17349 17363 17378 17405 17414 17439 17457 17544 17604 17666 17677 17682
 17694 17703 17814 17834 17839 17853 17865 17869 17903 17965 17996 18013
 18019 18026 18027 18178 18248 18252 18287 18300 18302 18308 18313 18333
 18340 18348 18448 18449 18466 18477 18490 18511 18566 18696 18705 18712
 18789 18790 18799 18805 18817 18893 18950 18957 19021 19042 19064 19081
 19096 19141 19157 19180 19215 19261 19308 19338 19379 19400 19430 19448
 19454 19488 19513 19528 19569 19606 19692 19705 19757 19852 19935 19942
 19988 20013 20020 20041 20042 20050 20065 20096 20187 20246 20249 20250
 20256 20272 20275 20367 20420 20429 20455 20456 20515 20519 20534 20570
 20638 20663 20694 20739 20795 20839 20861 20888 20891 20913 21126 21251
 21285 21319 21342 21351 21366 21478 21498 21526 21538 21553 21555 21588
 21602 21610 21671 21691 21700 21722 21797 21882 21916 21935 21948 21966
 22043 22061 22084 22154 22161 22167 22228 22274 22360 22461 22505 22523
 22534 22544 22548 22562 22655 22676 22829 22877 22898 22919 22929 22963
 22994 23001 23005 23029 23044 23061 23084 23098 23317 23372 23399 23478
 23497 23498 23570 23604 23617 23634 23671 23689 23693 23745 23765 23782
 23808 23818 23954 24011 24088 24095 24145 24193 24243 24255 24288 24340
 24351 24371 24386 24472 24473 24495 24505 24551 24573 24588 24632 24639
 24729 24794 24878 24935 24973 25068 25111 25122 25149 25166 25210 25275
 25301 25373 25393 25471 25502 25505 25523 25530 25651 25722 25790 25818
 25838 25869 25902 25950 25957 25982 26012 26051 26070 26078 26126 26169
 26265 26267 26413 26456 26546 26627 26680 26713 26749 26773 26825 26848
 26851 26857 26861 27001 27059 27125 27151 27211 27253 27271 27286 27352
 27359 27371 27391 27421 27467 27582 27649 27658 27672 27732 27771 27803
 27812 27884 27885 27919 27936 28005 28013 28161 28184 28212 28257 28287
 28323 28336 28378 28404 28423 28424 28449 28502 28505 28546 28556 28667
 28679 28680 28696 28702 28710 28773 28777 28884 28896 28920 28960 29003
 29082 29131 29196 29222 29279 29396 29424 29447 29465 29509 29532 29568
 29606 29659 29666 29689 29709 29752 29811 29832 29874 29908 29971 30013
 30139 30165 30171 30196 30221 30234 30312 30330 30499 30534 30537 30543
 30574 30638 30670 30690 30727 30750 30799 30809 30875 31002 31031 31101
 31108 31119 31145 31177 31211 31220 31296 31335 31355 31503 31514 31532
 31537 31580 31603 31641 31675 31724 31867 31893 31901 31986 32009 32023
 32063 32189 32261 32309 32419 32465 32477 32487 32501 32525 32556 32583
 32586 32618 32720 32727 32750 32828 32838 32874 32911 32921 33018 33136
 33151 33156 33189 33223 33228 33237 33272 33282 33284 33297 33299 33314
 33335 33344 33448 33475 33519 33539 33571 33610 33617 33645 33797 33827
 33939 34011 34057 34129 34164 34219 34266 34313 34321 34416 34445 34448
 34533 34603 34605 34616 34622 34781 34790 34822 34855 34997 34998 35003
 35041 35075 35077 35083 35097 35159 35194 35226 35241 35271 35275 35297
 35327 35410 35418 35420 35432 35440 35442 35514 35539 35572 35601 35663
 35676 35679 35707 35709 35725 35731 35760 35773 35782 35810 35840 35843
 35885 35909 35959 35974 35980 36061 36113 36146 36158 36209 36220 36236
 36257 36259 36378 36384 36403 36476 36635 36668 36695 36704 36722 36727
 36873 36897 36899 36901 36904 36980 36992 36994 37023 37104 37148 37156
 37206 37238 37269 37281 37286 37331 37381 37392 37420 37439 37449 37461
 37520 37570 37585 37593 37600 37617 37644 37722 37765 37767 37785 37792
 37807 37830 37856 37858 37880 37921]
[   78    88   102   105   253   278   304   341   376   393   415   443
   487   495   529   557   598   604   632   786   909   931   938   945
   973  1016  1041  1099  1124  1150  1284  1310  1336  1467  1486  1490
  1541  1546  1563  1581  1604  1605  1613  1641  1664  1710  1721  1746
  1904  1931  1939  2019  2025  2031  2033  2035  2050  2126  2145  2165
  2173  2196  2211  2237  2247  2375  2389  2390  2400  2471  2493  2498
  2503  2532  2596  2612  2733  2744  2749  2750  2797  2807  2825  2862
  2874  2878  2909  2972  2976  2986  3031  3032  3051  3055  3172  3190
  3204  3219  3302  3304  3319  3329  3352  3359  3440  3492  3532  3545
  3558  3625  3629  3631  3635  3638  3669  3682  3692  3770  3775  3846
  3848  3869  3937  3963  3973  3977  4014  4064  4116  4125  4136  4137
  4163  4171  4224  4252  4257  4268  4269  4273  4274  4296  4299  4403
  4406  4455  4517  4597  4615  4627  4637  4711  4829  4901  4912  4975
  5000  5008  5021  5032  5079  5114  5163  5178  5212  5226  5232  5247
  5267  5339  5371  5410  5417  5447  5460  5480  5487  5501  5505  5681
  5705  5710  5712  5756  5773  5776  5778  5857  5874  5932  5957  6010
  6036  6138  6217  6220  6236  6238  6335  6366  6398  6418  6419  6427
  6430  6478  6499  6530  6568  6582  6591  6608  6635  6651  6664  6672
  6837  6848  6851  6899  6923  6948  6963  7082  7100  7169  7201  7212
  7228  7242  7262  7277  7286  7312  7332  7359  7368  7466  7588  7595
  7631  7651  7715  7751  7817  7888  7958  7969  7994  8035  8049  8071
  8100  8101  8134  8160  8204  8214  8219  8245  8247  8313  8367  8400
  8405  8433  8443  8452  8559  8598  8627  8653  8748  8769  8840  8857
  8870  8913  8962  9034  9041  9071  9081  9086  9196  9259  9287  9359
  9400  9435  9511  9542  9572  9670  9744  9776  9780  9781  9804  9833
  9892  9901  9956  9995 10007 10050 10060 10073 10088 10120 10196 10232
 10234 10277 10279 10313 10341 10359 10376 10412 10442 10453 10510 10517
 10582 10584 10632 10638 10643 10659 10663 10674 10697 10706 10719 10819
 10832 10855 10865 10936 10945 10962 11004 11025 11033 11040 11062 11084
 11093 11201 11218 11232 11270 11271 11331 11427 11457 11462 11477 11530
 11536 11550 11560 11596 11601 11644 11648 11653 11727 11753 11756 11768
 11834 11842 11849 11931 11962 12049 12101 12109 12145 12171 12172 12187
 12212 12230 12232 12286 12324 12332 12355 12369 12380 12400 12450 12459
 12492 12497 12501 12505 12526 12547 12562 12577 12592 12602 12604 12640
 12664 12704 12756 12787 12827 12837 12866 12868 12915 12950 12961 12963
 12976 12996 13092 13139 13148 13165 13193 13253 13333 13334 13365 13397
 13407 13424 13473 13510 13521 13527 13528 13536 13572 13620 13670 13672
 13697 13700 13716 13731 13738 13751 13753 13802 13807 13824 13829 13867
 13936 13981 14082 14110 14136 14282 14299 14307 14369 14381 14393 14396
 14437 14502 14503 14544 14652 14736 14774 14789 14814 14828 14880 14895
 14916 14993 15028 15033 15048 15112 15157 15208 15260 15270 15317 15435
 15462 15472 15478 15483 15499 15511 15533 15569 15617 15625 15650 15666
 15683 15688 15756 15891 15895 15934 15941 15962 16017 16042 16072 16135
 16157 16184 16230 16257 16270 16277 16287 16303 16319 16320 16375 16384
 16443 16452 16471 16523 16524 16580 16619 16694 16734 16747 16749 16798
 16805 16835 16878 16905 16931 17000 17006 17053 17083 17159 17175 17190
 17204 17218 17329 17330 17349 17363 17378 17405 17414 17439 17457 17493
 17544 17604 17666 17677 17682 17694 17703 17814 17834 17839 17853 17865
 17869 17886 17903 17925 17965 17996 18013 18019 18026 18027 18178 18231
 18248 18252 18287 18300 18302 18308 18313 18333 18340 18348 18448 18449
 18466 18477 18490 18511 18535 18566 18696 18705 18712 18746 18761 18763
 18789 18790 18799 18805 18817 18835 18893 18899 18950 18957 19021 19042
 19064 19081 19096 19140 19141 19157 19180 19189 19215 19261 19308 19338
 19379 19400 19430 19454 19474 19488 19513 19528 19569 19606 19692 19703
 19705 19735 19757 19852 19935 19942 19954 19988 20013 20020 20041 20042
 20050 20065 20096 20104 20175 20187 20246 20249 20250 20256 20272 20275
 20367 20420 20429 20455 20456 20515 20519 20534 20560 20570 20638 20663
 20679 20694 20739 20795 20839 20861 20888 20891 20913 21126 21183 21251
 21285 21319 21342 21351 21353 21366 21478 21498 21526 21538 21553 21555
 21588 21602 21610 21671 21691 21700 21722 21797 21882 21916 21935 21948
 21966 22043 22061 22084 22154 22161 22167 22228 22271 22274 22360 22464
 22505 22523 22534 22544 22548 22559 22562 22655 22676 22771 22792 22829
 22867 22877 22882 22898 22909 22919 22929 22963 22994 23001 23005 23029
 23044 23061 23098 23171 23317 23356 23372 23399 23478 23482 23497 23498
 23567 23570 23604 23617 23634 23671 23689 23693 23745 23765 23782 23801
 23808 23811 23818 23836 23954 24011 24079 24088 24095 24138 24145 24193
 24243 24255 24266 24288 24340 24351 24371 24386 24472 24473 24495 24505
 24519 24551 24573 24588 24632 24639 24651 24729 24878 24935 24973 25068
 25111 25122 25149 25166 25210 25275 25279 25301 25373 25393 25471 25497
 25502 25505 25523 25530 25555 25598 25613 25651 25666 25722 25774 25790
 25818 25838 25869 25894 25902 25950 25957 25982 26012 26051 26070 26078
 26126 26169 26232 26265 26267 26312 26413 26456 26529 26538 26546 26627
 26680 26713 26749 26753 26773 26778 26825 26848 26851 26857 26861 27001
 27059 27125 27151 27161 27205 27253 27271 27286 27305 27352 27359 27371
 27391 27395 27421 27467 27518 27582 27583 27649 27658 27672 27732 27771
 27803 27812 27884 27885 27895 27919 27936 28005 28013 28087 28091 28161
 28212 28245 28257 28287 28323 28334 28336 28341 28378 28404 28423 28424
 28449 28491 28502 28505 28546 28556 28558 28649 28667 28679 28680 28696
 28702 28710 28773 28777 28784 28791 28884 28896 28912 28920 28960 29003
 29057 29082 29131 29222 29279 29384 29396 29397 29424 29447 29465 29469
 29509 29532 29547 29568 29598 29606 29659 29666 29689 29707 29709 29752
 29768 29811 29832 29874 29908 30013 30139 30165 30168 30171 30196 30234
 30312 30330 30427 30499 30534 30537 30543 30574 30598 30620 30638 30670
 30690 30727 30750 30799 30809 30875 30889 31002 31031 31057 31101 31108
 31119 31145 31177 31211 31220 31304 31335 31355 31391 31426 31503 31514
 31532 31537 31580 31603 31613 31653 31658 31675 31724 31867 31893 31901
 31978 31986 32009 32023 32063 32189 32261 32294 32301 32309 32351 32419
 32477 32487 32501 32514 32525 32556 32583 32586 32587 32618 32697 32727
 32750 32828 32838 32874 32911 32921 33018 33136 33151 33156 33189 33223
 33237 33272 33282 33284 33287 33297 33299 33314 33335 33344 33448 33475
 33519 33539 33556 33564 33571 33610 33617 33645 33662 33797 33827 33929
 33939 34011 34057 34129 34164 34194 34219 34321 34375 34416 34445 34448
 34533 34603 34605 34616 34622 34705 34772 34781 34790 34828 34855 34893
 34968 34997 34998 35003 35041 35075 35077 35083 35097 35159 35194 35226
 35251 35270 35271 35275 35297 35327 35410 35418 35420 35432 35440 35442
 35514 35539 35572 35601 35663 35676 35679 35707 35709 35725 35731 35760
 35773 35782 35810 35840 35843 35885 35909 35959 35974 35980 36010 36061
 36111 36113 36146 36236 36257 36259 36378 36384 36403 36476 36635 36658
 36668 36695 36704 36722 36727 36873 36897 36899 36901 36904 36980 36992
 36994 37023 37104 37148 37156 37206 37238 37246 37269 37281 37286 37331
 37358 37381 37392 37420 37439 37449 37461 37520 37534 37570 37585 37593
 37600 37617 37644 37676 37722 37765 37767 37785 37792 37807 37830 37856
 37858 37880 37884 37912 37921 37994]
[   69    78    88   102   105   253   278   304   341   376   393   415
   443   487   495   529   557   598   604   632   786   853   909   931
   938   945   973  1016  1041  1099  1124  1150  1166  1284  1310  1336
  1467  1486  1490  1541  1546  1563  1581  1600  1604  1605  1613  1641
  1664  1710  1721  1746  1904  1931  1939  2019  2025  2031  2033  2035
  2050  2126  2145  2165  2173  2196  2201  2211  2237  2247  2375  2389
  2390  2400  2471  2493  2498  2532  2596  2612  2733  2744  2747  2749
  2750  2797  2807  2825  2862  2874  2878  2909  2972  2976  2986  3031
  3032  3051  3055  3086  3172  3190  3204  3219  3266  3302  3304  3319
  3329  3352  3359  3440  3492  3532  3545  3553  3558  3625  3629  3631
  3635  3638  3669  3682  3692  3770  3775  3814  3846  3848  3869  3937
  3963  3973  3977  4003  4014  4064  4116  4125  4136  4137  4163  4171
  4215  4224  4252  4257  4268  4269  4273  4274  4296  4299  4403  4406
  4455  4517  4597  4615  4627  4637  4711  4829  4901  4912  4975  5000
  5008  5021  5032  5079  5114  5163  5178  5212  5226  5232  5247  5267
  5291  5371  5410  5417  5447  5460  5480  5487  5501  5505  5660  5681
  5705  5710  5712  5756  5773  5776  5778  5857  5874  5932  5957  6010
  6036  6081  6138  6141  6183  6217  6220  6236  6238  6335  6366  6398
  6418  6419  6427  6430  6469  6478  6499  6502  6530  6582  6591  6608
  6635  6651  6664  6672  6837  6848  6851  6886  6899  6923  6948  6963
  7082  7100  7201  7212  7228  7242  7262  7277  7286  7312  7332  7341
  7359  7368  7380  7466  7586  7588  7595  7651  7715  7751  7817  7888
  7915  7958  7969  7994  8035  8049  8071  8100  8101  8160  8204  8214
  8219  8245  8247  8311  8313  8367  8400  8405  8433  8443  8452  8458
  8559  8627  8653  8748  8769  8840  8857  8870  8913  8962  9034  9041
  9071  9081  9086  9196  9255  9259  9278  9287  9359  9400  9435  9511
  9542  9572  9670  9744  9776  9780  9781  9804  9833  9892  9901  9956
  9995 10007 10050 10060 10073 10088 10120 10196 10232 10234 10247 10277
 10279 10313 10341 10359 10376 10388 10412 10442 10453 10510 10517 10553
 10582 10584 10587 10613 10629 10632 10638 10643 10659 10663 10674 10697
 10706 10708 10716 10719 10819 10832 10855 10865 10936 10945 10962 11004
 11025 11033 11040 11062 11084 11093 11201 11218 11232 11270 11271 11331
 11427 11457 11462 11477 11479 11530 11536 11550 11560 11596 11601 11644
 11648 11653 11727 11753 11756 11762 11768 11769 11834 11842 11849 11914
 11920 11931 11962 12021 12049 12101 12109 12145 12171 12172 12178 12187
 12212 12230 12232 12286 12324 12332 12355 12369 12380 12400 12450 12459
 12492 12497 12501 12505 12526 12547 12562 12592 12602 12604 12640 12644
 12704 12756 12787 12801 12827 12837 12866 12868 12915 12961 12963 12976
 12996 13023 13092 13139 13148 13165 13193 13222 13253 13259 13332 13333
 13334 13365 13397 13398 13407 13424 13473 13499 13501 13510 13521 13528
 13536 13572 13620 13670 13672 13689 13697 13700 13716 13731 13738 13751
 13753 13780 13802 13807 13824 13829 13867 13936 13981 14020 14082 14110
 14136 14282 14299 14307 14369 14381 14382 14393 14396 14437 14502 14503
 14544 14608 14652 14736 14774 14789 14814 14828 14880 14895 14916 14993
 15033 15048 15097 15112 15158 15208 15260 15270 15317 15435 15462 15472
 15478 15483 15499 15511 15533 15540 15569 15617 15625 15627 15650 15666
 15683 15688 15756 15864 15891 15895 15934 15941 16017 16042 16072 16135
 16157 16184 16230 16257 16270 16277 16287 16303 16319 16320 16375 16384
 16443 16452 16471 16523 16524 16580 16619 16623 16694 16734 16749 16798
 16805 16835 16878 16905 16931 17000 17006 17050 17053 17159 17175 17190
 17204 17213 17218 17285 17308 17329 17330 17349 17363 17378 17405 17414
 17439 17457 17493 17544 17546 17604 17622 17666 17677 17682 17694 17703
 17814 17834 17839 17852 17853 17865 17869 17886 17903 17906 17925 17965
 17977 17996 18002 18013 18019 18026 18027 18178 18231 18248 18287 18295
 18300 18308 18313 18339 18340 18348 18448 18449 18466 18477 18490 18511
 18535 18555 18557 18566 18696 18705 18712 18746 18761 18763 18789 18790
 18799 18805 18817 18835 18893 18899 18938 18949 18950 18957 19021 19042
 19064 19081 19096 19140 19141 19157 19180 19189 19215 19261 19308 19338
 19379 19400 19430 19448 19451 19454 19474 19488 19513 19528 19569 19606
 19692 19703 19705 19735 19736 19757 19763 19830 19852 19935 19942 19954
 19988 20013 20020 20041 20042 20050 20061 20065 20096 20104 20175 20187
 20246 20249 20250 20272 20275 20367 20420 20429 20455 20456 20515 20519
 20534 20570 20638 20663 20694 20739 20795 20839 20861 20888 20891 20913
 21126 21251 21285 21319 21342 21351 21353 21366 21478 21498 21526 21538
 21553 21555 21588 21602 21603 21610 21671 21691 21700 21722 21797 21882
 21916 21935 21948 21966 22043 22061 22084 22154 22161 22167 22228 22274
 22360 22464 22505 22523 22534 22544 22548 22559 22562 22655 22676 22792
 22829 22867 22882 22898 22919 22929 22963 22994 23001 23005 23029 23044
 23061 23097 23098 23133 23171 23317 23325 23372 23399 23478 23482 23497
 23498 23567 23570 23604 23617 23634 23671 23689 23693 23745 23765 23782
 23801 23808 23811 23818 23836 23954 24011 24088 24095 24138 24145 24193
 24243 24255 24263 24266 24288 24340 24371 24386 24435 24472 24473 24495
 24505 24519 24573 24588 24632 24639 24651 24694 24729 24747 24878 24935
 24973 25005 25031 25068 25111 25122 25142 25149 25166 25210 25275 25279
 25301 25371 25373 25393 25471 25497 25502 25505 25523 25530 25555 25598
 25613 25651 25666 25722 25774 25782 25790 25818 25838 25869 25894 25902
 25950 25957 25982 26012 26051 26070 26078 26112 26126 26169 26232 26265
 26267 26312 26413 26456 26529 26538 26546 26627 26680 26713 26753 26773
 26778 26787 26825 26848 26851 26857 26861 27001 27059 27090 27125 27145
 27151 27152 27161 27205 27253 27271 27286 27305 27352 27359 27371 27391
 27395 27420 27421 27467 27518 27582 27583 27649 27658 27672 27732 27803
 27812 27884 27885 27895 27919 27936 28005 28013 28061 28087 28091 28161
 28177 28195 28245 28255 28257 28287 28323 28329 28334 28336 28341 28378
 28404 28414 28423 28424 28449 28491 28502 28505 28546 28556 28558 28649
 28667 28679 28680 28696 28702 28742 28773 28777 28784 28884 28896 28911
 28920 28941 28960 28988 29003 29057 29082 29131 29196 29222 29279 29384
 29396 29397 29424 29447 29465 29469 29509 29525 29532 29547 29568 29598
 29606 29659 29666 29689 29709 29736 29752 29832 29874 29890 29908 29971
 30013 30040 30074 30139 30165 30168 30171 30196 30234 30312 30320 30330
 30427 30499 30534 30537 30543 30574 30598 30620 30638 30670 30690 30703
 30727 30750 30799 30809 30875 31002 31031 31057 31101 31103 31104 31108
 31119 31145 31177 31211 31220 31304 31335 31355 31391 31426 31503 31514
 31517 31532 31537 31572 31603 31613 31653 31658 31675 31724 31747 31803
 31867 31893 31901 31978 31986 32009 32023 32063 32189 32220 32294 32301
 32309 32351 32419 32465 32477 32487 32499 32501 32514 32525 32556 32583
 32586 32587 32618 32697 32720 32727 32750 32768 32828 32838 32874 32911
 32916 32921 33018 33044 33136 33151 33156 33189 33223 33228 33237 33243
 33272 33274 33282 33284 33287 33299 33314 33335 33344 33448 33475 33519
 33533 33539 33556 33564 33571 33610 33617 33645 33662 33797 33827 33912
 33929 33938 33939 33993 34004 34011 34057 34129 34164 34194 34219 34266
 34313 34321 34375 34416 34417 34445 34448 34533 34603 34605 34616 34622
 34772 34781 34790 34828 34855 34893 34968 34997 34998 35003 35041 35073
 35075 35077 35083 35097 35121 35159 35194 35226 35251 35270 35271 35275
 35297 35327 35364 35369 35410 35418 35420 35432 35440 35442 35514 35539
 35572 35601 35663 35676 35679 35686 35707 35709 35725 35731 35760 35773
 35782 35810 35840 35843 35885 35909 35959 35974 35980 36061 36111 36113
 36146 36177 36209 36236 36244 36257 36259 36378 36384 36403 36476 36635
 36668 36704 36709 36722 36727 36731 36743 36757 36763 36854 36873 36881
 36897 36899 36901 36904 36980 36992 36994 37023 37104 37108 37148 37156
 37206 37238 37246 37269 37281 37286 37331 37358 37381 37392 37420 37439
 37449 37461 37518 37520 37570 37585 37593 37600 37644 37676 37685 37722
 37765 37767 37785 37792 37807 37830 37856 37858 37880 37884 37921 37964
 37994]
[   69    78    88   102   105   253   278   304   341   376   393   415
   443   495   528   529   557   598   604   632   786   853   909   931
   938   945   973  1016  1041  1099  1124  1150  1166  1167  1284  1310
  1322  1336  1467  1486  1541  1546  1563  1581  1590  1600  1604  1605
  1613  1641  1664  1686  1710  1721  1746  1777  1802  1904  1931  1939
  1975  1985  2025  2031  2033  2035  2050  2126  2145  2165  2173  2196
  2211  2237  2247  2348  2375  2389  2390  2400  2493  2498  2503  2532
  2596  2612  2733  2744  2747  2749  2750  2797  2807  2825  2862  2874
  2878  2909  2972  2976  2986  3031  3032  3051  3055  3105  3172  3190
  3204  3219  3266  3302  3304  3319  3329  3352  3357  3359  3440  3492
  3532  3545  3553  3558  3625  3629  3631  3635  3638  3669  3682  3692
  3770  3775  3814  3846  3848  3869  3937  3963  3973  3977  4014  4064
  4116  4125  4136  4137  4163  4171  4215  4224  4252  4257  4268  4269
  4273  4274  4296  4403  4406  4455  4517  4597  4615  4627  4637  4711
  4829  4848  4868  4901  4912  4975  5000  5008  5021  5032  5079  5114
  5163  5176  5178  5212  5220  5226  5232  5247  5267  5291  5339  5371
  5410  5417  5447  5460  5480  5487  5501  5505  5660  5681  5705  5710
  5712  5756  5773  5776  5778  5857  5874  5882  5932  5957  6010  6036
  6081  6138  6141  6183  6217  6220  6236  6238  6330  6335  6366  6398
  6418  6419  6427  6430  6478  6499  6502  6530  6582  6591  6597  6608
  6632  6633  6635  6651  6664  6672  6837  6848  6851  6886  6899  6923
  6948  6963  7082  7100  7169  7201  7212  7228  7242  7262  7277  7286
  7312  7332  7359  7368  7380  7466  7586  7588  7595  7631  7651  7715
  7751  7770  7817  7836  7888  7958  7969  7994  8035  8049  8071  8100
  8101  8160  8204  8214  8219  8245  8247  8311  8313  8342  8367  8400
  8405  8433  8443  8452  8458  8559  8627  8653  8748  8769  8840  8857
  8870  8913  8958  8962  9034  9041  9047  9071  9081  9086  9196  9259
  9278  9287  9359  9400  9435  9475  9542  9572  9640  9670  9744  9776
  9780  9781  9804  9833  9841  9892  9901  9938  9948  9956  9995 10007
 10047 10050 10060 10073 10088 10120 10127 10196 10232 10234 10247 10277
 10279 10313 10341 10359 10376 10388 10412 10442 10453 10465 10510 10517
 10553 10582 10584 10587 10613 10632 10638 10643 10659 10663 10674 10697
 10706 10708 10716 10719 10819 10855 10865 10936 10945 10962 11004 11025
 11033 11040 11062 11084 11093 11201 11218 11232 11270 11271 11331 11427
 11433 11457 11462 11477 11479 11530 11550 11560 11596 11601 11644 11648
 11653 11713 11727 11753 11756 11768 11769 11834 11842 11849 11914 11920
 11931 11962 12021 12049 12101 12109 12143 12145 12171 12172 12178 12187
 12212 12230 12232 12286 12324 12331 12332 12355 12369 12380 12400 12450
 12459 12492 12497 12505 12526 12547 12562 12577 12592 12602 12604 12640
 12644 12648 12664 12704 12756 12787 12801 12827 12837 12866 12868 12915
 12923 12950 12961 12963 12976 12996 13023 13092 13139 13148 13165 13184
 13193 13253 13259 13332 13333 13334 13365 13397 13407 13424 13473 13499
 13501 13502 13510 13521 13528 13536 13549 13572 13620 13670 13672 13689
 13697 13700 13716 13731 13738 13751 13753 13802 13807 13824 13829 13867
 13936 13981 14020 14082 14110 14136 14206 14282 14299 14307 14369 14381
 14393 14396 14437 14502 14503 14535 14544 14551 14608 14652 14736 14774
 14789 14814 14828 14880 14895 14916 15033 15048 15097 15112 15157 15208
 15260 15270 15317 15353 15435 15462 15472 15478 15483 15499 15511 15533
 15540 15569 15617 15619 15625 15627 15650 15666 15683 15688 15756 15864
 15891 15895 15934 15941 16017 16042 16072 16074 16135 16157 16184 16203
 16230 16257 16270 16277 16287 16303 16319 16320 16375 16384 16443 16452
 16471 16523 16524 16580 16619 16694 16734 16749 16798 16805 16835 16878
 16905 16931 17000 17006 17050 17053 17159 17175 17190 17204 17213 17218
 17285 17308 17329 17330 17349 17363 17378 17405 17414 17439 17457 17493
 17544 17546 17604 17622 17666 17677 17682 17694 17703 17814 17834 17839
 17852 17853 17865 17869 17886 17903 17906 17925 17965 17977 17996 18013
 18019 18026 18027 18178 18231 18248 18287 18295 18300 18308 18313 18331
 18333 18339 18340 18348 18448 18449 18466 18477 18490 18511 18535 18555
 18557 18566 18696 18705 18712 18746 18761 18763 18789 18790 18799 18805
 18817 18835 18893 18896 18899 18938 18949 18950 18957 19021 19042 19064
 19081 19096 19140 19141 19157 19180 19189 19215 19261 19281 19308 19329
 19338 19361 19369 19379 19400 19430 19445 19454 19474 19488 19513 19528
 19569 19606 19692 19703 19705 19735 19736 19757 19830 19852 19935 19942
 19954 19988 20013 20020 20041 20042 20050 20061 20065 20096 20104 20175
 20187 20249 20250 20256 20272 20275 20367 20420 20429 20455 20456 20468
 20515 20519 20534 20570 20620 20638 20663 20694 20739 20795 20839 20861
 20888 20891 20913 21053 21126 21183 21251 21285 21319 21342 21351 21353
 21366 21439 21459 21478 21498 21526 21538 21553 21555 21588 21602 21603
 21610 21671 21691 21700 21722 21797 21882 21916 21935 21948 21966 22043
 22061 22084 22154 22161 22167 22228 22274 22360 22464 22505 22523 22534
 22548 22559 22562 22655 22676 22771 22792 22810 22829 22867 22882 22898
 22919 22929 22963 22977 22994 23001 23005 23029 23044 23061 23075 23084
 23097 23098 23133 23317 23325 23372 23399 23478 23482 23497 23498 23500
 23567 23570 23604 23617 23634 23642 23671 23689 23693 23745 23765 23772
 23782 23801 23808 23811 23818 23836 23954 24011 24025 24088 24095 24138
 24145 24193 24243 24255 24263 24266 24288 24340 24371 24386 24410 24435
 24472 24473 24495 24505 24519 24573 24588 24632 24639 24651 24694 24729
 24878 24892 24935 24973 25005 25031 25068 25111 25122 25142 25149 25166
 25210 25275 25279 25301 25371 25373 25393 25471 25497 25502 25505 25523
 25530 25555 25598 25613 25651 25666 25722 25774 25782 25790 25818 25838
 25869 25894 25902 25950 25957 25982 26012 26051 26070 26078 26112 26126
 26232 26265 26267 26312 26413 26456 26529 26538 26546 26627 26680 26713
 26749 26773 26778 26787 26825 26848 26851 26857 26861 26919 27001 27059
 27090 27125 27145 27151 27152 27161 27205 27253 27271 27286 27305 27352
 27359 27371 27391 27395 27421 27467 27518 27582 27583 27649 27658 27672
 27732 27803 27812 27884 27885 27895 27919 28005 28013 28061 28087 28091
 28146 28161 28184 28195 28245 28255 28257 28287 28323 28329 28334 28336
 28341 28378 28404 28414 28423 28424 28449 28491 28502 28505 28546 28556
 28649 28667 28668 28679 28680 28696 28702 28742 28773 28777 28784 28791
 28884 28896 28911 28920 28960 28988 29003 29057 29082 29131 29196 29222
 29279 29384 29396 29397 29424 29447 29465 29469 29509 29525 29532 29547
 29568 29598 29606 29659 29666 29689 29707 29709 29736 29752 29832 29874
 29890 29908 30013 30035 30040 30074 30139 30165 30168 30171 30196 30221
 30234 30312 30320 30330 30427 30499 30534 30537 30543 30574 30598 30620
 30638 30670 30690 30703 30727 30750 30799 30809 30842 30875 31002 31031
 31057 31101 31103 31104 31108 31119 31145 31177 31211 31220 31296 31304
 31335 31355 31391 31426 31503 31514 31517 31532 31537 31544 31572 31580
 31583 31603 31613 31653 31658 31675 31724 31747 31788 31803 31867 31893
 31901 31941 31976 31978 31981 31986 32009 32023 32063 32189 32220 32261
 32294 32301 32309 32351 32419 32454 32465 32477 32487 32499 32501 32514
 32525 32532 32556 32583 32586 32587 32618 32697 32720 32727 32750 32768
 32789 32828 32838 32874 32911 32921 33018 33044 33136 33151 33156 33189
 33223 33228 33237 33243 33272 33274 33282 33284 33287 33297 33299 33314
 33335 33344 33448 33475 33519 33533 33539 33556 33564 33571 33610 33617
 33645 33662 33716 33797 33827 33912 33929 33938 33939 33993 34004 34011
 34057 34129 34164 34194 34219 34266 34313 34321 34349 34375 34416 34417
 34445 34448 34533 34603 34605 34616 34622 34643 34772 34781 34790 34828
 34855 34893 34968 34997 34998 35003 35041 35073 35075 35077 35083 35097
 35121 35159 35194 35226 35251 35270 35271 35275 35297 35327 35410 35418
 35420 35432 35440 35442 35514 35539 35572 35601 35663 35676 35679 35684
 35707 35709 35725 35731 35760 35773 35782 35810 35840 35843 35885 35909
 35959 35974 35980 36061 36111 36113 36146 36177 36209 36236 36244 36257
 36259 36378 36384 36403 36476 36635 36658 36668 36671 36704 36709 36722
 36727 36743 36757 36814 36854 36873 36881 36888 36897 36899 36901 36904
 36980 36992 36994 37023 37104 37108 37148 37156 37206 37238 37246 37269
 37281 37286 37331 37358 37381 37392 37420 37439 37449 37461 37518 37520
 37522 37534 37536 37570 37585 37593 37600 37644 37676 37685 37722 37765
 37767 37785 37792 37807 37830 37856 37858 37880 37884 37921 37994]
