[array([42086, 34257,  4935, 25907, 45629, 38347, 35932, 47211,  3501,
       39069, 36060, 19203, 47148, 45754, 25628, 30405, 24760, 47190,
       29259, 36674, 41797, 13875, 43419, 47349, 19873, 16821, 25360,
       48241, 10041, 25260,  3392, 46004, 36177, 17077, 25951, 10358,
       24438, 20299, 31287, 16856, 47520, 21323, 12289,  8201, 21677,
       46028, 26650, 42992,  2096, 38970]), array([ 2096,  3105,  3392,  3501,  4914,  4935,  5053,  6797, 10041,
       13875, 14601, 16821, 16856, 17007, 17077, 19203, 19873, 20299,
       20859, 24760, 24870, 25360, 25628, 25907, 25951, 26650, 29259,
       30405, 31287, 31990, 34257, 34266, 35932, 36060, 36674, 38347,
       39069, 39561, 39950, 41500, 41797, 42086, 45629, 46004, 46028,
       47148, 47211, 47349, 47520, 47977]), array([  964,  2096,  3105,  3392,  3501,  4914,  4935,  6797,  9636,
       10005, 10041, 10983, 12289, 13453, 13543, 13875, 16821, 17007,
       17077, 17853, 19203, 19477, 19873, 19942, 20299, 20859, 22947,
       23172, 24760, 25360, 25628, 25907, 25951, 26084, 26975, 28148,
       29259, 29626, 30405, 31052, 31287, 33064, 34257, 34266, 35519,
       35932, 36060, 36084, 36177, 36674, 38347, 38995, 39069, 39561,
       39675, 39950, 40115, 40194, 41021, 41500, 41797, 42086, 42992,
       43419, 45629, 45754, 46004, 46028, 47148, 47190, 47211, 47349,
       47520, 48241]), array([ 2096,  3105,  3392,  4914,  4935,  5053,  9636, 10041, 10983,
       13453, 13875, 16821, 17853, 19203, 19873, 20299, 20859, 21323,
       23172, 24760, 24870, 25360, 25907, 25951, 29259, 30405, 34257,
       34266, 35519, 35932, 36060, 36177, 38347, 39069, 39561, 39675,
       39950, 40115, 40194, 41500, 41797, 42086, 45629, 45754, 46004,
       46028, 47148, 47190, 47211, 47349, 47520, 48241]), array([42086, 38347, 25907,  4935, 39069, 30405, 34257, 46028, 45629,
        4914, 47211,  3392, 19203, 13875, 47349, 17077, 29259, 24760,
       16821, 46004,  3501, 25951,  3105, 35932, 20859, 41500, 36060,
       24870, 23172, 41797, 25360, 17853, 10041, 19873, 47977, 48389,
        5053, 16856, 36674, 31052, 47148, 47190,  2096, 42992, 39153,
       43419, 39561, 25628, 21677,  6797]), array([34257, 42086, 46028,  4935, 38347, 25907, 39069,  3501, 45629,
       29259, 19203, 45754, 46004,  4914, 47148, 36060, 16821, 47349,
        3392, 30405, 13875, 20299, 17853, 47211, 10041, 17077, 24760,
       47520,  5053, 25628, 40194, 41797, 39950, 41500, 35519, 31052,
        6797, 25951, 48241, 16856, 21323,  3105, 25360, 19873, 47190,
       39561, 12289, 21677, 20859, 29835]), array([ 2096,  3392,  3501,  4914,  4935,  5053,  6797, 10005, 10041,
       12289, 13875, 16821, 16856, 17077, 17853, 19203, 19873, 20859,
       23613, 24760, 25360, 25628, 25907, 25951, 26186, 29259, 29626,
       30405, 31052, 32599, 34257, 35519, 36060, 36177, 38347, 39069,
       39561, 39950, 40194, 41500, 42086, 44785, 45629, 45754, 46004,
       46028, 47148, 47211, 47349, 47520, 47977]), array([ 4935, 42086, 34257, 19203, 13875,  4914, 46004, 46028, 47148,
       38347, 30405,  3392, 17853, 25628, 35074, 25360, 36060, 47211,
       24760, 39069, 47349, 45629, 35932, 35519, 20299, 16856, 24870,
       21323, 25951, 40194, 41500, 12289, 29259,  2096, 47190, 19873,
       36177, 23613, 45754, 25907, 39153, 10041, 39561, 41797,  9971,
       43419, 31052,  8973, 39675, 17077]), array([ 4935, 34257, 19203,  4914, 38347, 47520, 46004, 39069, 47211,
       24760, 35932, 46028, 25907, 36060, 25360, 12289, 35519,  3392,
       42086, 45629, 13875, 25628, 25951,  3501, 47148, 16821, 16856,
       47190, 10041, 19873, 20299, 30405, 41500, 36177, 21323, 28148,
       40194, 47349, 39675,  9971,  2096, 17077, 43419, 29259, 39950,
       34266, 20859, 21677, 45754, 31287]), array([  189,   221,   626,   667,   710,   863,   964,  1003,  1047,
        1245,  1363,  1496,  2096,  2114,  2257,  2775,  2984,  3033,
        3105,  3392,  3501,  3535,  3708,  3871,  4255,  4554,  4914,
        4935,  4944,  5047,  5053,  5148,  5196,  5328,  5337,  5755,
        5880,  6189,  6312,  6640,  6655,  6797,  6910,  6922,  7422,
        7513,  7836,  7946,  8201,  8246,  8385,  8973,  9069,  9334,
        9381,  9552,  9636,  9971, 10005, 10041, 10215, 10236, 10358,
       10377, 10426, 10704, 10863, 10884, 10983, 11055, 11221, 11489,
       11563, 11752, 11794, 11795, 12287, 12289, 12374, 12553, 12624,
       12649, 12683, 12738, 12956, 13230, 13238, 13446, 13453, 13457,
       13543, 13564, 13875, 13916, 14040, 14137, 14498, 14601, 14718,
       15297, 15515, 15520, 15555, 15888, 16220, 16303, 16821, 16856,
       16994, 17007, 17077, 17217, 17305, 17422, 17555, 17608, 17853,
       17928, 17960, 17983, 18269, 18366, 18479, 18531, 18579, 18918,
       19203, 19402, 19477, 19545, 19835, 19873, 19942, 20299, 20363,
       20698, 20731, 20765, 20859, 20898, 20921, 21080, 21082, 21159,
       21167, 21256, 21323, 21677, 21681, 21915, 22550, 22947, 23018,
       23071, 23172, 23301, 23576, 23613, 23916, 23970, 24166, 24207,
       24438, 24516, 24739, 24760, 24790, 24819, 24835, 24870, 24934,
       25136, 25299, 25360, 25470, 25595, 25628, 25907, 25951, 25962,
       26084, 26186, 26269, 26394, 26402, 26650, 26894, 26975, 26984,
       27360, 27416, 27753, 27991, 28130, 28148, 28219, 28274, 28397,
       28551, 28755, 28879, 28903, 28965, 29042, 29082, 29109, 29259,
       29283, 29626, 29681, 29766, 29835, 29904, 30113, 30405, 30531,
       30738, 31052, 31208, 31287, 31342, 31495, 31624, 31673, 31763,
       31769, 32008, 32250, 32297, 32599, 32783, 33064, 33296, 33687,
       33751, 34054, 34193, 34257, 34266, 34389, 34679, 34935, 35002,
       35074, 35255, 35257, 35323, 35519, 35932, 36060, 36084, 36111,
       36177, 36353, 36401, 36411, 36429, 36524, 36583, 36674, 36809,
       36938, 37731, 37863, 37927, 37964, 38128, 38208, 38347, 38452,
       38720, 38866, 38875, 38970, 38995, 39057, 39069, 39071, 39153,
       39198, 39280, 39561, 39675, 39696, 39874, 39950, 40115, 40181,
       40194, 40247, 40257, 40588, 40628, 40879, 41021, 41164, 41179,
       41308, 41425, 41500, 41522, 41654, 41797, 42086, 42580, 42669,
       42992, 43173, 43212, 43242, 43419, 43781, 43999, 44260, 44345,
       44444, 44714, 44715, 44785, 44876, 45087, 45184, 45451, 45629,
       45754, 45953, 45982, 46004, 46028, 46249, 46702, 47065, 47148,
       47184, 47190, 47211, 47349, 47520, 47558, 47776, 47794, 47977,
       48241, 48271, 48612, 48696, 48713, 48846, 48854, 48881, 49236,
       49254, 49469, 49496])]
