training accuracy when lambda=0.8
[0.12165656565776979, 0.13282828283008902, 0.13822222222222222, 0.14450505050625465, 0.15115151515873995, 0.15820202020442847, 0.1654343434349455, 0.17743434343554756, 0.1904040404112652, 0.20404040404040405, 0.22026262626623866, 0.24066666667389147, 0.2621414141438224, 0.2825454545466587, 0.30630303030062206, 0.3276767676779718, 0.3513131313131313, 0.3713131313083148, 0.394545454540638, 0.41727272727513554, 0.4385050505026422, 0.45660606060846887, 0.4772929292857045, 0.4947070707215203, 0.5096565656517491, 0.5290909090909091, 0.5437171717075386, 0.5596969696825201, 0.5741818181745934, 0.5900202020105689, 0.6064646464598299, 0.6171111111062946, 0.6313131313227643, 0.642989898989899, 0.6487474747522913, 0.6601212121308452, 0.6723838383790218, 0.6808686868710951, 0.6896969697017863, 0.6996767676767677, 0.7089898989850825, 0.7170909090860925, 0.7215757575757575, 0.7302020201875706, 0.7335151515055185, 0.7399797979701649, 0.7485656565560235, 0.7542222222222222, 0.7608282828138332, 0.7638787878691548]
test accuracy when lambda=0.8
[0.38, 0.4155, 0.412, 0.4148, 0.4181, 0.415, 0.415, 0.4113, 0.4093, 0.4021, 0.383, 0.377, 0.3678, 0.3347, 0.3428, 0.3277, 0.3181, 0.3062, 0.302, 0.2968, 0.2736, 0.2819, 0.2786, 0.2755, 0.2728, 0.2627, 0.263, 0.2569, 0.2582, 0.2489, 0.2649, 0.2582, 0.2512, 0.2559, 0.2483, 0.2514, 0.2404, 0.2524, 0.2486, 0.249, 0.2444, 0.2389, 0.2486, 0.2458, 0.245, 0.2469, 0.2467, 0.2473, 0.2459, 0.2542]
training accuracy when lambda=0.85
[0.11559595959716373, 0.12985858586099414, 0.1382828282837314, 0.14339393939634767, 0.14666666666666667, 0.15458585858826684, 0.1621818181854306, 0.17268686868747074, 0.18284848485570965, 0.19488888889129716, 0.21317171717894198, 0.2345858585870627, 0.25369696969937794, 0.2754949494925412, 0.3004242424314672, 0.32579797980038805, 0.34448484848003197, 0.36862626262626264, 0.3910909090909091, 0.41157575757816584, 0.4363232323184158, 0.4557373737373737, 0.47331313130831476, 0.4921212121139873, 0.5135353535257204, 0.5284848484824403, 0.5450101010149175, 0.5636161616185699, 0.5784444444299949, 0.5948282828427325, 0.6075353535353535, 0.6209696969721052, 0.6325454545502711, 0.6464848484944815, 0.6583434343289847, 0.6695959595959596, 0.6792727272655025, 0.6888888888840724, 0.697939393949027, 0.7057373737277407, 0.716444444449261, 0.7234545454497289, 0.7318989899134395, 0.7361010101154597, 0.7468484848388518, 0.7503030302982138, 0.7562626262674428, 0.764020202010569, 0.7692121212217543, 0.7720202020250185]
test accuracy when lambda=0.85
[0.3504, 0.4026, 0.4082, 0.4072, 0.4218, 0.4192, 0.4183, 0.4193, 0.4084, 0.4082, 0.3923, 0.3823, 0.3594, 0.3383, 0.3229, 0.3214, 0.3011, 0.2923, 0.2841, 0.2695, 0.2558, 0.2696, 0.2624, 0.2439, 0.2409, 0.2333, 0.2411, 0.2335, 0.2287, 0.234, 0.2248, 0.2349, 0.2276, 0.2229, 0.2174, 0.2168, 0.2293, 0.2248, 0.2207, 0.2313, 0.2227, 0.2274, 0.2217, 0.2237, 0.2238, 0.224, 0.229, 0.2331, 0.2222, 0.2265]
training accuracy when lambda=0.9
[0.11509090909452149, 0.12563636364358843, 0.13468686868927696, 0.13985858586219826, 0.14660606060967302, 0.15040404040644867, 0.1569090909108971, 0.16765656565897394, 0.1785858585876648, 0.1945656565668607, 0.21135353535112708, 0.23086868687109513, 0.2547878787878788, 0.27840404040163214, 0.2994545454449124, 0.3248888888888889, 0.34606060606783084, 0.3684040404040404, 0.39143434344156824, 0.41252525253006905, 0.43175757575035095, 0.45200000000481655, 0.46981818180854873, 0.49280808080085603, 0.5067272727272727, 0.5246464646464647, 0.5401414141438224, 0.5557171717099469, 0.5741616161471665, 0.5875757575661245, 0.5993131313179478, 0.6112121212121212, 0.6255353535498032, 0.6367272727176396, 0.644080808071175, 0.6577575757672088, 0.669454545459362, 0.6810101010052845, 0.6883030302933972, 0.6968888888840723, 0.7042222222222222, 0.7136969696873366, 0.7180000000048166, 0.7272929292784797, 0.7334343434247104, 0.7386262626166296, 0.7444040403992239, 0.7510505050601382, 0.7577979797883467, 0.7586868686772356]
test accuracy when lambda=0.9
[0.2872, 0.3658, 0.3975, 0.4191, 0.4165, 0.4209, 0.4127, 0.4151, 0.3982, 0.3822, 0.3582, 0.3245, 0.312, 0.3042, 0.2948, 0.2733, 0.2683, 0.2553, 0.2495, 0.2344, 0.2283, 0.2204, 0.2308, 0.2152, 0.2185, 0.2127, 0.2132, 0.2097, 0.2072, 0.1998, 0.21, 0.2044, 0.1986, 0.2048, 0.1945, 0.2023, 0.209, 0.2069, 0.2017, 0.2035, 0.1992, 0.2046, 0.1992, 0.1995, 0.2061, 0.2037, 0.2024, 0.2046, 0.2031, 0.2018]
training accuracy when lambda=0.95
[0.10614141414863895, 0.11773737373917993, 0.12353535353776181, 0.1299393939418022, 0.13557575757635965, 0.1422020202020202, 0.14973737373857787, 0.1575353535359556, 0.1675555555531473, 0.17880808081169322, 0.19678787878848086, 0.21602020202020203, 0.23402020202381443, 0.25662626262746674, 0.28010101010101013, 0.3034747474759516, 0.3275555555531473, 0.3502424242472408, 0.37163636363395536, 0.39583838384560865, 0.415737373739782, 0.438080808071175, 0.45668686868927694, 0.476242424249649, 0.49670707071429554, 0.5112121212073046, 0.5300606060654226, 0.5465858585906751, 0.5618585858609941, 0.5793939393963476, 0.5951919192063688, 0.6078989899134395, 0.6204444444372197, 0.6334747474843806, 0.6477575757527593, 0.6596363636411802, 0.6705656565656566, 0.6783838383693888, 0.6917777777874109, 0.7027878787782457, 0.708444444439628, 0.7193737373592878, 0.7277575757479426, 0.7351717171813502, 0.7435353535353535, 0.7498585858730354, 0.7554545454545455, 0.7656161616306112, 0.7687272727176396, 0.7750909090764595]
test accuracy when lambda=0.95
[0.2397, 0.3035, 0.3381, 0.3721, 0.3916, 0.4034, 0.4068, 0.427, 0.4065, 0.3677, 0.3713, 0.3407, 0.3259, 0.3022, 0.2791, 0.2568, 0.2517, 0.2335, 0.2357, 0.2199, 0.2175, 0.2143, 0.2109, 0.21, 0.2091, 0.2039, 0.1998, 0.1982, 0.1949, 0.1976, 0.1903, 0.1943, 0.1827, 0.1869, 0.1875, 0.1796, 0.1838, 0.184, 0.1942, 0.1793, 0.1823, 0.1825, 0.1794, 0.186, 0.183, 0.183, 0.1771, 0.1785, 0.1803, 0.1789]
