[array([    7,     9,    35,    37,    43,   113,   114,   133,   140,
         171,   255,   295,   360,   380,   419,   511,   546,   618,
         740,   788,   799,   836,   838,   927,   941,   947,   959,
        1011,  1116,  1126,  1144,  1216,  1284,  1357,  1486,  1526,
        1568,  1716,  1725,  1820,  1841,  1865,  1877,  1886,  1888,
        1901,  1916,  2060,  2074,  2084,  2088,  2105,  2125,  2126,
        2180,  2229,  2260,  2296,  2320,  2323,  2342,  2382,  2427,
        2431,  2473,  2522,  2544,  2592,  2702,  2751,  2761,  2785,
        2812,  2818,  2956,  2975,  2982,  2983,  3046,  3058,  3079,
        3113,  3236,  3247,  3254,  3290,  3291,  3341,  3368,  3389,
        3446,  3447,  3516,  3581,  3622,  3667,  3672,  3679,  3704,
        3750,  3752,  3767,  3903,  3947,  3985,  3990,  4016,  4042,
        4044,  4142,  4151,  4180,  4199,  4211,  4221,  4227,  4248,
        4320,  4465,  4470,  4513,  4541,  4548,  4645,  4704,  4821,
        4828,  4839,  4854,  4899,  5032,  5110,  5139,  5219,  5226,
        5267,  5270,  5335,  5357,  5399,  5426,  5447,  5485,  5513,
        5519,  5546,  5557,  5569,  5608,  5658,  5719,  5732,  5769,
        5853,  5882,  5891,  5929,  5938,  6024,  6042,  6092,  6221,
        6225,  6229,  6241,  6271,  6305,  6342,  6401,  6428,  6454,
        6476,  6506,  6539,  6618,  6633,  6676,  6695,  6700,  6729,
        6757,  6758,  6763,  6772,  6899,  6920,  6925,  6931,  6962,
        7010,  7097,  7112,  7119,  7176,  7203,  7215,  7260,  7300,
        7329,  7484,  7487,  7489,  7490,  7493,  7656,  7727,  7732,
        7856,  7861,  7958,  7984,  8048,  8060,  8155,  8228,  8232,
        8233,  8277,  8326,  8358,  8414,  8523,  8535,  8568,  8574,
        8613,  8632,  8639,  8658,  8790,  8797,  8807,  8819,  8845,
        8975,  8981,  8992,  9111,  9116,  9143,  9179,  9217,  9281,
        9379,  9393,  9455,  9478,  9500,  9596,  9695,  9711,  9814,
        9862,  9869,  9904,  9943,  9980, 10017, 10029, 10134, 10207,
       10210, 10230, 10250, 10273, 10334, 10337, 10384, 10442, 10444,
       10522, 10654, 10722, 10778, 10827, 10891, 10895, 11040, 11110,
       11232, 11302, 11314, 11320, 11340, 11361, 11382, 11411, 11461,
       11465, 11496, 11560, 11594, 11726, 11735, 11814, 11924, 12107,
       12316, 12348, 12408, 12410, 12452, 12492, 12512, 12537, 12600,
       12616, 12621, 12640, 12719, 12722, 12766, 12839, 12861, 12862,
       12903, 12969, 12977, 13031, 13048, 13077, 13113, 13242, 13248,
       13251, 13317, 13357, 13366, 13390, 13400, 13475, 13507, 13514,
       13586, 13732, 13749, 13753, 13807, 13820, 13943, 13954, 13983,
       14000, 14053, 14063, 14072, 14075, 14111, 14140, 14174, 14222,
       14226, 14252, 14255, 14268, 14282, 14283, 14303, 14337, 14340,
       14355, 14427, 14486, 14535, 14541, 14589, 14611, 14631, 14745,
       14758, 14774, 14826, 14829, 14917, 14965, 15026, 15052, 15139,
       15170, 15175, 15179, 15209, 15233, 15262, 15301, 15323, 15451,
       15551, 15571, 15591, 15645, 15660, 15663, 15697, 15699, 15716,
       15791, 16006, 16032, 16063, 16118, 16133, 16181, 16196, 16297,
       16298, 16314, 16334, 16374, 16387, 16419, 16425, 16455, 16494,
       16496, 16554, 16673, 16682, 16718, 16769, 16772, 16829, 16833,
       16878, 16897, 17009, 17025, 17086, 17102, 17147, 17200, 17231,
       17234, 17296, 17343, 17396, 17436, 17441, 17442, 17468, 17491,
       17573, 17624, 17641, 17648, 17689, 17728, 17760, 17796, 17809,
       17827, 17834, 17848, 18019, 18055, 18109, 18150, 18231, 18256,
       18329, 18384, 18472, 18500, 18561, 18563, 18639, 18741, 18827,
       18865, 18892, 18924, 18981, 19003, 19065, 19106, 19162, 19190,
       19217, 19231, 19243, 19317, 19319, 19398, 19446, 19464, 19576,
       19587, 19590, 19598, 19617, 19644, 19679, 19716, 19726, 19855,
       19971, 19973, 20027, 20040, 20053, 20118, 20165, 20269, 20338,
       20372, 20489, 20548, 20570, 20668, 20760, 20768, 20895, 20972,
       20994, 21000, 21010, 21030, 21054, 21055, 21120, 21172, 21183,
       21192, 21211, 21264, 21376, 21377, 21378, 21394, 21433, 21434,
       21491, 21502, 21541, 21560, 21619, 21650, 21694, 21743, 21812,
       21822, 21890, 21977, 21995, 22039, 22047, 22095, 22112, 22115,
       22288, 22345, 22367, 22382, 22435, 22444, 22453, 22496, 22549,
       22558, 22692, 22706, 22722, 22817, 22898, 22900, 22904, 22931,
       22950, 23010, 23029, 23056, 23062, 23066, 23068, 23072, 23094,
       23095, 23099, 23220, 23270, 23306, 23317, 23324, 23333, 23347,
       23353, 23381, 23388, 23430, 23435, 23436, 23480, 23486, 23503,
       23552, 23602, 23652, 23661, 23726, 23770, 23782, 23808, 23810,
       23841, 23889, 24098, 24120, 24182, 24288, 24325, 24448, 24534,
       24544, 24570, 24665, 24666, 24685, 24691, 24720, 24731, 24827,
       24888, 24891, 25016, 25078, 25082, 25087, 25093, 25113, 25114,
       25154, 25197, 25225, 25264, 25334, 25376, 25531, 25588, 25626,
       25636, 25695, 25763, 25770, 25804, 25823, 25844, 25870, 25930,
       25933, 25945, 25986, 25999, 26000, 26020, 26052, 26078, 26120,
       26129, 26143, 26196, 26345, 26363, 26403, 26412, 26427, 26496,
       26550, 26622, 26637, 26643, 26690, 26699, 26772, 26823, 26872,
       26880, 26910, 26940, 26949, 26962, 27043, 27050, 27118, 27122,
       27249, 27285, 27307, 27351, 27374, 27392, 27423, 27491, 27552,
       27626, 27652, 27705, 27751, 27764, 27831, 27859, 27909, 27976,
       28076, 28097, 28236, 28278, 28298, 28347, 28348, 28429, 28445,
       28474, 28511, 28522, 28542, 28546, 28593, 28603, 28604, 28629,
       28660, 28723, 28788, 28834, 28843, 28883, 29006, 29007, 29025,
       29072, 29098, 29146, 29155, 29193, 29198, 29234, 29258, 29279,
       29312, 29318, 29328, 29370, 29570, 29654, 29672, 29690, 29703,
       29760, 29777, 29787, 29819, 29846, 29849, 29877, 29883, 29890,
       29896, 29916, 30120, 30170, 30186, 30195, 30244, 30291, 30305,
       30367, 30437, 30512, 30521, 30563, 30606, 30612, 30615, 30658,
       30673, 30677, 30699, 30844, 30921, 30932, 30988, 31004, 31046,
       31150, 31155, 31173, 31195, 31202, 31340, 31347, 31382, 31468,
       31483, 31528, 31530, 31599, 31686, 31705, 31709, 31827, 31831,
       31915, 31959, 31964, 31973, 32069, 32093, 32109, 32144, 32162,
       32258, 32268, 32330, 32364, 32372, 32398, 32443, 32449, 32541,
       32734, 32743, 32770, 32818, 32852, 32864, 32897, 32916, 32926,
       32991, 33000, 33009, 33041, 33048, 33056, 33131, 33142, 33153,
       33173, 33179, 33242, 33248, 33342, 33363, 33425, 33450, 33512,
       33529, 33554, 33601, 33666, 33694, 33802, 33812, 33842, 33855,
       33879, 33904, 33908, 33911, 33924, 33926, 33959, 33973, 34050,
       34117, 34168, 34230, 34231, 34238, 34239, 34355, 34394, 34428,
       34457, 34514, 34545, 34560, 34652, 34673, 34751, 34774, 34799,
       34817, 34874, 34907, 34915, 34955, 34962, 35023, 35100, 35139,
       35221, 35346, 35407, 35427, 35433, 35446, 35450, 35566, 35614,
       35681, 35710, 35759, 35817, 35823, 35838, 35872, 35877, 35878,
       35914, 35939, 35959, 36010, 36039, 36040, 36050, 36066, 36167,
       36221, 36224, 36249, 36285, 36404, 36446, 36460, 36470, 36534,
       36545, 36617, 36646, 36657, 36687, 36747, 36788, 36816, 36830,
       36835, 36874, 36892, 36912, 36932, 36936, 37009, 37053, 37104,
       37159, 37186, 37231, 37290, 37292, 37300, 37303, 37316, 37325,
       37346, 37397, 37416, 37470, 37520, 37532, 37576, 37585, 37612,
       37613, 37645, 37683, 37723, 37768, 37804, 37827, 37862, 37891,
       37910, 37947, 37951, 37983, 38001, 38018, 38038, 38134, 38140,
       38196, 38268, 38306, 38309, 38324, 38341, 38350, 38370, 38400,
       38418, 38423, 38446, 38468, 38509, 38571, 38577, 38602, 38750,
       38769, 38863, 38874, 38878, 38926, 38959, 38963, 38966, 39008,
       39016, 39284, 39297, 39301, 39334, 39386, 39389, 39402, 39409,
       39413, 39416, 39418, 39537, 39610, 39619, 39626, 39630, 39631,
       39660, 39802, 39854, 39908, 40046, 40049, 40057, 40142, 40170,
       40188, 40206, 40232, 40294, 40296, 40311, 40313, 40402, 40418,
       40422, 40435, 40492, 40501, 40504, 40581, 40612, 40639, 40669,
       40910, 40942, 40944, 41015, 41027, 41034, 41086, 41100, 41249,
       41254, 41273, 41328, 41348, 41428, 41486, 41605, 41672, 41830,
       41903, 41919, 41936, 41947, 41949, 42003, 42012, 42058, 42065,
       42094, 42176, 42204, 42257, 42291, 42294, 42386, 42390, 42430,
       42509, 42512, 42524, 42535, 42701, 42703, 42841, 42875, 42886,
       42913, 42940, 43018, 43095, 43122, 43137, 43193, 43215, 43284,
       43290, 43339, 43387, 43397, 43454, 43456, 43460, 43495, 43504,
       43563, 43569, 43636, 43641, 43648, 43653, 43667, 43692, 43847,
       43866, 43908, 43909, 43917, 44001, 44014, 44018, 44137, 44168,
       44171, 44178, 44203, 44224, 44253, 44261, 44356, 44415, 44464,
       44480, 44547, 44555, 44619, 44623, 44657, 44724, 44894, 44931,
       45027, 45028, 45056, 45084, 45192, 45255, 45272, 45377, 45432,
       45494, 45555, 45562, 45709, 45710, 45776, 45782, 45824, 45841,
       45894, 45932, 46023, 46095, 46122, 46140, 46250, 46265, 46306,
       46322, 46331, 46349, 46399, 46492, 46551, 46584, 46589, 46594,
       46607, 46715, 46745, 46798, 46820, 46821, 46836, 46847, 46891,
       46971, 47001, 47090, 47127, 47132, 47175, 47285, 47351, 47359,
       47449, 47452, 47469, 47480, 47510, 47523, 47604, 47727, 47759,
       47780, 47806, 47865, 47888, 47902, 47940, 47943, 47956, 47971,
       47976, 47984, 47987, 48007, 48010, 48042, 48046, 48048, 48113,
       48196, 48248, 48289, 48294, 48342, 48348, 48363, 48374, 48531,
       48570, 48615, 48651, 48674, 48715, 48743, 48773, 48775, 48783,
       48833, 48838, 48842, 48899, 48906, 48933, 48958, 48979, 49143,
       49230, 49274, 49276, 49310, 49347, 49351, 49484]), array([    7,    35,    37,    43,   113,   114,   133,   140,   171,
         255,   360,   380,   419,   546,   740,   788,   799,   836,
         838,   927,   941,   947,   959,  1011,  1038,  1116,  1126,
        1144,  1284,  1357,  1526,  1568,  1716,  1725,  1820,  1865,
        1877,  1888,  1901,  1916,  2060,  2074,  2084,  2105,  2126,
        2186,  2229,  2260,  2320,  2323,  2342,  2382,  2427,  2431,
        2473,  2522,  2592,  2702,  2761,  2785,  2812,  2818,  2956,
        2975,  2982,  3046,  3058,  3079,  3113,  3247,  3254,  3290,
        3291,  3341,  3368,  3389,  3446,  3447,  3581,  3622,  3667,
        3672,  3679,  3750,  3767,  3903,  3947,  3985,  3990,  4042,
        4142,  4151,  4176,  4180,  4199,  4211,  4221,  4248,  4320,
        4465,  4513,  4541,  4548,  4600,  4609,  4645,  4704,  4821,
        4828,  4839,  4854,  4899,  5110,  5119,  5139,  5219,  5226,
        5267,  5270,  5278,  5399,  5447,  5485,  5513,  5557,  5569,
        5608,  5719,  5732,  5769,  5853,  5882,  5891,  5929,  5936,
        5938,  6024,  6042,  6092,  6190,  6221,  6225,  6229,  6241,
        6271,  6305,  6342,  6380,  6401,  6428,  6454,  6476,  6506,
        6618,  6633,  6676,  6695,  6700,  6729,  6744,  6757,  6758,
        6763,  6772,  6899,  6925,  6931,  6962,  6987,  7007,  7010,
        7032,  7097,  7112,  7176,  7203,  7215,  7260,  7300,  7329,
        7484,  7487,  7489,  7490,  7493,  7507,  7656,  7727,  7732,
        7856,  7861,  7958,  7972,  7984,  8048,  8060,  8076,  8155,
        8228,  8233,  8277,  8326,  8523,  8535,  8568,  8574,  8630,
        8632,  8639,  8658,  8790,  8797,  8807,  8819,  8975,  8981,
        9111,  9116,  9143,  9179,  9455,  9478,  9497,  9500,  9596,
        9695,  9711,  9862,  9869,  9904,  9943,  9980, 10029, 10171,
       10207, 10230, 10250, 10273, 10334, 10384, 10444, 10518, 10522,
       10654, 10722, 10778, 10891, 10895, 11040, 11110, 11266, 11302,
       11320, 11340, 11361, 11382, 11411, 11461, 11465, 11472, 11496,
       11726, 11735, 11814, 11924, 12107, 12316, 12348, 12408, 12410,
       12452, 12492, 12512, 12537, 12600, 12616, 12621, 12640, 12719,
       12722, 12725, 12766, 12839, 12861, 12862, 12903, 12969, 12977,
       13009, 13031, 13048, 13113, 13242, 13248, 13251, 13317, 13357,
       13390, 13400, 13475, 13507, 13514, 13586, 13651, 13732, 13749,
       13753, 13807, 13820, 13943, 13983, 14000, 14053, 14072, 14075,
       14111, 14174, 14222, 14226, 14252, 14268, 14282, 14283, 14296,
       14303, 14337, 14340, 14355, 14427, 14486, 14535, 14541, 14586,
       14589, 14611, 14636, 14745, 14758, 14774, 14826, 14829, 14965,
       15026, 15051, 15139, 15170, 15175, 15179, 15233, 15262, 15301,
       15323, 15571, 15645, 15660, 15663, 15697, 15699, 15716, 15791,
       16006, 16032, 16063, 16118, 16133, 16181, 16196, 16297, 16298,
       16314, 16334, 16374, 16387, 16419, 16455, 16494, 16496, 16673,
       16682, 16718, 16769, 16772, 16829, 16833, 16877, 16878, 16897,
       16941, 17009, 17081, 17086, 17200, 17231, 17234, 17296, 17343,
       17396, 17436, 17442, 17468, 17491, 17573, 17623, 17624, 17641,
       17648, 17689, 17713, 17728, 17796, 17809, 17827, 17834, 17848,
       18055, 18109, 18150, 18231, 18256, 18305, 18328, 18329, 18384,
       18472, 18500, 18561, 18563, 18639, 18741, 18865, 18892, 18924,
       18981, 19003, 19065, 19106, 19162, 19190, 19217, 19231, 19236,
       19243, 19317, 19319, 19398, 19446, 19464, 19576, 19587, 19590,
       19598, 19617, 19644, 19679, 19685, 19716, 19726, 19855, 19856,
       19893, 19971, 19983, 20028, 20040, 20053, 20118, 20165, 20269,
       20338, 20372, 20489, 20548, 20570, 20668, 20673, 20674, 20768,
       20817, 20848, 20895, 20972, 20976, 20994, 21000, 21010, 21030,
       21054, 21055, 21120, 21172, 21183, 21192, 21211, 21376, 21377,
       21378, 21394, 21433, 21434, 21487, 21491, 21502, 21541, 21560,
       21619, 21650, 21694, 21812, 21822, 21890, 21974, 21977, 21995,
       22039, 22047, 22095, 22112, 22115, 22288, 22342, 22345, 22367,
       22379, 22382, 22435, 22444, 22453, 22496, 22538, 22549, 22558,
       22692, 22706, 22722, 22817, 22898, 22900, 22904, 22931, 22950,
       23010, 23029, 23056, 23062, 23066, 23068, 23072, 23094, 23099,
       23179, 23220, 23258, 23270, 23306, 23317, 23324, 23333, 23347,
       23353, 23381, 23388, 23430, 23435, 23436, 23486, 23503, 23552,
       23602, 23661, 23726, 23768, 23770, 23782, 23808, 23810, 23841,
       23889, 23914, 24098, 24120, 24182, 24288, 24325, 24534, 24544,
       24570, 24665, 24666, 24691, 24731, 24827, 24888, 25016, 25078,
       25082, 25087, 25093, 25113, 25154, 25197, 25225, 25264, 25304,
       25334, 25376, 25388, 25416, 25527, 25531, 25588, 25626, 25636,
       25667, 25695, 25770, 25804, 25823, 25844, 25870, 25933, 25945,
       25986, 25999, 26000, 26020, 26052, 26078, 26129, 26143, 26293,
       26345, 26363, 26380, 26403, 26427, 26496, 26540, 26550, 26622,
       26637, 26643, 26690, 26699, 26761, 26772, 26823, 26872, 26880,
       26910, 26940, 26949, 27043, 27050, 27118, 27122, 27249, 27285,
       27307, 27351, 27374, 27392, 27423, 27491, 27552, 27626, 27631,
       27652, 27746, 27751, 27764, 27859, 27909, 27974, 27976, 28076,
       28097, 28236, 28278, 28298, 28347, 28423, 28429, 28445, 28474,
       28511, 28522, 28542, 28546, 28593, 28603, 28604, 28660, 28723,
       28788, 28843, 28883, 29006, 29007, 29025, 29072, 29098, 29146,
       29155, 29193, 29198, 29234, 29258, 29279, 29312, 29318, 29328,
       29366, 29370, 29570, 29613, 29654, 29672, 29690, 29703, 29760,
       29777, 29787, 29877, 29883, 29890, 29896, 30100, 30120, 30140,
       30170, 30186, 30195, 30244, 30291, 30305, 30367, 30437, 30512,
       30521, 30563, 30606, 30612, 30615, 30658, 30673, 30677, 30699,
       30844, 30988, 31004, 31046, 31150, 31155, 31173, 31195, 31200,
       31202, 31229, 31340, 31347, 31382, 31468, 31483, 31501, 31530,
       31599, 31686, 31705, 31709, 31831, 31915, 31959, 31964, 31973,
       32006, 32069, 32093, 32109, 32144, 32162, 32211, 32258, 32268,
       32303, 32330, 32364, 32398, 32443, 32449, 32541, 32743, 32770,
       32818, 32852, 32897, 32916, 32926, 32991, 33000, 33003, 33009,
       33041, 33048, 33056, 33142, 33153, 33173, 33179, 33242, 33248,
       33342, 33344, 33363, 33425, 33450, 33512, 33529, 33543, 33554,
       33601, 33694, 33718, 33802, 33812, 33842, 33855, 33879, 33904,
       33908, 33911, 33924, 33926, 33959, 33973, 34050, 34117, 34168,
       34230, 34231, 34238, 34239, 34354, 34355, 34402, 34428, 34457,
       34514, 34545, 34560, 34652, 34673, 34734, 34751, 34774, 34799,
       34805, 34817, 34894, 34915, 34955, 35023, 35100, 35139, 35160,
       35221, 35346, 35433, 35450, 35476, 35566, 35614, 35710, 35725,
       35759, 35817, 35823, 35838, 35878, 35914, 35939, 35959, 36039,
       36040, 36050, 36103, 36167, 36209, 36221, 36224, 36249, 36285,
       36404, 36446, 36460, 36465, 36470, 36534, 36545, 36646, 36657,
       36687, 36747, 36788, 36830, 36835, 36874, 36892, 36912, 36932,
       36936, 37009, 37053, 37104, 37159, 37186, 37231, 37247, 37254,
       37290, 37292, 37300, 37316, 37325, 37346, 37416, 37470, 37532,
       37576, 37585, 37612, 37613, 37645, 37683, 37804, 37827, 37875,
       37891, 37910, 37947, 37951, 37983, 38001, 38018, 38076, 38134,
       38196, 38306, 38309, 38324, 38341, 38350, 38370, 38400, 38418,
       38423, 38446, 38468, 38571, 38577, 38750, 38769, 38863, 38874,
       38878, 38926, 38959, 38963, 38966, 39008, 39016, 39284, 39301,
       39333, 39334, 39386, 39389, 39402, 39409, 39413, 39416, 39418,
       39537, 39548, 39610, 39619, 39626, 39630, 39631, 39660, 39802,
       39854, 39869, 39908, 40046, 40057, 40142, 40170, 40188, 40206,
       40232, 40294, 40296, 40311, 40402, 40418, 40422, 40435, 40492,
       40501, 40504, 40581, 40639, 40669, 40817, 40910, 40942, 40944,
       41015, 41027, 41034, 41086, 41100, 41249, 41254, 41273, 41280,
       41328, 41348, 41428, 41605, 41681, 41830, 41850, 41903, 41919,
       41936, 41947, 41949, 42001, 42003, 42012, 42065, 42094, 42176,
       42204, 42257, 42294, 42386, 42390, 42430, 42509, 42512, 42524,
       42535, 42701, 42703, 42875, 42886, 42913, 42940, 43095, 43122,
       43137, 43193, 43215, 43284, 43290, 43339, 43387, 43397, 43454,
       43456, 43460, 43495, 43504, 43525, 43563, 43569, 43636, 43641,
       43643, 43648, 43653, 43667, 43692, 43728, 43847, 43866, 43908,
       43909, 43917, 44001, 44018, 44137, 44168, 44171, 44178, 44203,
       44224, 44253, 44261, 44332, 44356, 44415, 44464, 44480, 44547,
       44555, 44619, 44623, 44657, 44724, 45027, 45028, 45056, 45084,
       45104, 45192, 45255, 45272, 45377, 45431, 45432, 45473, 45494,
       45555, 45562, 45620, 45646, 45709, 45776, 45824, 45841, 45894,
       45932, 46023, 46095, 46122, 46140, 46250, 46265, 46306, 46322,
       46331, 46349, 46399, 46406, 46435, 46526, 46551, 46584, 46589,
       46607, 46639, 46745, 46798, 46820, 46821, 46836, 46891, 47001,
       47027, 47090, 47127, 47175, 47285, 47351, 47359, 47452, 47469,
       47510, 47523, 47727, 47759, 47780, 47806, 47865, 47877, 47888,
       47902, 47940, 47943, 47956, 47971, 47976, 47984, 47987, 48007,
       48042, 48046, 48048, 48113, 48162, 48196, 48214, 48248, 48289,
       48294, 48342, 48348, 48363, 48374, 48531, 48570, 48615, 48651,
       48674, 48715, 48743, 48773, 48775, 48783, 48833, 48838, 48906,
       48958, 48979, 49143, 49230, 49276, 49310, 49347, 49351, 49484]), array([    7,     9,    35,    43,   113,   133,   171,   255,   360,
         419,   740,   788,   838,   927,   947,   959,  1038,  1116,
        1126,  1144,  1357,  1526,  1568,  1716,  1725,  1877,  1888,
        1901,  1916,  2060,  2074,  2084,  2105,  2126,  2260,  2320,
        2342,  2382,  2431,  2462,  2473,  2592,  2702,  2761,  2785,
        2812,  2818,  2956,  2982,  3046,  3058,  3079,  3113,  3247,
        3254,  3291,  3581,  3622,  3667,  3679,  3750,  3767,  3903,
        3947,  3985,  3990,  4042,  4142,  4151,  4176,  4199,  4211,
        4221,  4248,  4320,  4465,  4513,  4541,  4548,  4645,  4704,
        4828,  4839,  4854,  5110,  5139,  5219,  5267,  5270,  5399,
        5447,  5485,  5513,  5557,  5569,  5719,  5732,  5769,  5853,
        5882,  5891,  5929,  5938,  6042,  6092,  6190,  6221,  6225,
        6229,  6241,  6305,  6342,  6401,  6428,  6454,  6476,  6506,
        6618,  6633,  6676,  6695,  6700,  6729,  6744,  6757,  6763,
        6772,  6899,  6925,  6931,  6962,  7007,  7010,  7032,  7097,
        7112,  7176,  7203,  7215,  7313,  7329,  7490,  7493,  7656,
        7727,  7732,  7856,  7861,  7958,  7972,  7984,  8060,  8155,
        8228,  8233,  8277,  8326,  8523,  8535,  8568,  8574,  8658,
        8790,  8797,  8807,  8819,  8981,  9111,  9116,  9143,  9179,
        9455,  9478,  9500,  9596,  9695,  9711,  9862,  9943,  9980,
       10029, 10207, 10230, 10250, 10260, 10273, 10384, 10444, 10522,
       10654, 10722, 10778, 10891, 11040, 11110, 11266, 11302, 11320,
       11340, 11361, 11382, 11461, 11465, 11496, 11735, 11814, 11924,
       12107, 12410, 12452, 12492, 12512, 12537, 12600, 12616, 12640,
       12719, 12722, 12766, 12861, 12862, 12903, 12969, 13031, 13048,
       13242, 13248, 13251, 13317, 13357, 13390, 13400, 13475, 13514,
       13586, 13651, 13749, 13753, 13820, 13943, 13983, 14000, 14053,
       14072, 14075, 14111, 14226, 14252, 14268, 14282, 14283, 14340,
       14427, 14486, 14535, 14541, 14586, 14589, 14611, 14745, 14758,
       14774, 14829, 14965, 15026, 15139, 15170, 15175, 15179, 15233,
       15262, 15301, 15323, 15571, 15645, 15660, 15663, 15697, 15699,
       15716, 16006, 16032, 16063, 16118, 16196, 16297, 16298, 16314,
       16334, 16387, 16419, 16455, 16494, 16496, 16682, 16718, 16769,
       16772, 16829, 16833, 16878, 17009, 17086, 17200, 17231, 17234,
       17343, 17396, 17436, 17491, 17573, 17624, 17641, 17648, 17689,
       17728, 17809, 17834, 17848, 18055, 18150, 18231, 18256, 18328,
       18329, 18472, 18500, 18561, 18741, 18865, 18892, 18924, 18981,
       19003, 19065, 19106, 19162, 19190, 19217, 19231, 19236, 19243,
       19319, 19398, 19446, 19576, 19598, 19617, 19644, 19679, 19716,
       19855, 19856, 19971, 19983, 20040, 20118, 20165, 20372, 20489,
       20548, 20570, 20668, 20673, 20768, 20817, 20848, 20895, 20972,
       21010, 21030, 21054, 21055, 21120, 21172, 21183, 21192, 21211,
       21376, 21378, 21394, 21487, 21491, 21560, 21619, 21650, 21694,
       21812, 21890, 21995, 22095, 22112, 22115, 22288, 22345, 22367,
       22382, 22435, 22444, 22453, 22496, 22538, 22549, 22558, 22692,
       22706, 22722, 22817, 22900, 22904, 22931, 22950, 23010, 23029,
       23062, 23066, 23068, 23072, 23094, 23220, 23306, 23347, 23353,
       23381, 23388, 23430, 23435, 23436, 23503, 23552, 23602, 23661,
       23726, 23768, 23808, 23810, 23889, 23914, 24098, 24120, 24182,
       24288, 24325, 24534, 24544, 24666, 24691, 24731, 24827, 25078,
       25082, 25087, 25113, 25154, 25225, 25264, 25304, 25334, 25376,
       25416, 25531, 25588, 25626, 25636, 25667, 25695, 25770, 25804,
       25823, 25844, 25933, 25986, 25999, 26000, 26020, 26052, 26078,
       26129, 26143, 26345, 26403, 26427, 26496, 26540, 26550, 26622,
       26637, 26643, 26690, 26699, 26823, 26872, 26880, 26910, 26940,
       26949, 27043, 27050, 27249, 27285, 27374, 27423, 27552, 27626,
       27631, 27746, 27764, 27859, 27909, 27974, 27976, 28076, 28097,
       28236, 28278, 28298, 28347, 28423, 28429, 28445, 28474, 28511,
       28522, 28593, 28603, 28604, 28660, 28723, 28788, 29006, 29007,
       29025, 29072, 29098, 29155, 29193, 29198, 29234, 29258, 29312,
       29318, 29328, 29370, 29672, 29690, 29703, 29777, 29787, 29877,
       29883, 29890, 29896, 30100, 30120, 30140, 30186, 30244, 30291,
       30305, 30512, 30521, 30563, 30606, 30612, 30615, 30658, 30673,
       30699, 30988, 31004, 31046, 31150, 31155, 31173, 31195, 31202,
       31340, 31347, 31468, 31483, 31501, 31530, 31599, 31686, 31709,
       31915, 31959, 31973, 32006, 32093, 32109, 32144, 32162, 32211,
       32258, 32268, 32330, 32443, 32449, 32743, 32770, 32818, 32852,
       32916, 32926, 32991, 33000, 33009, 33041, 33048, 33056, 33142,
       33153, 33179, 33248, 33342, 33363, 33425, 33450, 33512, 33529,
       33543, 33554, 33601, 33694, 33802, 33812, 33842, 33855, 33879,
       33904, 33908, 33911, 33926, 33959, 34050, 34117, 34230, 34231,
       34239, 34354, 34355, 34402, 34428, 34457, 34514, 34545, 34560,
       34652, 34673, 34751, 34799, 34915, 34955, 35023, 35100, 35221,
       35346, 35450, 35566, 35614, 35710, 35725, 35817, 35823, 35939,
       35959, 36040, 36050, 36167, 36221, 36224, 36285, 36446, 36460,
       36465, 36470, 36534, 36646, 36687, 36747, 36788, 36830, 36835,
       36874, 36892, 36932, 36936, 37009, 37053, 37104, 37159, 37186,
       37290, 37292, 37300, 37316, 37346, 37416, 37470, 37532, 37576,
       37585, 37612, 37613, 37645, 37683, 37768, 37804, 37827, 37875,
       37891, 37910, 37951, 37983, 38001, 38018, 38076, 38196, 38324,
       38341, 38350, 38370, 38400, 38418, 38423, 38446, 38468, 38571,
       38750, 38769, 38863, 38874, 38878, 38926, 38963, 38966, 39284,
       39301, 39334, 39386, 39389, 39402, 39416, 39418, 39537, 39610,
       39619, 39626, 39630, 39660, 39802, 39869, 39908, 40057, 40170,
       40188, 40206, 40294, 40296, 40311, 40418, 40435, 40492, 40501,
       40504, 40639, 40910, 40942, 40944, 41015, 41034, 41086, 41100,
       41249, 41273, 41328, 41348, 41428, 41605, 41830, 41903, 41919,
       41936, 41947, 41949, 42003, 42012, 42065, 42176, 42204, 42257,
       42294, 42386, 42390, 42509, 42512, 42535, 42701, 42703, 42886,
       42940, 43095, 43137, 43193, 43284, 43290, 43339, 43387, 43397,
       43456, 43460, 43495, 43504, 43563, 43569, 43636, 43641, 43648,
       43667, 43692, 43728, 43847, 43908, 43909, 43917, 44001, 44018,
       44137, 44168, 44171, 44178, 44203, 44224, 44261, 44356, 44415,
       44464, 44547, 44619, 44657, 44724, 45027, 45028, 45056, 45192,
       45255, 45272, 45377, 45431, 45432, 45494, 45555, 45562, 45709,
       45776, 45894, 45932, 46023, 46095, 46122, 46140, 46250, 46265,
       46306, 46322, 46331, 46399, 46526, 46551, 46584, 46589, 46639,
       46745, 46798, 46820, 46821, 46836, 46891, 47001, 47090, 47127,
       47175, 47285, 47351, 47359, 47452, 47469, 47510, 47523, 47759,
       47780, 47806, 47865, 47877, 47888, 47940, 47943, 47956, 47971,
       47984, 47987, 48007, 48042, 48048, 48113, 48196, 48214, 48248,
       48289, 48294, 48363, 48374, 48531, 48570, 48651, 48674, 48715,
       48743, 48773, 48775, 48783, 48833, 48838, 48906, 48979, 49143,
       49230, 49276, 49310, 49347, 49351, 49484]), array([    7,    43,   113,   171,   255,   360,   419,   740,   788,
         838,   927,   959,  1116,  1126,  1144,  1357,  1568,  1716,
        1725,  1877,  1888,  1901,  1916,  2060,  2084,  2126,  2260,
        2320,  2342,  2382,  2431,  2462,  2473,  2522,  2592,  2785,
        2956,  3046,  3058,  3079,  3113,  3247,  3254,  3291,  3446,
        3581,  3667,  3679,  3750,  3767,  3903,  3947,  3990,  4042,
        4142,  4151,  4199,  4211,  4221,  4248,  4320,  4465,  4513,
        4548,  4645,  4704,  4828,  4839,  4854,  5110,  5139,  5219,
        5270,  5399,  5447,  5485,  5513,  5557,  5569,  5719,  5732,
        5769,  5853,  5882,  5891,  5938,  6092,  6221,  6225,  6229,
        6401,  6454,  6476,  6506,  6618,  6633,  6676,  6695,  6700,
        6729,  6744,  6757,  6899,  6925,  6931,  6962,  7007,  7112,
        7176,  7203,  7215,  7490,  7493,  7656,  7727,  7732,  7856,
        7861,  7972,  7984,  8060,  8155,  8228,  8233,  8277,  8326,
        8523,  8535,  8568,  8574,  8658,  8790,  8797,  8807,  8819,
        8981,  9111,  9116,  9143,  9179,  9478,  9500,  9695,  9711,
        9862,  9943,  9980, 10029, 10207, 10250, 10260, 10273, 10384,
       10444, 10522, 10654, 10722, 10778, 11110, 11266, 11302, 11320,
       11361, 11382, 11461, 11496, 11560, 11735, 11924, 12107, 12408,
       12410, 12452, 12492, 12537, 12600, 12616, 12640, 12719, 12722,
       12766, 12861, 12862, 12903, 12969, 13031, 13048, 13242, 13251,
       13317, 13357, 13390, 13586, 13651, 13753, 13820, 13943, 13983,
       14000, 14053, 14072, 14075, 14111, 14226, 14252, 14268, 14282,
       14283, 14340, 14355, 14427, 14486, 14535, 14541, 14586, 14589,
       14611, 14745, 14758, 14774, 14829, 14965, 15026, 15139, 15170,
       15233, 15301, 15323, 15571, 15645, 15660, 15663, 15699, 15716,
       16006, 16032, 16063, 16196, 16297, 16314, 16334, 16387, 16419,
       16455, 16494, 16496, 16682, 16718, 16769, 16772, 16833, 16877,
       17009, 17200, 17231, 17234, 17343, 17396, 17436, 17491, 17573,
       17624, 17641, 17689, 17834, 17848, 18150, 18231, 18256, 18329,
       18472, 18500, 18741, 18865, 18924, 19003, 19065, 19106, 19190,
       19217, 19231, 19243, 19319, 19398, 19446, 19576, 19598, 19617,
       19644, 19679, 19716, 19855, 19856, 19893, 19971, 20040, 20165,
       20372, 20548, 20570, 20668, 20673, 20768, 20895, 21010, 21030,
       21054, 21055, 21120, 21172, 21192, 21376, 21378, 21394, 21487,
       21491, 21502, 21560, 21619, 21650, 21694, 21812, 21890, 21995,
       22095, 22112, 22115, 22345, 22367, 22382, 22435, 22444, 22453,
       22538, 22549, 22558, 22692, 22706, 22722, 22817, 22900, 22904,
       22950, 23010, 23029, 23066, 23068, 23072, 23094, 23220, 23306,
       23347, 23353, 23388, 23430, 23435, 23436, 23503, 23552, 23602,
       23661, 23726, 23770, 23808, 23810, 23889, 23914, 24098, 24182,
       24288, 24534, 24666, 24691, 24731, 24827, 25078, 25082, 25087,
       25113, 25154, 25225, 25264, 25304, 25334, 25376, 25388, 25531,
       25588, 25636, 25667, 25695, 25770, 25804, 25844, 25933, 25986,
       26000, 26020, 26052, 26078, 26345, 26403, 26427, 26496, 26550,
       26622, 26637, 26643, 26690, 26699, 26823, 26872, 26880, 26910,
       26940, 26949, 27050, 27122, 27249, 27285, 27374, 27423, 27552,
       27626, 27631, 27746, 27764, 27859, 27909, 28097, 28236, 28278,
       28347, 28423, 28429, 28445, 28474, 28511, 28522, 28593, 28603,
       28604, 28723, 28788, 29006, 29007, 29025, 29072, 29155, 29193,
       29234, 29312, 29370, 29672, 29690, 29703, 29728, 29777, 29787,
       29877, 29890, 29896, 30100, 30120, 30244, 30291, 30305, 30512,
       30521, 30563, 30606, 30615, 30673, 30699, 30988, 31004, 31046,
       31150, 31155, 31173, 31195, 31340, 31347, 31468, 31599, 31686,
       31915, 31959, 31973, 32006, 32069, 32093, 32109, 32144, 32162,
       32258, 32268, 32330, 32449, 32743, 32770, 32852, 32916, 32926,
       33000, 33009, 33041, 33048, 33056, 33142, 33153, 33179, 33248,
       33363, 33425, 33450, 33512, 33529, 33554, 33694, 33802, 33812,
       33842, 33855, 33879, 33911, 33926, 33959, 34050, 34117, 34230,
       34231, 34239, 34354, 34428, 34514, 34545, 34560, 34652, 34673,
       34751, 34799, 34955, 35023, 35221, 35614, 35710, 35817, 35823,
       35939, 36040, 36050, 36167, 36221, 36224, 36285, 36460, 36470,
       36534, 36646, 36657, 36747, 36788, 36830, 36835, 36874, 36892,
       36912, 36932, 36936, 37009, 37053, 37104, 37159, 37186, 37254,
       37290, 37292, 37300, 37316, 37346, 37416, 37470, 37576, 37585,
       37612, 37613, 37645, 37683, 37768, 37804, 37827, 37875, 37891,
       37951, 37983, 38001, 38018, 38196, 38324, 38341, 38350, 38370,
       38400, 38418, 38423, 38446, 38571, 38750, 38769, 38863, 38874,
       38878, 38926, 38963, 38966, 39301, 39386, 39389, 39402, 39416,
       39418, 39537, 39610, 39626, 39660, 39802, 39869, 39908, 40057,
       40170, 40188, 40206, 40294, 40296, 40311, 40418, 40492, 40501,
       40504, 40639, 40910, 40942, 40944, 41015, 41034, 41086, 41249,
       41273, 41328, 41348, 41428, 41605, 41830, 41903, 41919, 41936,
       41947, 41949, 42003, 42012, 42065, 42176, 42204, 42294, 42386,
       42390, 42430, 42509, 42701, 42703, 42886, 43137, 43193, 43284,
       43290, 43397, 43456, 43504, 43563, 43569, 43648, 43667, 43728,
       43847, 43908, 43909, 44001, 44018, 44168, 44171, 44178, 44203,
       44224, 44261, 44356, 44415, 44619, 44657, 44724, 45027, 45028,
       45056, 45192, 45255, 45272, 45377, 45431, 45432, 45555, 45562,
       45620, 45709, 45776, 45894, 45932, 46023, 46095, 46122, 46140,
       46250, 46265, 46322, 46331, 46399, 46526, 46589, 46745, 46798,
       46820, 46821, 46836, 46891, 47001, 47090, 47351, 47359, 47452,
       47469, 47510, 47523, 47759, 47780, 47806, 47865, 47877, 47888,
       47940, 47943, 47971, 47984, 48007, 48042, 48113, 48196, 48214,
       48248, 48289, 48294, 48363, 48374, 48531, 48570, 48651, 48674,
       48715, 48743, 48773, 48775, 48783, 48833, 48906, 48979, 49143,
       49276, 49310, 49351]), array([    7,    43,   113,   171,   255,   360,   419,   740,   788,
         838,   927,   959,  1116,  1126,  1357,  1568,  1725,  1877,
        1901,  1916,  2084,  2260,  2320,  2342,  2382,  2431,  2462,
        2473,  2522,  2592,  2785,  2956,  3046,  3058,  3079,  3247,
        3254,  3291,  3581,  3750,  3947,  3990,  4042,  4151,  4199,
        4221,  4248,  4320,  4513,  4548,  4645,  4704,  4839,  4854,
        5110,  5139,  5219,  5399,  5485,  5569,  5719,  5732,  5769,
        5853,  5882,  5891,  5938,  6092,  6221,  6225,  6229,  6305,
        6401,  6454,  6476,  6506,  6633,  6676,  6695,  6899,  6925,
        6931,  6962,  7010,  7112,  7176,  7203,  7490,  7493,  7656,
        7727,  7732,  7856,  7861,  7972,  7984,  8060,  8155,  8228,
        8233,  8277,  8326,  8523,  8535,  8568,  8574,  8658,  8790,
        8797,  8807,  8819,  9111,  9116,  9143,  9179,  9478,  9500,
        9711,  9943,  9980, 10029, 10207, 10250, 10260, 10273, 10384,
       10522, 10654, 10722, 11110, 11266, 11302, 11361, 11461, 11496,
       11735, 11924, 12107, 12410, 12492, 12537, 12600, 12616, 12719,
       12722, 12861, 12903, 13048, 13242, 13251, 13317, 13357, 13390,
       13586, 13651, 13749, 13753, 13943, 14000, 14053, 14072, 14075,
       14111, 14252, 14268, 14282, 14283, 14427, 14589, 14611, 14745,
       14758, 14774, 14829, 14965, 15026, 15139, 15233, 15301, 15323,
       15571, 15660, 15663, 15699, 15716, 16006, 16032, 16063, 16196,
       16297, 16314, 16334, 16387, 16419, 16455, 16494, 16496, 16682,
       16769, 16772, 16829, 16833, 17009, 17200, 17231, 17234, 17343,
       17396, 17491, 17573, 17624, 17641, 17689, 17834, 17848, 18150,
       18256, 18329, 18472, 18500, 18741, 18865, 18924, 19065, 19162,
       19190, 19231, 19243, 19319, 19398, 19598, 19617, 19644, 19679,
       19716, 19855, 20040, 20165, 20372, 20398, 20548, 20570, 20668,
       20768, 20895, 21030, 21054, 21055, 21120, 21172, 21192, 21376,
       21378, 21394, 21487, 21560, 21619, 21650, 21694, 21812, 21890,
       21995, 22095, 22112, 22115, 22367, 22435, 22444, 22538, 22549,
       22558, 22692, 22706, 22722, 22817, 22904, 22950, 23010, 23029,
       23068, 23072, 23094, 23306, 23347, 23353, 23388, 23436, 23503,
       23602, 23661, 23726, 23808, 23810, 23889, 23914, 24098, 24288,
       24534, 24666, 24691, 24731, 24827, 25078, 25087, 25113, 25154,
       25225, 25304, 25334, 25376, 25531, 25588, 25636, 25695, 25770,
       25804, 25844, 25933, 25986, 26000, 26052, 26078, 26345, 26403,
       26427, 26496, 26550, 26622, 26637, 26643, 26690, 26699, 26872,
       26880, 26910, 26940, 26949, 27050, 27374, 27423, 27552, 27626,
       27631, 27746, 27764, 27859, 27909, 28097, 28236, 28278, 28347,
       28423, 28429, 28445, 28474, 28511, 28522, 28593, 28603, 28604,
       29006, 29025, 29072, 29155, 29193, 29234, 29312, 29370, 29672,
       29690, 29703, 29777, 29787, 29877, 29896, 30186, 30244, 30305,
       30512, 30563, 30615, 30673, 30988, 31004, 31046, 31150, 31155,
       31173, 31195, 31340, 31468, 31915, 31959, 31973, 32006, 32093,
       32109, 32144, 32162, 32258, 32268, 32330, 32743, 32770, 32852,
       32916, 32926, 33000, 33009, 33041, 33048, 33056, 33142, 33153,
       33179, 33248, 33363, 33425, 33450, 33512, 33529, 33554, 33802,
       33812, 33842, 33879, 33926, 33959, 34050, 34117, 34230, 34231,
       34239, 34354, 34428, 34514, 34545, 34560, 34652, 34673, 34751,
       34955, 35023, 35221, 35614, 35710, 35817, 35823, 35939, 36040,
       36050, 36167, 36221, 36224, 36285, 36460, 36470, 36534, 36646,
       36747, 36788, 36830, 36835, 36892, 36932, 37009, 37053, 37104,
       37159, 37186, 37290, 37292, 37300, 37316, 37346, 37416, 37585,
       37612, 37645, 37683, 37768, 37804, 37827, 37891, 37951, 38001,
       38018, 38196, 38324, 38341, 38370, 38400, 38418, 38423, 38446,
       38571, 38750, 38769, 38863, 38874, 38878, 39301, 39386, 39389,
       39402, 39416, 39418, 39537, 39610, 39626, 39660, 39802, 39869,
       40057, 40170, 40188, 40206, 40294, 40296, 40311, 40492, 40501,
       40639, 40910, 40942, 41015, 41034, 41086, 41273, 41328, 41348,
       41428, 41605, 41830, 41903, 41919, 41936, 41947, 42003, 42065,
       42176, 42204, 42294, 42386, 42390, 42509, 42701, 42703, 43137,
       43193, 43284, 43290, 43456, 43504, 43563, 43569, 43648, 43728,
       43847, 43908, 43909, 44001, 44018, 44168, 44171, 44178, 44203,
       44224, 44261, 44356, 44415, 44619, 44657, 44724, 45027, 45028,
       45056, 45192, 45255, 45272, 45377, 45555, 45562, 45709, 45894,
       46095, 46122, 46140, 46265, 46322, 46399, 46589, 46745, 46798,
       46820, 46836, 46891, 47001, 47090, 47351, 47359, 47452, 47469,
       47510, 47523, 47759, 47780, 47806, 47865, 47888, 47940, 47984,
       48007, 48042, 48113, 48196, 48214, 48248, 48289, 48294, 48363,
       48374, 48531, 48570, 48651, 48674, 48715, 48743, 48773, 48775,
       48783, 48833, 48906, 48979, 49143, 49276, 49310, 49351]), array([    7,   113,   171,   255,   360,   419,   740,   788,   838,
         927,   959,  1116,  1126,  1357,  1568,  1725,  1877,  1901,
        1916,  2084,  2260,  2320,  2342,  2382,  2431,  2462,  2473,
        2522,  2592,  2785,  2956,  3046,  3058,  3079,  3113,  3247,
        3254,  3291,  3581,  3667,  3672,  3679,  3750,  3990,  4042,
        4151,  4221,  4248,  4320,  4465,  4513,  4548,  4645,  4704,
        4828,  4839,  4854,  5110,  5139,  5219,  5270,  5399,  5485,
        5569,  5719,  5732,  5769,  5853,  5882,  5891,  5938,  6092,
        6221,  6401,  6454,  6476,  6506,  6633,  6676,  6695,  6744,
        6899,  6925,  6931,  6962,  7112,  7176,  7203,  7215,  7490,
        7493,  7656,  7732,  7972,  7984,  8060,  8155,  8228,  8233,
        8277,  8326,  8523,  8535,  8568,  8574,  8658,  8790,  8797,
        8819,  9111,  9116,  9143,  9179,  9478,  9500,  9711,  9943,
        9980, 10029, 10207, 10250, 10260, 10273, 10522, 10654, 10722,
       11110, 11266, 11302, 11361, 11461, 11496, 11924, 12107, 12410,
       12492, 12512, 12537, 12600, 12616, 12640, 12719, 12722, 12861,
       12903, 13242, 13251, 13317, 13390, 13586, 13753, 13943, 14053,
       14075, 14111, 14252, 14268, 14589, 14611, 14745, 14758, 14774,
       14829, 14965, 15026, 15233, 15301, 15323, 15571, 15660, 15663,
       15699, 15716, 16006, 16032, 16063, 16196, 16314, 16387, 16455,
       16494, 16496, 16682, 16718, 16769, 16772, 16833, 17009, 17200,
       17231, 17234, 17343, 17396, 17491, 17624, 17641, 17834, 18150,
       18329, 18472, 18500, 18741, 18865, 18924, 19065, 19217, 19231,
       19243, 19319, 19398, 19576, 19617, 19644, 19679, 19716, 19855,
       20165, 20372, 20548, 20570, 20668, 20768, 20895, 21030, 21054,
       21055, 21120, 21172, 21192, 21376, 21394, 21487, 21560, 21619,
       21650, 21694, 21812, 21890, 21995, 22095, 22112, 22115, 22367,
       22435, 22538, 22549, 22558, 22692, 22706, 22722, 22817, 22904,
       22950, 23010, 23029, 23068, 23072, 23094, 23306, 23347, 23353,
       23388, 23435, 23436, 23602, 23661, 23726, 23808, 23810, 23914,
       24098, 24288, 24534, 24666, 24691, 24731, 24827, 25078, 25087,
       25113, 25154, 25225, 25304, 25334, 25376, 25531, 25588, 25636,
       25695, 25770, 25804, 25844, 25986, 26000, 26020, 26052, 26078,
       26345, 26403, 26427, 26496, 26550, 26636, 26643, 26690, 26699,
       26872, 26880, 26910, 26940, 26949, 27249, 27285, 27374, 27423,
       27552, 27626, 27631, 27746, 27764, 27859, 27909, 28097, 28236,
       28423, 28429, 28445, 28474, 28511, 28522, 28593, 29006, 29025,
       29072, 29155, 29193, 29234, 29312, 29370, 29672, 29690, 29728,
       29777, 29787, 29877, 29896, 30100, 30244, 30305, 30512, 30563,
       30606, 30615, 31004, 31046, 31150, 31155, 31195, 31340, 31468,
       31599, 31915, 31959, 31973, 32093, 32109, 32162, 32258, 32268,
       32330, 32743, 32916, 33000, 33048, 33056, 33142, 33153, 33179,
       33248, 33425, 33512, 33529, 33554, 33812, 33842, 33879, 33926,
       33959, 34050, 34117, 34230, 34231, 34239, 34354, 34428, 34514,
       34545, 34560, 34673, 34751, 34955, 35023, 35221, 35614, 35817,
       35823, 35939, 35985, 36040, 36050, 36167, 36221, 36224, 36285,
       36404, 36460, 36534, 36646, 36788, 36830, 36835, 36892, 36932,
       37009, 37053, 37104, 37159, 37186, 37290, 37292, 37300, 37316,
       37346, 37416, 37585, 37612, 37645, 37683, 37768, 37804, 37827,
       37875, 37891, 37951, 37983, 38001, 38018, 38196, 38324, 38341,
       38370, 38400, 38418, 38423, 38446, 38750, 38863, 38874, 38878,
       38926, 38963, 39301, 39386, 39389, 39402, 39416, 39418, 39537,
       39610, 39626, 39660, 39802, 39869, 40057, 40188, 40206, 40294,
       40296, 40311, 40492, 40501, 40639, 40910, 41015, 41034, 41086,
       41273, 41328, 41348, 41428, 41830, 41903, 41919, 41936, 41947,
       42065, 42176, 42204, 42386, 42390, 42430, 42509, 42701, 42703,
       43137, 43193, 43284, 43504, 43563, 43569, 43648, 43728, 43847,
       43908, 43909, 44001, 44018, 44168, 44171, 44178, 44203, 44224,
       44261, 44356, 44415, 44619, 44657, 44724, 45027, 45028, 45056,
       45192, 45255, 45272, 45555, 45562, 45620, 45776, 45894, 46095,
       46122, 46140, 46265, 46322, 46589, 46745, 46798, 46820, 46836,
       46891, 47001, 47351, 47359, 47452, 47510, 47523, 47759, 47780,
       47865, 47877, 47888, 47940, 47971, 47984, 48042, 48113, 48196,
       48248, 48289, 48363, 48374, 48531, 48570, 48651, 48674, 48715,
       48743, 48773, 48775, 48783, 48833, 49143, 49230, 49276, 49310,
       49351]), array([    7,   113,   171,   255,   419,   740,   959,  1116,  1126,
        1357,  1568,  1725,  1877,  1901,  1916,  2084,  2260,  2320,
        2342,  2382,  2431,  2462,  2522,  2592,  2785,  2956,  3247,
        3254,  3291,  3581,  3750,  3990,  4042,  4151,  4221,  4248,
        4320,  4513,  4548,  4645,  4704,  4839,  4854,  5110,  5219,
        5270,  5399,  5485,  5569,  5719,  5732,  5769,  5853,  5891,
        5938,  6092,  6221,  6401,  6454,  6476,  6506,  6676,  6695,
        6729,  6744,  6899,  6962,  7112,  7176,  7203,  7490,  7493,
        7656,  7732,  7972,  7984,  8060,  8155,  8228,  8233,  8277,
        8326,  8523,  8535,  8568,  8574,  8658,  8790,  8797,  8819,
        9111,  9116,  9143,  9478,  9500,  9943,  9980, 10029, 10207,
       10260, 10273, 10522, 10654, 10722, 11302, 11361, 11461, 11496,
       11924, 12107, 12410, 12492, 12537, 12600, 12616, 12640, 12719,
       12722, 13242, 13251, 13317, 13390, 13586, 13651, 13753, 13943,
       14000, 14053, 14111, 14252, 14268, 14611, 14745, 14774, 14829,
       14965, 15026, 15233, 15301, 15323, 15571, 15660, 15663, 15699,
       15716, 16006, 16063, 16196, 16314, 16387, 16455, 16494, 16496,
       16682, 16769, 16772, 16833, 17200, 17231, 17234, 17343, 17396,
       17491, 17624, 17834, 18150, 18472, 18500, 18741, 18865, 18924,
       19065, 19231, 19243, 19319, 19398, 19617, 19679, 19716, 19855,
       20165, 20372, 20548, 20570, 20668, 21030, 21054, 21172, 21192,
       21376, 21394, 21487, 21619, 21650, 21890, 21995, 22095, 22112,
       22115, 22435, 22538, 22558, 22692, 22706, 22722, 22817, 22904,
       22950, 23010, 23029, 23068, 23072, 23094, 23347, 23353, 23436,
       23602, 23661, 23726, 23770, 23808, 23810, 23889, 23914, 24288,
       24534, 24666, 24691, 24827, 25078, 25087, 25113, 25154, 25304,
       25334, 25376, 25531, 25588, 25636, 25695, 25770, 25804, 25844,
       25986, 26000, 26020, 26052, 26078, 26345, 26403, 26427, 26496,
       26550, 26643, 26690, 26699, 26872, 26880, 26940, 26949, 27249,
       27374, 27552, 27626, 27746, 27764, 27859, 27909, 28097, 28236,
       28429, 28445, 28474, 28511, 28522, 28593, 29025, 29072, 29155,
       29193, 29312, 29370, 29672, 29690, 29728, 29777, 29877, 29896,
       30244, 30305, 30512, 30563, 30615, 31004, 31150, 31155, 31173,
       31195, 31340, 31468, 31915, 31959, 31973, 32093, 32109, 32162,
       32258, 32268, 32330, 32743, 32916, 33048, 33056, 33142, 33153,
       33179, 33425, 33512, 33529, 33554, 33812, 33842, 33879, 33926,
       33959, 34050, 34117, 34230, 34231, 34354, 34428, 34514, 34545,
       34560, 34673, 34751, 34955, 35023, 35221, 35614, 35817, 35823,
       35939, 35985, 36040, 36050, 36167, 36221, 36224, 36285, 36460,
       36534, 36646, 36788, 36830, 36835, 36874, 36892, 36932, 37009,
       37053, 37104, 37159, 37186, 37290, 37292, 37300, 37316, 37346,
       37416, 37612, 37645, 37683, 37804, 37827, 37891, 37951, 38001,
       38018, 38196, 38341, 38370, 38400, 38418, 38423, 38446, 38750,
       38863, 38878, 39301, 39402, 39416, 39418, 39537, 39610, 39626,
       39802, 39869, 40057, 40206, 40294, 40296, 40311, 40492, 40501,
       40910, 41015, 41034, 41086, 41273, 41328, 41348, 41428, 41919,
       41936, 42065, 42176, 42386, 42390, 42701, 42703, 43137, 43193,
       43284, 43456, 43504, 43563, 43569, 43648, 43847, 43908, 43909,
       44018, 44168, 44171, 44178, 44203, 44224, 44356, 44415, 44619,
       44657, 45027, 45028, 45056, 45192, 45255, 45272, 45555, 45562,
       45894, 46095, 46122, 46140, 46265, 46589, 46745, 46798, 46820,
       46836, 46891, 47001, 47359, 47452, 47510, 47523, 47759, 47780,
       47865, 47877, 47940, 47984, 48042, 48113, 48214, 48248, 48289,
       48363, 48374, 48570, 48651, 48674, 48715, 48743, 48773, 48775,
       48783, 48833, 49143, 49276, 49310, 49351]), array([    7,   113,   171,   255,   959,  1116,  1126,  1357,  1568,
        1725,  1877,  1901,  1916,  2084,  2320,  2342,  2382,  2431,
        2462,  2592,  2785,  2956,  3247,  3254,  3291,  3581,  3750,
        3990,  4042,  4151,  4221,  4248,  4320,  4513,  4645,  4704,
        4839,  4854,  5110,  5219,  5399,  5485,  5569,  5719,  5732,
        5769,  5853,  5891,  5938,  6092,  6401,  6454,  6476,  6506,
        6676,  6695,  6962,  7112,  7176,  7203,  7490,  7493,  7732,
        7972,  7984,  8060,  8155,  8228,  8233,  8277,  8326,  8523,
        8535,  8568,  8574,  8658,  8790,  8797,  8819,  9111,  9116,
        9143,  9478,  9500,  9943,  9980, 10029, 10207, 10260, 10273,
       10522, 10654, 10722, 11302, 11361, 11461, 11496, 11924, 12107,
       12410, 12492, 12537, 12600, 12616, 12722, 13242, 13251, 13317,
       13390, 13586, 13753, 13943, 14053, 14111, 14252, 14268, 14611,
       14745, 14774, 14829, 14965, 15026, 15233, 15301, 15323, 15571,
       15660, 15663, 15716, 16006, 16063, 16196, 16314, 16387, 16494,
       16496, 16682, 16769, 16772, 16833, 17231, 17234, 17343, 17396,
       17491, 17624, 17834, 18150, 18472, 18741, 18865, 18924, 19065,
       19162, 19231, 19243, 19319, 19398, 19617, 19855, 20165, 20372,
       20548, 20570, 21030, 21054, 21172, 21192, 21376, 21487, 21619,
       21650, 21890, 21995, 22095, 22112, 22115, 22538, 22558, 22706,
       22722, 22817, 22904, 22950, 23010, 23029, 23068, 23072, 23094,
       23347, 23353, 23436, 23602, 23661, 23726, 23808, 23810, 23889,
       23914, 24288, 24666, 24691, 24827, 25078, 25087, 25113, 25154,
       25304, 25334, 25376, 25531, 25636, 25695, 25770, 25804, 25844,
       25986, 26000, 26052, 26078, 26345, 26427, 26496, 26550, 26643,
       26690, 26699, 26872, 26880, 26940, 26949, 27374, 27552, 27626,
       27746, 27764, 27859, 28097, 28236, 28429, 28474, 28511, 28522,
       28593, 29025, 29072, 29155, 29193, 29312, 29370, 29672, 29690,
       29877, 29896, 30244, 30512, 30606, 30615, 31150, 31155, 31195,
       31340, 31468, 31915, 31959, 31973, 32093, 32109, 32258, 32268,
       32330, 32743, 32916, 33000, 33048, 33056, 33142, 33153, 33179,
       33425, 33512, 33529, 33554, 33812, 33842, 33879, 33926, 33959,
       34050, 34230, 34354, 34428, 34545, 34560, 34751, 34955, 35023,
       35221, 35614, 35817, 35823, 35939, 35985, 36040, 36050, 36167,
       36221, 36224, 36285, 36534, 36646, 36788, 36830, 36835, 36892,
       36932, 37009, 37053, 37104, 37159, 37186, 37290, 37292, 37300,
       37316, 37346, 37416, 37612, 37645, 37683, 37804, 37827, 37891,
       37951, 38001, 38018, 38196, 38341, 38370, 38400, 38418, 38423,
       38446, 38750, 38863, 38878, 39301, 39402, 39416, 39418, 39537,
       39610, 39626, 39802, 40057, 40294, 40311, 40501, 40910, 41015,
       41034, 41086, 41273, 41328, 41348, 41428, 41919, 41936, 42065,
       42176, 42386, 42390, 42701, 42703, 43137, 43193, 43284, 43504,
       43563, 43569, 43847, 43908, 43909, 44018, 44168, 44171, 44178,
       44356, 44415, 44619, 44657, 45027, 45028, 45056, 45192, 45272,
       45555, 45562, 45894, 46095, 46122, 46140, 46265, 46589, 46745,
       46798, 46891, 47001, 47359, 47452, 47523, 47759, 47780, 47865,
       47877, 47940, 47984, 48042, 48113, 48214, 48248, 48289, 48363,
       48374, 48531, 48570, 48651, 48674, 48715, 48773, 48775, 48783,
       48833, 49143, 49276, 49310, 49351]), array([    7,    37,    43,   113,   171,   255,   288,   360,   419,
         511,   740,   788,   838,   927,   947,   959,  1116,  1126,
        1357,  1568,  1716,  1725,  1877,  1901,  1916,  2060,  2074,
        2084,  2126,  2260,  2320,  2342,  2382,  2431,  2462,  2473,
        2522,  2592,  2785,  2956,  3046,  3058,  3079,  3113,  3247,
        3254,  3290,  3291,  3581,  3679,  3750,  3752,  3767,  3903,
        3990,  4042,  4142,  4151,  4199,  4211,  4221,  4248,  4320,
        4465,  4513,  4645,  4704,  4828,  4839,  4854,  5110,  5139,
        5219,  5270,  5399,  5447,  5485,  5513,  5557,  5569,  5719,
        5732,  5769,  5853,  5882,  5891,  5938,  6092,  6221,  6225,
        6229,  6271,  6305,  6342,  6401,  6454,  6476,  6506,  6539,
        6618,  6633,  6676,  6695,  6729,  6744,  6757,  6772,  6899,
        6925,  6962,  7007,  7010,  7112,  7176,  7203,  7215,  7260,
        7490,  7493,  7656,  7727,  7732,  7856,  7861,  7972,  7984,
        8060,  8155,  8228,  8233,  8277,  8326,  8523,  8535,  8568,
        8574,  8632,  8658,  8790,  8797,  8819,  8981,  9111,  9116,
        9143,  9179,  9276,  9393,  9478,  9500,  9596,  9679,  9695,
        9711,  9861,  9862,  9869,  9943,  9980, 10029, 10171, 10207,
       10260, 10273, 10522, 10654, 10722, 11110, 11175, 11266, 11302,
       11320, 11361, 11461, 11496, 11735, 11924, 12107, 12348, 12408,
       12410, 12492, 12512, 12537, 12600, 12616, 12640, 12719, 12722,
       12766, 12861, 12862, 12903, 13048, 13113, 13242, 13251, 13317,
       13357, 13390, 13586, 13753, 13820, 13943, 14000, 14053, 14075,
       14111, 14226, 14252, 14268, 14283, 14340, 14427, 14535, 14541,
       14586, 14589, 14611, 14745, 14758, 14774, 14829, 14965, 15026,
       15139, 15170, 15233, 15301, 15323, 15571, 15660, 15663, 15697,
       15699, 15716, 15926, 16006, 16063, 16181, 16196, 16314, 16387,
       16455, 16494, 16496, 16682, 16718, 16769, 16772, 16833, 17009,
       17200, 17231, 17234, 17343, 17396, 17436, 17491, 17624, 17641,
       17728, 17834, 18008, 18150, 18231, 18329, 18472, 18500, 18741,
       18865, 18924, 19003, 19065, 19106, 19162, 19190, 19217, 19231,
       19243, 19319, 19398, 19576, 19590, 19617, 19679, 19855, 20165,
       20372, 20398, 20548, 20570, 20668, 20673, 20895, 21010, 21030,
       21054, 21055, 21120, 21172, 21192, 21376, 21378, 21394, 21487,
       21491, 21560, 21619, 21650, 21694, 21812, 21890, 21977, 21995,
       22039, 22095, 22112, 22115, 22345, 22367, 22379, 22382, 22435,
       22444, 22538, 22549, 22558, 22692, 22706, 22722, 22817, 22904,
       22950, 23010, 23029, 23062, 23066, 23068, 23072, 23094, 23095,
       23220, 23306, 23333, 23347, 23353, 23388, 23435, 23436, 23503,
       23602, 23661, 23726, 23768, 23770, 23808, 23810, 23889, 23914,
       24098, 24288, 24534, 24544, 24666, 24691, 24731, 24827, 25016,
       25078, 25082, 25087, 25113, 25154, 25225, 25304, 25334, 25376,
       25388, 25531, 25588, 25636, 25667, 25695, 25770, 25804, 25844,
       25933, 25986, 26000, 26020, 26052, 26078, 26345, 26403, 26427,
       26496, 26550, 26622, 26637, 26643, 26690, 26699, 26823, 26872,
       26880, 26910, 26940, 26949, 27050, 27249, 27285, 27351, 27374,
       27423, 27552, 27626, 27631, 27652, 27746, 27751, 27764, 27859,
       27864, 27909, 27974, 28097, 28236, 28278, 28347, 28405, 28423,
       28429, 28445, 28474, 28511, 28522, 28593, 28604, 28723, 29006,
       29007, 29025, 29072, 29098, 29155, 29193, 29198, 29234, 29258,
       29312, 29370, 29613, 29672, 29690, 29728, 29777, 29787, 29819,
       29877, 29890, 29896, 29966, 30100, 30120, 30244, 30305, 30512,
       30563, 30606, 30615, 30673, 30857, 30988, 31004, 31046, 31150,
       31155, 31173, 31195, 31201, 31340, 31347, 31468, 31599, 31827,
       31831, 31915, 31959, 31973, 32006, 32024, 32093, 32109, 32144,
       32162, 32240, 32258, 32268, 32330, 32449, 32743, 32770, 32818,
       32852, 32916, 33000, 33009, 33041, 33048, 33056, 33142, 33153,
       33179, 33248, 33342, 33363, 33425, 33512, 33529, 33554, 33802,
       33812, 33842, 33879, 33911, 33924, 33926, 33959, 34050, 34117,
       34230, 34231, 34239, 34354, 34428, 34514, 34545, 34560, 34652,
       34673, 34751, 34915, 34955, 35023, 35100, 35160, 35221, 35614,
       35817, 35823, 35914, 35939, 35985, 36040, 36050, 36167, 36221,
       36224, 36285, 36404, 36460, 36465, 36470, 36534, 36646, 36747,
       36788, 36830, 36835, 36874, 36892, 36932, 36936, 37009, 37053,
       37104, 37159, 37186, 37203, 37254, 37290, 37292, 37300, 37316,
       37346, 37397, 37416, 37470, 37585, 37612, 37645, 37683, 37768,
       37804, 37827, 37875, 37891, 37910, 37951, 37983, 38001, 38018,
       38196, 38324, 38341, 38370, 38400, 38418, 38423, 38446, 38571,
       38750, 38863, 38874, 38878, 38926, 38963, 38966, 39284, 39301,
       39389, 39402, 39416, 39418, 39537, 39610, 39626, 39660, 39802,
       39869, 39908, 40057, 40188, 40206, 40294, 40296, 40311, 40418,
       40492, 40501, 40504, 40639, 40910, 40942, 40944, 41015, 41034,
       41086, 41100, 41249, 41273, 41328, 41348, 41428, 41605, 41830,
       41903, 41919, 41936, 41947, 42003, 42065, 42176, 42204, 42257,
       42294, 42386, 42390, 42509, 42535, 42701, 42703, 42875, 42886,
       43018, 43122, 43137, 43193, 43284, 43290, 43456, 43460, 43504,
       43563, 43569, 43641, 43648, 43667, 43728, 43847, 43866, 43908,
       43909, 44001, 44018, 44168, 44171, 44178, 44203, 44224, 44261,
       44356, 44415, 44619, 44657, 44724, 45027, 45028, 45056, 45192,
       45255, 45272, 45377, 45494, 45555, 45562, 45620, 45709, 45776,
       45894, 45932, 46095, 46122, 46140, 46265, 46322, 46373, 46399,
       46526, 46584, 46589, 46745, 46798, 46820, 46821, 46836, 46891,
       47001, 47082, 47127, 47359, 47452, 47469, 47510, 47523, 47759,
       47780, 47865, 47877, 47888, 47940, 47943, 47956, 47971, 47984,
       48007, 48042, 48113, 48196, 48214, 48248, 48289, 48294, 48363,
       48374, 48531, 48570, 48651, 48674, 48715, 48743, 48773, 48775,
       48783, 48833, 48979, 49109, 49143, 49230, 49276, 49310, 49351]), array([    7,    43,   113,   171,   255,   288,   360,   419,   511,
         740,   788,   838,   927,   947,   959,  1116,  1126,  1357,
        1568,  1716,  1725,  1877,  1901,  1916,  2060,  2074,  2084,
        2126,  2260,  2320,  2342,  2382,  2431,  2462,  2473,  2522,
        2592,  2785,  2956,  3046,  3058,  3079,  3247,  3254,  3291,
        3446,  3581,  3672,  3679,  3750,  3752,  3767,  3903,  3990,
        4042,  4142,  4151,  4199,  4221,  4248,  4320,  4465,  4513,
        4548,  4645,  4704,  4828,  4839,  4854,  5110,  5139,  5219,
        5270,  5386,  5399,  5447,  5485,  5513,  5557,  5569,  5719,
        5732,  5769,  5853,  5882,  5891,  5938,  6092,  6221,  6225,
        6229,  6271,  6305,  6342,  6401,  6454,  6476,  6506,  6539,
        6618,  6633,  6676,  6695,  6729,  6744,  6772,  6899,  6925,
        6962,  7007,  7112,  7176,  7203,  7215,  7260,  7285,  7490,
        7493,  7507,  7656,  7732,  7856,  7861,  7972,  7984,  8048,
        8060,  8155,  8228,  8233,  8277,  8326,  8523,  8535,  8568,
        8574,  8632,  8658,  8790,  8797,  8819,  8981,  9111,  9116,
        9143,  9179,  9478,  9500,  9596,  9695,  9711,  9861,  9869,
        9943,  9980, 10029, 10171, 10207, 10260, 10273, 10522, 10654,
       10722, 10891, 11110, 11175, 11266, 11302, 11320, 11361, 11411,
       11461, 11496, 11735, 11924, 12107, 12348, 12408, 12410, 12492,
       12537, 12600, 12616, 12640, 12719, 12722, 12766, 12861, 12862,
       12903, 13048, 13113, 13209, 13242, 13251, 13317, 13357, 13390,
       13586, 13753, 13943, 13983, 14000, 14053, 14072, 14075, 14086,
       14111, 14226, 14252, 14268, 14283, 14340, 14427, 14535, 14541,
       14586, 14589, 14611, 14745, 14758, 14774, 14829, 14965, 15026,
       15139, 15170, 15233, 15301, 15323, 15571, 15660, 15663, 15699,
       15716, 15926, 16006, 16063, 16196, 16314, 16387, 16419, 16455,
       16494, 16496, 16682, 16769, 16772, 16829, 16833, 17009, 17200,
       17231, 17234, 17262, 17343, 17396, 17436, 17438, 17491, 17624,
       17728, 17834, 18008, 18150, 18231, 18329, 18472, 18500, 18741,
       18865, 18924, 19003, 19065, 19106, 19162, 19190, 19217, 19231,
       19243, 19319, 19398, 19576, 19590, 19617, 19679, 19855, 19983,
       20165, 20372, 20398, 20489, 20548, 20570, 20668, 20673, 20895,
       21010, 21030, 21054, 21055, 21120, 21172, 21192, 21376, 21378,
       21394, 21487, 21491, 21560, 21619, 21650, 21694, 21812, 21890,
       21977, 21995, 22039, 22095, 22112, 22115, 22345, 22367, 22379,
       22382, 22435, 22444, 22538, 22549, 22558, 22692, 22706, 22722,
       22817, 22904, 22950, 23010, 23029, 23062, 23066, 23068, 23072,
       23094, 23095, 23220, 23306, 23333, 23347, 23353, 23388, 23435,
       23436, 23503, 23602, 23661, 23726, 23768, 23770, 23808, 23810,
       23889, 23914, 24098, 24288, 24534, 24544, 24666, 24691, 24731,
       24827, 24862, 25078, 25082, 25087, 25113, 25154, 25225, 25304,
       25334, 25376, 25531, 25588, 25636, 25667, 25695, 25770, 25804,
       25823, 25844, 25933, 25986, 26000, 26020, 26052, 26078, 26345,
       26403, 26427, 26496, 26550, 26622, 26637, 26643, 26690, 26699,
       26823, 26872, 26880, 26910, 26940, 26949, 27050, 27138, 27249,
       27351, 27374, 27423, 27552, 27626, 27631, 27652, 27746, 27751,
       27764, 27859, 27864, 27909, 27974, 28097, 28236, 28278, 28347,
       28423, 28429, 28445, 28474, 28511, 28522, 28593, 28604, 28723,
       29006, 29007, 29025, 29072, 29098, 29155, 29193, 29198, 29234,
       29312, 29370, 29672, 29690, 29728, 29777, 29787, 29877, 29890,
       29896, 29966, 30100, 30186, 30244, 30305, 30512, 30563, 30606,
       30615, 30673, 30857, 30988, 31004, 31046, 31150, 31155, 31173,
       31195, 31201, 31340, 31347, 31468, 31599, 31642, 31709, 31827,
       31831, 31915, 31959, 31973, 32006, 32093, 32109, 32144, 32162,
       32258, 32268, 32330, 32398, 32449, 32743, 32818, 32852, 32916,
       33000, 33041, 33048, 33056, 33142, 33153, 33179, 33248, 33342,
       33363, 33425, 33512, 33529, 33554, 33802, 33812, 33842, 33879,
       33911, 33926, 33959, 34050, 34117, 34230, 34231, 34239, 34354,
       34428, 34514, 34545, 34560, 34652, 34673, 34751, 34915, 34955,
       35023, 35100, 35160, 35221, 35614, 35817, 35823, 35914, 35939,
       35959, 35985, 36040, 36050, 36167, 36221, 36224, 36285, 36404,
       36460, 36465, 36470, 36534, 36646, 36788, 36830, 36835, 36874,
       36892, 36932, 36936, 37009, 37053, 37104, 37159, 37186, 37203,
       37254, 37290, 37292, 37300, 37316, 37346, 37416, 37470, 37585,
       37612, 37645, 37683, 37768, 37804, 37827, 37891, 37910, 37951,
       38001, 38018, 38196, 38324, 38341, 38370, 38400, 38418, 38423,
       38446, 38571, 38750, 38863, 38874, 38878, 38926, 38963, 39301,
       39389, 39402, 39409, 39416, 39418, 39537, 39610, 39626, 39802,
       39869, 39908, 40057, 40188, 40206, 40294, 40296, 40311, 40402,
       40418, 40492, 40501, 40504, 40639, 40910, 40942, 40944, 41015,
       41034, 41086, 41100, 41249, 41273, 41328, 41348, 41428, 41605,
       41830, 41903, 41919, 41936, 41947, 42001, 42003, 42065, 42176,
       42204, 42257, 42294, 42386, 42390, 42430, 42509, 42535, 42701,
       42703, 42875, 42886, 43018, 43122, 43137, 43193, 43284, 43290,
       43456, 43460, 43504, 43563, 43569, 43648, 43728, 43847, 43866,
       43908, 43909, 44001, 44018, 44168, 44171, 44178, 44203, 44224,
       44253, 44261, 44356, 44415, 44619, 44657, 44724, 45027, 45028,
       45056, 45192, 45255, 45272, 45377, 45473, 45494, 45555, 45562,
       45620, 45709, 45776, 45894, 45932, 46095, 46122, 46140, 46265,
       46322, 46399, 46526, 46551, 46584, 46589, 46745, 46798, 46820,
       46821, 46836, 46891, 47001, 47082, 47127, 47359, 47452, 47469,
       47510, 47523, 47759, 47780, 47806, 47865, 47877, 47888, 47940,
       47943, 47956, 47971, 47984, 48007, 48042, 48113, 48196, 48214,
       48248, 48289, 48294, 48363, 48374, 48531, 48559, 48570, 48651,
       48674, 48715, 48743, 48773, 48775, 48783, 48833, 48842, 49109,
       49143, 49230, 49276, 49310, 49347, 49351])]
