[  298   359   383   623   624  1429  1439  1780  2339  2432  2664  2685
  2932  3006  3261  3472  3628  3759  3932  3933  3994  4537  4633  4668
  4669  4905  4961  5236  5465  5734  5991  5994  6089  6401  6420  6449
  6577  6601  6738  6753  6782  6867  6896  6996  7004  7124  7237  7403
  7601  8041  8113  8200  8282  8292  8617  8619  8703  8896  9109  9113
  9204  9517  9561  9914 10018 10058 10070 10166 10318 10383 10402 10496
 10649 10776 11135 11236 11794 11840 11925 11956 12221 12261 12565 12685
 12839 12930 12956 13000 13032 13049 13178 13400 13416 13474 13508 13567
 13687 13741 13768 13809 13821 13959 14200 14401 14486 14627 15031 15091
 15347 15425 15498 15537 15742 15849 15938 16095 16268 16402 16498 16527
 16587 16795 17019 17151 17173 17187 17332 17335 17492 17776 17944 17950
 17985 18046 18067 18298 18417 18565 18610 19075 19336 19410 19432 19501
 19512 19673 19714 19818 20051 20237 20292 20335 20404 20702 20704 20853
 20945 21264 21307 21313 21406 21653 21752 22135 22180 22307 22429 22683
 22814 23020 23099 23485 23654 23920 23981 24502 24638 24718 24813 24859
 24886 24913 25106 25119 25277 25327 25429 25549 25726 25922 26019 26089
 26294 26446 26574 26723 26834 26892 26961 27066 27243 27278 27300 27434
 27444 27611 27615 27700 27992 28129 28198 28405 28434 28908 28977 29004
 29027 29251 29315 29482 29495 29520 30580 30652 30726 30812 30831 30904
 31428 31462 31476 31555 31669 31873 32181 32479 32483 32660 32743 32894
 33125 33130 33470 33522 33524 33614 33672 33732 33904 33923 33982 34052
 34090 34180 34213 34223 34378 34413 34447 34474 34563 34650 34908 34958
 35257 35331 35367 35506 35507 35573 35626 35688 35763 36018 36499 36660
 36840 36860 37085 37306 37489 37524 37867 37868 37920]
[  298   344   359   383   386   397   410   623   624   822  1089  1144
  1403  1406  1429  1439  1445  1561  1599  1711  1742  1780  1885  2105
  2183  2190  2339  2368  2432  2510  2664  2685  2879  2931  2932  3006
  3057  3215  3261  3345  3354  3472  3510  3512  3555  3628  3691  3757
  3759  3780  3864  3932  3933  3994  4002  4118  4124  4537  4633  4668
  4669  4905  4961  5359  5392  5433  5465  5502  5552  5734  5879  5973
  5991  5994  6089  6106  6207  6401  6420  6449  6473  6486  6577  6579
  6601  6738  6753  6782  6822  6867  6896  6944  6976  6996  7004  7124
  7148  7159  7168  7237  7388  7403  7416  7470  7515  7601  8041  8095
  8113  8174  8200  8208  8250  8282  8292  8322  8614  8617  8619  8681
  8703  8896  9109  9113  9204  9294  9487  9517  9561  9874  9914 10018
 10058 10070 10166 10318 10383 10402 10496 10499 10612 10649 10664 10776
 11135 11236 11671 11784 11794 11807 11840 11925 11956 12137 12188 12194
 12221 12261 12282 12310 12462 12521 12565 12685 12839 12930 12956 12981
 13000 13032 13041 13049 13062 13178 13386 13400 13416 13427 13474 13508
 13524 13563 13567 13687 13741 13756 13768 13809 13821 13915 13959 14017
 14062 14200 14221 14289 14401 14433 14486 14506 14576 14627 14696 14861
 15031 15040 15045 15091 15211 15282 15346 15347 15392 15425 15498 15528
 15537 15574 15742 15849 15938 16091 16095 16185 16268 16402 16498 16527
 16572 16577 16587 16795 16816 16837 16908 17019 17048 17056 17151 17172
 17173 17187 17332 17335 17492 17712 17720 17776 17781 17944 17950 17985
 18043 18046 18067 18282 18292 18293 18298 18417 18565 18610 18621 19075
 19084 19218 19336 19432 19501 19512 19673 19714 19719 19783 19799 19818
 19921 19932 20034 20051 20177 20237 20292 20302 20335 20404 20490 20655
 20702 20704 20742 20853 20945 20991 21161 21264 21307 21313 21388 21406
 21515 21653 21661 21685 21752 22135 22180 22307 22402 22429 22451 22480
 22629 22645 22683 22749 22814 23020 23099 23266 23388 23485 23654 23690
 23697 23809 23882 23920 23981 24068 24184 24209 24312 24363 24502 24535
 24552 24638 24718 24750 24776 24796 24813 24859 24880 24886 24890 24907
 24913 25106 25119 25277 25327 25429 25549 25608 25726 25819 25922 25947
 26019 26042 26057 26089 26147 26294 26320 26345 26425 26446 26479 26574
 26590 26723 26834 26892 26961 27066 27089 27243 27278 27300 27398 27422
 27434 27444 27607 27611 27615 27633 27700 27941 27992 28129 28198 28405
 28434 28553 28673 28908 28919 28977 29004 29027 29096 29251 29307 29315
 29353 29482 29483 29495 29520 29912 29965 30073 30173 30310 30493 30528
 30580 30652 30726 30765 30812 30831 30904 31015 31428 31462 31476 31493
 31555 31669 31679 31697 31784 31791 31796 31815 31844 31873 31889 32181
 32479 32483 32543 32551 32660 32743 32747 32839 32855 32894 33125 33130
 33135 33212 33217 33395 33439 33470 33477 33522 33524 33614 33672 33732
 33904 33923 33982 34038 34052 34054 34090 34180 34213 34223 34378 34413
 34447 34474 34520 34549 34563 34635 34650 34908 34958 35006 35147 35206
 35257 35331 35367 35374 35377 35379 35406 35506 35507 35571 35573 35588
 35626 35688 35763 36018 36052 36066 36153 36496 36499 36660 36754 36840
 36860 36908 37038 37085 37306 37314 37333 37354 37489 37524 37867 37868
 37920 37969]
[  298   344   359   383   386   397   404   410   623   624   663   822
  1089  1139  1144  1240  1320  1356  1403  1406  1429  1439  1445  1561
  1592  1599  1711  1742  1780  1885  2105  2183  2190  2339  2368  2410
  2432  2510  2664  2685  2761  2879  2931  2932  3006  3057  3261  3345
  3354  3391  3472  3510  3512  3555  3628  3691  3757  3759  3774  3780
  3864  3932  3933  3994  4002  4118  4124  4328  4438  4537  4633  4668
  4669  4751  4905  4961  5236  5359  5392  5433  5465  5502  5552  5734
  5879  5966  5973  5991  5994  6001  6089  6106  6207  6232  6401  6420
  6434  6449  6457  6473  6486  6534  6577  6579  6599  6601  6738  6753
  6782  6822  6867  6944  6976  6996  7004  7124  7148  7159  7168  7237
  7260  7388  7403  7416  7470  7515  7538  7601  7900  8041  8095  8113
  8174  8200  8208  8250  8282  8292  8322  8509  8614  8617  8619  8636
  8681  8703  8896  9109  9113  9204  9258  9294  9487  9517  9519  9561
  9874  9914  9955 10018 10058 10070 10166 10318 10383 10402 10496 10499
 10612 10649 10664 10776 11135 11140 11236 11469 11488 11616 11671 11784
 11794 11807 11840 11925 11956 11994 12137 12188 12194 12221 12240 12261
 12310 12462 12521 12565 12685 12761 12839 12930 12956 12981 13000 13032
 13041 13049 13178 13386 13400 13416 13427 13474 13508 13524 13563 13567
 13687 13741 13756 13768 13809 13821 13915 13959 14017 14062 14200 14221
 14289 14401 14433 14486 14506 14576 14592 14627 14696 14861 15031 15040
 15045 15091 15211 15282 15346 15347 15392 15425 15498 15528 15537 15742
 15849 15852 15885 15888 15938 16081 16091 16095 16185 16402 16413 16498
 16527 16572 16577 16587 16740 16795 16816 16831 16837 16881 16908 16986
 17019 17048 17056 17151 17172 17173 17187 17332 17335 17492 17712 17720
 17721 17776 17781 17809 17811 17899 17944 17950 17985 18043 18046 18067
 18282 18292 18293 18298 18417 18565 18587 18610 18621 18850 19075 19084
 19218 19336 19432 19501 19512 19673 19714 19719 19783 19799 19818 19921
 19932 19985 19986 20034 20051 20177 20237 20292 20302 20335 20404 20490
 20655 20702 20704 20742 20853 20945 20991 21161 21264 21307 21313 21388
 21406 21515 21653 21661 21685 21752 21810 21964 22135 22180 22307 22337
 22402 22429 22451 22480 22629 22645 22683 22685 22749 22814 23020 23099
 23241 23266 23318 23388 23485 23654 23690 23697 23809 23870 23882 23920
 23981 24068 24184 24209 24312 24363 24502 24516 24535 24552 24638 24718
 24750 24753 24776 24796 24813 24859 24880 24886 24890 24907 24913 25106
 25119 25277 25327 25429 25549 25726 25922 25947 26019 26042 26057 26089
 26117 26147 26156 26294 26320 26345 26425 26446 26479 26590 26723 26768
 26834 26863 26892 26961 26999 27020 27066 27089 27243 27278 27300 27398
 27405 27422 27434 27444 27519 27541 27547 27607 27611 27615 27633 27700
 27941 27944 27992 28129 28170 28198 28366 28392 28405 28434 28553 28673
 28733 28908 28910 28919 28977 29004 29027 29096 29251 29307 29315 29353
 29399 29457 29482 29483 29495 29520 29863 29912 29938 29965 30073 30172
 30173 30310 30491 30493 30528 30580 30587 30652 30662 30726 30765 30772
 30812 30831 30904 30929 31015 31395 31428 31439 31462 31476 31493 31555
 31669 31679 31697 31707 31784 31791 31796 31815 31844 31873 31889 32173
 32181 32479 32483 32543 32551 32660 32705 32743 32747 32839 32855 32894
 33125 33130 33135 33212 33217 33395 33439 33442 33470 33477 33522 33526
 33614 33672 33732 33812 33904 33923 33982 34038 34052 34054 34090 34180
 34213 34223 34378 34413 34447 34474 34520 34549 34563 34635 34650 34908
 34958 35006 35080 35087 35147 35193 35206 35257 35331 35367 35374 35377
 35379 35406 35483 35506 35507 35571 35573 35588 35626 35688 35763 36018
 36052 36066 36181 36201 36465 36496 36499 36571 36660 36754 36840 36860
 36908 36973 37038 37085 37306 37314 37333 37489 37524 37733 37867 37868
 37876 37920 37930 37969]
