training accuracy when lambda=0.1
[0.66088, 0.73178, 0.74482, 0.75546, 0.76402, 0.76956, 0.77074, 0.77406, 0.77604, 0.77584, 0.7782, 0.78094, 0.78226, 0.78236, 0.78454, 0.7858, 0.78608, 0.78704, 0.78934, 0.79056, 0.7868, 0.7882, 0.78846, 0.7868, 0.78842, 0.79036, 0.79052, 0.791, 0.79182, 0.79124, 0.79046, 0.79262, 0.7939, 0.79404, 0.79542, 0.7926, 0.79352, 0.79462, 0.79336, 0.79446, 0.79334, 0.7945, 0.7963, 0.79268, 0.79618, 0.79746, 0.79806, 0.79856, 0.79244, 0.79538, 0.7987, 0.7977, 0.7962, 0.79482, 0.79584, 0.79728, 0.79652, 0.79418, 0.79764, 0.79604, 0.79764, 0.7961, 0.79896, 0.79724, 0.7953, 0.79674, 0.79926, 0.79782, 0.79732, 0.79884, 0.7996, 0.80142, 0.79954, 0.79934, 0.79836, 0.79854, 0.79924, 0.7987, 0.79544, 0.7985, 0.7967, 0.8292, 0.8354, 0.83846, 0.8396, 0.83858, 0.83986, 0.8414, 0.84366, 0.8456, 0.84206, 0.84424, 0.84374, 0.84532, 0.84436, 0.8458, 0.84508, 0.84486, 0.84542, 0.84626]
test accuracy when lambda=0.1
[0.5216, 0.4986, 0.5572, 0.5739, 0.5922, 0.5583, 0.548, 0.5818, 0.5133, 0.6039, 0.5904, 0.6103, 0.6284, 0.5623, 0.6248, 0.5896, 0.6003, 0.6084, 0.588, 0.6016, 0.5745, 0.5864, 0.5754, 0.6052, 0.6043, 0.6206, 0.5891, 0.5825, 0.5816, 0.6149, 0.5927, 0.567, 0.5865, 0.5691, 0.5809, 0.5429, 0.5972, 0.6157, 0.5566, 0.6171, 0.6246, 0.5987, 0.6086, 0.5989, 0.5592, 0.5918, 0.6174, 0.6002, 0.561, 0.6007, 0.5795, 0.5987, 0.5875, 0.5638, 0.5964, 0.5935, 0.5838, 0.6053, 0.5796, 0.594, 0.4979, 0.5751, 0.5997, 0.5933, 0.5919, 0.563, 0.5796, 0.6154, 0.5681, 0.6036, 0.5713, 0.6146, 0.5816, 0.6023, 0.6092, 0.6229, 0.5867, 0.5767, 0.5722, 0.6112, 0.6033, 0.642, 0.644, 0.6435, 0.6458, 0.6439, 0.6437, 0.6407, 0.6452, 0.6454, 0.636, 0.6341, 0.6338, 0.6423, 0.6384, 0.6447, 0.6354, 0.6425, 0.6423, 0.6415]
training accuracy when lambda=0.2
[0.63898, 0.70776, 0.71968, 0.73292, 0.73802, 0.7388, 0.7458, 0.74592, 0.7514, 0.75086, 0.75418, 0.7562, 0.7577, 0.75676, 0.7569, 0.7577, 0.7582, 0.76226, 0.76244, 0.76082, 0.76192, 0.76314, 0.76164, 0.7628, 0.7624, 0.76134, 0.76452, 0.76396, 0.76286, 0.76432, 0.76748, 0.76456, 0.76264, 0.76538, 0.76536, 0.76628, 0.76536, 0.76526, 0.76798, 0.76874, 0.76714, 0.76488, 0.7679, 0.76782, 0.76752, 0.76862, 0.76726, 0.76636, 0.76902, 0.76786, 0.76786, 0.76908, 0.76998, 0.76728, 0.76694, 0.77114, 0.7684, 0.76932, 0.76998, 0.7696, 0.76982, 0.77102, 0.76778, 0.77052, 0.76908, 0.77438, 0.76918, 0.7696, 0.7706, 0.7698, 0.76904, 0.76954, 0.77054, 0.7706, 0.76932, 0.7693, 0.76962, 0.77196, 0.77048, 0.7747, 0.7694, 0.79898, 0.80576, 0.80744, 0.8084, 0.8087, 0.81134, 0.81102, 0.81118, 0.81086, 0.81304, 0.81242, 0.81232, 0.81384, 0.81428, 0.81484, 0.81726, 0.81632, 0.81482, 0.81756]
test accuracy when lambda=0.2
[0.534, 0.5432, 0.586, 0.5876, 0.5864, 0.5653, 0.5679, 0.5673, 0.5913, 0.5944, 0.5473, 0.5548, 0.6055, 0.5812, 0.5749, 0.5834, 0.592, 0.6163, 0.5776, 0.6167, 0.6183, 0.5687, 0.5235, 0.597, 0.6032, 0.5698, 0.5886, 0.6096, 0.5652, 0.6017, 0.5792, 0.5987, 0.5671, 0.5863, 0.5803, 0.5408, 0.6043, 0.5939, 0.5647, 0.6048, 0.5782, 0.5794, 0.6097, 0.6009, 0.5612, 0.6097, 0.5767, 0.6099, 0.6094, 0.5649, 0.5996, 0.5422, 0.5897, 0.6049, 0.5305, 0.6145, 0.6275, 0.5828, 0.5291, 0.6021, 0.6034, 0.6229, 0.6054, 0.602, 0.5952, 0.5608, 0.5854, 0.6011, 0.6094, 0.6032, 0.6125, 0.5984, 0.6027, 0.6155, 0.613, 0.6194, 0.5922, 0.5872, 0.5682, 0.54, 0.5683, 0.6391, 0.6415, 0.6475, 0.6484, 0.6404, 0.6475, 0.6467, 0.6472, 0.6473, 0.6388, 0.6438, 0.645, 0.6403, 0.6498, 0.643, 0.6476, 0.6422, 0.6399, 0.6442]
training accuracy when lambda=0.3
[0.5658, 0.62688, 0.64782, 0.65308, 0.6608, 0.66586, 0.66706, 0.67094, 0.6736, 0.67338, 0.67534, 0.6765, 0.67886, 0.6794, 0.67972, 0.68164, 0.68288, 0.68386, 0.68206, 0.68288, 0.68246, 0.68196, 0.68376, 0.6828, 0.68396, 0.68554, 0.68578, 0.68658, 0.68796, 0.68726, 0.68464, 0.6875, 0.6867, 0.68638, 0.68742, 0.68634, 0.6855, 0.68626, 0.68972, 0.68802, 0.6867, 0.68852, 0.68836, 0.68574, 0.69016, 0.6881, 0.68684, 0.6874, 0.6876, 0.6897, 0.68714, 0.69032, 0.69012, 0.68762, 0.68916, 0.69026, 0.68956, 0.69018, 0.68532, 0.68996, 0.68948, 0.6898, 0.68796, 0.69112, 0.6878, 0.68838, 0.68982, 0.68998, 0.6898, 0.69062, 0.69104, 0.69098, 0.69078, 0.69004, 0.6906, 0.69012, 0.68972, 0.69024, 0.69216, 0.69, 0.69028, 0.71274, 0.71338, 0.7161, 0.72068, 0.71916, 0.72116, 0.72082, 0.72044, 0.72208, 0.7228, 0.72416, 0.72298, 0.72318, 0.72434, 0.72488, 0.7257, 0.7245, 0.72562, 0.72518]
test accuracy when lambda=0.3
[0.4902, 0.4883, 0.5534, 0.5572, 0.558, 0.6058, 0.5859, 0.5736, 0.5281, 0.5754, 0.5602, 0.5759, 0.6126, 0.5969, 0.5828, 0.5823, 0.5219, 0.5984, 0.573, 0.5257, 0.6069, 0.5951, 0.5726, 0.6017, 0.5832, 0.5156, 0.5131, 0.613, 0.5912, 0.5841, 0.5648, 0.5691, 0.5577, 0.5555, 0.5815, 0.6094, 0.5432, 0.5887, 0.5668, 0.5991, 0.5848, 0.6027, 0.5897, 0.5996, 0.5564, 0.5924, 0.595, 0.5909, 0.6004, 0.6049, 0.4877, 0.5546, 0.5969, 0.5803, 0.5488, 0.5478, 0.5848, 0.4618, 0.582, 0.5237, 0.6032, 0.6232, 0.5796, 0.5936, 0.5926, 0.5764, 0.5244, 0.5678, 0.5189, 0.5614, 0.5755, 0.5943, 0.6115, 0.6011, 0.5269, 0.6154, 0.489, 0.4773, 0.6183, 0.6081, 0.5898, 0.6541, 0.6555, 0.6532, 0.6511, 0.6444, 0.6556, 0.6445, 0.6484, 0.6458, 0.6537, 0.6529, 0.6494, 0.6478, 0.6495, 0.6447, 0.6354, 0.6528, 0.647, 0.6495]
training accuracy when lambda=0.4
[0.42142, 0.46238, 0.4736, 0.48304, 0.48668, 0.49062, 0.49294, 0.49398, 0.4953, 0.49892, 0.49928, 0.49746, 0.50028, 0.49992, 0.5011, 0.50116, 0.50204, 0.5033, 0.5027, 0.5019, 0.50402, 0.5025, 0.50214, 0.50432, 0.50268, 0.50612, 0.50408, 0.50484, 0.50674, 0.50556, 0.50452, 0.50526, 0.50516, 0.50546, 0.50708, 0.50704, 0.5046, 0.5054, 0.50608, 0.50752, 0.50482, 0.50606, 0.50696, 0.5077, 0.5059, 0.50614, 0.50832, 0.50656, 0.50888, 0.50738, 0.5082, 0.50662, 0.5068, 0.50622, 0.50794, 0.50662, 0.50686, 0.50668, 0.50796, 0.5089, 0.50692, 0.5085, 0.50708, 0.50848, 0.50786, 0.50878, 0.50694, 0.50642, 0.50714, 0.50858, 0.50878, 0.50752, 0.5088, 0.50862, 0.50622, 0.50732, 0.50778, 0.50858, 0.50944, 0.5073, 0.50746, 0.51974, 0.52358, 0.5242, 0.52504, 0.52668, 0.52626, 0.52736, 0.52618, 0.52786, 0.52896, 0.52772, 0.5285, 0.52836, 0.52978, 0.52966, 0.52916, 0.53042, 0.53148, 0.53098]
test accuracy when lambda=0.4
[0.5381, 0.5251, 0.5303, 0.5488, 0.5558, 0.5363, 0.5254, 0.5484, 0.5302, 0.5531, 0.5667, 0.5657, 0.5543, 0.5676, 0.5288, 0.5581, 0.5614, 0.5923, 0.5563, 0.5839, 0.5686, 0.5605, 0.6027, 0.4424, 0.5866, 0.5524, 0.5307, 0.5637, 0.5041, 0.5658, 0.5795, 0.5538, 0.504, 0.581, 0.5223, 0.5933, 0.5812, 0.579, 0.5176, 0.5499, 0.5305, 0.5235, 0.5422, 0.6014, 0.5347, 0.5517, 0.509, 0.5581, 0.5906, 0.6008, 0.5866, 0.5403, 0.5757, 0.5703, 0.5916, 0.5348, 0.5656, 0.6011, 0.5924, 0.6039, 0.4946, 0.4766, 0.5849, 0.5907, 0.6051, 0.5558, 0.6104, 0.5827, 0.595, 0.5688, 0.5646, 0.5748, 0.5952, 0.6053, 0.5875, 0.5703, 0.5677, 0.5974, 0.5783, 0.5594, 0.5421, 0.6408, 0.6434, 0.6451, 0.6463, 0.6467, 0.6456, 0.6441, 0.6381, 0.6452, 0.642, 0.6465, 0.6496, 0.6428, 0.6465, 0.649, 0.6446, 0.6394, 0.642, 0.6293]
training accuracy when lambda=0.5
[0.15404, 0.16634, 0.17024, 0.1717, 0.17282, 0.17676, 0.17894, 0.17688, 0.17964, 0.17786, 0.18084, 0.18038, 0.17976, 0.1822, 0.18134, 0.18178, 0.18372, 0.1834, 0.18322, 0.18262, 0.1834, 0.18252, 0.1802, 0.18312, 0.18334, 0.1829, 0.1842, 0.18382, 0.1843, 0.18454, 0.18438, 0.18364, 0.18534, 0.18572, 0.18566, 0.184, 0.18506, 0.18518, 0.1841, 0.1842, 0.18582, 0.18458, 0.18464, 0.18386, 0.18526, 0.18636, 0.18554, 0.18546, 0.18582, 0.18554, 0.18558, 0.18524, 0.1847, 0.18448, 0.1848, 0.18688, 0.18552, 0.18674, 0.18734, 0.18612, 0.18614, 0.18522, 0.18758, 0.18694, 0.1881, 0.18544, 0.18566, 0.1866, 0.18666, 0.1867, 0.1853, 0.18728, 0.18604, 0.18728, 0.18734, 0.1867, 0.18728, 0.18718, 0.185, 0.18612, 0.18774, 0.1922, 0.19404, 0.19478, 0.19646, 0.19744, 0.19754, 0.19832, 0.1987, 0.19956, 0.19904, 0.20008, 0.20086, 0.2012, 0.202, 0.20108, 0.20356, 0.2025, 0.20244, 0.20264]
test accuracy when lambda=0.5
[0.4442, 0.4702, 0.3538, 0.4822, 0.4979, 0.4741, 0.5153, 0.5321, 0.487, 0.5926, 0.5967, 0.5052, 0.5389, 0.5813, 0.6109, 0.5568, 0.5113, 0.505, 0.5532, 0.6018, 0.5566, 0.5753, 0.5933, 0.5857, 0.5701, 0.5784, 0.5909, 0.5874, 0.5702, 0.5569, 0.5187, 0.5414, 0.5193, 0.5848, 0.586, 0.5604, 0.5619, 0.5343, 0.5314, 0.5445, 0.5793, 0.5452, 0.5974, 0.5399, 0.5355, 0.5558, 0.5701, 0.5727, 0.5534, 0.5916, 0.4996, 0.6028, 0.5013, 0.574, 0.5837, 0.5613, 0.5616, 0.5852, 0.6105, 0.5715, 0.5824, 0.59, 0.5811, 0.5974, 0.5889, 0.4967, 0.532, 0.6004, 0.6001, 0.5387, 0.5542, 0.5189, 0.5547, 0.6183, 0.5841, 0.5539, 0.5601, 0.5502, 0.5322, 0.5485, 0.546, 0.6381, 0.6507, 0.6478, 0.6457, 0.6452, 0.6359, 0.6385, 0.6439, 0.6389, 0.6435, 0.6428, 0.6442, 0.6394, 0.6466, 0.6396, 0.6432, 0.6403, 0.6436, 0.6401]
training accuracy when lambda=0.6
[0.14434, 0.15852, 0.16264, 0.16696, 0.1693, 0.16948, 0.17102, 0.17128, 0.17384, 0.17316, 0.17416, 0.1752, 0.17602, 0.17666, 0.17714, 0.17756, 0.1773, 0.17528, 0.1775, 0.1773, 0.17578, 0.17838, 0.17802, 0.17706, 0.17804, 0.17876, 0.17964, 0.17732, 0.17966, 0.17696, 0.17856, 0.18048, 0.18034, 0.17778, 0.1797, 0.17984, 0.17994, 0.1793, 0.18072, 0.17948, 0.17938, 0.1784, 0.18034, 0.1808, 0.1819, 0.17972, 0.18026, 0.18052, 0.18088, 0.18182, 0.18178, 0.18196, 0.18068, 0.18212, 0.1792, 0.18036, 0.18222, 0.18106, 0.18272, 0.18136, 0.18198, 0.1799, 0.18026, 0.18098, 0.18282, 0.18166, 0.18158, 0.18154, 0.1802, 0.1803, 0.18214, 0.18152, 0.18232, 0.18294, 0.18186, 0.18254, 0.18194, 0.1823, 0.18306, 0.18324, 0.1812, 0.18772, 0.19076, 0.19156, 0.19316, 0.19312, 0.19344, 0.19364, 0.19584, 0.19356, 0.19638, 0.1965, 0.19496, 0.19674, 0.1967, 0.19698, 0.19814, 0.19798, 0.19836, 0.19806]
test accuracy when lambda=0.6
[0.3824, 0.3431, 0.4972, 0.4329, 0.4376, 0.4178, 0.4462, 0.4369, 0.5062, 0.385, 0.498, 0.5391, 0.4462, 0.511, 0.4837, 0.481, 0.4963, 0.4929, 0.5072, 0.542, 0.4803, 0.5291, 0.4897, 0.5285, 0.5303, 0.4854, 0.4733, 0.5605, 0.4762, 0.5266, 0.4921, 0.5675, 0.5071, 0.5111, 0.5233, 0.4966, 0.4839, 0.5373, 0.5028, 0.5308, 0.5022, 0.5494, 0.41, 0.5123, 0.5338, 0.4808, 0.4785, 0.4727, 0.5211, 0.553, 0.4759, 0.4936, 0.4355, 0.5646, 0.5467, 0.5558, 0.4961, 0.5352, 0.4926, 0.5423, 0.4882, 0.5675, 0.4932, 0.4946, 0.4948, 0.4857, 0.4517, 0.4433, 0.4735, 0.4851, 0.4332, 0.4882, 0.3889, 0.5154, 0.5454, 0.4931, 0.4877, 0.54, 0.4008, 0.4945, 0.5391, 0.6073, 0.6157, 0.6158, 0.6074, 0.617, 0.6179, 0.617, 0.6123, 0.6115, 0.6138, 0.6185, 0.6118, 0.6177, 0.6236, 0.6054, 0.5926, 0.614, 0.6192, 0.6184]
