training accuracy when lambda=0.2
[0.6008282828379159, 0.7314949495093991, 0.7629494949350454, 0.77759595958151, 0.7905656565801061, 0.7931717171765337, 0.8031111111207442, 0.8032121211976716, 0.8108484848388517, 0.8157777777777778, 0.8170909091053588, 0.8221414141414142, 0.8253333333333334, 0.8306868686916852, 0.8303636363588198, 0.8339595959692291, 0.8341414141317811, 0.8368686868686869, 0.8392929292832962, 0.8428888888792558, 0.8430909090764594, 0.8447878787782457, 0.8470303030254865, 0.8503232323184158, 0.8510505050360554, 0.8502020202020202, 0.852464646479096, 0.8557171717219882, 0.8565454545502711, 0.8549898989754494, 0.8555757575709411, 0.8569292929244764, 0.858505050509867, 0.8602424242376077, 0.8613535353631684, 0.8622828282780117, 0.8617575757623923, 0.8638989899038064, 0.8626868686868687, 0.8640808080904412, 0.8654949494804999, 0.8645858585810421, 0.8664848484944816, 0.869373737388187, 0.8667474747619244, 0.8677171717316213, 0.8700404040452205, 0.8693535353535353, 0.8678383838335673, 0.8688888888937054]
test accuracy when lambda=0.2
[0.3795, 0.3935, 0.3942, 0.3966, 0.3955, 0.3974, 0.3985, 0.3999, 0.3942, 0.3902, 0.3979, 0.4005, 0.3981, 0.4025, 0.4029, 0.4001, 0.4025, 0.398, 0.3961, 0.3978, 0.4049, 0.4034, 0.4008, 0.4028, 0.4048, 0.4038, 0.4071, 0.405, 0.4052, 0.4061, 0.4027, 0.4086, 0.4054, 0.4014, 0.4043, 0.4054, 0.4056, 0.4074, 0.4037, 0.4058, 0.4073, 0.4075, 0.4062, 0.4033, 0.4088, 0.4065, 0.4117, 0.4076, 0.4041, 0.4085]
training accuracy when lambda=0.3
[0.5745050505146836, 0.7003232323328654, 0.728363636378086, 0.7395959595911431, 0.7478383838335673, 0.7549696969600639, 0.7601616161567997, 0.7650707070562575, 0.7686666666666667, 0.7710909090764595, 0.7769494949398619, 0.7766868687013183, 0.7808686868735034, 0.7834343434295269, 0.7885050504954174, 0.787555555550739, 0.7895353535353535, 0.7921414141462306, 0.7948888888937055, 0.7973131313034982, 0.7966060606060607, 0.7994949494949495, 0.8009696969841466, 0.8006060605964276, 0.8035151515007019, 0.8040404040355875, 0.8036161616065285, 0.8094747474891971, 0.808020202029835, 0.8087070707215204, 0.8094545454545454, 0.8105454545599041, 0.8116363636363636, 0.8101414141558637, 0.8144444444299949, 0.8121414141414142, 0.815939393939394, 0.8153939393987559, 0.8167070707070707, 0.8161616161519831, 0.8158989898941733, 0.8158383838335673, 0.8191919191919191, 0.8162626262481767, 0.8183636363684529, 0.8189696969600639, 0.8200606060654226, 0.8161212121163955, 0.8194747474651144, 0.8193535353439023]
test accuracy when lambda=0.3
[0.3934, 0.3987, 0.4042, 0.4112, 0.4141, 0.4118, 0.4134, 0.4183, 0.4126, 0.4201, 0.4192, 0.4178, 0.4183, 0.4145, 0.42, 0.416, 0.4189, 0.4224, 0.4193, 0.4228, 0.4217, 0.4208, 0.4179, 0.4167, 0.4208, 0.4213, 0.4218, 0.4211, 0.4157, 0.4196, 0.4191, 0.4238, 0.4229, 0.4189, 0.4158, 0.4192, 0.4197, 0.418, 0.4171, 0.4166, 0.4197, 0.4184, 0.4188, 0.4203, 0.4191, 0.4186, 0.4226, 0.4192, 0.4219, 0.4148]
training accuracy when lambda=0.4
[0.48907070707070704, 0.5958383838335674, 0.6191717171765337, 0.6297171717219883, 0.6375353535353535, 0.6429090908994578, 0.6474545454497289, 0.6511919191967357, 0.6559797979846145, 0.6579797979894311, 0.6602828282876448, 0.6621212121163956, 0.6645050504954174, 0.6667070706974376, 0.6691515151466986, 0.6702626262674428, 0.6732929292929293, 0.6758989899134396, 0.6781212121308452, 0.6781616161567996, 0.6799999999855504, 0.6812121212265708, 0.6821414141269645, 0.683515151519968, 0.6855353535209039, 0.6876767676767677, 0.6874141414141414, 0.6881818181721852, 0.6903030302885806, 0.6897979798076129, 0.69153535354017, 0.6918787878836045, 0.6941414141317811, 0.694606060591611, 0.6957171717268048, 0.6958383838528335, 0.6958181818278149, 0.6962222222077726, 0.6944848484703988, 0.6964444444540775, 0.6973535353390857, 0.6961212121308452, 0.6997979797835302, 0.7003030303126634, 0.7004242424338755, 0.6992929292881127, 0.6982626262529932, 0.6997979798124294, 0.700888888898522, 0.7013131313034983]
test accuracy when lambda=0.4
[0.3976, 0.4035, 0.4206, 0.4215, 0.4204, 0.4291, 0.4227, 0.4296, 0.4388, 0.4281, 0.4426, 0.4345, 0.4413, 0.4378, 0.436, 0.4384, 0.4391, 0.437, 0.4411, 0.443, 0.4435, 0.4425, 0.4443, 0.4433, 0.4439, 0.4451, 0.4448, 0.444, 0.4425, 0.4497, 0.4325, 0.4427, 0.442, 0.4381, 0.449, 0.4414, 0.4411, 0.4446, 0.4383, 0.441, 0.443, 0.4457, 0.4404, 0.4403, 0.4459, 0.4463, 0.4415, 0.4439, 0.442, 0.4385]
training accuracy when lambda=0.5
[0.21161616161736574, 0.24024242424362838, 0.2495959595977658, 0.2535757575805741, 0.25975757575757574, 0.26193939394059806, 0.2653131313203561, 0.26898989899110315, 0.27034343434343433, 0.2706060606060606, 0.27622222222342635, 0.2778989899062147, 0.28187878788601267, 0.2843030303042344, 0.2861818181830223, 0.2878383838359756, 0.29208080808562464, 0.29410101009619355, 0.2952727272739314, 0.30143434343916, 0.30212121212602866, 0.30505050504328024, 0.30802020202501856, 0.31070707070947895, 0.31547474747474746, 0.3182828282876448, 0.3187878787926953, 0.32131313131072303, 0.32537373737132913, 0.3284848484848485, 0.3318181818254066, 0.3354545454521372, 0.33771717171476345, 0.34210101010341837, 0.34616161616161617, 0.3494343434319352, 0.3514141414141414, 0.35828282829727787, 0.35616161615679964, 0.36127272727754384, 0.36539393939153114, 0.367474747479564, 0.3726666666642584, 0.3748888888792558, 0.37630303029821377, 0.3812525252477087, 0.38204040403317924, 0.38458585857863375, 0.3887070707070707, 0.3905858585858586]
test accuracy when lambda=0.5
[0.4008, 0.4142, 0.4311, 0.4347, 0.4466, 0.4491, 0.4643, 0.459, 0.451, 0.4592, 0.4658, 0.4624, 0.473, 0.4735, 0.4665, 0.4676, 0.4755, 0.466, 0.4688, 0.469, 0.4667, 0.464, 0.4641, 0.4711, 0.4732, 0.4732, 0.4708, 0.4616, 0.4708, 0.4722, 0.4714, 0.473, 0.47, 0.4723, 0.4688, 0.467, 0.4662, 0.4725, 0.4705, 0.4678, 0.4663, 0.4663, 0.4673, 0.4678, 0.4601, 0.4641, 0.4621, 0.4686, 0.4625, 0.458]
training accuracy when lambda=0.6
[0.2087070707142955, 0.24604040404762884, 0.2553737373809622, 0.26232323232082405, 0.26723232323593565, 0.27072727272847685, 0.2765454545466587, 0.2793939393891229, 0.28608080808562464, 0.2904848484884609, 0.2942424242472408, 0.2953939393987559, 0.2996969696897449, 0.3049898989971238, 0.3093333333405581, 0.3108080808153056, 0.3153939393939394, 0.31995959595959594, 0.32323232322991496, 0.3270909090909091, 0.3326666666714832, 0.3375757575781658, 0.3432323232347315, 0.34612121211398733, 0.3489292929268847, 0.3560808080759915, 0.35921212121934604, 0.36345454544732064, 0.36860606060365236, 0.37369696970178623, 0.3784242424266507, 0.38339393939875593, 0.391414141418958, 0.3945252525180277, 0.3991515151527193, 0.40290909090427435, 0.40856565657288135, 0.41238383838624665, 0.415797979790755, 0.4248080808104891, 0.42824242424001596, 0.4319797979725732, 0.43797979798220626, 0.4407878787926953, 0.44567676767917597, 0.4500606060581978, 0.45294949494949494, 0.459979797979798, 0.46050505051950014, 0.4653333333357416]
test accuracy when lambda=0.6
[0.4266, 0.4337, 0.4579, 0.4596, 0.4708, 0.4823, 0.4771, 0.4642, 0.4871, 0.4831, 0.4881, 0.4876, 0.4946, 0.5002, 0.4981, 0.4964, 0.4978, 0.4925, 0.4967, 0.5033, 0.4931, 0.4933, 0.4971, 0.496, 0.4964, 0.4996, 0.4967, 0.5005, 0.4961, 0.4973, 0.4903, 0.4955, 0.4896, 0.4912, 0.4858, 0.4887, 0.4817, 0.4918, 0.4873, 0.4834, 0.479, 0.4886, 0.4852, 0.4824, 0.4861, 0.4791, 0.4818, 0.4816, 0.4718, 0.4802]
