[array([  103,   228,   238,   257,   359,   471,   545,   688,   741,
        1007,  1089,  1339,  1351,  1475,  1491,  1648,  1706,  1792,
        1828,  1836,  1897,  1934,  2034,  2035,  2159,  2179,  2239,
        2290,  2358,  2395,  2452,  2990,  3035,  3127,  3146,  3224,
        3261,  3359,  3424,  3542,  3565,  3635,  3724,  3796,  3884,
        3932,  4231,  4488,  4508,  4565,  4657,  4677,  4694,  4744,
        5002,  5100,  5108,  5158,  5322,  5390,  5454,  5458,  5547,
        5550,  5618,  5890,  6143,  6164,  6285,  6294,  6318,  6326,
        6329,  6383,  6417,  6519,  6679,  6748,  6808,  6810,  6864,
        6895,  6915,  6981,  6999,  7056,  7090,  7182,  7272,  7319,
        7470,  7604,  7823,  7867,  7907,  7945,  8079,  8425,  8427,
        8507,  8516,  8571,  8589,  8711,  8736,  8759,  8859,  8903,
        9010,  9076,  9087,  9252,  9328,  9392,  9398,  9399,  9495,
        9520,  9734,  9922, 10021, 10062, 10284, 10312, 10315, 10319,
       10326, 10329, 10342, 10622, 10719, 10756, 10777, 10916, 10959,
       11011, 11107, 11129, 11147, 11168, 11211, 11253, 11298, 11333,
       11357, 11368, 11421, 11558, 11625, 11821, 11895, 11947, 12061,
       12157, 12215, 12224, 12227, 12257, 12260, 12324, 12369, 12462,
       12477, 12491, 12660, 12820, 12830, 12864, 12934, 12941, 12968,
       13028, 13121, 13130, 13227, 13322, 13331, 13367, 13419, 13481,
       13503, 13656, 13801, 13906, 14018, 14023, 14080, 14094, 14103,
       14177, 14260, 14317, 14455, 14500, 14582, 14683, 14723, 14778,
       14801, 14865, 14875, 14904, 14929, 15050, 15078, 15368, 15525,
       15536, 15692, 15737, 16081, 16103, 16114, 16233, 16250, 16380,
       16410, 16474, 16475, 16487, 16619, 16624, 16635, 16663, 16714,
       16759, 16783, 16785, 16915, 16975, 17016, 17062, 17103, 17116,
       17120, 17138, 17145, 17199, 17244, 17264, 17323, 17369, 17431,
       17527, 17540, 17580, 17657, 17751, 17878, 17889, 17925, 18041,
       18271, 18413, 18434, 18468, 18492, 18526, 18560, 18569, 18642,
       18662, 18670, 18774, 18883, 18904, 18972, 19222, 19247, 19368,
       19409, 19481, 19643, 19671, 19704, 19825, 19852, 19868, 20174,
       20206, 20214, 20291, 20315, 20406, 20417, 20727, 20780, 20850,
       20871, 20980, 21244, 21321, 21468, 21488, 21573, 21634, 21640,
       21724, 21874, 21877, 21935, 22109, 22626, 22687, 22758, 23059,
       23201, 23207, 23229, 23449, 23454, 23474, 23492, 23531, 23536,
       23772, 23996, 24009, 24040, 24241, 24479, 24483, 24501, 24513,
       24621, 24709, 24800, 24809, 24824, 24930, 25006, 25029, 25041,
       25103, 25251, 25400, 25552, 25555, 25589, 25643, 25691, 25766,
       25898, 25910, 25918, 26013, 26095, 26142, 26266, 26457, 26465,
       26520, 26632, 26681, 26779, 26804, 27000, 27039, 27054, 27083,
       27196, 27276, 27310, 27350, 27383, 27407, 27448, 27502, 27505,
       27549, 27601, 27622, 27628, 27659, 27707, 27771, 27773, 27784,
       27793, 27805, 27946, 27965, 28033, 28090, 28133, 28191, 28370,
       28451, 28468, 28523, 28524, 28564, 28661, 28679, 28684, 28712,
       28801, 29100, 29162, 29282, 29314, 29400, 29408, 29531, 29693,
       29694, 29769, 29802, 29881, 29943, 29980, 30341, 30356, 30408,
       30453, 30461, 30465, 30506, 30675, 30717, 30736, 30763, 30778,
       30986, 31019, 31038, 31226, 31247, 31368, 31411, 31445, 31470,
       31512, 31724, 31811, 31909, 31951, 31983, 32055, 32062, 32155,
       32230, 32267, 32351, 32392, 32455, 32463, 32472, 32499, 32557,
       32574, 32644, 32721, 32764, 32802, 32906, 32947, 33053, 33224,
       33233, 33256, 33362, 33370, 33462, 33487, 33592, 33604, 33609,
       33854, 33953, 33968, 34047, 34073, 34086, 34100, 34252, 34350,
       34447, 34483, 34485, 34616, 34676, 34687, 34692, 34761, 34770,
       34807, 34831, 34857, 34886, 35050, 35076, 35184, 35533, 35575,
       35674, 35692, 35706, 35736, 35829, 35835, 36236, 36300, 36525,
       36594, 36599, 36676, 36729, 36731, 36805, 36828, 36921, 36947,
       37005, 37075, 37242, 37252, 37310, 37327, 37336, 37379, 37442,
       37609, 37613, 37773, 37898, 37989, 38039, 38064, 38174, 38255,
       38328, 38338, 38360, 38381, 38493, 38684, 38706, 38738, 38772,
       38899, 38925, 38984, 39021, 39033, 39072, 39098, 39152, 39166,
       39187, 39232, 39255, 39591, 39594, 39663, 39901, 39945, 39981,
       40381, 40439, 40487, 40514, 40522, 40534, 40735, 40737, 40963,
       41090, 41105, 41122, 41134, 41163, 41197, 41274, 41336, 41649,
       41661, 41699, 41738, 41770, 41824, 41834, 41918, 41937, 41955,
       41985, 41989, 42059, 42083, 42088, 42108, 42197, 42198, 42227,
       42263, 42312, 42392, 42399, 42427, 42475, 42562, 42625, 42638,
       42693, 42726, 42745, 42883, 42910, 42922, 43014, 43041, 43120,
       43183, 43297, 43325, 43404, 43405, 43479, 43579, 43726, 43793,
       43798, 43837, 43907, 43927, 43960, 44020, 44410, 44498, 44679,
       44682, 44718, 44731, 44762, 44824, 44858, 44973, 45024, 45053,
       45059, 45134, 45304, 45440, 45492, 45507, 45743, 45757, 45809,
       45831, 45888, 45902, 46100, 46110, 46144, 46148, 46375, 46479,
       46535, 46581, 46628, 46633, 46649, 46711, 46862, 46892, 46975,
       47002, 47179, 47448, 47480, 47588, 47601, 47636, 47638, 47778,
       47824, 47918, 47973, 47994, 47997, 48026, 48062, 48102, 48146,
       48238, 48291, 48429, 48527, 48799, 48889, 48895, 48988, 49135,
       49228, 49407, 49413, 49465, 49480]), array([  103,   178,   228,   257,   359,   471,   545,   628,   688,
         741,   888,   911,   994,  1007,  1339,  1351,  1439,  1449,
        1491,  1541,  1648,  1706,  1792,  1828,  1836,  1897,  1934,
        2034,  2035,  2159,  2225,  2239,  2290,  2358,  2395,  2452,
        2540,  2909,  2990,  3023,  3035,  3066,  3127,  3146,  3224,
        3261,  3359,  3424,  3542,  3565,  3724,  3884,  3932,  4231,
        4313,  4357,  4393,  4488,  4508,  4517,  4543,  4565,  4656,
        4657,  4677,  4694,  4744,  4755,  4770,  4783,  4956,  5002,
        5100,  5108,  5158,  5322,  5331,  5390,  5443,  5454,  5547,
        5550,  5595,  5618,  5634,  5780,  5796,  5890,  6016,  6143,
        6164,  6209,  6285,  6294,  6313,  6318,  6326,  6329,  6383,
        6417,  6424,  6519,  6538,  6666,  6679,  6748,  6783,  6864,
        6895,  6915,  6954,  6981,  6999,  7056,  7090,  7141,  7182,
        7272,  7319,  7470,  7604,  7694,  7767,  7823,  7867,  7907,
        7945,  8079,  8111,  8171,  8279,  8425,  8427,  8507,  8516,
        8571,  8589,  8590,  8628,  8711,  8736,  8859,  8903,  9010,
        9060,  9076,  9087,  9252,  9328,  9392,  9399,  9438,  9495,
        9520,  9536,  9739,  9881,  9922, 10021, 10027, 10062, 10284,
       10312, 10315, 10319, 10326, 10329, 10342, 10622, 10719, 10724,
       10736, 10756, 10777, 10916, 10959, 11011, 11091, 11107, 11129,
       11147, 11157, 11168, 11211, 11253, 11298, 11333, 11368, 11421,
       11516, 11558, 11625, 11821, 11871, 11895, 11947, 12061, 12157,
       12215, 12224, 12227, 12257, 12273, 12324, 12357, 12369, 12462,
       12477, 12491, 12518, 12660, 12820, 12830, 12864, 12934, 12941,
       12968, 13028, 13121, 13128, 13322, 13331, 13367, 13376, 13419,
       13431, 13481, 13503, 13656, 13801, 13839, 13852, 13863, 13906,
       13933, 14018, 14023, 14080, 14094, 14103, 14177, 14212, 14260,
       14317, 14455, 14500, 14569, 14582, 14683, 14723, 14778, 14801,
       14865, 14875, 14904, 14912, 14929, 15050, 15076, 15078, 15368,
       15525, 15547, 15692, 15737, 15775, 15880, 16081, 16103, 16114,
       16233, 16250, 16258, 16370, 16380, 16410, 16448, 16474, 16475,
       16487, 16523, 16586, 16619, 16624, 16635, 16650, 16714, 16724,
       16759, 16785, 16915, 16975, 17103, 17116, 17120, 17130, 17138,
       17199, 17244, 17323, 17369, 17376, 17431, 17480, 17527, 17540,
       17580, 17657, 17664, 17706, 17878, 17889, 17925, 18041, 18159,
       18271, 18413, 18434, 18468, 18470, 18489, 18492, 18526, 18560,
       18569, 18577, 18642, 18662, 18670, 18774, 18883, 18904, 18972,
       18986, 19222, 19255, 19368, 19409, 19481, 19547, 19567, 19596,
       19643, 19671, 19825, 19852, 19988, 20174, 20206, 20214, 20223,
       20291, 20315, 20406, 20417, 20653, 20727, 20850, 20871, 20980,
       21194, 21244, 21321, 21427, 21431, 21468, 21488, 21510, 21513,
       21573, 21634, 21640, 21665, 21698, 21877, 21935, 22049, 22109,
       22380, 22537, 22626, 22687, 22758, 23082, 23201, 23207, 23229,
       23449, 23454, 23474, 23492, 23531, 23536, 23565, 23761, 23772,
       23996, 24009, 24040, 24192, 24204, 24220, 24241, 24255, 24419,
       24501, 24507, 24513, 24621, 24709, 24800, 24809, 24824, 24930,
       25029, 25041, 25103, 25251, 25400, 25406, 25515, 25552, 25555,
       25589, 25691, 25766, 25898, 25911, 25918, 25978, 25990, 26013,
       26095, 26102, 26142, 26218, 26266, 26457, 26465, 26486, 26520,
       26632, 26681, 26779, 26804, 27000, 27039, 27054, 27083, 27164,
       27196, 27230, 27264, 27310, 27350, 27383, 27407, 27477, 27488,
       27502, 27505, 27549, 27559, 27601, 27622, 27628, 27659, 27707,
       27771, 27773, 27784, 27793, 27946, 27965, 28043, 28090, 28133,
       28191, 28216, 28370, 28427, 28451, 28468, 28496, 28523, 28564,
       28661, 28679, 28684, 28712, 28801, 28859, 29026, 29100, 29161,
       29162, 29269, 29282, 29314, 29355, 29400, 29408, 29456, 29531,
       29693, 29694, 29712, 29769, 29802, 29881, 29943, 29980, 30341,
       30356, 30358, 30396, 30408, 30409, 30453, 30461, 30465, 30506,
       30675, 30717, 30736, 30763, 30778, 30986, 31009, 31019, 31038,
       31211, 31226, 31247, 31368, 31411, 31445, 31470, 31512, 31724,
       31811, 31909, 31951, 31983, 32055, 32062, 32096, 32155, 32230,
       32267, 32351, 32392, 32455, 32463, 32472, 32499, 32557, 32574,
       32644, 32715, 32764, 32777, 32802, 32906, 32947, 33053, 33070,
       33107, 33224, 33233, 33256, 33293, 33362, 33370, 33462, 33487,
       33592, 33604, 33609, 33648, 33854, 33953, 33968, 34006, 34047,
       34073, 34086, 34093, 34100, 34252, 34447, 34483, 34485, 34616,
       34676, 34692, 34753, 34761, 34769, 34770, 34807, 34831, 34857,
       34886, 35050, 35076, 35184, 35406, 35533, 35547, 35575, 35620,
       35674, 35692, 35706, 35736, 35793, 35804, 35807, 35829, 35835,
       36093, 36135, 36236, 36300, 36584, 36594, 36610, 36676, 36729,
       36731, 36805, 36828, 36921, 36973, 37005, 37075, 37242, 37252,
       37274, 37310, 37327, 37336, 37379, 37399, 37400, 37442, 37600,
       37609, 37613, 37898, 37985, 37989, 38039, 38062, 38064, 38174,
       38255, 38293, 38328, 38338, 38360, 38381, 38493, 38506, 38629,
       38637, 38684, 38696, 38706, 38738, 38772, 38777, 38899, 38925,
       38984, 39021, 39033, 39072, 39098, 39152, 39166, 39187, 39232,
       39255, 39467, 39591, 39594, 39663, 39715, 39901, 39904, 39938,
       39981, 40024, 40109, 40290, 40381, 40439, 40487, 40514, 40522,
       40534, 40714, 40737, 40963, 41020, 41090, 41105, 41122, 41134,
       41163, 41197, 41217, 41274, 41336, 41580, 41649, 41661, 41770,
       41824, 41834, 41955, 41985, 41989, 42059, 42083, 42108, 42197,
       42198, 42227, 42263, 42312, 42392, 42399, 42427, 42440, 42475,
       42562, 42592, 42625, 42638, 42693, 42726, 42754, 42883, 42901,
       42922, 43014, 43041, 43120, 43183, 43297, 43325, 43405, 43479,
       43579, 43784, 43793, 43798, 43837, 43907, 43927, 43960, 44020,
       44234, 44352, 44410, 44425, 44498, 44512, 44581, 44679, 44682,
       44762, 44764, 44824, 44858, 44973, 44991, 45024, 45053, 45054,
       45134, 45203, 45246, 45304, 45411, 45440, 45492, 45507, 45536,
       45665, 45741, 45743, 45757, 45804, 45809, 45831, 45888, 45902,
       45973, 46100, 46110, 46135, 46144, 46148, 46248, 46375, 46408,
       46535, 46575, 46581, 46628, 46633, 46649, 46711, 46811, 46862,
       46892, 47002, 47179, 47448, 47480, 47588, 47601, 47636, 47638,
       47723, 47764, 47778, 47824, 47867, 47918, 47973, 47994, 47997,
       48026, 48055, 48062, 48102, 48146, 48238, 48263, 48291, 48300,
       48429, 48443, 48527, 48788, 48817, 48843, 48889, 48895, 48970,
       48988, 49135, 49200, 49228, 49407, 49465, 49480]), array([  142,   228,   359,   471,   628,   688,   741,   848,   888,
         911,   994,  1007,  1339,  1351,  1449,  1491,  1792,  1828,
        1836,  1897,  1934,  2034,  2035,  2159,  2225,  2239,  2290,
        2358,  2395,  2452,  2909,  2990,  3023,  3035,  3066,  3127,
        3146,  3224,  3261,  3359,  3424,  3542,  3565,  3724,  3884,
        3932,  4231,  4313,  4357,  4488,  4508,  4517,  4565,  4656,
        4677,  4744,  4755,  4770,  4783,  4956,  5002,  5100,  5108,
        5158,  5322,  5331,  5390,  5443,  5454,  5547,  5550,  5595,
        5634,  5780,  5796,  5890,  6016,  6143,  6209,  6285,  6294,
        6318,  6326,  6329,  6383,  6417,  6424,  6519,  6538,  6666,
        6679,  6748,  6915,  6981,  6999,  7056,  7090,  7141,  7182,
        7272,  7319,  7470,  7604,  7823,  7867,  7907,  7945,  8079,
        8111,  8279,  8425,  8427,  8507,  8516,  8571,  8589,  8590,
        8711,  8903,  9010,  9060,  9076,  9087,  9252,  9328,  9392,
        9399,  9438,  9495,  9520,  9739,  9922, 10058, 10062, 10284,
       10312, 10315, 10319, 10326, 10329, 10342, 10622, 10719, 10724,
       10756, 10916, 10959, 11011, 11107, 11129, 11147, 11168, 11211,
       11333, 11368, 11421, 11558, 11625, 11871, 11895, 11947, 12061,
       12157, 12215, 12224, 12227, 12273, 12324, 12357, 12369, 12462,
       12491, 12518, 12660, 12830, 12864, 12934, 12941, 12968, 13028,
       13121, 13128, 13322, 13331, 13367, 13419, 13431, 13481, 13503,
       13656, 13801, 13839, 13852, 13863, 13906, 13933, 14018, 14080,
       14094, 14103, 14177, 14260, 14317, 14455, 14500, 14609, 14683,
       14723, 14778, 14801, 14875, 14912, 14929, 15076, 15078, 15368,
       15525, 15692, 15775, 15833, 16103, 16114, 16233, 16250, 16380,
       16410, 16474, 16475, 16487, 16586, 16624, 16635, 16724, 16759,
       16785, 16915, 17103, 17120, 17130, 17138, 17199, 17244, 17323,
       17369, 17376, 17431, 17480, 17527, 17540, 17580, 17657, 17706,
       17751, 17889, 17925, 18041, 18159, 18271, 18413, 18434, 18468,
       18470, 18489, 18526, 18560, 18569, 18637, 18642, 18662, 18670,
       18774, 18883, 18904, 18908, 18972, 18986, 19222, 19368, 19671,
       19825, 19852, 19869, 19988, 20174, 20206, 20214, 20223, 20291,
       20315, 20374, 20406, 20417, 20653, 20727, 20728, 20871, 20980,
       21244, 21321, 21427, 21488, 21513, 21573, 21634, 21640, 21877,
       21935, 22049, 22109, 22380, 22537, 22626, 22655, 22687, 22758,
       23201, 23207, 23449, 23474, 23531, 23536, 23565, 23772, 23996,
       24009, 24040, 24241, 24419, 24501, 24507, 24513, 24590, 24621,
       24709, 24800, 24809, 24824, 24930, 25029, 25041, 25103, 25251,
       25400, 25406, 25552, 25555, 25691, 25766, 25898, 25911, 25918,
       26013, 26095, 26102, 26142, 26218, 26266, 26457, 26465, 26520,
       26632, 26681, 26779, 27000, 27039, 27054, 27083, 27164, 27196,
       27350, 27383, 27430, 27477, 27488, 27502, 27549, 27601, 27622,
       27628, 27659, 27707, 27771, 27773, 27784, 27793, 27965, 28043,
       28090, 28133, 28191, 28370, 28427, 28451, 28468, 28496, 28523,
       28564, 28661, 28679, 28684, 28712, 28801, 29026, 29162, 29269,
       29282, 29314, 29400, 29408, 29531, 29693, 29694, 29712, 29769,
       29802, 29881, 29943, 29980, 30341, 30356, 30408, 30453, 30461,
       30465, 30675, 30717, 30736, 30763, 30778, 30882, 30986, 31019,
       31038, 31211, 31226, 31247, 31411, 31470, 31512, 31724, 31811,
       31909, 31951, 31983, 32055, 32096, 32155, 32230, 32267, 32351,
       32392, 32455, 32463, 32472, 32499, 32557, 32574, 32644, 32764,
       32777, 32802, 32906, 32947, 33053, 33070, 33224, 33233, 33256,
       33293, 33362, 33462, 33487, 33592, 33604, 33609, 33953, 33968,
       34006, 34047, 34073, 34086, 34100, 34252, 34447, 34483, 34485,
       34616, 34676, 34692, 34753, 34761, 34769, 34770, 34807, 34831,
       34857, 34886, 35050, 35066, 35076, 35184, 35547, 35575, 35674,
       35706, 35736, 35807, 35835, 36236, 36300, 36594, 36610, 36676,
       36729, 36731, 36805, 36921, 36973, 37005, 37252, 37310, 37327,
       37336, 37379, 37399, 37442, 37609, 37613, 37773, 37898, 37985,
       37989, 38039, 38062, 38064, 38174, 38255, 38328, 38360, 38381,
       38684, 38696, 38706, 38738, 38772, 38777, 38899, 38925, 38984,
       39021, 39033, 39098, 39152, 39166, 39232, 39396, 39467, 39565,
       39591, 39594, 39663, 39715, 39901, 39981, 40109, 40381, 40439,
       40487, 40514, 40522, 40534, 40714, 40737, 40963, 41020, 41090,
       41105, 41122, 41163, 41197, 41217, 41274, 41336, 41649, 41661,
       41770, 41804, 41824, 41834, 41840, 41955, 41985, 41989, 42059,
       42083, 42108, 42197, 42198, 42227, 42392, 42399, 42427, 42638,
       42693, 42754, 42883, 42901, 42922, 43014, 43041, 43120, 43183,
       43297, 43325, 43479, 43579, 43793, 43798, 43907, 43927, 43960,
       44020, 44071, 44234, 44352, 44410, 44425, 44498, 44682, 44762,
       44764, 44824, 44858, 44973, 45024, 45053, 45054, 45203, 45304,
       45440, 45492, 45507, 45665, 45743, 45757, 45804, 45809, 45831,
       45888, 45902, 45973, 46100, 46110, 46148, 46248, 46408, 46628,
       46633, 46649, 46711, 46811, 46862, 46892, 47179, 47448, 47588,
       47601, 47636, 47638, 47723, 47778, 47824, 47867, 47918, 47973,
       47997, 48026, 48062, 48102, 48146, 48238, 48263, 48291, 48300,
       48443, 48527, 48817, 48843, 48889, 48895, 48988, 49135, 49228,
       49407, 49465]), array([  228,   359,   471,   628,   688,   911,  1007,  1339,  1351,
        1449,  1491,  1792,  1828,  1836,  1934,  2034,  2035,  2225,
        2239,  2290,  2358,  2395,  2452,  2909,  2990,  3035,  3066,
        3127,  3146,  3261,  3359,  3424,  3542,  3565,  3724,  3884,
        3932,  4313,  4357,  4488,  4508,  4517,  4656,  4677,  4744,
        4783,  5100,  5158,  5322,  5331,  5390,  5454,  5547,  5634,
        5780,  5890,  6209,  6294,  6318,  6326,  6329,  6383,  6424,
        6519,  6538,  6666,  6679,  6748,  6915,  7056,  7090,  7141,
        7182,  7272,  7319,  7604,  7823,  7907,  7945,  8079,  8111,
        8425,  8427,  8589,  8590,  8711,  8736,  8903,  9010,  9252,
        9264,  9392,  9399,  9495,  9520,  9881,  9922, 10062, 10284,
       10319, 10326, 10329, 10342, 10622, 10719, 10724, 10756, 10916,
       10959, 11011, 11107, 11147, 11168, 11211, 11333, 11368, 11421,
       11558, 11625, 11871, 11895, 11947, 12061, 12215, 12224, 12227,
       12273, 12324, 12357, 12369, 12462, 12491, 12660, 12864, 12941,
       12968, 13028, 13121, 13128, 13322, 13331, 13367, 13419, 13431,
       13481, 13503, 13801, 13839, 13906, 13933, 14018, 14080, 14094,
       14103, 14177, 14260, 14500, 14609, 14723, 14778, 14801, 14875,
       14912, 14929, 15076, 15078, 15368, 15525, 15692, 15775, 16103,
       16114, 16233, 16250, 16410, 16474, 16475, 16586, 16624, 16785,
       16915, 17103, 17120, 17138, 17244, 17323, 17369, 17376, 17431,
       17480, 17527, 17540, 17580, 17657, 17889, 18041, 18159, 18271,
       18413, 18434, 18470, 18526, 18569, 18642, 18662, 18670, 18883,
       18908, 18972, 18986, 19222, 19368, 19596, 19825, 19852, 19988,
       20174, 20206, 20214, 20223, 20291, 20315, 20406, 20417, 20653,
       20727, 20871, 20980, 21244, 21513, 21634, 21877, 21935, 22109,
       22380, 22687, 22758, 23201, 23207, 23449, 23474, 23531, 23772,
       23996, 24009, 24241, 24419, 24507, 24513, 24590, 24621, 24709,
       24800, 24809, 24824, 24930, 25029, 25041, 25103, 25251, 25406,
       25552, 25555, 25691, 25766, 25898, 26013, 26095, 26142, 26465,
       26520, 26632, 26681, 26779, 27000, 27054, 27083, 27164, 27350,
       27383, 27488, 27502, 27549, 27601, 27622, 27628, 27659, 27707,
       27771, 27773, 27793, 27965, 28043, 28090, 28133, 28191, 28370,
       28451, 28468, 28496, 28523, 28564, 28661, 28679, 28712, 28801,
       29269, 29282, 29314, 29400, 29408, 29531, 29693, 29769, 29802,
       29881, 29943, 29980, 30341, 30356, 30408, 30675, 30736, 30763,
       30986, 31019, 31038, 31226, 31247, 31411, 31470, 31512, 31724,
       31811, 31909, 31951, 31983, 32055, 32096, 32155, 32230, 32267,
       32392, 32463, 32472, 32499, 32557, 32574, 32644, 32802, 32906,
       32947, 33053, 33070, 33224, 33256, 33293, 33362, 33462, 33487,
       33592, 33604, 33609, 33953, 33968, 34006, 34047, 34073, 34086,
       34093, 34100, 34252, 34447, 34483, 34485, 34616, 34753, 34761,
       34770, 34831, 34857, 34886, 35050, 35076, 35184, 35547, 35575,
       35674, 35706, 35736, 35835, 36236, 36300, 36594, 36610, 36729,
       36805, 36921, 36973, 37005, 37252, 37327, 37336, 37379, 37442,
       37609, 37613, 37898, 38039, 38062, 38064, 38174, 38255, 38328,
       38360, 38381, 38684, 38706, 38772, 38777, 38899, 38925, 38984,
       39021, 39098, 39152, 39166, 39232, 39591, 39594, 39715, 39901,
       39981, 40109, 40381, 40439, 40487, 40514, 40522, 40534, 40737,
       41020, 41090, 41122, 41163, 41197, 41336, 41661, 41770, 41955,
       41985, 42059, 42083, 42108, 42197, 42198, 42227, 42392, 42399,
       42638, 42693, 42883, 42901, 42922, 43014, 43041, 43120, 43183,
       43297, 43579, 43793, 43837, 43907, 43960, 44020, 44234, 44352,
       44425, 44682, 44762, 44764, 44858, 45024, 45053, 45304, 45440,
       45665, 45743, 45809, 45831, 45888, 46148, 46628, 46649, 46711,
       46811, 46862, 47179, 47448, 47588, 47636, 47638, 47723, 47778,
       47824, 47918, 47973, 47997, 48026, 48102, 48146, 48238, 48263,
       48300, 48443, 48527, 48843, 48895, 48988, 49135, 49228, 49407]), array([  142,   156,   178,   228,   359,   471,   628,   688,   741,
         848,   888,   911,  1007,  1339,  1351,  1449,  1491,  1792,
        1828,  1836,  1897,  1934,  2034,  2035,  2179,  2225,  2239,
        2290,  2358,  2395,  2452,  2909,  2990,  3023,  3035,  3066,
        3127,  3146,  3224,  3261,  3394,  3424,  3542,  3565,  3724,
        3884,  3932,  4231,  4313,  4357,  4393,  4399,  4488,  4508,
        4517,  4565,  4656,  4657,  4677,  4744,  4755,  4770,  4783,
        4956,  5002,  5100,  5108,  5158,  5322,  5331,  5390,  5443,
        5454,  5547,  5550,  5595,  5618,  5634,  5780,  5796,  5890,
        6143,  6209,  6294,  6313,  6318,  6326,  6329,  6383,  6417,
        6424,  6519,  6538,  6666,  6679,  6748,  6783,  6915,  6981,
        6999,  7056,  7090,  7141,  7182,  7272,  7319,  7589,  7604,
        7694,  7823,  7867,  7907,  7945,  8079,  8111,  8425,  8427,
        8507,  8516,  8589,  8590,  8711,  8736,  8903,  9010,  9060,
        9076,  9087,  9252,  9328,  9392,  9399,  9438,  9495,  9520,
        9881,  9922, 10062, 10284, 10312, 10315, 10319, 10326, 10329,
       10342, 10622, 10719, 10724, 10736, 10756, 10777, 10916, 10959,
       11011, 11091, 11107, 11147, 11168, 11211, 11298, 11333, 11368,
       11421, 11558, 11625, 11777, 11871, 11895, 11947, 12061, 12215,
       12224, 12227, 12273, 12324, 12357, 12369, 12462, 12491, 12830,
       12864, 12934, 12941, 12968, 13028, 13121, 13128, 13322, 13331,
       13367, 13419, 13431, 13481, 13503, 13801, 13839, 13852, 13906,
       13933, 14018, 14080, 14094, 14103, 14177, 14260, 14500, 14609,
       14683, 14723, 14778, 14801, 14875, 14912, 14929, 15050, 15076,
       15078, 15368, 15525, 15692, 15737, 15775, 16081, 16103, 16114,
       16233, 16250, 16370, 16380, 16410, 16474, 16475, 16586, 16624,
       16635, 16714, 16737, 16759, 16761, 16783, 16785, 16915, 17103,
       17120, 17138, 17199, 17244, 17323, 17369, 17376, 17431, 17465,
       17480, 17527, 17540, 17580, 17652, 17657, 17706, 17747, 17751,
       17889, 17925, 18159, 18271, 18413, 18434, 18470, 18492, 18526,
       18569, 18642, 18662, 18670, 18774, 18883, 18904, 18908, 18972,
       18986, 19222, 19368, 19547, 19596, 19671, 19825, 19852, 19988,
       20174, 20206, 20214, 20223, 20291, 20315, 20406, 20417, 20522,
       20653, 20727, 20871, 20980, 21244, 21321, 21427, 21510, 21513,
       21573, 21634, 21640, 21665, 21698, 21877, 21935, 22049, 22109,
       22537, 22626, 22655, 22687, 22758, 23201, 23207, 23449, 23474,
       23531, 23772, 23996, 24009, 24040, 24056, 24220, 24241, 24255,
       24419, 24501, 24507, 24513, 24590, 24621, 24709, 24800, 24809,
       24824, 24930, 25029, 25041, 25103, 25251, 25400, 25406, 25552,
       25555, 25691, 25766, 25799, 25808, 25898, 25910, 25911, 26013,
       26095, 26142, 26457, 26465, 26520, 26632, 26633, 26681, 26779,
       27039, 27054, 27083, 27164, 27350, 27383, 27488, 27502, 27505,
       27549, 27559, 27601, 27622, 27628, 27659, 27707, 27771, 27773,
       27784, 27793, 27965, 28033, 28043, 28090, 28133, 28191, 28370,
       28451, 28468, 28496, 28523, 28564, 28661, 28679, 28684, 28712,
       28801, 29026, 29269, 29282, 29314, 29400, 29408, 29531, 29693,
       29694, 29712, 29769, 29802, 29881, 29943, 29980, 30306, 30341,
       30356, 30408, 30453, 30465, 30506, 30675, 30717, 30736, 30763,
       30778, 30882, 30986, 31009, 31019, 31038, 31211, 31226, 31247,
       31411, 31445, 31470, 31512, 31704, 31724, 31811, 31909, 31951,
       31983, 32030, 32055, 32096, 32155, 32230, 32267, 32351, 32392,
       32440, 32455, 32463, 32472, 32499, 32557, 32574, 32635, 32644,
       32764, 32777, 32802, 32906, 32947, 33053, 33070, 33224, 33233,
       33256, 33293, 33362, 33462, 33487, 33592, 33604, 33609, 33806,
       33953, 33968, 34006, 34047, 34073, 34086, 34093, 34100, 34252,
       34447, 34483, 34485, 34616, 34753, 34761, 34769, 34807, 34831,
       34857, 34886, 35050, 35076, 35184, 35547, 35552, 35575, 35674,
       35706, 35736, 35793, 35804, 35829, 35835, 36135, 36236, 36300,
       36584, 36594, 36610, 36729, 36805, 36921, 36973, 37005, 37252,
       37327, 37336, 37379, 37399, 37442, 37513, 37609, 37613, 37773,
       37898, 37985, 37989, 38039, 38062, 38064, 38069, 38174, 38255,
       38328, 38338, 38360, 38381, 38506, 38684, 38696, 38706, 38738,
       38772, 38777, 38899, 38925, 38984, 39021, 39033, 39098, 39152,
       39166, 39232, 39396, 39467, 39591, 39594, 39663, 39715, 39901,
       39981, 40024, 40109, 40290, 40381, 40439, 40487, 40514, 40522,
       40534, 40589, 40714, 40737, 40963, 41020, 41090, 41122, 41163,
       41197, 41336, 41504, 41661, 41699, 41738, 41770, 41804, 41824,
       41955, 41985, 41989, 42059, 42083, 42108, 42197, 42198, 42227,
       42392, 42399, 42427, 42562, 42625, 42638, 42693, 42726, 42883,
       42901, 42922, 43014, 43041, 43120, 43183, 43297, 43325, 43479,
       43579, 43793, 43798, 43837, 43907, 43927, 43938, 43960, 44020,
       44047, 44071, 44234, 44352, 44410, 44425, 44498, 44679, 44682,
       44762, 44764, 44824, 44858, 44973, 45024, 45053, 45054, 45134,
       45203, 45304, 45440, 45492, 45507, 45665, 45743, 45757, 45804,
       45809, 45831, 45888, 45902, 45973, 46100, 46110, 46135, 46248,
       46450, 46535, 46628, 46633, 46649, 46711, 46811, 46862, 46892,
       47179, 47448, 47588, 47601, 47636, 47638, 47723, 47752, 47778,
       47824, 47867, 47918, 47973, 47994, 47997, 48026, 48055, 48062,
       48102, 48146, 48238, 48263, 48291, 48300, 48443, 48527, 48843,
       48889, 48895, 48970, 48988, 49135, 49228, 49407, 49454, 49465]), array([  142,   156,   178,   228,   359,   471,   628,   688,   741,
         848,   888,   911,   994,  1007,  1339,  1351,  1449,  1491,
        1648,  1792,  1828,  1836,  1897,  1934,  2034,  2035,  2094,
        2225,  2239,  2290,  2358,  2395,  2452,  2583,  2842,  2909,
        2990,  3023,  3035,  3066,  3127,  3146,  3224,  3261,  3359,
        3394,  3424,  3542,  3565,  3724,  3884,  3932,  4231,  4313,
        4357,  4393,  4399,  4488,  4508,  4517,  4543,  4565,  4656,
        4657,  4677,  4744,  4755,  4770,  4783,  4956,  4999,  5002,
        5100,  5108,  5158,  5322,  5331,  5390,  5443,  5454,  5504,
        5547,  5550,  5595,  5618,  5634,  5780,  5796,  5890,  6016,
        6143,  6209,  6294,  6313,  6318,  6326,  6329,  6341,  6383,
        6417,  6424,  6519,  6538,  6666,  6679,  6748,  6783,  6915,
        6981,  6999,  7056,  7090,  7141,  7182,  7272,  7319,  7470,
        7589,  7604,  7694,  7759,  7823,  7867,  7907,  7945,  8079,
        8111,  8171,  8186,  8279,  8425,  8427,  8507,  8516,  8571,
        8589,  8590,  8711,  8736,  8903,  9010,  9060,  9076,  9087,
        9252,  9264,  9328,  9392,  9399,  9438,  9492,  9495,  9520,
        9739,  9881,  9922, 10062, 10284, 10312, 10315, 10319, 10326,
       10329, 10342, 10622, 10719, 10724, 10736, 10756, 10777, 10916,
       10959, 11011, 11091, 11107, 11129, 11147, 11168, 11211, 11298,
       11333, 11368, 11421, 11558, 11625, 11777, 11821, 11871, 11895,
       11947, 12061, 12215, 12224, 12227, 12273, 12324, 12357, 12369,
       12462, 12491, 12594, 12660, 12820, 12830, 12864, 12934, 12941,
       12968, 13028, 13121, 13128, 13322, 13331, 13367, 13419, 13431,
       13481, 13503, 13656, 13801, 13839, 13852, 13906, 13933, 14018,
       14080, 14094, 14103, 14177, 14212, 14260, 14430, 14500, 14609,
       14683, 14723, 14778, 14801, 14875, 14912, 14929, 15050, 15076,
       15078, 15368, 15525, 15692, 15737, 15775, 15833, 16081, 16103,
       16114, 16233, 16250, 16370, 16380, 16410, 16474, 16475, 16523,
       16586, 16624, 16635, 16714, 16737, 16759, 16761, 16783, 16785,
       16915, 16975, 17103, 17116, 17120, 17138, 17199, 17244, 17323,
       17369, 17376, 17431, 17465, 17480, 17527, 17540, 17580, 17657,
       17706, 17751, 17889, 17925, 18159, 18271, 18413, 18424, 18434,
       18470, 18492, 18526, 18569, 18642, 18662, 18670, 18774, 18883,
       18904, 18908, 18972, 18986, 19222, 19255, 19268, 19368, 19547,
       19596, 19671, 19825, 19852, 19868, 19988, 20174, 20206, 20214,
       20223, 20291, 20315, 20406, 20417, 20454, 20522, 20653, 20727,
       20728, 20850, 20871, 20980, 21244, 21321, 21389, 21427, 21510,
       21513, 21573, 21634, 21665, 21698, 21877, 21935, 22049, 22109,
       22380, 22537, 22626, 22655, 22687, 22725, 22758, 22763, 22999,
       23059, 23103, 23201, 23207, 23449, 23474, 23531, 23607, 23772,
       23996, 24009, 24040, 24056, 24192, 24220, 24241, 24255, 24419,
       24483, 24501, 24507, 24513, 24590, 24621, 24709, 24800, 24809,
       24824, 24930, 25029, 25041, 25103, 25251, 25257, 25400, 25406,
       25486, 25552, 25555, 25671, 25691, 25766, 25808, 25898, 25910,
       25911, 25918, 26013, 26095, 26142, 26266, 26457, 26465, 26486,
       26520, 26632, 26633, 26681, 26779, 27000, 27039, 27054, 27083,
       27164, 27310, 27317, 27350, 27383, 27430, 27477, 27488, 27502,
       27505, 27549, 27559, 27601, 27622, 27628, 27659, 27707, 27771,
       27773, 27784, 27793, 27965, 28033, 28043, 28090, 28133, 28191,
       28216, 28370, 28451, 28468, 28496, 28523, 28564, 28661, 28679,
       28684, 28712, 28718, 28801, 29026, 29161, 29269, 29282, 29314,
       29355, 29400, 29408, 29531, 29693, 29694, 29712, 29769, 29802,
       29881, 29943, 29980, 30306, 30341, 30356, 30408, 30453, 30506,
       30675, 30717, 30736, 30763, 30778, 30882, 30986, 31009, 31019,
       31038, 31058, 31211, 31226, 31247, 31411, 31445, 31470, 31512,
       31704, 31724, 31811, 31909, 31951, 31983, 32030, 32055, 32062,
       32096, 32155, 32230, 32267, 32351, 32392, 32455, 32463, 32472,
       32499, 32557, 32574, 32635, 32644, 32764, 32777, 32802, 32906,
       32947, 33053, 33070, 33224, 33233, 33256, 33293, 33362, 33462,
       33487, 33592, 33604, 33609, 33806, 33953, 33968, 34006, 34047,
       34073, 34086, 34093, 34100, 34252, 34447, 34483, 34485, 34616,
       34753, 34761, 34769, 34770, 34807, 34831, 34857, 34886, 35050,
       35076, 35184, 35251, 35547, 35552, 35575, 35674, 35706, 35736,
       35793, 35804, 35829, 35835, 36093, 36135, 36236, 36300, 36525,
       36529, 36584, 36594, 36610, 36676, 36729, 36805, 36828, 36921,
       36973, 37005, 37252, 37310, 37327, 37336, 37379, 37399, 37400,
       37442, 37513, 37609, 37613, 37773, 37832, 37898, 37985, 37989,
       38039, 38061, 38062, 38064, 38069, 38174, 38255, 38293, 38328,
       38338, 38360, 38381, 38506, 38629, 38684, 38696, 38706, 38738,
       38772, 38777, 38899, 38925, 38984, 39021, 39033, 39098, 39152,
       39166, 39187, 39232, 39396, 39467, 39591, 39594, 39715, 39901,
       39904, 39981, 40109, 40290, 40381, 40439, 40481, 40487, 40514,
       40522, 40534, 40589, 40714, 40737, 40963, 41020, 41090, 41105,
       41122, 41163, 41197, 41274, 41336, 41504, 41661, 41699, 41738,
       41770, 41804, 41824, 41840, 41955, 41985, 41989, 42059, 42083,
       42108, 42197, 42198, 42227, 42392, 42399, 42427, 42440, 42562,
       42592, 42625, 42638, 42693, 42726, 42754, 42865, 42883, 42901,
       42922, 43014, 43041, 43120, 43158, 43183, 43297, 43325, 43479,
       43579, 43662, 43675, 43793, 43798, 43837, 43907, 43927, 43938,
       43960, 44020, 44047, 44071, 44234, 44298, 44352, 44410, 44425,
       44498, 44512, 44679, 44682, 44731, 44762, 44764, 44824, 44858,
       44973, 44991, 45024, 45053, 45054, 45059, 45134, 45203, 45304,
       45440, 45492, 45507, 45665, 45743, 45757, 45804, 45809, 45831,
       45888, 45902, 45919, 45973, 46100, 46110, 46135, 46148, 46248,
       46450, 46550, 46628, 46633, 46649, 46711, 46730, 46811, 46862,
       46892, 47118, 47179, 47448, 47588, 47601, 47636, 47638, 47723,
       47752, 47778, 47824, 47867, 47918, 47973, 47994, 47997, 48014,
       48026, 48055, 48062, 48102, 48146, 48238, 48263, 48291, 48300,
       48443, 48527, 48654, 48843, 48889, 48895, 48970, 48988, 49135,
       49200, 49228, 49407, 49454, 49465, 49480]), array([  156,   178,   228,   359,   471,   628,   688,   741,   786,
         848,   888,   911,   994,  1007,  1339,  1351,  1449,  1491,
        1543,  1648,  1665,  1792,  1828,  1836,  1897,  1934,  2034,
        2035,  2094,  2179,  2225,  2239,  2290,  2358,  2395,  2452,
        2842,  2909,  2990,  3023,  3035,  3066,  3127,  3146,  3224,
        3261,  3359,  3394,  3424,  3542,  3565,  3724,  3884,  3932,
        4231,  4313,  4357,  4393,  4399,  4488,  4508,  4517,  4543,
        4565,  4656,  4657,  4677,  4694,  4744,  4755,  4770,  4783,
        4806,  4956,  5002,  5100,  5108,  5158,  5322,  5331,  5390,
        5443,  5454,  5547,  5550,  5595,  5618,  5634,  5780,  5796,
        5890,  6016,  6143,  6209,  6294,  6313,  6318,  6326,  6329,
        6341,  6383,  6417,  6424,  6519,  6538,  6666,  6679,  6748,
        6783,  6915,  6981,  6989,  6999,  7017,  7056,  7090,  7141,
        7182,  7272,  7319,  7386,  7470,  7589,  7604,  7655,  7694,
        7759,  7823,  7867,  7907,  7945,  8079,  8111,  8171,  8186,
        8425,  8427,  8507,  8516,  8589,  8590,  8655,  8711,  8736,
        8903,  9010,  9060,  9076,  9087,  9252,  9264,  9328,  9392,
        9399,  9438,  9492,  9495,  9520,  9881,  9922, 10058, 10062,
       10284, 10312, 10315, 10319, 10326, 10329, 10342, 10596, 10622,
       10719, 10724, 10736, 10756, 10777, 10916, 10959, 11011, 11091,
       11107, 11129, 11147, 11168, 11211, 11298, 11333, 11357, 11368,
       11421, 11558, 11625, 11673, 11777, 11821, 11871, 11895, 11947,
       12061, 12157, 12215, 12224, 12227, 12273, 12324, 12357, 12369,
       12462, 12477, 12491, 12518, 12660, 12820, 12830, 12864, 12934,
       12941, 12968, 13028, 13121, 13128, 13322, 13331, 13367, 13419,
       13431, 13481, 13503, 13548, 13656, 13801, 13839, 13852, 13906,
       13933, 14018, 14080, 14094, 14103, 14177, 14212, 14260, 14429,
       14500, 14609, 14683, 14723, 14778, 14801, 14875, 14912, 14929,
       15050, 15076, 15078, 15368, 15525, 15692, 15737, 15775, 15833,
       16081, 16103, 16114, 16233, 16250, 16370, 16380, 16410, 16474,
       16475, 16586, 16619, 16624, 16635, 16737, 16759, 16761, 16783,
       16785, 16915, 16975, 17103, 17116, 17120, 17138, 17199, 17244,
       17323, 17369, 17376, 17431, 17465, 17480, 17527, 17540, 17580,
       17657, 17706, 17747, 17751, 17889, 17925, 18159, 18271, 18413,
       18424, 18434, 18470, 18492, 18526, 18569, 18637, 18642, 18662,
       18670, 18774, 18846, 18883, 18904, 18908, 18972, 18986, 19222,
       19247, 19255, 19268, 19368, 19547, 19596, 19671, 19825, 19852,
       19868, 19988, 20174, 20206, 20214, 20223, 20291, 20315, 20406,
       20417, 20522, 20563, 20653, 20727, 20728, 20850, 20871, 20980,
       21244, 21321, 21427, 21488, 21510, 21513, 21573, 21634, 21640,
       21665, 21698, 21836, 21877, 21935, 22049, 22109, 22197, 22380,
       22537, 22626, 22655, 22687, 22725, 22758, 22763, 22999, 23088,
       23103, 23201, 23207, 23449, 23474, 23531, 23772, 23803, 23996,
       24009, 24040, 24056, 24220, 24241, 24255, 24419, 24501, 24507,
       24513, 24590, 24621, 24709, 24800, 24809, 24824, 24930, 25029,
       25041, 25103, 25251, 25257, 25270, 25400, 25406, 25486, 25515,
       25552, 25555, 25691, 25766, 25799, 25808, 25898, 25910, 25911,
       26013, 26095, 26102, 26142, 26218, 26266, 26457, 26465, 26520,
       26632, 26633, 26681, 26779, 26815, 27000, 27039, 27054, 27083,
       27164, 27196, 27246, 27310, 27350, 27383, 27430, 27488, 27502,
       27505, 27549, 27559, 27601, 27622, 27628, 27659, 27672, 27707,
       27771, 27773, 27784, 27793, 27946, 27965, 28033, 28043, 28090,
       28133, 28191, 28370, 28427, 28451, 28468, 28496, 28523, 28564,
       28661, 28679, 28684, 28712, 28718, 28801, 28849, 29026, 29161,
       29162, 29269, 29282, 29314, 29355, 29400, 29408, 29531, 29693,
       29694, 29712, 29769, 29802, 29881, 29943, 29980, 30306, 30341,
       30356, 30408, 30453, 30465, 30506, 30675, 30717, 30736, 30763,
       30778, 30882, 30986, 31019, 31038, 31058, 31073, 31211, 31226,
       31247, 31369, 31411, 31445, 31470, 31512, 31704, 31724, 31811,
       31909, 31951, 31983, 32030, 32055, 32096, 32155, 32230, 32267,
       32351, 32392, 32455, 32463, 32472, 32499, 32557, 32574, 32644,
       32764, 32777, 32802, 32906, 32947, 33053, 33070, 33224, 33233,
       33256, 33293, 33362, 33462, 33487, 33592, 33604, 33609, 33806,
       33953, 33968, 34006, 34047, 34073, 34086, 34093, 34100, 34252,
       34349, 34447, 34483, 34485, 34616, 34687, 34692, 34753, 34761,
       34769, 34770, 34807, 34831, 34857, 34886, 35050, 35066, 35076,
       35184, 35251, 35406, 35547, 35552, 35575, 35578, 35674, 35706,
       35736, 35793, 35804, 35807, 35829, 35835, 36093, 36135, 36236,
       36300, 36525, 36529, 36584, 36594, 36610, 36676, 36729, 36731,
       36805, 36828, 36921, 36973, 37005, 37252, 37310, 37327, 37336,
       37379, 37399, 37400, 37442, 37513, 37609, 37613, 37773, 37832,
       37898, 37962, 37985, 37989, 38039, 38061, 38062, 38064, 38069,
       38174, 38255, 38293, 38328, 38338, 38360, 38381, 38506, 38629,
       38684, 38696, 38706, 38738, 38772, 38777, 38899, 38925, 38984,
       39021, 39033, 39098, 39152, 39166, 39187, 39232, 39396, 39467,
       39591, 39594, 39663, 39715, 39901, 39904, 39981, 40024, 40109,
       40288, 40290, 40378, 40381, 40439, 40481, 40487, 40514, 40522,
       40534, 40589, 40714, 40737, 40963, 41020, 41090, 41105, 41122,
       41163, 41197, 41274, 41336, 41504, 41580, 41661, 41699, 41738,
       41770, 41804, 41824, 41840, 41955, 41985, 41989, 42059, 42083,
       42108, 42173, 42197, 42198, 42227, 42392, 42399, 42427, 42440,
       42475, 42562, 42592, 42625, 42638, 42693, 42726, 42754, 42865,
       42883, 42901, 42910, 42922, 43014, 43041, 43120, 43158, 43183,
       43297, 43325, 43454, 43479, 43579, 43662, 43793, 43798, 43837,
       43907, 43927, 43929, 43938, 43960, 44020, 44047, 44071, 44234,
       44352, 44410, 44425, 44498, 44512, 44679, 44682, 44762, 44764,
       44824, 44858, 44973, 44991, 45024, 45053, 45054, 45059, 45134,
       45203, 45246, 45304, 45440, 45492, 45507, 45665, 45743, 45757,
       45804, 45809, 45831, 45888, 45902, 45973, 46100, 46110, 46135,
       46144, 46148, 46248, 46408, 46450, 46535, 46550, 46628, 46633,
       46649, 46711, 46730, 46811, 46862, 46892, 47179, 47448, 47588,
       47601, 47636, 47638, 47723, 47752, 47764, 47778, 47824, 47867,
       47918, 47973, 47994, 47997, 48014, 48026, 48055, 48062, 48102,
       48146, 48238, 48263, 48291, 48300, 48443, 48527, 48654, 48817,
       48843, 48889, 48895, 48970, 48988, 49135, 49228, 49407, 49454,
       49465, 49480]), array([  156,   178,   228,   359,   471,   628,   688,   741,   848,
         888,   911,   994,  1007,  1339,  1351,  1449,  1491,  1543,
        1648,  1665,  1792,  1828,  1836,  1897,  1934,  2034,  2035,
        2094,  2225,  2239,  2290,  2358,  2395,  2452,  2540,  2583,
        2842,  2883,  2909,  2959,  2990,  3023,  3035,  3066,  3127,
        3146,  3224,  3261,  3359,  3394,  3424,  3474,  3542,  3565,
        3724,  3884,  3932,  4231,  4313,  4357,  4393,  4399,  4488,
        4508,  4517,  4543,  4565,  4656,  4657,  4677,  4694,  4744,
        4755,  4770,  4783,  4806,  4956,  4999,  5002,  5100,  5108,
        5158,  5322,  5331,  5390,  5443,  5454,  5537,  5547,  5550,
        5595,  5618,  5634,  5780,  5796,  5890,  6016,  6143,  6145,
        6209,  6294,  6313,  6318,  6326,  6329,  6341,  6383,  6417,
        6424,  6519,  6538,  6666,  6679,  6748,  6783,  6895,  6915,
        6981,  6989,  6999,  7017,  7056,  7090,  7141,  7182,  7272,
        7319,  7470,  7589,  7604,  7688,  7694,  7759,  7823,  7867,
        7907,  7945,  8079,  8111,  8171,  8186,  8425,  8427,  8507,
        8516,  8589,  8590,  8655,  8711,  8736,  8903,  9010,  9039,
        9060,  9076,  9087,  9151,  9244,  9252,  9264,  9328,  9392,
        9399,  9438,  9492,  9495,  9520,  9739,  9881,  9922,  9929,
       10058, 10062, 10284, 10312, 10315, 10319, 10326, 10329, 10342,
       10596, 10622, 10637, 10719, 10724, 10736, 10756, 10777, 10916,
       10959, 11011, 11091, 11107, 11147, 11168, 11211, 11253, 11298,
       11333, 11357, 11368, 11421, 11516, 11558, 11625, 11777, 11821,
       11871, 11895, 11947, 12061, 12215, 12224, 12227, 12260, 12273,
       12324, 12357, 12369, 12462, 12491, 12594, 12660, 12820, 12830,
       12864, 12934, 12941, 12968, 13028, 13121, 13128, 13322, 13331,
       13367, 13419, 13431, 13481, 13503, 13548, 13656, 13801, 13839,
       13852, 13863, 13906, 13933, 14018, 14023, 14080, 14094, 14103,
       14177, 14212, 14260, 14429, 14500, 14582, 14609, 14683, 14723,
       14778, 14801, 14875, 14912, 14929, 15050, 15076, 15078, 15368,
       15525, 15692, 15737, 15775, 15833, 16020, 16081, 16103, 16114,
       16233, 16250, 16370, 16380, 16410, 16474, 16475, 16523, 16586,
       16619, 16624, 16626, 16635, 16714, 16737, 16759, 16761, 16783,
       16785, 16915, 16975, 17103, 17116, 17120, 17138, 17199, 17233,
       17244, 17323, 17369, 17376, 17431, 17465, 17480, 17527, 17540,
       17580, 17657, 17706, 17747, 17751, 17889, 17925, 18159, 18271,
       18413, 18424, 18434, 18470, 18492, 18526, 18569, 18637, 18642,
       18662, 18670, 18774, 18883, 18904, 18908, 18972, 18986, 19222,
       19255, 19268, 19368, 19547, 19596, 19671, 19825, 19852, 19868,
       19869, 19988, 20174, 20206, 20214, 20223, 20256, 20291, 20315,
       20406, 20417, 20454, 20482, 20522, 20563, 20653, 20727, 20728,
       20780, 20850, 20871, 20980, 21244, 21321, 21389, 21427, 21488,
       21510, 21513, 21573, 21634, 21640, 21665, 21698, 21877, 21935,
       22049, 22109, 22197, 22380, 22537, 22626, 22655, 22687, 22725,
       22758, 22763, 22999, 23088, 23103, 23113, 23201, 23207, 23449,
       23474, 23492, 23500, 23531, 23704, 23772, 23803, 23996, 24009,
       24040, 24056, 24192, 24220, 24241, 24255, 24274, 24419, 24479,
       24483, 24501, 24507, 24513, 24590, 24621, 24709, 24800, 24809,
       24824, 24884, 24930, 25029, 25041, 25103, 25251, 25257, 25270,
       25325, 25400, 25406, 25486, 25515, 25552, 25555, 25691, 25766,
       25799, 25808, 25898, 25910, 25911, 25918, 26013, 26095, 26102,
       26142, 26218, 26457, 26465, 26486, 26520, 26632, 26633, 26681,
       26779, 27000, 27039, 27054, 27083, 27164, 27196, 27310, 27350,
       27383, 27406, 27430, 27488, 27502, 27505, 27549, 27559, 27596,
       27601, 27622, 27628, 27659, 27672, 27707, 27771, 27773, 27784,
       27793, 27965, 28033, 28043, 28090, 28133, 28191, 28321, 28370,
       28451, 28468, 28496, 28523, 28564, 28661, 28679, 28684, 28712,
       28718, 28801, 28849, 29026, 29161, 29269, 29282, 29314, 29355,
       29400, 29408, 29531, 29693, 29694, 29712, 29769, 29802, 29881,
       29943, 29980, 30306, 30341, 30356, 30408, 30453, 30506, 30554,
       30675, 30717, 30736, 30763, 30778, 30882, 30986, 31019, 31038,
       31058, 31073, 31211, 31226, 31247, 31368, 31369, 31411, 31445,
       31470, 31512, 31704, 31724, 31811, 31909, 31951, 31983, 32030,
       32055, 32096, 32155, 32230, 32267, 32351, 32392, 32455, 32463,
       32472, 32499, 32557, 32574, 32635, 32644, 32715, 32764, 32777,
       32802, 32906, 32947, 33053, 33070, 33224, 33233, 33256, 33263,
       33293, 33362, 33462, 33487, 33592, 33604, 33609, 33648, 33763,
       33806, 33854, 33953, 33968, 34006, 34047, 34073, 34086, 34093,
       34100, 34252, 34349, 34447, 34483, 34485, 34616, 34692, 34753,
       34761, 34769, 34770, 34807, 34831, 34857, 34886, 35050, 35076,
       35184, 35406, 35547, 35552, 35575, 35578, 35674, 35706, 35736,
       35793, 35804, 35807, 35829, 35835, 36093, 36135, 36236, 36300,
       36412, 36525, 36584, 36594, 36610, 36676, 36729, 36805, 36828,
       36921, 36973, 37005, 37057, 37101, 37252, 37310, 37327, 37336,
       37379, 37399, 37400, 37442, 37513, 37609, 37613, 37773, 37832,
       37869, 37898, 37962, 37985, 37989, 38039, 38061, 38062, 38064,
       38069, 38174, 38233, 38255, 38293, 38328, 38338, 38360, 38381,
       38506, 38629, 38684, 38696, 38706, 38772, 38777, 38899, 38925,
       38984, 39021, 39033, 39098, 39152, 39166, 39187, 39232, 39396,
       39419, 39467, 39565, 39591, 39594, 39715, 39904, 39938, 39981,
       40109, 40290, 40378, 40381, 40439, 40457, 40481, 40487, 40514,
       40522, 40534, 40589, 40714, 40737, 40760, 40867, 40963, 41020,
       41090, 41105, 41122, 41163, 41197, 41274, 41297, 41336, 41504,
       41580, 41661, 41699, 41738, 41770, 41804, 41824, 41944, 41955,
       41985, 41989, 42059, 42083, 42108, 42173, 42197, 42198, 42227,
       42312, 42392, 42399, 42427, 42440, 42562, 42625, 42638, 42693,
       42726, 42754, 42865, 42883, 42901, 42922, 43014, 43041, 43120,
       43158, 43183, 43297, 43325, 43404, 43454, 43479, 43579, 43662,
       43793, 43798, 43826, 43837, 43907, 43927, 43929, 43938, 43960,
       44020, 44047, 44071, 44234, 44298, 44352, 44410, 44425, 44498,
       44512, 44567, 44629, 44679, 44682, 44762, 44764, 44824, 44858,
       44973, 44991, 45024, 45053, 45054, 45059, 45134, 45203, 45246,
       45304, 45440, 45492, 45507, 45665, 45743, 45757, 45804, 45809,
       45831, 45888, 45902, 45919, 45973, 46100, 46110, 46135, 46148,
       46248, 46408, 46450, 46479, 46535, 46550, 46628, 46633, 46649,
       46711, 46730, 46811, 46862, 46892, 47002, 47161, 47179, 47448,
       47588, 47601, 47636, 47638, 47723, 47752, 47764, 47778, 47824,
       47867, 47918, 47973, 47994, 47997, 48014, 48026, 48055, 48062,
       48102, 48146, 48238, 48263, 48291, 48300, 48443, 48527, 48817,
       48843, 48889, 48895, 48988, 49135, 49228, 49407, 49454, 49465,
       49480]), array([  156,   178,   228,   359,   471,   628,   688,   741,   848,
         888,   911,   994,  1007,  1339,  1351,  1449,  1491,  1543,
        1648,  1792,  1828,  1836,  1897,  1934,  2034,  2035,  2094,
        2225,  2239,  2290,  2358,  2395,  2452,  2583,  2842,  2909,
        2990,  3023,  3035,  3066,  3127,  3146,  3224,  3261,  3359,
        3394,  3424,  3542,  3565,  3724,  3884,  3932,  4231,  4313,
        4357,  4393,  4488,  4508,  4517,  4543,  4565,  4656,  4657,
        4677,  4694,  4744,  4755,  4770,  4783,  4806,  4956,  4999,
        5002,  5100,  5108,  5158,  5322,  5331,  5390,  5443,  5454,
        5547,  5550,  5595,  5618,  5634,  5780,  5796,  5890,  6016,
        6143,  6209,  6294,  6313,  6318,  6326,  6329,  6341,  6383,
        6417,  6424,  6519,  6538,  6666,  6679,  6748,  6783,  6864,
        6915,  6981,  6989,  6999,  7017,  7056,  7090,  7141,  7182,
        7272,  7319,  7470,  7589,  7604,  7655,  7694,  7759,  7823,
        7867,  7907,  7945,  8079,  8111,  8171,  8186,  8425,  8427,
        8507,  8571,  8589,  8590,  8711,  8736,  8859,  8903,  9010,
        9060,  9076,  9087,  9151,  9252,  9264,  9328,  9392,  9399,
        9438,  9492,  9495,  9520,  9699,  9881,  9922,  9929, 10058,
       10062, 10284, 10312, 10315, 10319, 10326, 10329, 10342, 10596,
       10622, 10719, 10724, 10736, 10756, 10777, 10916, 10959, 11011,
       11091, 11107, 11147, 11168, 11211, 11298, 11333, 11357, 11368,
       11421, 11516, 11558, 11625, 11777, 11821, 11871, 11895, 11947,
       12061, 12215, 12224, 12227, 12273, 12324, 12357, 12369, 12462,
       12477, 12491, 12594, 12660, 12830, 12864, 12941, 12968, 13028,
       13121, 13128, 13322, 13331, 13367, 13419, 13431, 13481, 13503,
       13548, 13656, 13801, 13839, 13852, 13906, 13933, 14018, 14023,
       14080, 14094, 14103, 14177, 14212, 14260, 14429, 14500, 14609,
       14683, 14723, 14778, 14801, 14875, 14912, 14929, 15050, 15076,
       15078, 15368, 15525, 15692, 15737, 15775, 15833, 16020, 16081,
       16103, 16114, 16233, 16250, 16370, 16380, 16410, 16474, 16475,
       16586, 16624, 16626, 16635, 16714, 16737, 16759, 16761, 16783,
       16785, 16915, 16975, 17103, 17116, 17120, 17138, 17199, 17233,
       17244, 17323, 17369, 17376, 17431, 17465, 17480, 17527, 17540,
       17580, 17657, 17706, 17747, 17751, 17889, 17925, 18159, 18271,
       18413, 18424, 18434, 18470, 18492, 18526, 18569, 18637, 18642,
       18662, 18670, 18774, 18883, 18904, 18908, 18972, 18986, 19222,
       19247, 19268, 19368, 19547, 19596, 19671, 19825, 19852, 19868,
       19988, 20174, 20206, 20214, 20223, 20256, 20291, 20315, 20406,
       20417, 20454, 20482, 20522, 20653, 20727, 20728, 20780, 20850,
       20871, 20980, 21244, 21321, 21389, 21427, 21488, 21510, 21513,
       21573, 21634, 21640, 21665, 21698, 21877, 21935, 22049, 22109,
       22197, 22380, 22537, 22626, 22655, 22687, 22725, 22758, 22763,
       22999, 23088, 23201, 23207, 23449, 23474, 23500, 23531, 23772,
       23803, 23996, 24009, 24040, 24056, 24220, 24241, 24255, 24419,
       24479, 24483, 24501, 24507, 24513, 24590, 24621, 24672, 24709,
       24800, 24809, 24824, 24884, 24930, 25029, 25041, 25103, 25251,
       25257, 25270, 25325, 25400, 25406, 25486, 25515, 25552, 25555,
       25691, 25766, 25799, 25898, 25910, 25911, 25918, 26013, 26095,
       26102, 26142, 26218, 26457, 26465, 26520, 26632, 26633, 26681,
       26779, 26815, 27000, 27054, 27057, 27083, 27164, 27310, 27350,
       27381, 27383, 27430, 27488, 27502, 27505, 27549, 27559, 27601,
       27622, 27628, 27659, 27672, 27707, 27771, 27773, 27784, 27793,
       27965, 28033, 28043, 28090, 28133, 28191, 28321, 28370, 28451,
       28468, 28496, 28523, 28564, 28661, 28679, 28684, 28712, 28718,
       28801, 29026, 29100, 29161, 29162, 29269, 29282, 29314, 29355,
       29400, 29408, 29531, 29693, 29694, 29712, 29769, 29802, 29881,
       29943, 29980, 30306, 30341, 30356, 30408, 30453, 30506, 30675,
       30717, 30736, 30763, 30778, 30882, 30986, 31019, 31038, 31073,
       31211, 31226, 31247, 31369, 31411, 31445, 31470, 31512, 31704,
       31724, 31811, 31909, 31951, 31983, 32030, 32055, 32062, 32096,
       32155, 32230, 32267, 32351, 32392, 32440, 32455, 32463, 32472,
       32499, 32557, 32574, 32635, 32644, 32715, 32764, 32777, 32802,
       32906, 32947, 33053, 33070, 33224, 33233, 33256, 33263, 33293,
       33362, 33462, 33487, 33592, 33604, 33609, 33648, 33763, 33806,
       33854, 33953, 33968, 34006, 34047, 34073, 34086, 34093, 34100,
       34252, 34349, 34447, 34483, 34485, 34616, 34692, 34753, 34761,
       34769, 34770, 34807, 34831, 34857, 34886, 35050, 35076, 35184,
       35251, 35406, 35547, 35552, 35575, 35578, 35674, 35706, 35736,
       35793, 35804, 35807, 35829, 35835, 36093, 36135, 36236, 36300,
       36525, 36529, 36584, 36594, 36610, 36729, 36805, 36828, 36921,
       36973, 37005, 37101, 37252, 37310, 37327, 37336, 37379, 37387,
       37399, 37400, 37442, 37513, 37609, 37613, 37773, 37832, 37898,
       37962, 37985, 37989, 38039, 38061, 38062, 38064, 38069, 38174,
       38233, 38255, 38293, 38328, 38338, 38360, 38381, 38629, 38684,
       38696, 38706, 38772, 38777, 38899, 38925, 38984, 39021, 39033,
       39098, 39152, 39166, 39187, 39232, 39396, 39419, 39467, 39591,
       39594, 39715, 39901, 39904, 39981, 40109, 40290, 40378, 40381,
       40439, 40457, 40481, 40487, 40514, 40522, 40534, 40714, 40737,
       40963, 41020, 41090, 41105, 41122, 41163, 41197, 41274, 41297,
       41336, 41504, 41661, 41699, 41738, 41770, 41804, 41824, 41955,
       41985, 41989, 42059, 42083, 42108, 42173, 42197, 42198, 42227,
       42392, 42399, 42427, 42440, 42562, 42625, 42638, 42693, 42726,
       42754, 42865, 42883, 42901, 42922, 43014, 43041, 43120, 43158,
       43183, 43297, 43325, 43404, 43454, 43479, 43579, 43662, 43675,
       43793, 43798, 43826, 43837, 43907, 43927, 43929, 43938, 43960,
       44020, 44047, 44071, 44234, 44298, 44352, 44410, 44425, 44498,
       44512, 44629, 44679, 44682, 44762, 44764, 44824, 44834, 44858,
       44973, 44991, 45024, 45053, 45054, 45059, 45134, 45203, 45246,
       45304, 45440, 45492, 45507, 45665, 45743, 45757, 45804, 45809,
       45831, 45888, 45902, 45919, 45973, 45977, 46006, 46100, 46110,
       46135, 46148, 46248, 46450, 46535, 46628, 46633, 46649, 46711,
       46730, 46811, 46862, 46892, 47118, 47179, 47448, 47588, 47601,
       47636, 47638, 47723, 47752, 47764, 47778, 47824, 47867, 47918,
       47973, 47994, 47997, 48014, 48026, 48055, 48062, 48102, 48146,
       48238, 48263, 48291, 48300, 48443, 48462, 48527, 48817, 48843,
       48889, 48895, 48970, 48988, 49135, 49200, 49228, 49407, 49454,
       49465]), array([  156,   178,   228,   359,   471,   628,   688,   741,   848,
         888,   911,   994,  1007,  1339,  1351,  1449,  1491,  1534,
        1543,  1648,  1665,  1792,  1828,  1836,  1897,  1934,  2034,
        2035,  2094,  2225,  2239,  2290,  2358,  2395,  2452,  2842,
        2909,  2990,  3023,  3035,  3066,  3127,  3146,  3224,  3261,
        3359,  3394,  3424,  3542,  3565,  3724,  3884,  3932,  4231,
        4313,  4357,  4393,  4488,  4491,  4508,  4517,  4543,  4565,
        4656,  4657,  4677,  4694,  4744,  4755,  4770,  4783,  4806,
        4956,  4999,  5002,  5100,  5108,  5158,  5322,  5331,  5390,
        5443,  5454,  5547,  5550,  5595,  5618,  5634,  5780,  5796,
        5890,  6016,  6143,  6145,  6209,  6294,  6313,  6318,  6326,
        6329,  6341,  6383,  6417,  6424,  6519,  6538,  6666,  6679,
        6748,  6783,  6915,  6981,  6989,  6999,  7017,  7056,  7090,
        7141,  7182,  7272,  7319,  7470,  7589,  7604,  7688,  7694,
        7759,  7823,  7867,  7907,  7945,  8079,  8111,  8171,  8186,
        8425,  8427,  8507,  8516,  8589,  8590,  8655,  8711,  8736,
        8903,  9010,  9060,  9076,  9087,  9252,  9264,  9295,  9328,
        9392,  9399,  9438,  9492,  9495,  9520,  9699,  9881,  9922,
        9929, 10058, 10062, 10284, 10312, 10315, 10319, 10326, 10329,
       10342, 10596, 10622, 10719, 10724, 10736, 10756, 10777, 10916,
       10959, 11011, 11091, 11107, 11147, 11168, 11211, 11241, 11298,
       11333, 11357, 11368, 11421, 11516, 11558, 11625, 11777, 11821,
       11871, 11895, 11947, 12061, 12215, 12224, 12227, 12273, 12324,
       12357, 12369, 12462, 12491, 12594, 12660, 12820, 12830, 12864,
       12941, 12968, 13028, 13121, 13128, 13322, 13331, 13367, 13419,
       13431, 13481, 13503, 13548, 13656, 13801, 13839, 13852, 13863,
       13906, 13933, 14018, 14023, 14080, 14094, 14103, 14177, 14212,
       14260, 14429, 14500, 14609, 14683, 14723, 14778, 14801, 14875,
       14912, 14929, 15076, 15078, 15368, 15525, 15692, 15737, 15775,
       15833, 16081, 16103, 16114, 16233, 16250, 16370, 16380, 16410,
       16474, 16475, 16523, 16586, 16624, 16635, 16714, 16737, 16759,
       16761, 16783, 16785, 16915, 16975, 17103, 17116, 17120, 17138,
       17199, 17244, 17323, 17369, 17376, 17431, 17465, 17480, 17527,
       17540, 17580, 17657, 17706, 17747, 17751, 17889, 17925, 18159,
       18271, 18413, 18424, 18434, 18468, 18470, 18492, 18526, 18569,
       18577, 18637, 18642, 18662, 18670, 18774, 18883, 18904, 18908,
       18972, 18986, 19222, 19268, 19368, 19547, 19596, 19671, 19825,
       19852, 19868, 19869, 19988, 20174, 20206, 20214, 20223, 20256,
       20291, 20315, 20406, 20417, 20454, 20522, 20653, 20727, 20728,
       20780, 20850, 20871, 20980, 21244, 21269, 21321, 21427, 21510,
       21513, 21573, 21634, 21640, 21665, 21698, 21877, 21935, 22049,
       22109, 22380, 22537, 22626, 22655, 22687, 22725, 22758, 22763,
       23088, 23103, 23201, 23207, 23449, 23474, 23500, 23531, 23772,
       23803, 23996, 24009, 24040, 24056, 24220, 24241, 24255, 24419,
       24479, 24501, 24507, 24513, 24590, 24621, 24709, 24800, 24809,
       24824, 24930, 25029, 25041, 25103, 25251, 25257, 25270, 25325,
       25400, 25406, 25486, 25515, 25552, 25555, 25691, 25766, 25799,
       25808, 25898, 25910, 25911, 26013, 26095, 26102, 26142, 26218,
       26457, 26465, 26520, 26632, 26633, 26681, 26779, 26804, 26815,
       27000, 27054, 27083, 27164, 27310, 27350, 27381, 27383, 27430,
       27448, 27488, 27502, 27505, 27549, 27559, 27596, 27601, 27622,
       27628, 27659, 27672, 27707, 27771, 27773, 27784, 27793, 27946,
       27965, 28033, 28043, 28090, 28133, 28191, 28321, 28370, 28451,
       28468, 28496, 28523, 28564, 28661, 28679, 28684, 28712, 28718,
       28801, 28849, 29026, 29161, 29162, 29269, 29282, 29314, 29355,
       29400, 29408, 29531, 29693, 29694, 29712, 29769, 29802, 29881,
       29943, 29980, 30306, 30341, 30356, 30408, 30453, 30549, 30675,
       30717, 30736, 30763, 30778, 30882, 30986, 31019, 31038, 31058,
       31073, 31211, 31226, 31247, 31411, 31470, 31512, 31704, 31724,
       31811, 31909, 31951, 31983, 32030, 32055, 32062, 32096, 32155,
       32230, 32267, 32351, 32392, 32440, 32455, 32463, 32472, 32499,
       32557, 32574, 32635, 32644, 32764, 32777, 32802, 32906, 32947,
       33053, 33070, 33224, 33233, 33256, 33263, 33293, 33362, 33462,
       33487, 33592, 33604, 33609, 33648, 33763, 33806, 33854, 33953,
       33968, 34006, 34047, 34073, 34086, 34093, 34100, 34252, 34349,
       34447, 34483, 34485, 34616, 34692, 34753, 34761, 34769, 34770,
       34807, 34831, 34857, 34886, 35050, 35076, 35184, 35251, 35406,
       35547, 35552, 35575, 35578, 35674, 35706, 35736, 35793, 35804,
       35807, 35829, 35835, 36093, 36135, 36236, 36300, 36412, 36525,
       36529, 36584, 36594, 36610, 36729, 36805, 36828, 36921, 36973,
       37005, 37101, 37252, 37310, 37327, 37336, 37379, 37387, 37399,
       37400, 37442, 37513, 37609, 37613, 37773, 37832, 37869, 37898,
       37907, 37962, 37985, 37989, 38039, 38061, 38062, 38064, 38069,
       38174, 38233, 38255, 38293, 38328, 38338, 38360, 38381, 38506,
       38629, 38684, 38696, 38706, 38772, 38777, 38899, 38925, 38984,
       39021, 39033, 39098, 39152, 39166, 39187, 39232, 39396, 39419,
       39467, 39591, 39594, 39715, 39901, 39904, 39981, 40109, 40290,
       40378, 40381, 40439, 40457, 40481, 40487, 40514, 40522, 40534,
       40589, 40714, 40737, 40867, 40963, 41020, 41090, 41105, 41122,
       41163, 41197, 41217, 41274, 41297, 41336, 41504, 41661, 41699,
       41738, 41770, 41804, 41824, 41944, 41955, 41985, 41989, 42059,
       42083, 42108, 42173, 42197, 42198, 42227, 42392, 42399, 42423,
       42427, 42440, 42562, 42592, 42625, 42638, 42693, 42726, 42883,
       42901, 42910, 42922, 43014, 43041, 43120, 43158, 43183, 43297,
       43325, 43404, 43454, 43479, 43579, 43662, 43793, 43798, 43826,
       43837, 43907, 43927, 43929, 43938, 43960, 44020, 44047, 44071,
       44234, 44298, 44352, 44410, 44425, 44498, 44512, 44629, 44679,
       44682, 44762, 44764, 44824, 44834, 44858, 44973, 44991, 45001,
       45024, 45053, 45054, 45059, 45134, 45203, 45246, 45304, 45440,
       45492, 45507, 45665, 45743, 45757, 45804, 45809, 45831, 45888,
       45902, 45919, 45973, 46100, 46110, 46135, 46148, 46248, 46408,
       46450, 46535, 46628, 46633, 46649, 46711, 46730, 46811, 46862,
       46892, 47002, 47118, 47179, 47448, 47588, 47601, 47636, 47638,
       47723, 47752, 47778, 47824, 47867, 47918, 47973, 47994, 47997,
       48014, 48026, 48055, 48062, 48102, 48146, 48238, 48263, 48291,
       48300, 48443, 48527, 48843, 48889, 48895, 48970, 48988, 49135,
       49228, 49407, 49454, 49465, 49480])]
