[array([   20,    34,   123,   199,   253,   255,   361,   370,   567,
         616,   627,   707,   708,   722,   752,   758,   826,   900,
         917,   932,   952,  1010,  1043,  1055,  1197,  1201,  1203,
        1205,  1258,  1295,  1301,  1308,  1335,  1340,  1413,  1466,
        1472,  1501,  1514,  1615,  1666,  1682,  1766,  1771,  1803,
        1831,  1842,  1907,  1915,  1960,  1993,  2001,  2016,  2022,
        2031,  2042,  2091,  2112,  2121,  2128,  2149,  2160,  2175,
        2207,  2247,  2325,  2352,  2384,  2417,  2496,  2521,  2652,
        2689,  2700,  2733,  2761,  2809,  2843,  2869,  2873,  2875,
        2912,  2926,  2979,  3025,  3045,  3064,  3083,  3136,  3230,
        3266,  3272,  3274,  3341,  3343,  3367,  3369,  3387,  3390,
        3491,  3505,  3507,  3529,  3540,  3592,  3614,  3641,  3647,
        3657,  3673,  3704,  3719,  3736,  3741,  3789,  3801,  3803,
        3805,  3810,  3844,  3878,  3954,  4029,  4081,  4142,  4163,
        4252,  4257,  4268,  4319,  4354,  4361,  4467,  4574,  4610,
        4665,  4668,  4692,  4747,  4751,  4766,  4782,  4787,  4850,
        4967,  4983,  5095,  5171,  5179,  5193,  5206,  5220,  5226,
        5244,  5258,  5307,  5374,  5385,  5397,  5444,  5507,  5519,
        5543,  5580,  5588,  5645,  5663,  5669,  5687,  5707,  5757,
        5771,  5804,  5849,  5887,  5996,  5998,  6072,  6115,  6121,
        6137,  6152,  6176,  6226,  6227,  6231,  6281,  6339,  6485,
        6518,  6521,  6541,  6574,  6576,  6619,  6708,  6754,  6819,
        6822,  6848,  6905,  6941,  6967,  6968,  7016,  7028,  7034,
        7058,  7065,  7071,  7081,  7107,  7116,  7124,  7129,  7135,
        7196,  7210,  7251,  7288,  7351,  7428,  7456,  7521,  7568,
        7569,  7585,  7645,  7781,  7805,  7818,  7969,  7986,  8084,
        8090,  8105,  8213,  8238,  8269,  8316,  8325,  8334,  8355,
        8369,  8413,  8465,  8501,  8505,  8539,  8556,  8579,  8586,
        8614,  8626,  8652,  8661,  8669,  8688,  8692,  8701,  8715,
        8731,  8760,  8817,  8858,  8861,  8928,  8933,  8955,  8972,
        8979,  9008,  9064,  9105,  9125,  9149,  9192,  9220,  9270,
        9301,  9305,  9347,  9467,  9535,  9546,  9572,  9579,  9592,
        9630,  9658,  9753,  9805,  9911,  9979, 10000, 10017, 10091,
       10113, 10130, 10134, 10137, 10153, 10177, 10197, 10249, 10255,
       10335, 10337, 10349, 10351, 10369, 10489, 10510, 10513, 10578,
       10754, 10786, 10811, 10814, 10822, 10831, 10833, 10848, 10938,
       10962, 10976, 10996, 11058, 11136, 11173, 11189, 11193, 11236,
       11259, 11372, 11375, 11384, 11473, 11490, 11526, 11580, 11620,
       11751, 11805, 11811, 11818, 11823, 11835, 11850, 11882, 11915,
       11948, 11961, 11963, 11991, 12019, 12035, 12079, 12080, 12095,
       12100, 12104, 12113, 12147, 12148, 12199, 12225, 12246, 12263,
       12268, 12332, 12368, 12407, 12410, 12450, 12452, 12470, 12488,
       12496, 12506, 12530, 12557, 12601, 12630, 12650, 12664, 12671,
       12672, 12729, 12734, 12780, 12822, 12835, 12844, 12889, 12900,
       12969, 12980, 13022, 13047, 13081, 13099, 13100, 13107, 13151,
       13159, 13175, 13176, 13182, 13186, 13194, 13215, 13228, 13275,
       13290, 13297, 13320, 13341, 13354, 13361, 13362, 13408, 13425,
       13436, 13528, 13545, 13587, 13602, 13615, 13694, 13761, 13763,
       13770, 13785, 13807, 13829, 13831, 13903, 13920, 13944, 13951,
       13987, 13999, 14007, 14037, 14112, 14115, 14207, 14211, 14223,
       14230, 14255, 14263, 14267, 14320, 14332, 14343, 14394, 14445,
       14452, 14506, 14575, 14594, 14637, 14639, 14688, 14741, 14757,
       14765, 14864, 14899, 14963, 14978, 14992, 15079, 15105, 15241,
       15251, 15257, 15260, 15281, 15288, 15320, 15324, 15330, 15345,
       15360, 15371, 15405, 15408, 15422, 15432, 15449, 15484, 15495,
       15516, 15544, 15561, 15562, 15571, 15593, 15616, 15635, 15651,
       15700, 15707, 15769, 15804, 15806, 15844, 15865, 15939, 15949,
       16014, 16063, 16108, 16161, 16206, 16272, 16274, 16291, 16293,
       16298, 16326, 16372, 16386, 16483, 16544, 16548, 16579, 16607,
       16667, 16686, 16708, 16721, 16725, 16800, 16812, 16823, 16861,
       16878, 16999, 17053, 17081, 17104, 17105, 17125, 17179, 17223,
       17228, 17245, 17312, 17328, 17399, 17406, 17425, 17452, 17454,
       17495, 17564, 17585, 17588, 17598, 17610, 17662, 17669, 17702,
       17802, 17851, 17859, 17902, 17909, 17957, 17982, 17987, 18016,
       18054, 18114, 18161, 18253, 18283, 18286, 18309, 18348, 18364,
       18378, 18529, 18544, 18613, 18626, 18633, 18692, 18817, 18915,
       18929, 19012, 19060, 19066, 19077, 19078, 19114, 19165, 19233,
       19237, 19275, 19294, 19310, 19312, 19326, 19370, 19384, 19385,
       19412, 19426, 19473, 19483, 19521, 19528, 19539, 19568, 19571,
       19640, 19699, 19705, 19710, 19757, 19797, 19812, 19824, 19830,
       19949, 20003, 20045, 20085, 20116, 20148, 20204, 20220, 20257,
       20277, 20312, 20329, 20361, 20376, 20397, 20431, 20440, 20463,
       20520, 20595, 20694, 20703, 20764, 20825, 20829, 20894, 20978,
       21042, 21088, 21130, 21220, 21331, 21355, 21362, 21521, 21540,
       21617, 21628, 21722, 21772, 21812, 21821, 21824, 21890, 22003,
       22011, 22035, 22058, 22142, 22150, 22229, 22269, 22273, 22277,
       22295, 22309, 22348, 22362, 22469, 22475, 22503, 22533, 22574,
       22592, 22639, 22666, 22729, 22761, 22777, 22782, 22821, 22823,
       22892, 22894, 22897, 23000, 23090, 23091, 23135, 23173, 23184,
       23188, 23211, 23233, 23237, 23265, 23280, 23295, 23336, 23366,
       23395, 23414, 23450, 23544, 23584, 23627, 23631, 23656, 23663,
       23668, 23671, 23697, 23724, 23754, 23806, 23835, 23836, 23870,
       23921, 23953, 24046, 24053, 24093, 24111, 24113, 24155, 24158,
       24181, 24201, 24221, 24244, 24276, 24387, 24393, 24410, 24430,
       24435, 24466, 24480, 24486, 24569, 24575, 24606, 24616, 24637,
       24653, 24667, 24683, 24689, 24717, 24765, 24782, 24786, 24793,
       24805, 24833, 24846, 24856, 24888, 24902, 24993, 25000, 25125,
       25147, 25154, 25163, 25186, 25223, 25224, 25230, 25329, 25347,
       25376, 25421, 25429, 25432, 25483, 25507, 25521, 25611, 25681,
       25692, 25696, 25743, 25795, 25822, 25836, 25851, 25862, 25982,
       26005, 26022, 26085, 26130, 26152, 26154, 26315, 26340, 26417,
       26427, 26429, 26443, 26446, 26462, 26474, 26477, 26478, 26526,
       26542, 26562, 26574, 26610, 26620, 26666, 26716, 26743, 26748,
       26806, 26817, 26831, 26860, 26862, 26863, 26955, 26959, 26988,
       26992, 27014, 27050, 27088, 27096, 27160, 27185, 27201, 27242,
       27280, 27320, 27344, 27380, 27405, 27419, 27435, 27480, 27506,
       27545, 27572, 27604, 27607, 27661, 27677, 27703, 27772, 27816,
       27838, 27850, 27853, 27870, 27874, 27881, 27907, 27931, 28003,
       28100, 28122, 28126, 28138, 28201, 28208, 28214, 28217, 28221,
       28223, 28279, 28300, 28304, 28305, 28311, 28331, 28364, 28368,
       28382, 28400, 28402, 28430, 28467, 28498, 28502, 28546, 28547,
       28587, 28602, 28613, 28682, 28721, 28804, 28833, 28863, 28889,
       28894, 28900, 28947, 28958, 29055, 29088, 29099, 29108, 29173,
       29241, 29248, 29257, 29307, 29309, 29311, 29334, 29342, 29362,
       29365, 29405, 29455, 29542, 29580, 29583, 29619, 29654, 29716,
       29767, 29833, 29892, 30044, 30048, 30066, 30091, 30102, 30200,
       30215, 30235, 30269, 30304, 30411, 30414, 30439, 30477, 30485,
       30557, 30572, 30688, 30703, 30744, 30764, 30773, 30784, 30817,
       30849, 30919, 30941, 31037, 31042, 31047, 31057, 31115, 31118,
       31128, 31150, 31164, 31173, 31197, 31232, 31251, 31252, 31305,
       31331, 31398, 31407, 31448, 31505, 31527, 31540, 31545, 31617,
       31650, 31651, 31721, 31726, 31804, 31919, 31953, 32044, 32049,
       32067, 32082, 32091, 32110, 32121, 32126, 32183, 32304, 32319,
       32324, 32342, 32393, 32453, 32460, 32466, 32533, 32554, 32556,
       32560, 32570, 32657, 32686, 32699, 32712, 32724, 32735, 32758,
       32787, 32789, 32814, 32829, 32840, 32842, 32846, 32901, 32926,
       32933, 33131, 33161, 33170, 33181, 33195, 33213, 33243, 33257,
       33310, 33356, 33373, 33378, 33380, 33503, 33524, 33596, 33638,
       33644, 33733, 33764, 33802, 33825, 33838, 33906, 33917, 33942,
       33952, 33956, 33957, 33981, 33990, 34014, 34045, 34062, 34103,
       34143, 34144, 34192, 34227, 34247, 34260, 34373, 34416, 34417,
       34422, 34519, 34570, 34644, 34754, 34759, 34797, 34883, 34894,
       34976, 35093, 35130, 35149, 35240, 35394, 35416, 35450, 35517,
       35603, 35766, 35803, 35811, 35857, 35873, 35878, 35909, 35937,
       36027, 36029, 36061, 36121, 36157, 36204, 36266, 36268, 36288,
       36296, 36298, 36330, 36338, 36343, 36349, 36360, 36388, 36498,
       36598, 36619, 36634, 36663, 36698, 36703, 36744, 36745, 36746,
       36765, 36781, 36862, 36867, 36898, 36910, 36924, 37002, 37029,
       37093, 37163, 37183, 37200, 37274, 37287, 37300, 37326, 37351,
       37409, 37470, 37471, 37483, 37489, 37535, 37552, 37585, 37586,
       37607, 37627, 37630, 37681, 37730, 37753, 37754, 37762, 37763,
       37771, 37772, 37845, 37857, 37923, 37975, 37978, 37979, 38020,
       38112, 38131, 38134, 38148, 38167, 38232, 38292, 38297, 38306,
       38378, 38471, 38499, 38502, 38584, 38588, 38607, 38725, 38839,
       38845, 38885, 38927, 38940, 38944, 38956, 38992, 38994, 39022,
       39036, 39100, 39104, 39149, 39154, 39158, 39169, 39182, 39189,
       39199, 39264, 39286, 39295, 39305, 39359, 39459, 39480, 39503,
       39505, 39551, 39601, 39692, 39698, 39749, 39757, 39789, 39837,
       39843, 39846, 39924, 39980, 40067, 40089, 40101, 40153, 40235,
       40262, 40264, 40268, 40281, 40283, 40292, 40319, 40369, 40371,
       40373, 40388, 40394, 40402, 40431, 40437, 40450, 40484, 40532,
       40543, 40566, 40580, 40597, 40604, 40696, 40722, 40729, 40814,
       40840, 40900, 40907, 40914, 40930, 40940, 40949, 40977, 40998,
       41003, 41028, 41053, 41063, 41066, 41075, 41076, 41136, 41152,
       41202, 41231, 41251, 41288, 41340, 41381, 41413, 41415, 41515,
       41524, 41660, 41672, 41678, 41682, 41714, 41719, 41816, 41925,
       42003, 42033, 42069, 42099, 42102, 42112, 42281, 42385, 42476,
       42479, 42505, 42519, 42528, 42540, 42556, 42568, 42603, 42606,
       42695, 42731, 42793, 42795, 42847, 42944, 42949, 42958, 42960,
       42984, 42989, 43029, 43042, 43043, 43050, 43057, 43063, 43086,
       43097, 43098, 43104, 43149, 43192, 43252, 43305, 43312, 43360,
       43377, 43397, 43498, 43525, 43570, 43587, 43632, 43635, 43709,
       43809, 43838, 43898, 43908, 44066, 44084, 44096, 44142, 44175,
       44178, 44213, 44225, 44227, 44264, 44308, 44318, 44319, 44338,
       44391, 44396, 44422, 44429, 44450, 44461, 44533, 44547, 44553,
       44668, 44674, 44808, 44852, 44872, 44895, 44897, 44917, 44929,
       44936, 44999, 45008, 45011, 45021, 45027, 45081, 45090, 45105,
       45120, 45122, 45172, 45179, 45188, 45216, 45217, 45259, 45289,
       45348, 45362, 45364, 45366, 45398, 45402, 45425, 45445, 45477,
       45585, 45621, 45631, 45656, 45703, 45706, 45721, 45724, 45783,
       45787, 45803, 45873, 45929, 45957, 46008, 46037, 46056, 46112,
       46116, 46130, 46183, 46184, 46187, 46204, 46217, 46225, 46242,
       46253, 46312, 46362, 46403, 46412, 46423, 46426, 46458, 46466,
       46481, 46529, 46542, 46589, 46631, 46665, 46685, 46696, 46742,
       46745, 46775, 46805, 46829, 46835, 46846, 46880, 46886, 46948,
       46960, 46971, 47013, 47030, 47032, 47034, 47121, 47123, 47125,
       47135, 47182, 47185, 47232, 47292, 47329, 47332, 47365, 47381,
       47400, 47413, 47438, 47450, 47529, 47611, 47616, 47635, 47652,
       47689, 47727, 47753, 47759, 47827, 47837, 47843, 47874, 47886,
       47903, 47905, 47926, 47927, 47992, 48040, 48138, 48147, 48193,
       48284, 48288, 48312, 48317, 48323, 48338, 48377, 48393, 48482,
       48483, 48528, 48556, 48567, 48653, 48671, 48715, 48730, 48763,
       48872, 48921, 48992, 49021, 49026, 49127, 49181, 49226, 49264,
       49265, 49399, 49404, 49450, 49462, 49467]), array([   20,    34,    84,   123,   131,   172,   199,   203,   253,
         255,   260,   361,   370,   385,   523,   567,   616,   617,
         627,   653,   707,   718,   722,   752,   758,   761,   826,
         900,   917,   932,   938,   952,   997,  1010,  1034,  1043,
        1055,  1092,  1111,  1139,  1175,  1197,  1201,  1203,  1205,
        1255,  1258,  1301,  1308,  1335,  1340,  1413,  1501,  1511,
        1514,  1601,  1622,  1650,  1666,  1679,  1682,  1739,  1766,
        1771,  1803,  1825,  1831,  1842,  1907,  1915,  1922,  1927,
        1993,  2001,  2016,  2022,  2031,  2042,  2091,  2112,  2117,
        2121,  2128,  2149,  2160,  2175,  2201,  2207,  2247,  2325,
        2347,  2352,  2384,  2417,  2469,  2487,  2500,  2501,  2521,
        2600,  2633,  2652,  2670,  2689,  2691,  2700,  2733,  2742,
        2761,  2809,  2869,  2873,  2875,  2912,  2924,  2926,  2979,
        2994,  3025,  3045,  3064,  3083,  3114,  3136,  3147,  3220,
        3266,  3272,  3274,  3341,  3343,  3367,  3369,  3387,  3390,
        3444,  3455,  3491,  3505,  3507,  3511,  3529,  3531,  3540,
        3592,  3614,  3641,  3647,  3650,  3657,  3704,  3719,  3725,
        3729,  3736,  3789,  3801,  3803,  3810,  3844,  3846,  3878,
        3954,  4029,  4081,  4142,  4163,  4252,  4268,  4296,  4319,
        4354,  4361,  4459,  4467,  4469,  4549,  4574,  4575,  4601,
        4646,  4665,  4668,  4710,  4747,  4749,  4751,  4767,  4782,
        4850,  4956,  4967,  5070,  5095,  5171,  5179,  5193,  5206,
        5220,  5240,  5244,  5258,  5263,  5374,  5385,  5397,  5467,
        5519,  5543,  5552,  5580,  5583,  5588,  5645,  5669,  5687,
        5707,  5729,  5737,  5757,  5761,  5771,  5792,  5804,  5819,
        5849,  5887,  5892,  5906,  5936,  5942,  5996,  6024,  6072,
        6115,  6121,  6137,  6152,  6226,  6231,  6253,  6281,  6339,
        6356,  6399,  6402,  6426,  6473,  6518,  6521,  6541,  6574,
        6576,  6619,  6708,  6791,  6800,  6819,  6822,  6848,  6905,
        6940,  6941,  6967,  6968,  7016,  7019,  7028,  7034,  7065,
        7071,  7081,  7114,  7116,  7124,  7135,  7177,  7196,  7210,
        7251,  7259,  7288,  7314,  7351,  7371,  7378,  7428,  7456,
        7515,  7518,  7521,  7568,  7614,  7674,  7692,  7781,  7799,
        7805,  7964,  7969,  7986,  8033,  8036,  8084,  8090,  8105,
        8114,  8153,  8213,  8238,  8260,  8269,  8316,  8325,  8334,
        8355,  8364,  8369,  8371,  8373,  8376,  8404,  8407,  8413,
        8465,  8501,  8505,  8539,  8550,  8556,  8579,  8586,  8614,
        8626,  8652,  8661,  8669,  8688,  8692,  8701,  8715,  8731,
        8760,  8817,  8858,  8861,  8897,  8928,  8933,  8955,  8979,
        9008,  9050,  9064,  9105,  9108,  9122,  9125,  9149,  9192,
        9198,  9205,  9220,  9255,  9257,  9270,  9301,  9302,  9305,
        9347,  9432,  9467,  9477,  9486,  9510,  9535,  9538,  9546,
        9572,  9579,  9592,  9630,  9656,  9658,  9682,  9748,  9753,
        9754,  9805,  9911,  9925,  9979, 10000, 10008, 10017, 10081,
       10085, 10091, 10113, 10123, 10130, 10134, 10137, 10143, 10153,
       10165, 10197, 10216, 10316, 10335, 10337, 10349, 10351, 10420,
       10433, 10489, 10510, 10513, 10544, 10554, 10570, 10578, 10600,
       10619, 10665, 10695, 10727, 10754, 10786, 10811, 10814, 10831,
       10833, 10848, 10849, 10938, 10976, 10996, 11062, 11094, 11136,
       11173, 11193, 11229, 11236, 11248, 11256, 11278, 11372, 11375,
       11384, 11469, 11473, 11490, 11512, 11526, 11532, 11580, 11620,
       11751, 11805, 11815, 11823, 11831, 11835, 11846, 11850, 11882,
       11915, 11948, 11963, 11991, 12019, 12021, 12027, 12035, 12064,
       12079, 12080, 12095, 12100, 12104, 12113, 12147, 12148, 12199,
       12216, 12225, 12228, 12246, 12254, 12263, 12268, 12332, 12368,
       12407, 12410, 12417, 12450, 12470, 12488, 12496, 12506, 12529,
       12551, 12557, 12576, 12601, 12619, 12630, 12650, 12671, 12672,
       12674, 12729, 12780, 12835, 12844, 12845, 12889, 12900, 12969,
       12980, 13022, 13081, 13100, 13107, 13119, 13151, 13159, 13175,
       13176, 13182, 13186, 13194, 13195, 13215, 13228, 13275, 13290,
       13297, 13320, 13341, 13354, 13361, 13362, 13425, 13436, 13508,
       13545, 13581, 13602, 13615, 13695, 13761, 13763, 13770, 13803,
       13807, 13814, 13829, 13831, 13903, 13920, 13944, 13951, 13987,
       13999, 14037, 14083, 14101, 14112, 14115, 14207, 14211, 14223,
       14230, 14255, 14263, 14267, 14320, 14332, 14343, 14394, 14419,
       14425, 14445, 14452, 14462, 14505, 14506, 14510, 14594, 14637,
       14639, 14641, 14688, 14741, 14757, 14765, 14824, 14859, 14864,
       14899, 14963, 14978, 14992, 14996, 15079, 15136, 15220, 15241,
       15251, 15257, 15281, 15288, 15324, 15330, 15360, 15367, 15370,
       15371, 15374, 15408, 15422, 15432, 15484, 15495, 15506, 15516,
       15561, 15562, 15571, 15593, 15616, 15635, 15651, 15700, 15707,
       15769, 15804, 15844, 15865, 15939, 15949, 15983, 16014, 16063,
       16075, 16078, 16088, 16108, 16116, 16130, 16161, 16206, 16272,
       16291, 16293, 16326, 16372, 16376, 16386, 16483, 16544, 16548,
       16579, 16601, 16667, 16686, 16708, 16721, 16725, 16754, 16812,
       16823, 16844, 16861, 16872, 16878, 16999, 17053, 17081, 17104,
       17125, 17179, 17228, 17245, 17312, 17328, 17399, 17406, 17425,
       17452, 17454, 17495, 17554, 17564, 17585, 17588, 17610, 17661,
       17662, 17669, 17687, 17702, 17754, 17802, 17831, 17859, 17902,
       17909, 17957, 17961, 17982, 17987, 18016, 18054, 18091, 18114,
       18120, 18131, 18147, 18161, 18253, 18283, 18286, 18312, 18348,
       18364, 18378, 18529, 18544, 18613, 18626, 18633, 18647, 18660,
       18686, 18692, 18817, 18832, 18906, 18915, 18929, 19012, 19023,
       19060, 19066, 19078, 19114, 19165, 19168, 19233, 19237, 19275,
       19278, 19294, 19310, 19312, 19320, 19326, 19370, 19384, 19387,
       19412, 19426, 19449, 19451, 19473, 19483, 19488, 19521, 19528,
       19539, 19568, 19571, 19580, 19640, 19699, 19705, 19710, 19712,
       19757, 19797, 19812, 19824, 19830, 19891, 19900, 19908, 19949,
       19966, 19985, 19999, 20003, 20045, 20078, 20085, 20148, 20198,
       20204, 20216, 20227, 20235, 20257, 20277, 20329, 20376, 20397,
       20431, 20440, 20450, 20456, 20463, 20520, 20571, 20595, 20635,
       20694, 20703, 20821, 20825, 20829, 20845, 20873, 20958, 20978,
       21042, 21088, 21130, 21133, 21166, 21239, 21282, 21331, 21355,
       21511, 21540, 21596, 21617, 21627, 21628, 21680, 21717, 21718,
       21726, 21772, 21811, 21812, 21821, 21824, 21883, 21890, 21946,
       21982, 22003, 22011, 22035, 22057, 22058, 22150, 22273, 22277,
       22287, 22295, 22331, 22348, 22362, 22443, 22469, 22475, 22503,
       22533, 22574, 22592, 22622, 22639, 22666, 22729, 22749, 22761,
       22777, 22782, 22793, 22821, 22823, 22892, 22897, 22985, 23000,
       23090, 23091, 23104, 23134, 23135, 23179, 23184, 23188, 23202,
       23211, 23233, 23237, 23265, 23295, 23336, 23366, 23373, 23395,
       23414, 23450, 23498, 23544, 23555, 23575, 23584, 23601, 23627,
       23656, 23663, 23668, 23671, 23697, 23741, 23754, 23775, 23782,
       23806, 23835, 23836, 23870, 23921, 23932, 23953, 23991, 23995,
       24046, 24053, 24080, 24111, 24113, 24155, 24158, 24181, 24201,
       24221, 24343, 24368, 24387, 24393, 24410, 24412, 24421, 24435,
       24466, 24486, 24523, 24569, 24575, 24577, 24596, 24606, 24616,
       24637, 24653, 24683, 24689, 24765, 24782, 24786, 24793, 24805,
       24846, 24856, 24902, 24951, 24993, 25000, 25044, 25047, 25090,
       25125, 25145, 25147, 25154, 25158, 25163, 25179, 25217, 25223,
       25224, 25230, 25240, 25329, 25347, 25382, 25421, 25432, 25507,
       25564, 25611, 25681, 25692, 25696, 25795, 25822, 25836, 25851,
       25862, 25949, 26005, 26022, 26085, 26130, 26152, 26154, 26207,
       26234, 26315, 26340, 26375, 26417, 26427, 26429, 26443, 26446,
       26462, 26474, 26477, 26478, 26507, 26526, 26538, 26542, 26562,
       26574, 26610, 26614, 26620, 26666, 26680, 26716, 26740, 26743,
       26748, 26806, 26817, 26821, 26831, 26850, 26858, 26860, 26862,
       26863, 26915, 26931, 26955, 26959, 26988, 26992, 27008, 27014,
       27036, 27050, 27088, 27110, 27113, 27160, 27185, 27201, 27242,
       27280, 27288, 27320, 27344, 27380, 27405, 27419, 27435, 27480,
       27506, 27545, 27572, 27604, 27607, 27677, 27679, 27689, 27703,
       27729, 27747, 27772, 27838, 27850, 27853, 27860, 27874, 27881,
       27907, 27931, 28003, 28011, 28053, 28087, 28100, 28122, 28126,
       28138, 28165, 28201, 28208, 28214, 28217, 28221, 28223, 28279,
       28280, 28300, 28304, 28305, 28311, 28331, 28364, 28368, 28400,
       28402, 28430, 28467, 28498, 28502, 28510, 28521, 28546, 28547,
       28587, 28602, 28613, 28622, 28682, 28721, 28747, 28752, 28758,
       28804, 28817, 28833, 28854, 28889, 28894, 28900, 28940, 28947,
       28966, 29055, 29078, 29088, 29108, 29117, 29144, 29173, 29226,
       29257, 29309, 29311, 29334, 29335, 29342, 29362, 29365, 29405,
       29455, 29546, 29559, 29580, 29583, 29596, 29599, 29619, 29654,
       29680, 29704, 29716, 29767, 29784, 29833, 29867, 29892, 29948,
       30044, 30046, 30048, 30066, 30081, 30091, 30102, 30163, 30200,
       30215, 30235, 30304, 30326, 30411, 30414, 30439, 30477, 30479,
       30485, 30544, 30557, 30572, 30602, 30663, 30688, 30703, 30744,
       30757, 30773, 30784, 30817, 30849, 30919, 30941, 30970, 31037,
       31042, 31047, 31057, 31118, 31128, 31130, 31150, 31164, 31173,
       31197, 31232, 31251, 31252, 31291, 31305, 31331, 31369, 31407,
       31432, 31448, 31452, 31463, 31478, 31505, 31527, 31540, 31545,
       31617, 31626, 31650, 31701, 31721, 31726, 31774, 31776, 31804,
       31843, 31980, 32009, 32038, 32044, 32049, 32082, 32089, 32110,
       32112, 32121, 32123, 32126, 32193, 32201, 32304, 32319, 32324,
       32327, 32377, 32393, 32423, 32453, 32460, 32466, 32484, 32533,
       32554, 32556, 32560, 32570, 32632, 32657, 32686, 32688, 32699,
       32700, 32712, 32724, 32735, 32740, 32758, 32787, 32814, 32840,
       32842, 32846, 32850, 32895, 32901, 32907, 32926, 32933, 33040,
       33103, 33131, 33161, 33170, 33181, 33195, 33213, 33243, 33257,
       33310, 33356, 33373, 33378, 33380, 33501, 33503, 33524, 33530,
       33596, 33638, 33644, 33702, 33733, 33764, 33802, 33825, 33838,
       33873, 33877, 33880, 33898, 33906, 33917, 33919, 33942, 33944,
       33952, 33956, 33957, 33990, 34027, 34045, 34062, 34103, 34111,
       34143, 34144, 34154, 34192, 34227, 34247, 34260, 34310, 34373,
       34416, 34417, 34422, 34423, 34451, 34519, 34570, 34577, 34601,
       34614, 34644, 34737, 34747, 34754, 34759, 34789, 34797, 34816,
       34846, 34883, 34894, 34972, 34976, 35016, 35035, 35093, 35098,
       35102, 35130, 35149, 35206, 35240, 35356, 35511, 35516, 35517,
       35591, 35603, 35708, 35711, 35726, 35766, 35803, 35811, 35857,
       35858, 35873, 35875, 35878, 35937, 35963, 35980, 36031, 36054,
       36079, 36090, 36121, 36149, 36157, 36204, 36220, 36266, 36268,
       36288, 36296, 36298, 36330, 36338, 36343, 36349, 36360, 36388,
       36394, 36474, 36478, 36498, 36598, 36619, 36634, 36663, 36703,
       36710, 36744, 36746, 36759, 36765, 36781, 36821, 36862, 36867,
       36898, 36910, 36924, 36943, 36970, 36971, 37002, 37029, 37064,
       37093, 37183, 37200, 37206, 37274, 37287, 37300, 37326, 37351,
       37409, 37429, 37445, 37483, 37489, 37535, 37553, 37585, 37586,
       37607, 37627, 37630, 37647, 37681, 37709, 37730, 37753, 37754,
       37762, 37763, 37771, 37772, 37789, 37835, 37839, 37845, 37857,
       37895, 37923, 37937, 37975, 37978, 37979, 38016, 38020, 38097,
       38112, 38131, 38134, 38148, 38167, 38205, 38232, 38282, 38292,
       38297, 38306, 38334, 38393, 38430, 38471, 38499, 38502, 38516,
       38584, 38588, 38725, 38839, 38845, 38867, 38885, 38927, 38937,
       38941, 38944, 38956, 38967, 38994, 39022, 39036, 39100, 39104,
       39109, 39136, 39149, 39154, 39158, 39169, 39182, 39189, 39199,
       39215, 39264, 39286, 39295, 39305, 39359, 39387, 39459, 39480,
       39503, 39505, 39551, 39557, 39601, 39616, 39628, 39638, 39690,
       39744, 39749, 39757, 39789, 39837, 39843, 39846, 39924, 39974,
       39980, 40052, 40067, 40089, 40090, 40099, 40114, 40153, 40212,
       40235, 40262, 40264, 40283, 40292, 40308, 40319, 40329, 40369,
       40371, 40373, 40388, 40393, 40394, 40402, 40431, 40437, 40450,
       40484, 40532, 40543, 40566, 40580, 40594, 40600, 40604, 40623,
       40635, 40696, 40722, 40729, 40784, 40814, 40840, 40900, 40907,
       40914, 40929, 40940, 40949, 40977, 40983, 40998, 41003, 41028,
       41061, 41063, 41066, 41075, 41076, 41092, 41110, 41136, 41152,
       41202, 41231, 41251, 41271, 41288, 41340, 41381, 41413, 41415,
       41454, 41515, 41524, 41542, 41617, 41660, 41678, 41682, 41714,
       41739, 41773, 41816, 41858, 41884, 41910, 41917, 41925, 41991,
       42003, 42033, 42066, 42069, 42090, 42099, 42102, 42112, 42205,
       42213, 42385, 42476, 42479, 42519, 42528, 42540, 42556, 42568,
       42606, 42691, 42695, 42730, 42731, 42795, 42827, 42843, 42847,
       42869, 42944, 42949, 42958, 42960, 42984, 42989, 42990, 43021,
       43029, 43042, 43043, 43050, 43057, 43063, 43086, 43097, 43098,
       43104, 43149, 43189, 43192, 43252, 43305, 43312, 43360, 43377,
       43397, 43494, 43498, 43570, 43587, 43632, 43635, 43709, 43838,
       43849, 43863, 43898, 43922, 44052, 44084, 44096, 44142, 44153,
       44175, 44178, 44213, 44264, 44287, 44310, 44318, 44319, 44338,
       44396, 44422, 44429, 44450, 44461, 44529, 44533, 44547, 44549,
       44553, 44654, 44668, 44674, 44789, 44808, 44872, 44891, 44895,
       44897, 44916, 44929, 44936, 44975, 44999, 45008, 45011, 45055,
       45081, 45090, 45105, 45120, 45122, 45172, 45179, 45188, 45206,
       45216, 45259, 45348, 45364, 45394, 45402, 45425, 45445, 45483,
       45544, 45571, 45631, 45656, 45662, 45675, 45703, 45706, 45721,
       45724, 45783, 45787, 45800, 45803, 45876, 45881, 45891, 45924,
       45929, 45957, 46008, 46037, 46112, 46116, 46130, 46152, 46183,
       46184, 46187, 46202, 46204, 46217, 46225, 46242, 46253, 46312,
       46362, 46384, 46403, 46423, 46426, 46458, 46466, 46481, 46529,
       46542, 46589, 46631, 46665, 46682, 46685, 46687, 46696, 46742,
       46745, 46775, 46805, 46835, 46846, 46880, 46886, 46948, 46960,
       46963, 46971, 47030, 47032, 47034, 47121, 47123, 47135, 47185,
       47203, 47232, 47292, 47308, 47329, 47332, 47355, 47365, 47381,
       47400, 47413, 47438, 47450, 47470, 47535, 47611, 47616, 47619,
       47635, 47652, 47689, 47699, 47727, 47731, 47734, 47753, 47759,
       47790, 47827, 47837, 47843, 47874, 47886, 47905, 47926, 47942,
       47992, 48066, 48115, 48138, 48147, 48193, 48288, 48298, 48307,
       48312, 48314, 48320, 48323, 48338, 48345, 48350, 48377, 48385,
       48452, 48482, 48483, 48518, 48556, 48561, 48567, 48653, 48671,
       48712, 48715, 48719, 48725, 48730, 48739, 48801, 48828, 48921,
       48992, 49120, 49181, 49189, 49205, 49226, 49264, 49399, 49404,
       49428, 49450, 49451, 49462, 49467]), array([   20,   131,   255,   523,   567,   616,   752,   758,   826,
         932,  1043,  1055,  1201,  1205,  1255,  1258,  1301,  1340,
        1514,  1682,  1766,  1771,  1842,  1907,  2001,  2031,  2042,
        2091,  2112,  2160,  2175,  2207,  2325,  2352,  2384,  2458,
        2733,  2761,  2809,  2873,  2875,  2912,  2979,  3025,  3045,
        3064,  3083,  3114,  3136,  3341,  3367,  3369,  3390,  3455,
        3491,  3511,  3529,  3641,  3647,  3736,  3789,  3810,  3844,
        4029,  4081,  4163,  4252,  4319,  4354,  4361,  4469,  4485,
        4646,  4665,  4668,  4751,  4767,  4782,  5095,  5171,  5193,
        5206,  5220,  5374,  5385,  5397,  5580,  5588,  5669,  5687,
        5707,  5737,  5761,  5771,  5804,  5849,  6024,  6072,  6137,
        6152,  6226,  6281,  6473,  6518,  6541,  6574,  6576,  6619,
        6708,  6791,  6800,  6848,  6905,  6940,  6941,  6967,  6968,
        7028,  7034,  7071,  7124,  7135,  7196,  7288,  7456,  7521,
        7781,  7969,  7986,  8033,  8084,  8090,  8213,  8238,  8334,
        8355,  8413,  8501,  8505,  8556,  8688,  8692,  8715,  8731,
        8861,  8897,  8955,  8979,  9064,  9125,  9149,  9192,  9220,
        9255,  9302,  9305,  9432,  9538,  9546,  9572,  9592,  9630,
        9656,  9753,  9754,  9805,  9911,  9979, 10081, 10091, 10113,
       10123, 10130, 10134, 10137, 10153, 10335, 10337, 10349, 10351,
       10510, 10513, 10554, 10578, 10600, 10619, 10786, 10811, 10831,
       10833, 10848, 10976, 10996, 11136, 11278, 11372, 11375, 11384,
       11469, 11473, 11490, 11580, 11751, 11805, 11815, 11831, 11882,
       11915, 11948, 11963, 12021, 12079, 12095, 12100, 12104, 12148,
       12199, 12246, 12263, 12368, 12488, 12529, 12551, 12557, 12576,
       12619, 12630, 12729, 12844, 12907, 13100, 13107, 13119, 13159,
       13186, 13194, 13215, 13297, 13354, 13361, 13362, 13436, 13508,
       13615, 13761, 13763, 13770, 13814, 13829, 13831, 13920, 13944,
       13999, 14037, 14112, 14115, 14211, 14230, 14320, 14332, 14343,
       14425, 14445, 14452, 14506, 14594, 14639, 14757, 14765, 14864,
       14899, 14978, 15079, 15241, 15257, 15281, 15288, 15324, 15360,
       15371, 15374, 15432, 15484, 15495, 15506, 15562, 15593, 15651,
       15700, 15707, 15804, 15844, 15865, 15949, 16014, 16063, 16088,
       16108, 16161, 16272, 16291, 16293, 16326, 16544, 16548, 16686,
       16708, 16721, 16725, 16754, 16812, 16861, 16872, 17081, 17104,
       17125, 17179, 17228, 17245, 17328, 17399, 17425, 17452, 17454,
       17564, 17585, 17610, 17661, 17662, 17669, 17687, 17754, 17859,
       17909, 18054, 18253, 18283, 18364, 18378, 18529, 18613, 18692,
       18817, 18906, 18915, 18929, 19066, 19165, 19326, 19384, 19412,
       19426, 19473, 19528, 19568, 19571, 19699, 19710, 19797, 19824,
       19999, 20003, 20045, 20204, 20216, 20277, 20376, 20397, 20431,
       20440, 20450, 20463, 20571, 20694, 20703, 20829, 20845, 20958,
       21130, 21331, 21596, 21617, 21628, 21717, 21772, 21811, 21812,
       21883, 22003, 22011, 22057, 22058, 22150, 22348, 22362, 22443,
       22475, 22622, 22639, 22729, 22777, 22782, 22793, 22823, 22892,
       23000, 23091, 23135, 23184, 23188, 23211, 23233, 23237, 23265,
       23295, 23336, 23373, 23414, 23450, 23498, 23584, 23601, 23627,
       23656, 23663, 23671, 23697, 23754, 23835, 23836, 23870, 23921,
       24046, 24053, 24111, 24181, 24201, 24410, 24421, 24606, 24616,
       24637, 24689, 24765, 24782, 24805, 24846, 24902, 24951, 25000,
       25147, 25154, 25163, 25217, 25223, 25224, 25230, 25240, 25421,
       25611, 25681, 25836, 25851, 25862, 25949, 26005, 26130, 26152,
       26154, 26365, 26429, 26462, 26474, 26477, 26478, 26526, 26562,
       26620, 26666, 26740, 26743, 26806, 26817, 26831, 26860, 26862,
       26915, 26955, 26959, 27036, 27050, 27088, 27113, 27160, 27201,
       27280, 27380, 27405, 27419, 27435, 27480, 27506, 27604, 27607,
       27677, 27772, 27838, 27853, 27881, 27931, 28011, 28100, 28122,
       28126, 28138, 28201, 28208, 28223, 28305, 28311, 28331, 28368,
       28430, 28498, 28510, 28547, 28587, 28602, 28613, 28622, 28682,
       28721, 28804, 28833, 28889, 28894, 28940, 28947, 29055, 29173,
       29257, 29311, 29334, 29362, 29365, 29405, 29546, 29580, 29583,
       29680, 29716, 29948, 30048, 30066, 30091, 30102, 30304, 30411,
       30439, 30477, 30485, 30572, 30602, 30688, 30744, 30817, 30919,
       31047, 31057, 31118, 31128, 31130, 31164, 31197, 31252, 31305,
       31407, 31448, 31505, 31527, 31626, 31721, 31776, 32009, 32044,
       32049, 32121, 32304, 32393, 32453, 32460, 32533, 32554, 32556,
       32560, 32657, 32700, 32712, 32735, 32758, 32840, 32842, 32846,
       32850, 32895, 32901, 32907, 33040, 33161, 33213, 33243, 33356,
       33373, 33378, 33501, 33524, 33596, 33644, 33733, 33802, 33825,
       33838, 33880, 33944, 33952, 33956, 33957, 33990, 34045, 34143,
       34310, 34416, 34422, 34570, 34644, 34754, 34789, 34797, 35093,
       35102, 35130, 35206, 35511, 35517, 35708, 35803, 35811, 35980,
       36121, 36157, 36204, 36266, 36268, 36296, 36338, 36343, 36349,
       36388, 36498, 36598, 36619, 36634, 36744, 36765, 36781, 36821,
       36862, 36867, 36971, 37002, 37029, 37064, 37274, 37287, 37351,
       37409, 37483, 37489, 37586, 37607, 37627, 37630, 37753, 37754,
       37762, 37839, 37845, 37857, 37923, 37975, 38020, 38131, 38134,
       38148, 38232, 38430, 38499, 38502, 38584, 38588, 38725, 38839,
       38927, 38937, 38956, 39022, 39100, 39104, 39149, 39154, 39169,
       39182, 39189, 39199, 39264, 39295, 39305, 39359, 39459, 39480,
       39503, 39505, 39551, 39601, 39638, 39690, 39749, 39789, 39843,
       39846, 39974, 39980, 40089, 40099, 40212, 40235, 40262, 40264,
       40308, 40329, 40371, 40373, 40388, 40394, 40431, 40484, 40532,
       40543, 40566, 40580, 40729, 40814, 40840, 40940, 40949, 40977,
       41003, 41061, 41063, 41066, 41076, 41136, 41152, 41251, 41288,
       41381, 41413, 41415, 41515, 41524, 41678, 41682, 41714, 41816,
       41925, 41991, 42003, 42069, 42205, 42385, 42479, 42540, 42556,
       42568, 42606, 42695, 42795, 42847, 42944, 42984, 42989, 42990,
       43042, 43057, 43063, 43098, 43104, 43149, 43192, 43312, 43360,
       43377, 43498, 43587, 43635, 43709, 43838, 43898, 44052, 44084,
       44096, 44175, 44178, 44264, 44310, 44318, 44319, 44338, 44450,
       44529, 44533, 44553, 44668, 44674, 44808, 44895, 44897, 44929,
       44936, 44999, 45011, 45090, 45105, 45122, 45172, 45179, 45188,
       45216, 45259, 45348, 45364, 45425, 45615, 45631, 45656, 45662,
       45706, 45783, 45787, 45929, 46116, 46152, 46183, 46184, 46204,
       46225, 46312, 46362, 46403, 46423, 46481, 46542, 46589, 46631,
       46665, 46682, 46685, 46696, 46775, 46835, 46846, 46880, 46886,
       46948, 46960, 47030, 47034, 47121, 47135, 47203, 47292, 47308,
       47329, 47400, 47413, 47438, 47450, 47611, 47616, 47759, 47827,
       47886, 47926, 47942, 48138, 48323, 48345, 48377, 48385, 48482,
       48556, 48561, 48921, 48992, 49181, 49189, 49205, 49404, 49462]), array([   20,   131,   567,   758,   826,   932,  1043,  1201,  1205,
        1258,  1301,  1340,  1771,  1842,  1907,  2031,  2042,  2112,
        2325,  2384,  2733,  2761,  2809,  2873,  2875,  2912,  2979,
        3025,  3045,  3064,  3083,  3114,  3136,  3369,  3390,  3455,
        3491,  3511,  3641,  3647,  3736,  3810,  3844,  4029,  4081,
        4163,  4252,  4319,  4361,  4575,  4665,  4668,  4751,  4782,
        4967,  5095,  5171,  5193,  5206,  5374,  5397,  5580,  5669,
        5687,  5707,  5761,  5771,  5804,  5819,  5849,  6473,  6518,
        6541,  6576,  6619,  6708,  6791,  6800,  6848,  7034,  7124,
        7288,  7456,  7521,  7986,  8084,  8090,  8213,  8238,  8316,
        8334,  8355,  8413,  8501,  8556,  8688,  8692,  8715,  8861,
        8955,  8979,  9125,  9149,  9192,  9220,  9302,  9546,  9592,
        9753,  9805,  9911,  9979, 10091, 10113, 10130, 10134, 10137,
       10153, 10335, 10337, 10349, 10510, 10513, 10554, 10578, 10619,
       10786, 10811, 10831, 10833, 10976, 11136, 11278, 11375, 11469,
       11490, 11751, 11815, 11831, 11882, 11963, 12079, 12095, 12100,
       12104, 12148, 12199, 12246, 12263, 12368, 12488, 12630, 12729,
       13107, 13194, 13215, 13354, 13436, 13508, 13615, 13761, 13814,
       13829, 13831, 13920, 13944, 13999, 14037, 14115, 14124, 14211,
       14230, 14320, 14343, 14452, 14594, 14639, 14864, 14899, 14978,
       15281, 15324, 15360, 15371, 15495, 15562, 15593, 15651, 15707,
       15804, 15865, 16014, 16063, 16088, 16108, 16161, 16272, 16291,
       16293, 16708, 16721, 16725, 16812, 16861, 16872, 17081, 17104,
       17125, 17179, 17245, 17328, 17399, 17425, 17452, 17454, 17585,
       17662, 17859, 18054, 18253, 18364, 18378, 18529, 18613, 18817,
       18929, 19326, 19329, 19412, 19426, 19568, 19710, 19797, 19812,
       19824, 19999, 20376, 20431, 20440, 20450, 20571, 20694, 20703,
       21130, 21331, 21596, 21617, 21772, 21812, 21883, 22003, 22011,
       22475, 22639, 22777, 22782, 22793, 22823, 22892, 23000, 23091,
       23184, 23188, 23233, 23265, 23295, 23336, 23373, 23414, 23584,
       23601, 23627, 23663, 23835, 23836, 23870, 23921, 24046, 24053,
       24111, 24421, 24606, 24637, 24846, 24951, 25000, 25147, 25154,
       25223, 25230, 25240, 25611, 25681, 25836, 25862, 25949, 26130,
       26152, 26154, 26477, 26562, 26620, 26666, 26743, 26817, 26955,
       26959, 27036, 27088, 27160, 27201, 27380, 27405, 27419, 27435,
       27480, 27506, 27607, 27677, 27772, 27838, 27881, 27931, 28011,
       28122, 28208, 28223, 28311, 28331, 28368, 28510, 28587, 28613,
       28682, 28721, 28804, 28833, 28889, 28894, 29055, 29173, 29257,
       29334, 29362, 29365, 29405, 29580, 29583, 29680, 29716, 29948,
       30048, 30091, 30163, 30304, 30477, 30688, 30817, 31047, 31057,
       31130, 31305, 31505, 31721, 31776, 31804, 32049, 32121, 32304,
       32393, 32453, 32533, 32560, 32735, 32758, 32840, 32842, 32846,
       32850, 32901, 33213, 33373, 33802, 33838, 33919, 33952, 33957,
       33990, 34143, 34416, 34422, 34570, 34614, 34644, 34754, 34797,
       35093, 35102, 35130, 35517, 35803, 35811, 36121, 36157, 36268,
       36296, 36338, 36349, 36388, 36598, 36619, 36744, 36765, 36821,
       36971, 37002, 37029, 37064, 37287, 37586, 37607, 37845, 37857,
       37923, 37975, 38131, 38499, 38502, 38584, 38588, 38725, 38839,
       38937, 38956, 39104, 39149, 39154, 39158, 39169, 39199, 39264,
       39295, 39359, 39459, 39480, 39503, 39551, 39601, 39690, 39749,
       39789, 39974, 39980, 40089, 40235, 40329, 40373, 40394, 40431,
       40484, 40543, 40580, 40729, 40940, 40949, 41003, 41076, 41152,
       41251, 41288, 41413, 41415, 41524, 41678, 41682, 41925, 41991,
       42003, 42069, 42099, 42205, 42385, 42479, 42540, 42556, 42568,
       42606, 42695, 42795, 42984, 42989, 42990, 43057, 43098, 43149,
       43192, 43312, 43360, 43709, 44052, 44096, 44175, 44310, 44318,
       44338, 44450, 44529, 44808, 44895, 44897, 44929, 44999, 45011,
       45090, 45105, 45122, 45172, 45216, 45348, 45364, 45631, 45656,
       45662, 45706, 45783, 45929, 46183, 46184, 46204, 46362, 46481,
       46542, 46589, 46665, 46685, 46775, 46835, 46880, 46948, 46960,
       47034, 47135, 47329, 47400, 47413, 47450, 47611, 47616, 47759,
       47827, 47886, 47926, 48138, 48385, 48482, 48921, 49181, 49205,
       49462]), array([   20,   567,   758,   932,  1043,  1201,  1258,  1301,  1340,
        1771,  1842,  1907,  2031,  2042,  2091,  2325,  2873,  2875,
        3045,  3136,  3369,  3390,  3455,  3491,  3641,  3647,  4081,
        4163,  4665,  4782,  5095,  5193,  5397,  5580,  5669,  5687,
        5707,  5737,  5761,  5771,  6024,  6152,  6473,  6518,  6541,
        6576,  6619,  6708,  6800,  6848,  7034,  7124,  7288,  7456,
        7521,  7986,  8084,  8213,  8334,  8355,  8413,  8556,  8688,
        8715,  8861,  8955,  8979,  9149,  9220,  9302,  9592,  9753,
        9805,  9979, 10091, 10113, 10130, 10137, 10153, 10335, 10351,
       10510, 10513, 10786, 10811, 10831, 10833, 11136, 11375, 11490,
       11882, 11963, 12079, 12095, 12100, 12104, 12148, 12246, 12263,
       12368, 12729, 13107, 13194, 13215, 13354, 13508, 13761, 13763,
       13831, 13944, 13999, 14037, 14115, 14211, 14230, 14343, 14452,
       14639, 14864, 15324, 15360, 15371, 15562, 15593, 15651, 15707,
       15804, 15865, 16014, 16063, 16088, 16108, 16272, 16293, 16708,
       16721, 16725, 16861, 16872, 17081, 17179, 17245, 17425, 17454,
       17585, 17662, 17859, 18253, 18378, 18529, 18929, 19326, 19426,
       19710, 20376, 20431, 20440, 20571, 20694, 21130, 21331, 21596,
       21617, 21772, 22003, 22011, 22475, 22639, 22777, 22782, 22823,
       23000, 23091, 23184, 23188, 23265, 23295, 23336, 23414, 23498,
       23663, 23835, 23836, 23870, 23921, 24046, 24111, 24846, 24951,
       25147, 25154, 25217, 25223, 25230, 25611, 25949, 26130, 26152,
       26154, 26562, 26620, 26666, 26743, 26817, 26959, 27088, 27201,
       27380, 27405, 27480, 27506, 27607, 27677, 27772, 27838, 27931,
       28122, 28208, 28311, 28331, 28368, 28587, 28613, 28804, 28833,
       28889, 28894, 29055, 29334, 29362, 29365, 29405, 29580, 29583,
       30048, 30477, 30817, 31047, 31057, 31721, 31776, 32049, 32121,
       32304, 32393, 32453, 32533, 32758, 32840, 32842, 32850, 32901,
       33373, 33838, 33952, 34143, 34416, 34422, 34570, 34644, 34797,
       35093, 35102, 35517, 35708, 35811, 36121, 36157, 36268, 36296,
       36338, 36349, 36388, 36598, 36619, 36765, 36821, 37002, 37064,
       37287, 37586, 37607, 37839, 37845, 37975, 38499, 38588, 38725,
       38956, 39104, 39154, 39169, 39199, 39264, 39359, 39459, 39503,
       39551, 39601, 39690, 39749, 39789, 39974, 39980, 40373, 40431,
       40484, 40543, 40580, 40729, 40949, 41076, 41152, 41251, 41288,
       41678, 41682, 41925, 42069, 42385, 42568, 42606, 42795, 42984,
       42989, 42990, 43063, 43098, 43192, 43312, 43360, 43709, 44096,
       44310, 44318, 44338, 44450, 44529, 44808, 44897, 44929, 45105,
       45122, 45172, 45188, 45348, 45364, 45631, 45662, 45706, 45783,
       46183, 46362, 46481, 46542, 46665, 46685, 46775, 46880, 46948,
       47034, 47135, 47329, 47400, 47450, 47616, 47827, 47886, 48385,
       48921, 49181]), array([   20,   131,   253,   255,   370,   523,   567,   616,   617,
         653,   752,   758,   826,   900,   932,   938,   952,  1043,
        1055,  1111,  1201,  1203,  1205,  1255,  1258,  1301,  1340,
        1501,  1514,  1682,  1715,  1766,  1771,  1825,  1831,  1842,
        1907,  2001,  2022,  2031,  2042,  2091,  2112,  2117,  2160,
        2175,  2207,  2325,  2352,  2384,  2458,  2689,  2733,  2742,
        2761,  2809,  2837,  2873,  2875,  2912,  2924,  2979,  2994,
        3025,  3045,  3064,  3083,  3114,  3136,  3341,  3367,  3369,
        3387,  3390,  3444,  3455,  3491,  3505,  3507,  3511,  3529,
        3531,  3641,  3647,  3736,  3810,  3844,  3846,  3911,  3981,
        4029,  4081,  4142,  4163,  4252,  4268,  4280,  4319,  4354,
        4361,  4467,  4469,  4575,  4646,  4665,  4668,  4751,  4767,
        4782,  4967,  5003,  5070,  5095,  5171,  5179,  5193,  5206,
        5220,  5240,  5244,  5263,  5374,  5385,  5397,  5494,  5519,
        5580,  5583,  5588,  5645,  5669,  5687,  5707,  5737,  5761,
        5771,  5804,  5819,  5849,  5892,  5906,  6003,  6024,  6072,
        6137,  6152,  6226,  6253,  6281,  6356,  6426,  6473,  6518,
        6532,  6541,  6576,  6619,  6708,  6791,  6800,  6848,  6898,
        6940,  6941,  6967,  6968,  7028,  7034,  7065,  7071,  7124,
        7288,  7371,  7456,  7521,  7549,  7568,  7674,  7781,  7799,
        7969,  7986,  8019,  8033,  8084,  8090,  8114,  8195,  8213,
        8238,  8269,  8316,  8334,  8355,  8364,  8371,  8404,  8413,
        8501,  8556,  8669,  8688,  8692,  8715,  8731,  8861,  8897,
        8955,  8979,  9008,  9064,  9105,  9108,  9125,  9149,  9168,
        9192,  9220,  9255,  9270,  9301,  9302,  9305,  9413,  9432,
        9477,  9486,  9538,  9546,  9572,  9592,  9630,  9656,  9658,
        9682,  9753,  9754,  9805,  9911,  9979, 10008, 10017, 10081,
       10091, 10113, 10123, 10130, 10134, 10137, 10153, 10335, 10337,
       10349, 10351, 10510, 10513, 10554, 10578, 10619, 10642, 10695,
       10727, 10737, 10786, 10811, 10831, 10833, 10848, 10976, 10996,
       11130, 11136, 11193, 11236, 11278, 11375, 11384, 11469, 11490,
       11512, 11532, 11580, 11751, 11805, 11815, 11831, 11882, 11915,
       11948, 11963, 11991, 12021, 12079, 12095, 12100, 12104, 12148,
       12199, 12246, 12263, 12332, 12368, 12393, 12450, 12470, 12488,
       12496, 12529, 12551, 12557, 12576, 12619, 12630, 12650, 12674,
       12729, 12835, 12900, 12907, 13081, 13100, 13107, 13119, 13155,
       13159, 13186, 13194, 13215, 13297, 13341, 13354, 13361, 13436,
       13508, 13615, 13761, 13763, 13803, 13807, 13814, 13829, 13831,
       13920, 13944, 13951, 13987, 13999, 14037, 14112, 14115, 14124,
       14211, 14223, 14230, 14320, 14343, 14445, 14452, 14491, 14594,
       14637, 14639, 14765, 14824, 14864, 14899, 14963, 14978, 14996,
       15079, 15136, 15241, 15281, 15288, 15324, 15360, 15370, 15371,
       15374, 15408, 15484, 15495, 15506, 15561, 15562, 15571, 15593,
       15651, 15700, 15707, 15804, 15865, 15949, 16014, 16063, 16075,
       16088, 16108, 16161, 16272, 16291, 16293, 16326, 16438, 16544,
       16548, 16579, 16686, 16708, 16721, 16725, 16754, 16812, 16861,
       16872, 16878, 17081, 17104, 17125, 17179, 17228, 17245, 17328,
       17399, 17425, 17452, 17454, 17564, 17585, 17610, 17661, 17662,
       17669, 17687, 17754, 17859, 17909, 18016, 18054, 18131, 18253,
       18283, 18286, 18364, 18378, 18529, 18613, 18735, 18817, 18915,
       18929, 19012, 19023, 19060, 19114, 19164, 19165, 19275, 19310,
       19312, 19320, 19326, 19329, 19384, 19387, 19412, 19426, 19449,
       19473, 19483, 19528, 19568, 19571, 19580, 19699, 19710, 19712,
       19797, 19812, 19824, 19900, 19966, 19985, 19999, 20045, 20078,
       20198, 20204, 20216, 20277, 20376, 20431, 20440, 20450, 20463,
       20520, 20568, 20571, 20689, 20694, 20703, 20845, 20958, 20978,
       21130, 21133, 21239, 21282, 21331, 21511, 21596, 21617, 21627,
       21757, 21772, 21811, 21812, 21883, 22003, 22011, 22058, 22075,
       22142, 22150, 22277, 22287, 22295, 22348, 22362, 22443, 22475,
       22592, 22622, 22639, 22666, 22729, 22761, 22777, 22780, 22782,
       22793, 22823, 22892, 22897, 23000, 23073, 23091, 23104, 23135,
       23184, 23188, 23211, 23233, 23237, 23265, 23295, 23336, 23366,
       23373, 23395, 23414, 23450, 23498, 23584, 23601, 23627, 23656,
       23663, 23671, 23697, 23754, 23806, 23835, 23836, 23870, 23889,
       23921, 23962, 23991, 24046, 24053, 24111, 24181, 24221, 24410,
       24421, 24523, 24569, 24606, 24616, 24637, 24765, 24782, 24846,
       24902, 24951, 25000, 25147, 25154, 25195, 25217, 25223, 25230,
       25240, 25347, 25611, 25681, 25795, 25836, 25851, 25862, 25949,
       26005, 26130, 26152, 26154, 26207, 26234, 26429, 26462, 26474,
       26477, 26478, 26526, 26538, 26562, 26574, 26620, 26666, 26716,
       26740, 26743, 26806, 26816, 26817, 26821, 26831, 26833, 26860,
       26862, 26955, 26959, 27008, 27036, 27050, 27088, 27110, 27113,
       27130, 27160, 27201, 27280, 27288, 27380, 27405, 27419, 27435,
       27480, 27506, 27604, 27607, 27677, 27747, 27772, 27838, 27853,
       27881, 27925, 27931, 28011, 28100, 28122, 28126, 28138, 28201,
       28208, 28223, 28305, 28311, 28331, 28355, 28364, 28368, 28400,
       28430, 28498, 28510, 28547, 28587, 28602, 28613, 28622, 28682,
       28721, 28758, 28804, 28817, 28833, 28839, 28889, 28894, 28940,
       29055, 29088, 29117, 29166, 29173, 29226, 29257, 29311, 29334,
       29362, 29365, 29405, 29471, 29546, 29580, 29583, 29680, 29716,
       29867, 29948, 30044, 30048, 30066, 30091, 30102, 30163, 30215,
       30304, 30411, 30439, 30477, 30479, 30572, 30602, 30688, 30744,
       30757, 30773, 30817, 30919, 31042, 31047, 31057, 31128, 31130,
       31197, 31232, 31252, 31305, 31448, 31505, 31540, 31617, 31626,
       31721, 31774, 31776, 31804, 31980, 32009, 32049, 32082, 32089,
       32121, 32123, 32126, 32201, 32304, 32393, 32453, 32533, 32554,
       32560, 32570, 32657, 32680, 32688, 32700, 32712, 32735, 32758,
       32840, 32842, 32846, 32850, 32895, 32901, 32907, 32926, 33040,
       33131, 33161, 33170, 33213, 33243, 33373, 33378, 33501, 33524,
       33644, 33733, 33802, 33825, 33838, 33880, 33906, 33919, 33952,
       33956, 33957, 33990, 34045, 34143, 34260, 34310, 34416, 34422,
       34423, 34570, 34614, 34644, 34737, 34754, 34789, 34797, 34869,
       34894, 34976, 35035, 35093, 35102, 35130, 35149, 35206, 35511,
       35516, 35517, 35570, 35652, 35708, 35803, 35811, 35858, 35980,
       36031, 36079, 36121, 36149, 36157, 36204, 36268, 36296, 36338,
       36343, 36349, 36388, 36598, 36619, 36634, 36744, 36765, 36781,
       36821, 36862, 36867, 36910, 36943, 36971, 37002, 37029, 37064,
       37274, 37287, 37351, 37409, 37438, 37483, 37489, 37553, 37586,
       37607, 37627, 37630, 37647, 37753, 37754, 37762, 37772, 37835,
       37839, 37845, 37857, 37923, 37937, 37975, 37978, 38016, 38020,
       38097, 38112, 38131, 38134, 38148, 38167, 38232, 38306, 38393,
       38499, 38502, 38584, 38588, 38725, 38839, 38885, 38927, 38937,
       38941, 38956, 39100, 39104, 39148, 39149, 39154, 39158, 39169,
       39199, 39264, 39295, 39305, 39347, 39359, 39459, 39480, 39503,
       39505, 39551, 39601, 39638, 39690, 39744, 39749, 39789, 39843,
       39846, 39974, 39980, 40067, 40089, 40099, 40212, 40235, 40262,
       40264, 40308, 40329, 40371, 40373, 40388, 40394, 40431, 40484,
       40532, 40543, 40566, 40580, 40594, 40686, 40729, 40814, 40840,
       40900, 40940, 40949, 40977, 41003, 41061, 41076, 41092, 41152,
       41251, 41288, 41381, 41413, 41415, 41454, 41515, 41524, 41617,
       41678, 41682, 41714, 41816, 41925, 41991, 42003, 42069, 42090,
       42099, 42102, 42112, 42205, 42213, 42217, 42385, 42479, 42540,
       42556, 42568, 42606, 42695, 42795, 42843, 42847, 42869, 42944,
       42949, 42984, 42989, 42990, 43029, 43042, 43057, 43063, 43086,
       43098, 43149, 43189, 43192, 43305, 43312, 43360, 43377, 43494,
       43570, 43587, 43635, 43709, 43838, 44052, 44084, 44096, 44153,
       44175, 44178, 44213, 44264, 44310, 44318, 44319, 44338, 44450,
       44529, 44533, 44577, 44668, 44674, 44693, 44789, 44808, 44895,
       44897, 44929, 44936, 44975, 44999, 45011, 45090, 45105, 45122,
       45172, 45188, 45216, 45259, 45348, 45364, 45425, 45430, 45483,
       45615, 45631, 45662, 45675, 45706, 45783, 45787, 45800, 45924,
       45929, 46155, 46183, 46184, 46194, 46202, 46204, 46225, 46312,
       46328, 46362, 46384, 46403, 46423, 46426, 46466, 46481, 46542,
       46589, 46631, 46665, 46682, 46685, 46687, 46696, 46745, 46775,
       46805, 46835, 46846, 46880, 46886, 46948, 46960, 47030, 47034,
       47121, 47135, 47185, 47203, 47308, 47329, 47400, 47413, 47438,
       47450, 47611, 47616, 47731, 47734, 47759, 47827, 47886, 47926,
       48133, 48138, 48288, 48323, 48345, 48377, 48385, 48409, 48452,
       48482, 48514, 48556, 48561, 48653, 48682, 48719, 48921, 48992,
       49181, 49189, 49205, 49404, 49462]), array([   20,   131,   253,   255,   370,   523,   567,   616,   653,
         707,   752,   758,   826,   900,   932,   938,   952,  1043,
        1055,  1111,  1175,  1201,  1203,  1205,  1255,  1258,  1301,
        1340,  1501,  1514,  1601,  1622,  1682,  1715,  1766,  1771,
        1825,  1831,  1842,  1907,  2001,  2022,  2031,  2042,  2091,
        2112,  2117,  2160,  2175,  2207,  2325,  2347,  2352,  2384,
        2458,  2469,  2733,  2742,  2761,  2809,  2837,  2873,  2875,
        2912,  2924,  2979,  2994,  3025,  3045,  3064,  3083,  3114,
        3136,  3341,  3367,  3369,  3387,  3390,  3444,  3455,  3491,
        3505,  3507,  3511,  3529,  3531,  3641,  3647,  3736,  3810,
        3844,  3846,  3878,  3911,  3981,  4029,  4081,  4142,  4163,
        4252,  4268,  4280,  4319,  4354,  4361,  4467,  4469,  4575,
        4646,  4665,  4668,  4751,  4767,  4782,  4967,  4988,  5003,
        5070,  5095,  5171,  5179,  5193,  5206,  5220,  5240,  5244,
        5263,  5374,  5385,  5397,  5444,  5494,  5519,  5552,  5580,
        5583,  5588,  5645,  5669,  5687,  5707,  5737,  5761,  5771,
        5804,  5819,  5849,  5892,  5906,  5996,  6003,  6024,  6137,
        6152,  6226,  6253,  6281,  6356,  6426,  6473,  6518,  6541,
        6576,  6619,  6708,  6791,  6800,  6848,  6898,  6905,  6940,
        6967,  6968,  7028,  7034,  7065,  7071,  7124,  7288,  7371,
        7428,  7456,  7521,  7549,  7568,  7674,  7781,  7799,  7964,
        7969,  7986,  8019,  8033,  8036,  8084,  8090,  8114,  8195,
        8213,  8238,  8265,  8316,  8325,  8334,  8355,  8364,  8371,
        8413,  8501,  8539,  8556,  8669,  8688,  8692,  8715,  8731,
        8760,  8861,  8897,  8955,  8979,  9050,  9064,  9105,  9108,
        9125,  9149,  9168,  9192,  9220,  9255,  9270,  9301,  9302,
        9305,  9352,  9413,  9477,  9510,  9538,  9546,  9564,  9572,
        9592,  9630,  9656,  9753,  9754,  9805,  9911,  9925,  9979,
       10008, 10017, 10081, 10091, 10113, 10123, 10130, 10134, 10137,
       10153, 10335, 10337, 10349, 10351, 10510, 10513, 10554, 10570,
       10578, 10619, 10642, 10665, 10695, 10727, 10737, 10786, 10811,
       10831, 10833, 10848, 10976, 10996, 11130, 11136, 11193, 11278,
       11375, 11469, 11490, 11512, 11532, 11580, 11751, 11805, 11815,
       11831, 11882, 11915, 11948, 11963, 11991, 12021, 12079, 12095,
       12100, 12104, 12148, 12199, 12246, 12263, 12332, 12368, 12393,
       12450, 12488, 12496, 12529, 12551, 12557, 12576, 12619, 12630,
       12650, 12674, 12729, 12785, 12835, 12900, 12907, 13081, 13100,
       13107, 13119, 13155, 13159, 13186, 13194, 13215, 13228, 13297,
       13341, 13354, 13361, 13362, 13436, 13508, 13581, 13615, 13761,
       13763, 13803, 13807, 13814, 13829, 13831, 13920, 13944, 13951,
       13987, 13999, 14037, 14112, 14115, 14124, 14207, 14211, 14223,
       14230, 14320, 14332, 14343, 14445, 14452, 14491, 14594, 14637,
       14639, 14765, 14824, 14864, 14899, 14963, 14978, 15012, 15079,
       15136, 15241, 15281, 15324, 15360, 15370, 15371, 15374, 15408,
       15484, 15495, 15506, 15561, 15562, 15593, 15651, 15700, 15707,
       15804, 15865, 15939, 15949, 16014, 16063, 16075, 16088, 16108,
       16161, 16272, 16291, 16293, 16326, 16438, 16544, 16548, 16685,
       16708, 16721, 16725, 16754, 16812, 16861, 16872, 16878, 17081,
       17104, 17125, 17179, 17228, 17245, 17312, 17328, 17399, 17425,
       17452, 17454, 17564, 17585, 17610, 17661, 17662, 17669, 17687,
       17754, 17859, 17909, 17957, 18016, 18054, 18147, 18253, 18283,
       18286, 18364, 18378, 18529, 18613, 18647, 18692, 18735, 18817,
       18915, 18929, 19012, 19023, 19060, 19114, 19164, 19165, 19168,
       19275, 19310, 19312, 19320, 19326, 19329, 19384, 19387, 19412,
       19426, 19449, 19473, 19488, 19528, 19568, 19571, 19580, 19623,
       19710, 19712, 19796, 19797, 19812, 19824, 19900, 19966, 19985,
       19999, 20045, 20078, 20085, 20204, 20216, 20277, 20376, 20431,
       20440, 20450, 20456, 20463, 20520, 20568, 20571, 20689, 20694,
       20703, 20845, 20958, 21130, 21133, 21239, 21282, 21331, 21511,
       21596, 21617, 21627, 21718, 21726, 21757, 21772, 21811, 21812,
       21883, 22003, 22011, 22058, 22075, 22142, 22150, 22277, 22287,
       22295, 22331, 22348, 22362, 22443, 22475, 22592, 22622, 22639,
       22666, 22761, 22777, 22780, 22782, 22793, 22823, 22840, 22892,
       22897, 23000, 23073, 23091, 23104, 23135, 23184, 23188, 23211,
       23233, 23237, 23265, 23295, 23336, 23373, 23414, 23450, 23498,
       23584, 23601, 23627, 23663, 23697, 23806, 23835, 23836, 23870,
       23889, 23921, 23962, 23991, 23995, 24046, 24053, 24111, 24113,
       24181, 24221, 24410, 24421, 24523, 24569, 24606, 24616, 24637,
       24765, 24782, 24805, 24846, 24902, 24951, 25000, 25147, 25154,
       25195, 25217, 25223, 25230, 25240, 25347, 25561, 25611, 25681,
       25795, 25836, 25851, 25862, 25949, 26005, 26130, 26152, 26154,
       26207, 26234, 26375, 26429, 26474, 26477, 26478, 26526, 26538,
       26562, 26620, 26666, 26716, 26740, 26743, 26806, 26816, 26817,
       26821, 26831, 26833, 26860, 26862, 26955, 26959, 27008, 27014,
       27036, 27050, 27088, 27110, 27113, 27130, 27160, 27201, 27222,
       27280, 27288, 27380, 27405, 27419, 27435, 27480, 27506, 27545,
       27604, 27607, 27677, 27747, 27772, 27838, 27853, 27881, 27925,
       27931, 27944, 28011, 28089, 28100, 28122, 28126, 28138, 28201,
       28208, 28305, 28311, 28331, 28364, 28368, 28430, 28498, 28510,
       28519, 28547, 28587, 28602, 28613, 28622, 28682, 28721, 28758,
       28804, 28817, 28833, 28839, 28889, 28894, 28896, 28900, 28940,
       29055, 29088, 29117, 29166, 29173, 29257, 29311, 29334, 29362,
       29365, 29405, 29428, 29455, 29471, 29546, 29580, 29583, 29680,
       29716, 29867, 29948, 30044, 30048, 30066, 30091, 30102, 30163,
       30215, 30304, 30411, 30439, 30477, 30479, 30572, 30602, 30688,
       30744, 30757, 30773, 30817, 30919, 31042, 31047, 31057, 31118,
       31128, 31130, 31197, 31232, 31252, 31305, 31448, 31478, 31505,
       31540, 31617, 31626, 31650, 31721, 31774, 31776, 31804, 31980,
       32009, 32049, 32082, 32089, 32121, 32123, 32126, 32201, 32304,
       32319, 32393, 32453, 32475, 32477, 32533, 32554, 32556, 32560,
       32570, 32657, 32680, 32688, 32700, 32735, 32758, 32840, 32842,
       32846, 32850, 32895, 32901, 32907, 32926, 33040, 33161, 33213,
       33243, 33373, 33378, 33503, 33524, 33644, 33733, 33802, 33825,
       33838, 33877, 33880, 33906, 33919, 33952, 33956, 33957, 33990,
       34045, 34143, 34260, 34416, 34417, 34422, 34423, 34570, 34614,
       34617, 34644, 34737, 34754, 34789, 34797, 34869, 34894, 34976,
       35035, 35093, 35098, 35102, 35130, 35206, 35495, 35511, 35517,
       35570, 35652, 35708, 35729, 35803, 35811, 35858, 36079, 36090,
       36121, 36149, 36157, 36205, 36266, 36268, 36296, 36330, 36338,
       36343, 36349, 36388, 36598, 36619, 36627, 36634, 36744, 36765,
       36781, 36821, 36862, 36867, 36943, 36971, 37002, 37029, 37064,
       37274, 37287, 37351, 37409, 37438, 37483, 37489, 37553, 37586,
       37607, 37627, 37630, 37647, 37753, 37754, 37762, 37772, 37835,
       37839, 37845, 37857, 37923, 37937, 37975, 38020, 38097, 38112,
       38131, 38134, 38148, 38167, 38232, 38393, 38424, 38499, 38502,
       38584, 38588, 38725, 38839, 38881, 38885, 38927, 38937, 38941,
       38956, 39022, 39100, 39104, 39148, 39149, 39154, 39158, 39169,
       39189, 39199, 39264, 39295, 39305, 39347, 39359, 39459, 39480,
       39503, 39505, 39551, 39601, 39638, 39690, 39718, 39744, 39749,
       39789, 39843, 39846, 39974, 39980, 40067, 40083, 40089, 40099,
       40212, 40235, 40249, 40262, 40308, 40318, 40329, 40371, 40373,
       40388, 40393, 40394, 40431, 40484, 40532, 40543, 40566, 40580,
       40594, 40623, 40686, 40729, 40814, 40840, 40900, 40907, 40940,
       40949, 40977, 41003, 41061, 41076, 41092, 41128, 41152, 41251,
       41288, 41413, 41415, 41454, 41524, 41617, 41678, 41682, 41714,
       41739, 41816, 41858, 41884, 41910, 41925, 41991, 42003, 42069,
       42090, 42099, 42102, 42112, 42205, 42213, 42217, 42385, 42479,
       42540, 42556, 42568, 42606, 42695, 42795, 42843, 42847, 42869,
       42944, 42949, 42984, 42989, 42990, 43029, 43042, 43057, 43063,
       43086, 43098, 43104, 43149, 43189, 43192, 43312, 43360, 43397,
       43494, 43570, 43635, 43709, 43838, 44052, 44084, 44096, 44153,
       44175, 44178, 44213, 44264, 44310, 44318, 44319, 44338, 44450,
       44529, 44549, 44553, 44577, 44668, 44674, 44693, 44789, 44808,
       44895, 44897, 44929, 44936, 44999, 45011, 45090, 45105, 45122,
       45172, 45188, 45216, 45259, 45348, 45364, 45402, 45425, 45477,
       45483, 45577, 45615, 45631, 45656, 45662, 45675, 45703, 45706,
       45783, 45787, 45800, 45803, 45924, 45929, 46155, 46183, 46184,
       46194, 46202, 46204, 46225, 46312, 46328, 46362, 46384, 46403,
       46423, 46426, 46466, 46481, 46542, 46589, 46655, 46665, 46682,
       46685, 46687, 46696, 46742, 46745, 46752, 46775, 46805, 46835,
       46846, 46880, 46886, 46948, 46960, 47030, 47034, 47116, 47135,
       47185, 47203, 47308, 47329, 47381, 47400, 47413, 47438, 47450,
       47470, 47611, 47616, 47689, 47699, 47731, 47734, 47759, 47790,
       47827, 47886, 47926, 48133, 48138, 48168, 48307, 48323, 48345,
       48377, 48385, 48409, 48452, 48482, 48514, 48556, 48561, 48653,
       48682, 48719, 48921, 48935, 48992, 49181, 49189, 49205, 49404,
       49462]), array([   20,    66,   131,   253,   255,   523,   567,   616,   653,
         752,   758,   826,   932,   938,   952,  1043,  1111,  1139,
        1197,  1201,  1203,  1205,  1255,  1258,  1301,  1340,  1501,
        1514,  1515,  1601,  1682,  1715,  1766,  1771,  1825,  1831,
        1842,  1907,  2022,  2031,  2042,  2091,  2112,  2117,  2160,
        2175,  2207,  2325,  2352,  2384,  2458,  2469,  2733,  2742,
        2761,  2809,  2837,  2873,  2875,  2912,  2924,  2979,  3025,
        3045,  3064,  3083,  3114,  3136,  3266,  3341,  3369,  3387,
        3390,  3444,  3455,  3491,  3505,  3507,  3511,  3529,  3531,
        3641,  3647,  3736,  3810,  3844,  3846,  3878,  3911,  3981,
        4029,  4081,  4142,  4163,  4252,  4268,  4280,  4319,  4354,
        4361,  4467,  4469,  4575,  4646,  4665,  4668,  4747,  4751,
        4767,  4782,  4945,  4967,  5003,  5070,  5095,  5171,  5193,
        5206,  5220,  5240,  5244,  5263,  5374,  5385,  5397,  5444,
        5494,  5519,  5543,  5580,  5583,  5588,  5645,  5669,  5687,
        5707,  5737,  5761,  5771,  5804,  5819,  5849,  5872,  5892,
        5906,  5996,  6003,  6024,  6072,  6137,  6152,  6226,  6253,
        6281,  6356,  6426,  6473,  6518,  6532,  6541,  6576,  6619,
        6708,  6791,  6800,  6848,  6898,  6905,  6940,  6967,  6968,
        7028,  7034,  7065,  7071,  7124,  7233,  7288,  7371,  7456,
        7521,  7549,  7568,  7674,  7781,  7799,  7964,  7986,  8019,
        8033,  8036,  8084,  8090,  8114,  8117,  8195,  8213,  8238,
        8265,  8316,  8325,  8334,  8355,  8362,  8364,  8371,  8404,
        8413,  8501,  8556,  8669,  8688,  8692,  8715,  8731,  8760,
        8861,  8897,  8955,  8979,  9008,  9050,  9064,  9105,  9108,
        9125,  9149,  9168,  9192,  9220,  9255,  9270,  9301,  9302,
        9305,  9413,  9432,  9477,  9510,  9538,  9546,  9572,  9592,
        9630,  9656,  9682,  9753,  9754,  9805,  9911,  9925,  9979,
       10008, 10017, 10081, 10091, 10113, 10123, 10130, 10134, 10137,
       10153, 10335, 10337, 10349, 10351, 10510, 10513, 10554, 10570,
       10571, 10578, 10619, 10642, 10665, 10695, 10727, 10737, 10786,
       10811, 10831, 10833, 10848, 10976, 10996, 11130, 11136, 11193,
       11236, 11278, 11372, 11375, 11469, 11490, 11512, 11532, 11580,
       11751, 11805, 11815, 11831, 11882, 11915, 11948, 11963, 11991,
       12021, 12079, 12095, 12100, 12104, 12148, 12199, 12246, 12263,
       12332, 12368, 12393, 12450, 12488, 12496, 12529, 12551, 12557,
       12619, 12630, 12650, 12674, 12729, 12785, 12835, 12898, 12900,
       12907, 13022, 13081, 13100, 13107, 13108, 13119, 13155, 13156,
       13159, 13186, 13194, 13215, 13228, 13297, 13320, 13341, 13354,
       13361, 13362, 13436, 13508, 13545, 13581, 13615, 13761, 13763,
       13807, 13814, 13829, 13831, 13920, 13944, 13987, 13999, 14037,
       14112, 14115, 14124, 14211, 14223, 14230, 14320, 14343, 14425,
       14452, 14462, 14594, 14637, 14639, 14765, 14824, 14859, 14864,
       14899, 14978, 15079, 15136, 15241, 15281, 15324, 15360, 15370,
       15371, 15374, 15408, 15484, 15495, 15506, 15561, 15562, 15571,
       15593, 15651, 15700, 15707, 15804, 15844, 15865, 15949, 16014,
       16063, 16075, 16088, 16108, 16161, 16272, 16291, 16293, 16316,
       16326, 16438, 16501, 16544, 16548, 16708, 16721, 16725, 16754,
       16776, 16812, 16861, 16872, 16878, 17081, 17104, 17125, 17179,
       17205, 17245, 17328, 17399, 17425, 17452, 17454, 17564, 17585,
       17610, 17661, 17662, 17669, 17687, 17754, 17859, 17909, 17957,
       18016, 18054, 18147, 18253, 18283, 18286, 18364, 18378, 18529,
       18613, 18735, 18817, 18850, 18915, 18929, 19012, 19023, 19060,
       19114, 19164, 19165, 19233, 19275, 19310, 19320, 19326, 19329,
       19384, 19387, 19412, 19426, 19449, 19473, 19483, 19488, 19528,
       19568, 19571, 19580, 19623, 19710, 19712, 19796, 19797, 19812,
       19824, 19900, 19966, 19985, 19999, 20045, 20078, 20198, 20204,
       20216, 20257, 20277, 20376, 20431, 20440, 20450, 20456, 20463,
       20520, 20568, 20571, 20689, 20694, 20703, 20845, 20958, 21130,
       21133, 21239, 21282, 21331, 21355, 21511, 21596, 21617, 21627,
       21726, 21757, 21772, 21811, 21812, 21883, 22003, 22011, 22058,
       22075, 22092, 22142, 22150, 22251, 22277, 22287, 22295, 22348,
       22362, 22443, 22475, 22559, 22569, 22592, 22622, 22639, 22761,
       22777, 22780, 22782, 22793, 22823, 22892, 22897, 23000, 23073,
       23091, 23104, 23135, 23184, 23188, 23211, 23233, 23237, 23265,
       23295, 23336, 23373, 23414, 23450, 23498, 23584, 23601, 23627,
       23656, 23663, 23671, 23697, 23806, 23835, 23836, 23870, 23889,
       23921, 23962, 23991, 23995, 24035, 24046, 24053, 24084, 24111,
       24113, 24146, 24181, 24221, 24410, 24421, 24523, 24569, 24596,
       24606, 24616, 24637, 24765, 24782, 24846, 24902, 24951, 25000,
       25090, 25147, 25154, 25163, 25179, 25195, 25217, 25223, 25230,
       25240, 25347, 25561, 25611, 25626, 25681, 25795, 25836, 25851,
       25862, 25949, 26005, 26022, 26130, 26152, 26154, 26207, 26234,
       26429, 26462, 26474, 26477, 26478, 26538, 26562, 26620, 26666,
       26740, 26743, 26806, 26816, 26817, 26821, 26831, 26833, 26860,
       26862, 26955, 26959, 27008, 27036, 27088, 27110, 27113, 27130,
       27160, 27201, 27222, 27280, 27288, 27380, 27405, 27419, 27435,
       27480, 27506, 27545, 27604, 27607, 27677, 27747, 27772, 27838,
       27853, 27881, 27925, 27931, 27944, 28011, 28100, 28122, 28126,
       28138, 28201, 28208, 28223, 28305, 28311, 28331, 28364, 28368,
       28400, 28430, 28498, 28510, 28511, 28519, 28547, 28587, 28602,
       28613, 28622, 28682, 28721, 28758, 28804, 28817, 28833, 28839,
       28889, 28894, 28896, 28900, 28940, 29055, 29088, 29117, 29166,
       29173, 29257, 29311, 29334, 29362, 29365, 29405, 29428, 29455,
       29471, 29546, 29580, 29583, 29680, 29716, 29867, 29948, 30044,
       30048, 30066, 30091, 30102, 30163, 30200, 30215, 30304, 30411,
       30477, 30479, 30572, 30602, 30688, 30744, 30757, 30773, 30817,
       30919, 31042, 31047, 31057, 31128, 31130, 31197, 31232, 31252,
       31305, 31381, 31448, 31478, 31505, 31540, 31617, 31626, 31650,
       31674, 31721, 31774, 31776, 31804, 31980, 32009, 32049, 32082,
       32089, 32121, 32123, 32126, 32201, 32304, 32319, 32393, 32453,
       32475, 32477, 32533, 32554, 32556, 32560, 32570, 32657, 32680,
       32700, 32735, 32758, 32840, 32842, 32846, 32850, 32895, 32901,
       32907, 32926, 33040, 33161, 33213, 33234, 33243, 33373, 33378,
       33503, 33524, 33644, 33733, 33802, 33825, 33838, 33877, 33880,
       33906, 33919, 33952, 33956, 33957, 33990, 34045, 34143, 34168,
       34260, 34369, 34416, 34422, 34570, 34614, 34644, 34737, 34754,
       34789, 34797, 34869, 34894, 34976, 35035, 35093, 35102, 35130,
       35149, 35196, 35206, 35495, 35511, 35517, 35570, 35652, 35708,
       35729, 35803, 35811, 35858, 36079, 36090, 36121, 36149, 36157,
       36205, 36266, 36268, 36296, 36330, 36338, 36343, 36349, 36388,
       36448, 36598, 36619, 36627, 36634, 36765, 36781, 36821, 36862,
       36867, 36943, 36971, 36975, 37002, 37029, 37064, 37183, 37206,
       37274, 37287, 37351, 37409, 37411, 37438, 37483, 37553, 37586,
       37607, 37627, 37630, 37647, 37681, 37753, 37762, 37772, 37789,
       37835, 37839, 37845, 37857, 37908, 37923, 37937, 37975, 38016,
       38020, 38097, 38112, 38131, 38134, 38148, 38167, 38232, 38339,
       38393, 38424, 38499, 38502, 38584, 38588, 38725, 38839, 38881,
       38885, 38927, 38937, 38941, 38956, 39022, 39082, 39100, 39104,
       39148, 39149, 39154, 39158, 39169, 39189, 39199, 39264, 39295,
       39305, 39347, 39359, 39459, 39480, 39503, 39505, 39551, 39601,
       39638, 39690, 39718, 39744, 39749, 39789, 39843, 39846, 39883,
       39974, 39980, 40067, 40083, 40089, 40099, 40235, 40262, 40306,
       40308, 40318, 40319, 40329, 40371, 40373, 40388, 40393, 40394,
       40431, 40484, 40532, 40543, 40566, 40580, 40594, 40623, 40686,
       40729, 40814, 40840, 40900, 40907, 40940, 40949, 40977, 41003,
       41061, 41066, 41076, 41092, 41128, 41152, 41251, 41288, 41413,
       41415, 41454, 41524, 41617, 41678, 41682, 41714, 41816, 41858,
       41925, 41991, 42003, 42069, 42090, 42099, 42102, 42112, 42205,
       42213, 42217, 42385, 42479, 42540, 42556, 42568, 42606, 42695,
       42795, 42843, 42847, 42869, 42944, 42949, 42984, 42989, 42990,
       43029, 43042, 43057, 43063, 43098, 43142, 43149, 43189, 43192,
       43312, 43360, 43397, 43494, 43570, 43635, 43709, 43838, 44052,
       44084, 44096, 44153, 44175, 44178, 44264, 44310, 44318, 44319,
       44338, 44450, 44529, 44549, 44577, 44668, 44674, 44693, 44789,
       44808, 44895, 44897, 44916, 44929, 44936, 44999, 45011, 45090,
       45105, 45122, 45167, 45172, 45188, 45216, 45259, 45348, 45364,
       45425, 45430, 45477, 45483, 45577, 45615, 45631, 45656, 45662,
       45675, 45706, 45783, 45787, 45800, 45906, 45924, 45929, 46155,
       46183, 46184, 46194, 46202, 46204, 46225, 46312, 46328, 46362,
       46384, 46403, 46423, 46426, 46466, 46481, 46542, 46589, 46655,
       46665, 46682, 46685, 46687, 46696, 46745, 46752, 46775, 46805,
       46835, 46846, 46880, 46886, 46948, 46960, 47030, 47034, 47116,
       47135, 47203, 47308, 47329, 47355, 47400, 47413, 47438, 47450,
       47470, 47611, 47616, 47689, 47699, 47731, 47734, 47759, 47790,
       47827, 47886, 47926, 47942, 48133, 48138, 48168, 48323, 48345,
       48377, 48385, 48482, 48514, 48556, 48561, 48653, 48682, 48719,
       48921, 48935, 48992, 49181, 49189, 49205, 49391, 49404, 49462]), array([   20,    66,    69,   131,   253,   255,   361,   523,   567,
         616,   627,   653,   707,   752,   758,   826,   932,   938,
         952,  1043,  1111,  1139,  1197,  1201,  1203,  1205,  1255,
        1258,  1301,  1340,  1514,  1515,  1601,  1682,  1715,  1766,
        1771,  1825,  1831,  1842,  1907,  2001,  2022,  2031,  2042,
        2091,  2112,  2117,  2160,  2175,  2207,  2325,  2352,  2384,
        2458,  2469,  2733,  2742,  2761,  2809,  2837,  2873,  2875,
        2912,  2924,  2979,  2994,  3002,  3025,  3045,  3064,  3083,
        3114,  3136,  3266,  3341,  3369,  3387,  3390,  3444,  3455,
        3491,  3505,  3507,  3511,  3529,  3531,  3641,  3647,  3736,
        3810,  3844,  3846,  3911,  3981,  4029,  4081,  4142,  4163,
        4252,  4268,  4280,  4319,  4354,  4361,  4459,  4467,  4469,
        4575,  4646,  4665,  4668,  4747,  4751,  4767,  4782,  4850,
        4945,  4967,  5003,  5070,  5095,  5171,  5193,  5206,  5220,
        5240,  5244,  5263,  5374,  5385,  5397,  5444,  5494,  5519,
        5543,  5580,  5583,  5588,  5645,  5669,  5687,  5707,  5737,
        5761,  5771,  5804,  5819,  5849,  5872,  5892,  5906,  5996,
        6003,  6024,  6072,  6137,  6152,  6226,  6253,  6356,  6426,
        6473,  6518,  6532,  6541,  6576,  6619,  6708,  6791,  6800,
        6848,  6898,  6905,  6940,  6967,  6968,  7028,  7034,  7071,
        7124,  7233,  7288,  7294,  7371,  7456,  7521,  7549,  7568,
        7674,  7781,  7799,  7964,  7986,  8019,  8033,  8036,  8084,
        8090,  8114,  8117,  8195,  8213,  8238,  8265,  8316,  8325,
        8334,  8355,  8364,  8371,  8413,  8501,  8556,  8669,  8688,
        8692,  8715,  8731,  8760,  8861,  8897,  8955,  8979,  9064,
        9105,  9108,  9125,  9149,  9155,  9168,  9192,  9220,  9255,
        9270,  9301,  9302,  9305,  9352,  9413,  9477,  9510,  9538,
        9546,  9564,  9572,  9592,  9630,  9656,  9682,  9753,  9754,
        9805,  9911,  9979, 10008, 10017, 10081, 10091, 10113, 10130,
       10134, 10137, 10153, 10335, 10337, 10349, 10351, 10383, 10510,
       10513, 10544, 10554, 10570, 10571, 10578, 10619, 10642, 10665,
       10727, 10737, 10786, 10811, 10831, 10833, 10848, 10976, 10996,
       11130, 11136, 11193, 11236, 11278, 11375, 11469, 11490, 11512,
       11532, 11580, 11751, 11805, 11815, 11831, 11882, 11915, 11948,
       11963, 11991, 12021, 12079, 12095, 12100, 12104, 12148, 12199,
       12246, 12263, 12332, 12368, 12393, 12450, 12488, 12496, 12529,
       12551, 12557, 12619, 12630, 12650, 12674, 12729, 12756, 12785,
       12835, 12900, 12907, 13022, 13081, 13100, 13107, 13108, 13119,
       13155, 13156, 13159, 13186, 13194, 13215, 13228, 13297, 13320,
       13341, 13354, 13361, 13362, 13436, 13508, 13545, 13581, 13615,
       13761, 13763, 13807, 13814, 13829, 13831, 13920, 13944, 13987,
       13999, 14037, 14112, 14115, 14124, 14211, 14223, 14230, 14320,
       14343, 14445, 14452, 14491, 14594, 14637, 14639, 14765, 14824,
       14859, 14864, 14899, 14978, 15079, 15136, 15281, 15324, 15360,
       15370, 15371, 15374, 15408, 15484, 15495, 15506, 15561, 15562,
       15571, 15593, 15651, 15700, 15707, 15804, 15844, 15865, 15949,
       16014, 16063, 16088, 16108, 16161, 16272, 16291, 16293, 16316,
       16326, 16438, 16544, 16548, 16708, 16721, 16725, 16754, 16776,
       16812, 16861, 16872, 16878, 17081, 17104, 17125, 17179, 17205,
       17245, 17328, 17399, 17425, 17426, 17452, 17454, 17564, 17585,
       17610, 17661, 17662, 17669, 17687, 17728, 17754, 17859, 17909,
       17957, 18016, 18054, 18147, 18253, 18283, 18286, 18364, 18378,
       18522, 18529, 18613, 18647, 18735, 18817, 18915, 18929, 19012,
       19023, 19060, 19114, 19164, 19165, 19168, 19233, 19275, 19310,
       19312, 19320, 19326, 19329, 19384, 19387, 19412, 19426, 19449,
       19451, 19473, 19483, 19488, 19528, 19568, 19571, 19580, 19623,
       19710, 19712, 19796, 19797, 19812, 19824, 19900, 19966, 19985,
       19999, 20045, 20078, 20085, 20198, 20204, 20216, 20257, 20277,
       20376, 20431, 20440, 20450, 20456, 20463, 20520, 20568, 20571,
       20689, 20694, 20703, 20845, 20958, 21130, 21133, 21239, 21282,
       21331, 21355, 21435, 21511, 21596, 21617, 21627, 21726, 21757,
       21772, 21811, 21812, 21883, 22003, 22011, 22058, 22075, 22092,
       22142, 22150, 22251, 22277, 22287, 22295, 22348, 22362, 22443,
       22475, 22559, 22569, 22592, 22622, 22639, 22666, 22761, 22777,
       22780, 22782, 22793, 22823, 22892, 22897, 23000, 23073, 23091,
       23135, 23184, 23188, 23211, 23233, 23237, 23265, 23295, 23336,
       23366, 23373, 23414, 23450, 23498, 23584, 23601, 23627, 23656,
       23663, 23671, 23697, 23806, 23835, 23836, 23870, 23889, 23921,
       23962, 23991, 23995, 24046, 24053, 24111, 24113, 24146, 24181,
       24221, 24410, 24421, 24523, 24569, 24573, 24606, 24616, 24637,
       24765, 24782, 24786, 24846, 24902, 24951, 25000, 25147, 25154,
       25179, 25195, 25217, 25223, 25230, 25240, 25347, 25359, 25421,
       25561, 25611, 25626, 25681, 25795, 25836, 25851, 25862, 25949,
       26130, 26152, 26154, 26207, 26234, 26429, 26462, 26474, 26478,
       26538, 26562, 26620, 26666, 26682, 26716, 26740, 26743, 26806,
       26816, 26817, 26821, 26831, 26833, 26862, 26955, 26959, 27008,
       27036, 27088, 27110, 27113, 27130, 27160, 27201, 27222, 27280,
       27288, 27380, 27405, 27419, 27435, 27480, 27506, 27604, 27607,
       27677, 27747, 27772, 27838, 27853, 27874, 27881, 27925, 27931,
       27944, 28011, 28089, 28100, 28122, 28126, 28138, 28201, 28208,
       28305, 28311, 28331, 28364, 28368, 28400, 28430, 28498, 28510,
       28519, 28547, 28587, 28602, 28613, 28622, 28682, 28721, 28758,
       28804, 28817, 28833, 28839, 28889, 28894, 28896, 28900, 28940,
       29055, 29088, 29117, 29166, 29173, 29257, 29334, 29362, 29365,
       29405, 29428, 29455, 29471, 29546, 29580, 29583, 29680, 29716,
       29867, 29948, 30044, 30046, 30048, 30066, 30091, 30102, 30163,
       30200, 30215, 30304, 30411, 30477, 30479, 30572, 30602, 30688,
       30744, 30757, 30773, 30817, 30919, 31042, 31047, 31057, 31128,
       31130, 31197, 31232, 31252, 31305, 31448, 31478, 31505, 31540,
       31617, 31626, 31674, 31694, 31721, 31774, 31776, 31804, 31980,
       32009, 32049, 32082, 32089, 32121, 32123, 32126, 32201, 32304,
       32319, 32393, 32453, 32475, 32477, 32533, 32554, 32556, 32560,
       32570, 32657, 32680, 32700, 32735, 32758, 32840, 32842, 32846,
       32850, 32895, 32901, 32907, 32926, 33040, 33131, 33161, 33213,
       33234, 33243, 33373, 33378, 33501, 33503, 33524, 33644, 33733,
       33802, 33825, 33838, 33877, 33880, 33906, 33919, 33952, 33956,
       33957, 33990, 34045, 34143, 34168, 34260, 34369, 34416, 34422,
       34423, 34570, 34614, 34644, 34737, 34754, 34789, 34797, 34869,
       34894, 35035, 35093, 35102, 35130, 35149, 35206, 35495, 35511,
       35517, 35570, 35652, 35708, 35803, 35811, 35858, 35867, 36054,
       36079, 36090, 36121, 36149, 36157, 36266, 36268, 36296, 36330,
       36338, 36343, 36349, 36388, 36598, 36619, 36627, 36634, 36744,
       36765, 36781, 36821, 36862, 36867, 36910, 36943, 36971, 36975,
       37002, 37026, 37029, 37039, 37064, 37183, 37206, 37274, 37287,
       37351, 37409, 37438, 37483, 37553, 37586, 37607, 37627, 37630,
       37647, 37681, 37753, 37762, 37772, 37835, 37839, 37845, 37857,
       37908, 37923, 37937, 37975, 38016, 38022, 38097, 38112, 38131,
       38134, 38148, 38167, 38232, 38306, 38339, 38393, 38424, 38499,
       38502, 38584, 38588, 38725, 38839, 38881, 38885, 38927, 38937,
       38941, 38956, 38967, 39022, 39100, 39104, 39148, 39149, 39154,
       39158, 39169, 39199, 39264, 39295, 39305, 39347, 39359, 39459,
       39480, 39503, 39505, 39551, 39601, 39638, 39690, 39718, 39744,
       39749, 39789, 39843, 39883, 39974, 39980, 40067, 40083, 40089,
       40099, 40235, 40249, 40262, 40306, 40308, 40318, 40319, 40329,
       40371, 40373, 40388, 40393, 40394, 40431, 40450, 40484, 40532,
       40543, 40566, 40580, 40594, 40623, 40686, 40729, 40814, 40840,
       40900, 40940, 40949, 40977, 41003, 41061, 41076, 41092, 41128,
       41152, 41251, 41288, 41413, 41415, 41449, 41524, 41617, 41678,
       41682, 41714, 41816, 41858, 41925, 41991, 42003, 42069, 42090,
       42099, 42102, 42112, 42205, 42213, 42217, 42385, 42479, 42540,
       42556, 42568, 42606, 42695, 42795, 42847, 42869, 42944, 42949,
       42984, 42989, 42990, 43029, 43042, 43057, 43063, 43086, 43098,
       43149, 43189, 43192, 43312, 43360, 43377, 43397, 43494, 43570,
       43635, 43709, 43838, 44052, 44084, 44096, 44153, 44175, 44178,
       44213, 44264, 44310, 44318, 44319, 44338, 44450, 44529, 44549,
       44577, 44668, 44674, 44693, 44789, 44808, 44895, 44897, 44916,
       44929, 44936, 44999, 45011, 45090, 45105, 45122, 45167, 45172,
       45188, 45216, 45259, 45348, 45364, 45402, 45425, 45430, 45477,
       45483, 45577, 45615, 45631, 45656, 45662, 45675, 45703, 45706,
       45783, 45787, 45800, 45803, 45906, 45924, 45929, 46155, 46183,
       46184, 46194, 46202, 46204, 46225, 46312, 46328, 46362, 46384,
       46403, 46423, 46426, 46458, 46466, 46481, 46542, 46589, 46655,
       46665, 46682, 46685, 46687, 46696, 46745, 46752, 46775, 46805,
       46835, 46846, 46880, 46886, 46948, 46960, 47030, 47034, 47116,
       47121, 47135, 47203, 47292, 47308, 47329, 47400, 47413, 47438,
       47450, 47611, 47616, 47689, 47699, 47734, 47759, 47790, 47827,
       47886, 47926, 47942, 47992, 48133, 48138, 48168, 48254, 48288,
       48323, 48345, 48377, 48385, 48482, 48514, 48556, 48561, 48653,
       48682, 48719, 48921, 48935, 48992, 49181, 49189, 49205, 49391,
       49404, 49462]), array([   20,    66,    69,   131,   253,   255,   492,   523,   567,
         616,   653,   752,   758,   826,   932,   938,   952,  1043,
        1111,  1139,  1197,  1201,  1203,  1205,  1255,  1258,  1301,
        1340,  1501,  1514,  1515,  1601,  1682,  1715,  1766,  1771,
        1825,  1831,  1842,  1907,  2022,  2031,  2042,  2091,  2112,
        2117,  2128,  2160,  2175,  2207,  2325,  2347,  2352,  2384,
        2458,  2469,  2487,  2689,  2733,  2742,  2761,  2809,  2837,
        2873,  2875,  2912,  2924,  2979,  2994,  3002,  3025,  3045,
        3064,  3083,  3114,  3136,  3220,  3266,  3341,  3369,  3387,
        3390,  3444,  3455,  3491,  3505,  3507,  3511,  3529,  3531,
        3641,  3647,  3736,  3810,  3844,  3911,  3981,  4029,  4081,
        4142,  4163,  4252,  4268,  4280,  4319,  4354,  4361,  4459,
        4467,  4469,  4575,  4646,  4665,  4668,  4751,  4767,  4782,
        4850,  4945,  4967,  5003,  5004,  5070,  5095,  5171,  5193,
        5206,  5220,  5240,  5244,  5263,  5374,  5385,  5397,  5444,
        5494,  5519,  5543,  5580,  5583,  5588,  5645,  5669,  5687,
        5707,  5737,  5761,  5771,  5804,  5819,  5849,  5872,  5892,
        5906,  5996,  6003,  6024,  6072,  6137,  6152,  6226,  6253,
        6356,  6426,  6473,  6518,  6532,  6541,  6576,  6598,  6619,
        6708,  6791,  6800,  6848,  6898,  6905,  6940,  6967,  6968,
        7028,  7034,  7058,  7071,  7124,  7233,  7288,  7294,  7371,
        7456,  7521,  7549,  7674,  7781,  7799,  7964,  7986,  8019,
        8033,  8036,  8084,  8090,  8114,  8117,  8195,  8213,  8238,
        8316,  8325,  8334,  8355,  8362,  8364,  8371,  8413,  8501,
        8556,  8669,  8688,  8692,  8715,  8731,  8760,  8861,  8897,
        8955,  8979,  9050,  9064,  9105,  9108,  9125,  9149,  9155,
        9168,  9192,  9220,  9255,  9270,  9301,  9302,  9305,  9413,
        9432,  9477,  9486,  9510,  9538,  9546,  9564,  9572,  9592,
        9630,  9656,  9682,  9753,  9754,  9805,  9911,  9979, 10008,
       10017, 10081, 10091, 10113, 10130, 10134, 10137, 10153, 10335,
       10337, 10349, 10351, 10510, 10513, 10544, 10554, 10571, 10578,
       10619, 10642, 10665, 10695, 10727, 10737, 10754, 10786, 10811,
       10831, 10833, 10848, 10976, 10996, 11130, 11136, 11193, 11236,
       11278, 11375, 11469, 11490, 11512, 11532, 11580, 11751, 11805,
       11815, 11882, 11915, 11948, 11963, 11991, 12021, 12079, 12095,
       12100, 12104, 12148, 12199, 12246, 12254, 12263, 12332, 12368,
       12393, 12450, 12488, 12496, 12551, 12557, 12619, 12630, 12650,
       12674, 12729, 12756, 12835, 12900, 12907, 13022, 13081, 13100,
       13107, 13108, 13119, 13155, 13156, 13159, 13186, 13194, 13215,
       13297, 13320, 13341, 13354, 13361, 13362, 13436, 13508, 13545,
       13581, 13615, 13761, 13763, 13807, 13814, 13829, 13831, 13920,
       13944, 13987, 13999, 14037, 14112, 14115, 14124, 14211, 14223,
       14230, 14258, 14320, 14343, 14445, 14452, 14491, 14594, 14637,
       14639, 14765, 14824, 14864, 14899, 14978, 15079, 15136, 15241,
       15281, 15324, 15360, 15370, 15371, 15374, 15408, 15484, 15495,
       15506, 15561, 15562, 15593, 15651, 15707, 15804, 15844, 15865,
       15939, 15949, 16014, 16063, 16088, 16108, 16161, 16272, 16291,
       16293, 16316, 16326, 16438, 16544, 16548, 16708, 16721, 16725,
       16754, 16812, 16861, 16872, 16878, 17081, 17104, 17125, 17179,
       17205, 17245, 17312, 17328, 17399, 17425, 17426, 17452, 17454,
       17564, 17585, 17610, 17661, 17662, 17669, 17687, 17754, 17859,
       17909, 18016, 18054, 18147, 18253, 18283, 18286, 18364, 18378,
       18522, 18529, 18613, 18647, 18735, 18850, 18915, 18929, 19012,
       19023, 19060, 19114, 19164, 19168, 19233, 19275, 19310, 19320,
       19326, 19329, 19384, 19387, 19412, 19426, 19449, 19451, 19473,
       19488, 19528, 19568, 19571, 19580, 19623, 19710, 19712, 19796,
       19797, 19812, 19824, 19900, 19966, 19985, 19999, 20045, 20078,
       20085, 20198, 20204, 20216, 20257, 20277, 20376, 20431, 20440,
       20450, 20456, 20463, 20520, 20568, 20571, 20689, 20694, 20703,
       20845, 20904, 20958, 21130, 21133, 21239, 21282, 21331, 21355,
       21435, 21511, 21596, 21617, 21627, 21641, 21725, 21726, 21757,
       21772, 21811, 21812, 21883, 22003, 22011, 22075, 22092, 22142,
       22150, 22251, 22277, 22287, 22348, 22362, 22443, 22475, 22533,
       22559, 22569, 22592, 22622, 22639, 22761, 22777, 22780, 22782,
       22793, 22823, 22892, 22897, 23000, 23073, 23091, 23135, 23179,
       23184, 23188, 23211, 23233, 23237, 23265, 23295, 23336, 23373,
       23414, 23450, 23498, 23584, 23601, 23627, 23663, 23671, 23697,
       23806, 23835, 23836, 23863, 23870, 23889, 23921, 23962, 23991,
       23995, 24035, 24046, 24053, 24084, 24111, 24113, 24146, 24147,
       24181, 24221, 24244, 24410, 24421, 24569, 24606, 24616, 24637,
       24765, 24782, 24786, 24846, 24902, 24951, 25000, 25090, 25147,
       25154, 25163, 25179, 25195, 25217, 25223, 25230, 25240, 25347,
       25359, 25421, 25561, 25611, 25626, 25681, 25795, 25836, 25851,
       25862, 25949, 26005, 26130, 26152, 26154, 26207, 26234, 26429,
       26474, 26538, 26562, 26620, 26666, 26682, 26740, 26743, 26806,
       26816, 26817, 26821, 26831, 26862, 26955, 26959, 27008, 27036,
       27088, 27110, 27113, 27130, 27160, 27201, 27222, 27280, 27288,
       27380, 27405, 27419, 27435, 27480, 27506, 27545, 27604, 27607,
       27655, 27677, 27689, 27747, 27772, 27838, 27853, 27874, 27881,
       27925, 27931, 27944, 28011, 28089, 28100, 28122, 28126, 28138,
       28201, 28208, 28279, 28305, 28311, 28331, 28355, 28364, 28368,
       28430, 28498, 28510, 28511, 28519, 28546, 28547, 28587, 28602,
       28613, 28622, 28682, 28721, 28758, 28804, 28817, 28833, 28839,
       28889, 28894, 28896, 28900, 28940, 29055, 29078, 29088, 29117,
       29166, 29173, 29257, 29334, 29362, 29365, 29405, 29428, 29455,
       29471, 29546, 29580, 29583, 29680, 29716, 29867, 29948, 30044,
       30048, 30066, 30091, 30102, 30163, 30200, 30215, 30304, 30411,
       30477, 30479, 30572, 30602, 30688, 30744, 30757, 30773, 30817,
       31042, 31047, 31057, 31117, 31128, 31130, 31197, 31232, 31252,
       31305, 31381, 31448, 31478, 31505, 31540, 31617, 31626, 31650,
       31674, 31721, 31774, 31776, 31804, 31906, 31980, 32009, 32049,
       32082, 32089, 32121, 32123, 32126, 32201, 32304, 32319, 32393,
       32453, 32475, 32477, 32533, 32554, 32556, 32560, 32570, 32657,
       32680, 32688, 32700, 32735, 32758, 32840, 32842, 32846, 32850,
       32895, 32901, 32907, 32926, 33040, 33131, 33161, 33213, 33243,
       33373, 33378, 33503, 33524, 33644, 33733, 33802, 33825, 33838,
       33877, 33880, 33906, 33919, 33952, 33956, 33957, 33990, 34045,
       34143, 34168, 34260, 34369, 34416, 34422, 34423, 34570, 34614,
       34644, 34737, 34754, 34789, 34797, 34869, 34894, 35035, 35093,
       35102, 35130, 35206, 35495, 35517, 35570, 35586, 35652, 35708,
       35729, 35803, 35811, 35858, 35867, 36079, 36090, 36121, 36149,
       36157, 36266, 36268, 36288, 36296, 36330, 36338, 36343, 36349,
       36388, 36598, 36619, 36627, 36634, 36744, 36765, 36781, 36821,
       36862, 36867, 36943, 36971, 36975, 37002, 37029, 37064, 37183,
       37206, 37274, 37287, 37351, 37409, 37411, 37438, 37483, 37553,
       37586, 37607, 37627, 37630, 37647, 37681, 37753, 37762, 37772,
       37835, 37839, 37845, 37857, 37923, 37937, 37975, 38016, 38097,
       38112, 38131, 38134, 38148, 38167, 38232, 38339, 38393, 38424,
       38499, 38502, 38584, 38588, 38725, 38839, 38881, 38885, 38927,
       38937, 38941, 38956, 39022, 39082, 39100, 39104, 39148, 39149,
       39154, 39158, 39169, 39199, 39264, 39295, 39305, 39347, 39359,
       39459, 39480, 39503, 39505, 39551, 39563, 39601, 39638, 39690,
       39718, 39749, 39789, 39843, 39883, 39974, 39980, 40067, 40083,
       40089, 40099, 40235, 40262, 40306, 40308, 40318, 40319, 40329,
       40371, 40373, 40388, 40393, 40394, 40431, 40450, 40484, 40532,
       40543, 40566, 40580, 40594, 40623, 40686, 40729, 40814, 40840,
       40900, 40940, 40949, 40977, 41003, 41061, 41076, 41092, 41128,
       41152, 41251, 41288, 41413, 41454, 41524, 41617, 41678, 41682,
       41714, 41816, 41858, 41925, 41991, 42003, 42069, 42090, 42099,
       42102, 42112, 42205, 42213, 42217, 42385, 42479, 42540, 42556,
       42568, 42606, 42695, 42795, 42847, 42869, 42944, 42949, 42984,
       42989, 42990, 43029, 43042, 43057, 43063, 43086, 43098, 43142,
       43149, 43189, 43192, 43312, 43360, 43397, 43494, 43570, 43635,
       43709, 43838, 43898, 44052, 44084, 44096, 44153, 44175, 44178,
       44213, 44264, 44287, 44310, 44318, 44319, 44338, 44450, 44529,
       44549, 44577, 44668, 44674, 44693, 44789, 44808, 44895, 44897,
       44916, 44929, 44936, 44999, 45011, 45081, 45090, 45105, 45122,
       45172, 45188, 45216, 45259, 45348, 45364, 45402, 45425, 45430,
       45477, 45483, 45577, 45615, 45631, 45656, 45662, 45703, 45706,
       45783, 45787, 45800, 45803, 45885, 45906, 45924, 45929, 46155,
       46183, 46184, 46194, 46202, 46204, 46225, 46312, 46362, 46384,
       46403, 46423, 46426, 46458, 46466, 46481, 46542, 46589, 46655,
       46665, 46682, 46685, 46687, 46696, 46745, 46752, 46775, 46805,
       46835, 46846, 46880, 46886, 46948, 46960, 47030, 47034, 47116,
       47135, 47203, 47308, 47329, 47400, 47413, 47437, 47438, 47450,
       47470, 47611, 47616, 47689, 47699, 47759, 47790, 47827, 47886,
       47926, 47942, 48133, 48138, 48168, 48254, 48312, 48323, 48345,
       48377, 48385, 48452, 48482, 48514, 48556, 48561, 48653, 48682,
       48719, 48921, 48935, 48992, 49181, 49189, 49205, 49391, 49404,
       49462])]
