[  537   693   837   856   990  1105  1730  1841  2266  2331  2794  2877
  3603  3650  3665  4032  4204  4522  4882  5116  5384  5599  5897  6878
  7521  7642  7860  7883  8567  8801  9132  9746 10274 10392 10656 10730
 11048 12041 12058 12569 13448 13806 13830 14052 14427 14819 14894 15230
 15508 15860 15893 15923 16863 17054 17804 17910 17911 18594 18647 18929
 19091 19297 19456 19911 20379 20509 20968 20974 21995 22179 22419 22742
 22823 22951 22974 23209 23537 23559 23802 24027 24120 24633 24793 24860
 25063 25136 25727 26480 26553 26750 26921 27821 28811 28842 28899 28973
 29020 29496 30200 30247 30353 30392 30770 31043 31682 31933 32162 32236
 32362 32907 33164 33417 33500 33600 33794 34672 35148 35382 35830 35877
 36178 36198 36610 36741 37074 37877]
[    8   200   257   311   319   452   465   693   712   837   990  1105
  1116  1202  1340  1730  1841  2266  2331  2490  2794  2877  3280  3603
  3647  3650  3665  3716  3901  4032  4123  4204  4232  4316  4522  4842
  4882  5099  5116  5168  5253  5384  5599  5897  6254  6609  6868  6878
  6957  7365  7444  7471  7521  7642  7860  7883  7972  8481  8567  8626
  8801  8812  8905  9132  9175  9351  9746  9844  9917 10066 10274 10656
 10730 11048 11128 11208 11473 11789 12041 12223 12289 12340 12569 12702
 12899 12967 13110 13153 13448 13603 13806 13830 14052 14427 14539 14785
 14818 14819 15003 15230 15232 15351 15380 15480 15508 15860 15893 15923
 16265 16403 16863 17054 17300 17520 17804 17910 17911 18111 18431 18594
 18647 18884 18929 19091 19297 19426 19456 19623 19864 19906 19911 20039
 20142 20183 20379 20479 20509 20573 20630 20968 21488 21535 21814 21827
 21915 21995 22073 22179 22419 22742 22823 22951 22974 23032 23209 23322
 23537 23542 23559 23802 23878 24027 24108 24120 24477 24569 24633 24793
 24860 25055 25063 25136 25727 25954 26351 26480 26553 26626 26644 26750
 26816 26921 27150 27238 27821 28048 28240 28437 28689 28811 28842 28899
 28900 28973 29002 29020 29496 30180 30200 30247 30353 30392 30523 30697
 30756 30770 31043 31509 31607 31682 31933 32162 32236 32270 32362 32796
 32845 32907 33147 33164 33281 33304 33369 33417 33500 33600 33776 33794
 34124 34672 35079 35148 35205 35303 35382 35547 35830 35877 35901 36178
 36198 36517 36610 36741 36924 37007 37049 37074 37302 37661 37877]
[    8   200   311   319   465   537   693   712   801   837   990  1105
  1116  1198  1202  1340  1454  1672  1697  1730  1841  1929  2186  2266
  2276  2331  2490  2624  2794  2877  3280  3372  3603  3647  3650  3665
  3716  3901  3972  4032  4123  4204  4232  4316  4522  4546  4842  4882
  4967  5030  5099  5116  5168  5253  5383  5384  5592  5599  5642  5666
  5897  6254  6557  6609  6868  6878  6957  7194  7365  7444  7448  7471
  7521  7642  7860  7883  7972  8445  8481  8567  8626  8796  8801  8812
  8905  9132  9175  9350  9351  9715  9746  9821  9844  9917 10066 10274
 10529 10656 11048 11128 11208 11473 11789 12041 12058 12223 12289 12340
 12569 12702 12899 12967 13060 13110 13153 13312 13448 13603 13779 13806
 13830 13849 14052 14085 14126 14427 14539 14611 14785 14818 14819 14894
 15001 15003 15230 15232 15336 15351 15380 15479 15480 15508 15860 15893
 15923 16265 16403 16863 17054 17300 17383 17520 17804 17879 17910 17911
 18090 18111 18299 18431 18594 18647 18669 18759 18884 18929 19029 19048
 19091 19297 19426 19456 19623 19864 19879 19906 19911 20039 20142 20183
 20379 20479 20509 20550 20569 20573 20630 20851 20918 20968 21206 21488
 21535 21814 21827 21915 21995 22000 22051 22073 22179 22203 22419 22556
 22742 22823 22951 22974 23032 23209 23213 23316 23322 23384 23521 23537
 23542 23559 23802 23878 24006 24027 24108 24120 24477 24569 24633 24793
 24860 25055 25058 25063 25136 25676 25683 25719 25727 25954 26055 26351
 26480 26553 26626 26644 26750 26780 26816 26921 27045 27150 27238 27678
 27782 27795 27821 28048 28240 28437 28689 28811 28842 28899 28900 28973
 29002 29020 29496 30180 30200 30247 30353 30392 30472 30523 30697 30756
 30770 31043 31176 31509 31607 31682 31933 32162 32236 32270 32362 32484
 32786 32796 32845 32907 32956 33147 33164 33281 33304 33369 33417 33500
 33600 33746 33776 33794 33940 34124 34456 34672 34742 34816 34850 35013
 35079 35148 35205 35303 35376 35382 35701 35830 35877 35901 36093 36126
 36178 36198 36263 36375 36479 36517 36573 36587 36610 36726 36733 36741
 36815 36924 36930 37007 37030 37049 37074 37186 37302 37556 37661 37865
 37872 37877]
[    8   200   311   319   424   452   465   481   537   693   712   801
   837   895   946   990  1105  1116  1136  1198  1202  1340  1386  1444
  1454  1672  1697  1730  1841  1929  2115  2186  2266  2276  2331  2490
  2624  2794  2877  3059  3134  3280  3372  3603  3647  3650  3665  3716
  3893  3901  3972  3981  4032  4123  4204  4232  4316  4522  4546  4762
  4842  4882  4953  4967  5030  5099  5116  5168  5253  5383  5384  5592
  5599  5642  5666  5703  5746  5897  6068  6163  6254  6557  6609  6868
  6878  6957  7189  7194  7352  7365  7438  7444  7448  7471  7521  7642
  7860  7883  7972  8099  8267  8325  8326  8365  8445  8481  8567  8626
  8796  8801  8812  8905  9132  9175  9350  9351  9500  9647  9707  9715
  9746  9821  9844  9917 10039 10066 10075 10111 10274 10300 10529 10656
 10677 10784 10858 11048 11128 11139 11208 11425 11430 11473 11574 11680
 11789 11974 12035 12041 12053 12058 12223 12289 12340 12511 12569 12702
 12899 12919 12967 13060 13153 13246 13312 13448 13603 13642 13779 13806
 13830 13849 14052 14085 14126 14162 14376 14427 14440 14539 14611 14743
 14785 14818 14819 14844 14894 14931 15001 15003 15230 15232 15336 15350
 15351 15380 15479 15480 15508 15809 15846 15860 15893 15923 16180 16201
 16265 16403 16446 16552 16601 16863 17054 17158 17300 17383 17520 17678
 17804 17879 17910 17911 17963 18090 18111 18299 18360 18431 18594 18647
 18669 18706 18759 18884 18929 19029 19048 19091 19297 19426 19456 19623
 19863 19864 19879 19906 19911 20039 20103 20142 20183 20379 20407 20479
 20509 20550 20569 20573 20589 20630 20809 20851 20859 20905 20918 20922
 20968 21026 21082 21146 21206 21233 21488 21535 21723 21814 21827 21867
 21915 21965 21995 22000 22051 22073 22099 22179 22203 22419 22556 22742
 22752 22823 22951 22974 23032 23174 23209 23213 23316 23322 23384 23486
 23521 23534 23537 23542 23559 23802 23878 24006 24027 24108 24116 24120
 24477 24479 24569 24593 24633 24635 24707 24793 24839 24860 24885 24985
 25035 25055 25058 25063 25115 25136 25676 25683 25719 25721 25954 26004
 26055 26184 26351 26385 26480 26553 26626 26644 26750 26780 26816 26921
 27045 27123 27150 27678 27693 27782 27795 27821 28048 28240 28437 28465
 28689 28811 28842 28900 28973 29002 29020 29124 29496 30174 30180 30200
 30247 30353 30392 30472 30523 30697 30756 30770 30806 31043 31176 31361
 31375 31509 31607 31682 31823 31933 32162 32234 32236 32270 32289 32362
 32484 32495 32786 32796 32845 32907 32956 33001 33147 33164 33234 33281
 33304 33369 33417 33500 33521 33600 33739 33746 33776 33794 33940 34124
 34138 34456 34615 34672 34742 34816 34850 35013 35079 35148 35205 35303
 35376 35382 35467 35475 35547 35701 35830 35877 35901 36093 36126 36178
 36198 36263 36265 36357 36375 36479 36517 36573 36587 36610 36726 36733
 36741 36815 36924 36930 37007 37030 37074 37186 37302 37556 37661 37865
 37872 37877]
[    8    43   200   311   319   424   452   465   481   537   693   712
   715   748   801   837   895   946   990  1105  1116  1136  1198  1202
  1340  1386  1387  1444  1454  1488  1672  1697  1730  1766  1800  1841
  1929  1992  2115  2186  2266  2276  2331  2490  2624  2648  2794  2877
  2911  3059  3280  3372  3461  3603  3647  3650  3665  3716  3893  3901
  3911  3972  3981  4032  4123  4204  4232  4316  4522  4546  4762  4842
  4882  4953  4967  5030  5099  5116  5253  5383  5384  5592  5599  5642
  5666  5703  5746  5897  5993  6068  6163  6194  6254  6480  6557  6609
  6800  6868  6878  6957  7081  7189  7194  7352  7365  7438  7444  7448
  7471  7521  7642  7804  7860  7883  7972  7983  8099  8267  8325  8326
  8365  8395  8445  8481  8567  8626  8796  8801  8812  8863  8905  9132
  9175  9224  9350  9351  9500  9501  9647  9707  9715  9746  9821  9844
  9917 10039 10066 10075 10111 10147 10274 10529 10656 10677 10784 10858
 10885 11048 11128 11187 11208 11425 11430 11473 11574 11647 11680 11789
 11974 12035 12041 12053 12058 12071 12124 12223 12289 12340 12504 12511
 12569 12702 12899 12919 12967 13060 13150 13153 13246 13312 13362 13448
 13603 13642 13779 13806 13830 13849 14052 14085 14126 14162 14212 14376
 14398 14427 14440 14494 14539 14611 14743 14785 14818 14819 14827 14844
 14894 14931 15001 15003 15230 15232 15336 15350 15351 15380 15464 15479
 15480 15508 15541 15809 15846 15860 15893 15923 16180 16201 16265 16403
 16446 16552 16576 16601 16682 16808 16863 16882 17054 17158 17300 17383
 17520 17539 17678 17804 17874 17879 17910 17911 17918 17963 18090 18111
 18299 18360 18431 18594 18647 18669 18706 18759 18884 18929 19029 19048
 19091 19297 19370 19426 19456 19623 19863 19864 19879 19906 19911 20039
 20103 20142 20183 20216 20379 20407 20479 20509 20550 20569 20573 20589
 20630 20809 20851 20859 20864 20905 20918 20922 20968 21026 21146 21206
 21233 21249 21477 21488 21535 21723 21814 21827 21867 21915 21965 21995
 22000 22051 22073 22099 22179 22203 22301 22419 22556 22742 22752 22823
 22857 22951 22974 23032 23086 23174 23209 23213 23316 23322 23384 23486
 23521 23534 23537 23542 23559 23802 23878 24006 24027 24108 24116 24120
 24261 24477 24479 24511 24569 24593 24633 24635 24707 24793 24839 24840
 24860 24885 24985 25035 25055 25058 25063 25115 25136 25148 25676 25683
 25719 25721 25824 25954 26004 26055 26184 26351 26385 26480 26553 26626
 26644 26750 26780 26793 26816 26875 26921 27045 27075 27123 27150 27203
 27348 27678 27689 27693 27778 27782 27795 27821 28048 28240 28437 28465
 28473 28689 28811 28828 28842 28900 28973 29002 29020 29071 29098 29101
 29496 30174 30180 30200 30247 30353 30392 30472 30516 30523 30651 30684
 30697 30756 30770 30781 30806 30987 31043 31176 31361 31369 31375 31378
 31509 31607 31682 31823 31933 31989 32162 32234 32236 32270 32277 32289
 32305 32362 32456 32484 32495 32786 32796 32845 32907 32956 33001 33035
 33063 33147 33164 33234 33281 33304 33369 33417 33427 33500 33521 33600
 33739 33746 33776 33794 33940 34124 34138 34330 34456 34507 34615 34672
 34742 34816 34850 35013 35079 35148 35205 35303 35322 35376 35382 35467
 35475 35547 35701 35722 35830 35877 35901 36073 36093 36126 36178 36198
 36263 36357 36375 36479 36517 36529 36573 36587 36610 36651 36654 36726
 36733 36741 36815 36924 36930 37007 37030 37074 37186 37302 37475 37556
 37590 37661 37865 37872]
[    8    43   123   141   200   311   319   402   424   452   465   481
   537   693   712   715   748   801   837   895   946   990   994  1105
  1116  1136  1198  1202  1340  1386  1387  1444  1454  1672  1697  1730
  1766  1800  1841  1909  1929  1992  2093  2115  2127  2186  2266  2276
  2331  2484  2490  2624  2648  2794  2877  2893  2907  2911  2951  3059
  3280  3355  3372  3461  3603  3647  3650  3665  3716  3730  3893  3901
  3911  3972  3981  4032  4123  4204  4232  4316  4522  4546  4680  4762
  4842  4882  4953  4967  5030  5099  5116  5168  5253  5383  5384  5592
  5599  5642  5666  5703  5746  5897  5993  6068  6093  6119  6163  6194
  6254  6480  6516  6557  6609  6750  6800  6868  6878  6957  7081  7189
  7194  7352  7365  7438  7444  7448  7471  7472  7521  7642  7724  7804
  7860  7883  7972  7983  8099  8169  8267  8325  8326  8365  8395  8410
  8445  8481  8567  8626  8739  8796  8801  8812  8863  8905  9132  9175
  9224  9350  9351  9500  9501  9707  9715  9746  9821  9844  9917 10039
 10066 10075 10111 10147 10202 10274 10300 10529 10656 10677 10730 10784
 10858 10885 11048 11128 11187 11203 11208 11425 11430 11473 11574 11647
 11680 11789 11974 12035 12041 12053 12058 12071 12124 12198 12201 12223
 12289 12340 12504 12511 12569 12702 12744 12773 12899 12919 12967 13060
 13150 13153 13246 13312 13362 13389 13448 13603 13642 13779 13806 13830
 13849 14052 14085 14126 14162 14212 14376 14398 14427 14440 14471 14494
 14539 14611 14743 14785 14818 14819 14827 14844 14894 14931 15001 15003
 15009 15230 15232 15320 15336 15350 15351 15380 15464 15479 15480 15508
 15541 15652 15782 15809 15846 15860 15893 15923 15930 16180 16201 16265
 16403 16446 16552 16576 16601 16629 16673 16682 16808 16863 16882 17054
 17086 17158 17268 17300 17383 17520 17539 17678 17758 17804 17874 17879
 17910 17911 17918 17958 17963 18090 18111 18180 18189 18299 18360 18431
 18594 18647 18669 18706 18759 18771 18884 18929 19029 19048 19091 19297
 19370 19426 19456 19623 19863 19864 19879 19906 19911 19922 20039 20103
 20142 20183 20216 20379 20407 20479 20507 20509 20550 20569 20573 20589
 20630 20809 20851 20859 20864 20905 20918 20922 20968 20974 21026 21146
 21206 21233 21249 21477 21488 21535 21723 21814 21827 21849 21867 21915
 21965 21995 22000 22051 22073 22099 22179 22203 22240 22289 22301 22401
 22419 22742 22752 22823 22857 22910 22974 23032 23086 23174 23209 23213
 23316 23322 23353 23384 23486 23521 23534 23537 23542 23559 23802 23878
 24006 24027 24057 24108 24116 24120 24261 24477 24479 24511 24569 24593
 24633 24635 24707 24762 24793 24839 24840 24843 24860 24885 24985 25035
 25055 25058 25063 25115 25136 25148 25167 25351 25510 25676 25683 25719
 25721 25824 25874 25915 25954 26004 26055 26184 26351 26453 26480 26488
 26540 26553 26626 26644 26750 26780 26793 26816 26818 26875 26895 26921
 27045 27075 27123 27150 27158 27203 27238 27348 27524 27678 27689 27693
 27778 27782 27795 27821 27946 28048 28240 28342 28437 28465 28689 28811
 28828 28842 28900 28973 29002 29020 29071 29098 29101 29124 29496 29650
 30021 30174 30180 30200 30247 30353 30392 30472 30516 30523 30640 30651
 30684 30697 30756 30770 30781 30806 31043 31176 31361 31369 31375 31378
 31509 31607 31682 31717 31793 31823 31933 31968 31989 32004 32162 32234
 32236 32270 32277 32289 32305 32342 32362 32456 32484 32495 32786 32796
 32845 32907 32956 33001 33035 33063 33147 33164 33234 33281 33304 33346
 33369 33417 33427 33500 33521 33600 33739 33746 33776 33794 33940 34124
 34138 34328 34330 34456 34507 34615 34672 34742 34793 34816 34850 35013
 35079 35148 35205 35303 35322 35376 35382 35467 35475 35547 35701 35722
 35724 35830 35877 35901 36073 36093 36126 36178 36198 36218 36255 36263
 36357 36375 36479 36517 36529 36573 36587 36610 36651 36726 36733 36741
 36815 36924 36930 36999 37007 37030 37074 37129 37186 37302 37475 37556
 37590 37661 37865 37872]
[    8    43   123   141   200   311   319   402   424   452   465   481
   510   537   693   712   715   748   760   801   837   895   946   990
   994  1105  1116  1136  1198  1202  1340  1386  1387  1444  1454  1488
  1672  1697  1730  1766  1795  1800  1841  1909  1929  1992  2032  2093
  2115  2186  2266  2276  2331  2484  2490  2624  2648  2794  2873  2877
  2893  2907  2911  2951  3059  3280  3355  3372  3461  3603  3647  3650
  3665  3716  3730  3893  3901  3972  3981  4032  4123  4204  4232  4316
  4522  4546  4587  4680  4762  4842  4882  4953  4967  5015  5030  5099
  5116  5215  5253  5383  5384  5592  5599  5642  5666  5703  5746  5897
  5919  5993  6068  6072  6093  6119  6163  6166  6194  6195  6254  6480
  6516  6557  6609  6720  6750  6800  6857  6868  6878  6957  7081  7189
  7194  7352  7365  7438  7444  7448  7472  7521  7642  7724  7804  7860
  7883  7972  7983  8099  8169  8267  8325  8326  8365  8395  8445  8481
  8567  8601  8626  8739  8796  8801  8812  8863  8905  9132  9175  9224
  9350  9351  9500  9501  9707  9715  9746  9821  9844  9917 10039 10061
 10066 10075 10076 10111 10147 10202 10274 10300 10529 10656 10677 10730
 10784 10858 10885 11048 11128 11139 11187 11208 11425 11430 11473 11574
 11647 11680 11789 11974 12011 12035 12041 12044 12050 12053 12058 12071
 12124 12198 12201 12223 12289 12340 12469 12504 12511 12569 12702 12744
 12773 12899 12919 12967 13060 13110 13150 13153 13246 13312 13362 13389
 13448 13603 13642 13681 13779 13806 13830 13849 14085 14126 14162 14212
 14376 14398 14408 14427 14440 14471 14494 14539 14611 14743 14785 14818
 14819 14827 14844 14894 14931 15001 15003 15009 15159 15230 15232 15320
 15336 15350 15351 15373 15380 15464 15479 15480 15508 15541 15652 15782
 15809 15860 15893 15923 15930 16180 16201 16265 16403 16446 16552 16576
 16601 16629 16673 16682 16808 16863 16882 17032 17054 17158 17268 17300
 17381 17383 17520 17539 17621 17678 17725 17758 17804 17832 17874 17879
 17910 17911 17918 17958 17963 18090 18111 18180 18189 18299 18360 18431
 18594 18647 18669 18706 18759 18771 18884 18929 19029 19048 19091 19297
 19370 19426 19456 19623 19863 19864 19879 19906 19911 19922 20039 20103
 20142 20183 20216 20284 20379 20407 20479 20507 20509 20550 20569 20573
 20589 20630 20809 20851 20859 20864 20905 20918 20922 20968 20974 21026
 21146 21206 21233 21249 21477 21488 21500 21535 21723 21814 21827 21849
 21867 21915 21965 21995 22000 22051 22073 22099 22179 22203 22240 22289
 22301 22318 22419 22502 22742 22752 22823 22857 22910 22974 23032 23086
 23174 23209 23213 23316 23322 23353 23384 23486 23521 23534 23537 23542
 23559 23601 23802 23878 24006 24027 24057 24108 24116 24120 24185 24261
 24477 24479 24511 24569 24593 24633 24635 24707 24762 24793 24839 24840
 24843 24860 24885 24985 25035 25055 25058 25063 25115 25136 25148 25167
 25351 25380 25510 25676 25683 25719 25721 25824 25874 25915 25954 25959
 26004 26055 26184 26331 26351 26453 26480 26488 26540 26553 26626 26644
 26750 26780 26793 26816 26818 26875 26895 26921 27045 27075 27123 27150
 27162 27203 27238 27348 27524 27678 27689 27693 27778 27782 27795 27821
 28048 28240 28437 28438 28465 28473 28689 28811 28828 28842 28900 28973
 29001 29002 29020 29071 29098 29101 29124 29496 29650 30021 30174 30180
 30200 30227 30247 30353 30392 30472 30516 30523 30600 30640 30651 30684
 30697 30756 30770 30781 30806 30987 31043 31176 31361 31369 31375 31378
 31509 31607 31682 31717 31793 31823 31933 31968 31989 31999 32159 32162
 32234 32236 32270 32277 32289 32305 32362 32456 32484 32495 32786 32796
 32845 32907 32956 33001 33035 33063 33147 33164 33234 33281 33304 33346
 33369 33417 33427 33500 33521 33600 33739 33746 33776 33794 33940 34124
 34138 34256 34328 34330 34388 34456 34507 34615 34672 34742 34793 34816
 34850 35013 35079 35148 35205 35303 35322 35376 35382 35467 35475 35547
 35701 35722 35830 35877 35901 36073 36093 36126 36178 36198 36255 36263
 36357 36375 36417 36479 36517 36529 36573 36587 36610 36651 36726 36733
 36741 36815 36924 36930 36999 37007 37074 37186 37302 37475 37556 37590
 37661 37865 37872 37877]
[    8    27    43   123   141   200   311   319   402   424   452   465
   481   510   537   693   712   715   748   801   837   895   946   990
   994  1105  1116  1136  1198  1202  1340  1386  1387  1444  1454  1488
  1607  1672  1697  1706  1730  1766  1795  1800  1841  1909  1929  1992
  2032  2044  2093  2115  2127  2186  2266  2276  2315  2331  2361  2478
  2484  2490  2515  2624  2648  2794  2873  2877  2893  2907  2911  2951
  3059  3280  3355  3372  3406  3461  3603  3647  3650  3665  3716  3730
  3893  3901  3911  3972  3981  4032  4067  4123  4204  4232  4316  4522
  4546  4587  4614  4680  4762  4842  4882  4953  4967  5015  5030  5099
  5116  5153  5215  5253  5383  5384  5432  5592  5599  5642  5666  5703
  5746  5897  5919  6068  6072  6093  6119  6163  6166  6194  6195  6254
  6480  6516  6557  6609  6720  6750  6800  6857  6868  6878  6957  7081
  7189  7194  7352  7365  7438  7444  7448  7472  7521  7609  7642  7724
  7804  7860  7883  7972  7983  8099  8169  8267  8325  8326  8365  8395
  8410  8445  8455  8481  8567  8601  8626  8739  8796  8801  8812  8863
  8905  9132  9145  9175  9224  9350  9351  9500  9501  9647  9707  9715
  9746  9821  9844  9917 10039 10061 10066 10075 10076 10111 10147 10202
 10274 10300 10415 10529 10656 10677 10730 10784 10858 10885 11048 11128
 11139 11163 11187 11203 11208 11425 11430 11473 11574 11599 11680 11780
 11789 11974 12035 12041 12050 12053 12058 12071 12124 12198 12201 12223
 12289 12340 12423 12469 12511 12569 12702 12744 12773 12899 12919 12967
 13060 13110 13150 13153 13188 13246 13312 13362 13389 13448 13603 13642
 13681 13772 13779 13806 13830 13861 13934 14085 14126 14162 14212 14376
 14398 14427 14440 14471 14494 14539 14557 14611 14743 14785 14818 14819
 14827 14844 14894 14931 15001 15003 15009 15159 15230 15232 15320 15350
 15351 15373 15380 15464 15479 15480 15508 15541 15652 15708 15782 15809
 15846 15860 15893 15923 15930 16180 16201 16265 16403 16446 16552 16576
 16601 16629 16673 16682 16808 16863 16882 17032 17054 17086 17158 17268
 17300 17381 17383 17508 17520 17539 17621 17678 17725 17758 17804 17832
 17874 17879 17910 17911 17918 17958 17960 17963 18086 18090 18111 18180
 18189 18299 18314 18360 18431 18504 18594 18647 18669 18706 18759 18771
 18884 18929 19011 19029 19048 19091 19116 19297 19370 19426 19456 19623
 19863 19864 19879 19906 19911 19922 20039 20103 20142 20149 20183 20216
 20284 20379 20407 20479 20507 20509 20550 20569 20573 20589 20602 20630
 20809 20851 20859 20864 20905 20918 20922 20968 20974 21026 21035 21146
 21156 21206 21233 21249 21361 21477 21488 21500 21535 21723 21814 21827
 21849 21867 21915 21965 21995 22000 22051 22073 22099 22179 22203 22240
 22289 22301 22318 22401 22419 22502 22742 22752 22823 22857 22951 22974
 23032 23086 23174 23209 23213 23316 23322 23353 23384 23394 23486 23521
 23534 23537 23542 23559 23601 23802 23878 24006 24027 24057 24108 24116
 24120 24185 24261 24477 24479 24511 24569 24593 24633 24635 24677 24707
 24762 24793 24839 24840 24843 24860 24885 24985 25035 25055 25058 25063
 25115 25136 25148 25167 25351 25510 25676 25683 25719 25721 25824 25874
 25915 25954 25959 25986 26004 26055 26087 26184 26331 26351 26453 26480
 26488 26540 26553 26626 26644 26690 26750 26780 26793 26816 26818 26875
 26895 26921 27045 27075 27123 27150 27158 27162 27203 27238 27277 27348
 27524 27555 27678 27689 27693 27778 27782 27795 27821 28048 28240 28342
 28437 28438 28465 28473 28689 28811 28842 28900 28931 28973 29001 29002
 29020 29071 29098 29101 29124 29496 29650 29892 30021 30174 30180 30200
 30227 30247 30353 30392 30472 30516 30523 30600 30640 30651 30684 30697
 30756 30770 30781 30806 30807 30987 31043 31176 31361 31369 31375 31378
 31509 31607 31682 31717 31721 31793 31823 31933 31959 31968 31989 31999
 32159 32162 32234 32236 32270 32277 32289 32291 32305 32342 32362 32456
 32484 32495 32786 32796 32845 32907 32956 33001 33035 33063 33147 33164
 33234 33281 33304 33346 33369 33417 33427 33500 33521 33600 33739 33746
 33776 33794 33940 34124 34138 34232 34256 34328 34330 34388 34456 34507
 34615 34634 34672 34742 34793 34794 34816 34850 35013 35079 35148 35205
 35303 35322 35376 35382 35467 35475 35547 35701 35722 35724 35830 35848
 35877 35901 36073 36093 36126 36178 36198 36222 36255 36263 36265 36357
 36375 36400 36417 36479 36492 36517 36529 36573 36587 36610 36612 36651
 36726 36733 36741 36815 36924 36930 36999 37007 37030 37048 37074 37129
 37186 37302 37475 37556 37590 37661 37865 37872 37877]
[    8    27    43    63   123   141   200   311   319   402   424   452
   465   481   510   537   693   712   715   726   748   760   801   837
   895   946   990   994  1105  1116  1136  1198  1202  1340  1386  1387
  1444  1454  1463  1488  1607  1672  1697  1706  1730  1766  1795  1800
  1841  1909  1929  1992  2032  2044  2093  2115  2127  2186  2266  2276
  2315  2331  2361  2484  2490  2515  2624  2648  2794  2865  2873  2877
  2893  2907  2911  2951  3059  3280  3355  3372  3406  3461  3603  3647
  3650  3665  3716  3730  3893  3901  3972  3981  4032  4067  4093  4123
  4204  4232  4316  4522  4546  4587  4614  4762  4842  4882  4953  4967
  5015  5030  5099  5116  5153  5215  5253  5280  5383  5384  5432  5592
  5599  5642  5666  5703  5746  5897  5919  6068  6072  6093  6119  6163
  6166  6194  6195  6254  6348  6480  6516  6557  6609  6696  6720  6750
  6800  6857  6868  6878  6957  7060  7081  7189  7194  7352  7365  7438
  7444  7448  7472  7521  7609  7642  7724  7804  7860  7883  7887  7972
  7983  8015  8099  8169  8267  8325  8326  8365  8395  8410  8445  8455
  8481  8567  8601  8626  8739  8796  8801  8812  8855  8863  8905  9132
  9145  9175  9224  9298  9350  9351  9500  9501  9647  9707  9715  9746
  9821  9844  9917 10039 10061 10066 10075 10076 10111 10147 10202 10267
 10274 10300 10529 10656 10677 10730 10784 10858 10885 11042 11046 11048
 11128 11139 11163 11187 11203 11425 11430 11473 11574 11599 11647 11680
 11780 11789 11974 12035 12041 12044 12050 12053 12058 12071 12124 12198
 12201 12223 12289 12340 12423 12511 12569 12702 12744 12773 12899 12919
 12967 13060 13110 13150 13153 13246 13312 13362 13389 13448 13603 13642
 13649 13681 13772 13779 13806 13830 13849 13861 13934 14085 14126 14162
 14212 14376 14398 14427 14440 14471 14494 14539 14557 14611 14743 14785
 14818 14819 14827 14844 14857 14894 14931 15001 15003 15009 15159 15230
 15232 15272 15320 15336 15350 15351 15373 15380 15464 15479 15480 15508
 15541 15652 15653 15664 15708 15782 15809 15860 15893 15923 15930 16180
 16201 16265 16403 16446 16552 16576 16601 16629 16673 16682 16808 16863
 16882 17032 17054 17086 17158 17268 17300 17381 17383 17508 17520 17539
 17621 17678 17725 17758 17804 17832 17874 17879 17910 17911 17918 17958
 17960 17963 18086 18090 18111 18180 18189 18299 18314 18360 18431 18504
 18594 18647 18669 18706 18759 18771 18929 19029 19048 19091 19116 19297
 19370 19426 19456 19547 19623 19845 19863 19864 19879 19906 19911 19922
 20039 20103 20142 20149 20183 20216 20284 20379 20407 20479 20507 20509
 20550 20569 20573 20589 20602 20630 20809 20851 20859 20864 20905 20918
 20922 20968 20974 21026 21035 21146 21156 21206 21233 21249 21361 21477
 21488 21500 21535 21723 21814 21827 21849 21867 21915 21965 21995 22000
 22051 22073 22099 22179 22203 22240 22289 22301 22318 22401 22419 22502
 22742 22752 22823 22857 22907 22951 22974 23032 23086 23174 23209 23213
 23316 23322 23353 23384 23394 23486 23521 23534 23537 23542 23559 23601
 23714 23802 23878 24006 24027 24057 24108 24116 24120 24169 24185 24261
 24477 24479 24511 24569 24593 24633 24635 24677 24707 24762 24793 24839
 24840 24843 24860 24885 24985 25035 25055 25058 25063 25115 25136 25148
 25167 25221 25510 25676 25683 25719 25721 25824 25874 25915 25954 25959
 25986 26004 26055 26087 26184 26304 26331 26351 26453 26480 26488 26540
 26553 26626 26644 26690 26750 26780 26793 26816 26818 26875 26895 26921
 27045 27075 27123 27148 27150 27158 27162 27203 27238 27277 27348 27524
 27555 27678 27689 27693 27778 27782 27795 27821 28048 28240 28342 28437
 28438 28465 28473 28689 28811 28842 28900 28973 29002 29020 29071 29098
 29101 29124 29496 29650 29892 30021 30174 30180 30200 30227 30247 30353
 30392 30472 30516 30523 30600 30640 30651 30684 30697 30756 30770 30781
 30806 30807 30987 31043 31176 31252 31361 31369 31375 31378 31509 31607
 31682 31717 31793 31823 31933 31959 31968 31989 31999 32004 32036 32153
 32159 32162 32234 32236 32270 32277 32289 32291 32305 32360 32362 32456
 32484 32495 32786 32796 32845 32907 32956 33001 33035 33063 33147 33164
 33234 33281 33304 33346 33369 33417 33427 33500 33521 33600 33739 33746
 33776 33794 33940 34124 34138 34232 34256 34269 34328 34330 34388 34456
 34507 34615 34634 34672 34793 34794 34816 34850 34912 35013 35079 35148
 35205 35303 35322 35376 35382 35467 35475 35547 35701 35722 35724 35830
 35877 35901 36073 36093 36126 36178 36198 36222 36255 36263 36357 36375
 36417 36479 36492 36517 36529 36573 36587 36610 36612 36651 36726 36733
 36741 36815 36924 36930 36999 37007 37048 37074 37129 37186 37302 37475
 37556 37590 37661 37865 37872 37877]
[    8    27    43    63   123   141   200   311   319   402   424   452
   465   481   510   537   693   712   715   726   748   760   801   837
   895   946   988   990   994  1066  1105  1116  1136  1198  1202  1340
  1386  1387  1444  1454  1463  1488  1607  1672  1697  1706  1730  1766
  1795  1800  1841  1909  1929  1992  2032  2044  2093  2115  2127  2186
  2266  2274  2276  2315  2323  2331  2361  2478  2484  2490  2515  2624
  2648  2794  2873  2877  2893  2907  2911  2951  3059  3203  3280  3355
  3372  3406  3461  3603  3627  3647  3650  3665  3716  3893  3901  3972
  3981  4032  4067  4093  4123  4142  4204  4232  4316  4522  4546  4587
  4614  4636  4680  4762  4842  4882  4953  4967  5015  5030  5099  5116
  5153  5199  5215  5253  5280  5383  5384  5432  5592  5642  5666  5703
  5746  5897  5919  6068  6072  6093  6119  6163  6166  6194  6195  6254
  6480  6516  6557  6609  6696  6720  6750  6857  6868  6878  6957  7081
  7189  7194  7352  7365  7438  7444  7448  7472  7521  7609  7642  7724
  7804  7860  7883  7887  7972  7983  8015  8099  8169  8267  8325  8326
  8365  8395  8410  8445  8455  8481  8497  8567  8601  8626  8739  8796
  8801  8812  8855  8863  8905  8950  9132  9145  9175  9224  9298  9350
  9351  9500  9501  9647  9707  9715  9746  9821  9844  9917 10039 10061
 10066 10075 10076 10111 10129 10147 10194 10202 10267 10274 10300 10415
 10529 10656 10677 10730 10784 10858 10885 11042 11046 11048 11128 11139
 11163 11179 11187 11203 11208 11425 11430 11473 11574 11647 11680 11780
 11789 11924 11974 12011 12035 12041 12044 12050 12053 12058 12071 12124
 12198 12201 12211 12223 12289 12340 12423 12511 12546 12569 12702 12744
 12773 12899 12967 13060 13110 13150 13153 13188 13246 13312 13362 13389
 13448 13483 13603 13642 13649 13681 13772 13779 13806 13830 13849 13861
 13934 14042 14052 14085 14099 14126 14162 14212 14376 14398 14408 14427
 14440 14448 14471 14494 14539 14557 14611 14743 14785 14818 14819 14827
 14844 14857 14894 14931 15001 15009 15153 15159 15230 15232 15272 15320
 15350 15351 15373 15380 15464 15479 15480 15508 15541 15652 15653 15708
 15782 15809 15860 15893 15923 15930 16179 16180 16201 16265 16403 16446
 16552 16576 16601 16673 16682 16808 16863 16882 17032 17054 17086 17158
 17268 17300 17381 17383 17508 17520 17539 17621 17678 17725 17758 17804
 17832 17874 17879 17910 17911 17918 17958 17960 17963 18086 18090 18111
 18180 18189 18299 18360 18431 18504 18594 18647 18669 18706 18759 18771
 18884 18929 19011 19029 19048 19091 19116 19297 19370 19426 19456 19547
 19623 19845 19863 19864 19879 19906 19911 19922 20039 20103 20142 20149
 20178 20183 20216 20284 20379 20407 20479 20488 20507 20509 20550 20569
 20573 20589 20602 20630 20801 20809 20851 20859 20864 20905 20918 20922
 20968 20974 21026 21035 21109 21146 21156 21206 21233 21249 21361 21386
 21477 21488 21500 21535 21587 21723 21814 21827 21849 21867 21915 21965
 21995 22000 22007 22051 22073 22099 22179 22203 22240 22289 22301 22318
 22401 22419 22502 22742 22752 22823 22857 22907 22951 22974 23032 23086
 23174 23209 23213 23316 23322 23353 23384 23394 23486 23521 23534 23537
 23542 23559 23601 23714 23802 23878 24006 24027 24057 24108 24116 24120
 24169 24185 24261 24477 24479 24511 24569 24593 24633 24635 24677 24707
 24762 24793 24839 24840 24843 24856 24860 24885 24985 25035 25055 25058
 25063 25115 25136 25148 25167 25221 25351 25510 25676 25683 25719 25824
 25874 25915 25954 25959 25986 26004 26055 26087 26184 26304 26331 26351
 26453 26480 26488 26540 26553 26626 26644 26690 26750 26780 26793 26816
 26818 26875 26895 26921 27045 27075 27123 27148 27150 27158 27162 27203
 27238 27277 27348 27406 27446 27524 27555 27678 27689 27693 27778 27782
 27795 27821 28048 28240 28342 28437 28438 28465 28473 28689 28739 28811
 28828 28842 28900 28931 28973 29002 29020 29071 29098 29101 29124 29496
 29650 29892 30021 30174 30180 30200 30227 30247 30353 30392 30472 30516
 30523 30600 30640 30651 30684 30697 30756 30770 30781 30806 30807 30987
 31043 31176 31188 31252 31361 31369 31375 31378 31509 31607 31682 31717
 31721 31793 31823 31933 31959 31968 31989 31999 32004 32036 32153 32159
 32234 32236 32250 32270 32277 32289 32291 32305 32360 32362 32456 32484
 32495 32786 32796 32845 32907 32956 33001 33035 33147 33164 33234 33281
 33304 33346 33369 33417 33427 33500 33521 33600 33739 33746 33776 33794
 33940 34124 34138 34232 34256 34261 34328 34330 34388 34456 34507 34615
 34634 34672 34742 34793 34794 34816 34850 34912 35013 35079 35148 35205
 35213 35303 35322 35376 35382 35467 35475 35547 35615 35701 35708 35722
 35724 35728 35830 35848 35877 35901 36073 36093 36126 36178 36198 36222
 36255 36263 36357 36375 36400 36417 36479 36492 36517 36529 36573 36587
 36610 36612 36616 36651 36726 36733 36741 36815 36924 36930 36999 37007
 37048 37074 37129 37186 37302 37475 37556 37590 37661 37865 37872 37877]
