[   97   114   132   313   358   425   675   754   905   920   951   977
  1020  1088  1245  1503  1529  1572  2456  2611  2669  2741  3161  3370
  3467  3488  3511  3671  3811  3832  3896  4043  4494  5171  5387  5761
  5929  6670  6813  6883  7022  7699  7704  8209  8369  9629  9768 10386
 10893 11044 11304 11526 11825 12030 12460 12733 12858 12932 13123 13157
 13343 13686 13720 13724 14014 14357 14612 14821 15077 15110 15197 15343
 15519 15646 15831 16088 16376 16385 17219 17491 17509 17575 17610 17887
 17961 18288 18440 18570 18591 18678 18748 18886 19100 19384 20259 21737
 22069 23081 23314 24406 25093 25117 25164 25417 25422 25454 25580 25591
 26398 26598 26890 26908 27016 27082 27141 27159 27183 27287 27304 27385
 27475 27789 27798 27917 27989 27991 28464 28592 28765 28840 29072 29486
 29733 29818 30005 30018 30143 30335 30356 30484 30625 31383 31422 31469
 31652 32414 32475 32677 32740 32803 32982 32983 32993 33204 33288 33423
 34183 34421 34479 34608 34658 34937 35323 35338 35675 35798 35949 35953
 36104 36118 36363 36380 36811 36841 37200 37412 37431 37763]
[   16    97   114   132   313   358   425   489   675   754   905   920
   951   977  1020  1088  1245  1328  1483  1503  1529  1572  2054  2456
  2611  2669  2741  3133  3366  3370  3467  3488  3511  3671  3811  3832
  3896  4043  4192  4927  5171  5387  5761  5819  5929  6009  6018  6140
  6316  6355  6670  6813  7022  7106  7699  7704  8209  8341  8369  9055
  9629  9964 10290 10386 10573 10590 10720 10893 11044 11304 11825 11999
 12030 12360 12460 12855 12858 12891 12932 13123 13157 13343 13686 13720
 13724 14014 14323 14353 14357 15063 15077 15110 15170 15197 15343 15519
 15615 15646 15831 16088 16376 16385 17003 17197 17219 17491 17509 17575
 17610 17746 17785 17961 18225 18288 18341 18400 18440 18517 18570 18591
 18678 18710 18748 18886 18967 19100 19321 19384 19796 20210 20833 20850
 21344 21737 22069 22105 23081 23314 23398 23402 23844 24228 24406 25090
 25093 25117 25164 25403 25417 25422 25454 25560 25580 26154 26398 26703
 26908 27071 27082 27141 27159 27183 27287 27385 27475 27789 27798 27802
 27890 27897 27917 27991 28116 28428 28464 28592 28765 28840 28998 29072
 29443 29486 29726 29733 29818 29862 30005 30007 30018 30143 30289 30335
 30356 30612 30625 31383 31422 31469 31652 31774 32185 32414 32475 32677
 32740 32803 32835 32869 32892 32982 32993 33204 33225 33288 33423 33836
 34092 34183 34224 34407 34421 34479 34608 34658 34679 34847 34931 34937
 35323 35675 35798 35949 35953 36104 36118 36363 36380 36438 36555 36811
 36841 36859 36876 37200 37216 37300 37412 37961]
[   16    66    97   114   132   313   316   358   425   489   642   675
   754   905   920   951   977  1020  1088  1328  1433  1483  1503  1529
  1572  1793  2054  2357  2456  2611  2669  2741  2863  2900  2977  3083
  3133  3298  3366  3370  3381  3465  3467  3488  3511  3671  3811  3832
  3896  4043  4192  4210  4607  4609  4628  4781  4927  4951  5171  5314
  5387  5761  5819  5844  5929  6009  6018  6140  6316  6355  6670  6813
  7022  7106  7397  7699  7704  7736  7948  8209  8341  8369  8557  8603
  8774  9055  9629  9964 10072 10290 10354 10386 10425 10466 10573 10590
 10685 10720 10763 10849 10893 11044 11304 11526 11825 11883 11999 12030
 12360 12460 12468 12494 12628 12634 12855 12858 12891 12932 13048 13123
 13157 13343 13462 13557 13686 13720 13724 13944 14014 14139 14224 14252
 14323 14353 14357 14744 14950 15063 15077 15110 15170 15197 15343 15361
 15519 15615 15646 15831 16060 16088 16376 16385 17003 17197 17219 17270
 17491 17509 17575 17610 17746 17785 17891 17961 18089 18225 18288 18341
 18400 18440 18474 18517 18570 18591 18678 18710 18748 18886 18906 18967
 19017 19100 19135 19321 19384 19394 19796 20210 20318 20349 20576 20644
 20689 20833 20850 21201 21344 21633 21737 22069 22105 22514 22543 22972
 23081 23197 23314 23366 23398 23402 23759 23776 23844 24186 24228 24406
 24972 25090 25093 25117 25403 25417 25422 25454 25560 25580 25701 25802
 26154 26398 26566 26703 26717 26908 26925 27071 27082 27141 27159 27183
 27385 27475 27789 27798 27802 27890 27897 27917 27991 28104 28116 28428
 28464 28592 28765 28840 28998 29059 29072 29443 29448 29486 29614 29726
 29733 29818 29862 30005 30007 30018 30048 30143 30289 30335 30356 30548
 30612 30625 30676 30740 30922 31383 31422 31469 31652 31774 32185 32414
 32475 32677 32740 32803 32835 32869 32892 32982 32983 32993 33204 33211
 33225 33288 33423 33836 33862 34092 34183 34224 34253 34407 34421 34479
 34608 34637 34658 34679 34847 34885 34931 34937 35323 35675 35798 35928
 35949 35953 36104 36118 36363 36380 36438 36555 36811 36841 36859 36876
 37200 37216 37242 37300 37412 37418 37462 37761 37944 37961]
[    3    16    66    94    97   114   132   313   316   346   358   425
   442   489   642   675   754   905   920   951   977  1020  1088  1328
  1433  1483  1503  1529  1572  1722  1793  1831  2054  2357  2456  2611
  2640  2669  2741  2863  2900  2977  3083  3133  3298  3366  3370  3376
  3381  3465  3467  3488  3511  3533  3671  3787  3811  3832  3896  4043
  4192  4210  4392  4607  4609  4628  4739  4775  4781  4927  4951  5047
  5171  5314  5387  5733  5761  5819  5844  5929  6009  6018  6140  6316
  6355  6544  6670  6813  6883  7022  7106  7220  7316  7397  7670  7699
  7704  7736  7854  7948  8209  8287  8341  8369  8557  8603  8644  8774
  8815  9018  9055  9629  9964 10072 10290 10354 10425 10466 10573 10590
 10685 10720 10722 10763 10849 10893 11044 11089 11304 11526 11825 11883
 11999 12030 12360 12460 12468 12494 12520 12628 12634 12855 12858 12891
 12932 13048 13123 13157 13203 13343 13390 13462 13557 13686 13720 13724
 13944 14014 14139 14224 14252 14323 14353 14357 14744 14751 14925 14950
 14954 15063 15077 15110 15170 15197 15343 15361 15519 15615 15646 15831
 16060 16088 16197 16376 16385 16750 16780 17003 17197 17219 17270 17491
 17497 17509 17575 17610 17746 17785 17891 17961 18089 18225 18288 18341
 18400 18440 18474 18517 18570 18591 18678 18710 18728 18748 18886 18906
 18967 19017 19100 19135 19321 19384 19394 19479 19557 19796 20210 20259
 20296 20318 20349 20576 20644 20689 20741 20833 20850 21201 21246 21344
 21633 21737 22069 22105 22514 22543 22972 23011 23081 23197 23272 23314
 23366 23398 23402 23759 23776 23844 23898 24127 24186 24228 24315 24406
 24972 24974 24997 25090 25093 25117 25214 25396 25403 25417 25422 25454
 25560 25580 25591 25701 25802 26154 26295 26398 26566 26703 26908 26925
 26966 27071 27082 27141 27159 27178 27183 27385 27402 27475 27789 27798
 27802 27890 27897 27917 27991 28104 28116 28223 28428 28464 28592 28608
 28765 28770 28840 28998 29059 29072 29423 29443 29448 29486 29614 29674
 29726 29733 29818 29862 30005 30007 30018 30048 30103 30143 30289 30335
 30356 30548 30573 30612 30625 30676 30740 30907 30922 31070 31383 31422
 31474 31652 31774 32185 32414 32475 32663 32677 32740 32803 32835 32869
 32892 32982 32983 32993 33204 33211 33225 33288 33423 33612 33836 33862
 34092 34183 34224 34253 34407 34421 34479 34608 34637 34658 34679 34847
 34885 34931 34937 35095 35323 35675 35739 35798 35818 35911 35928 35949
 35953 36104 36118 36363 36380 36438 36555 36811 36841 36859 36876 36983
 37200 37216 37242 37300 37412 37418 37462 37761 37870 37944 37961]
