[  210   361   375   413   462   547   594   746   927  1032  1048  1165
  1235  1462  1651  1764  1852  1993  2117  2435  2487  2872  3152  3878
  4056  4159  4666  4842  4891  5269  5893  5910  6003  6053  6064  6181
  6321  6335  6605  7079  7114  7147  7229  7262  7460  7771  7899  7919
  8030  8096  8135  8224  8309  8460  8486  8559  8607  8778  9174  9380
  9657  9772  9789  9808  9978 10040 10422 10454 10478 10484 10666 10957
 10961 11325 11549 11564 11732 11735 12144 12157 12267 12310 12853 12929
 12941 13269 13284 13340 13342 13350 13461 14032 14082 14205 14212 14333
 14349 14647 14972 15081 15159 15962 15990 16062 16237 16299 16331 16379
 16440 17091 17281 17582 17753 17795 18066 18131 18355 18438 18596 18605
 18616 18718 19052 19114 19546 19547 19621 19675 19694 19753 19867 20087
 20112 20139 20206 20505 20512 20553 20625 20633 20757 21071 21109 21217
 21524 21576 21731 21840 21880 22094 22176 22350 22479 22613 22633 23197
 23203 23359 23937 24290 24333 24557 24601 24695 25374 25454 25609 25897
 25931 25953 26129 26134 26457 26493 26525 26532 26746 27066 27303 27555
 27708 27763 28343 28472 28587 28595 28773 28877 28956 29060 29128 29201
 29493 29623 29652 29657 29736 29847 30032 30083 30169 30173 30939 31051
 31151 31216 31279 31332 31699 31753 31759 31813 32006 32122 32630 32686
 32835 32906 33010 33034 33090 33142 33192 33267 33612 33721 33761 33841
 33869 33957 34379 34726 34751 34864 35030 35319 35515 35572 35805 36683
 36837 36926 36977 37476 37521 37965 37974 38183 38310 38610 38689 39247
 39359 39405 39549 39961 39967 40141 40360 40390 41034 41251 41784 41820
 41841 42069 42239 42308 42799 42843 42946 43101 43524 43536 43616 44059
 44182 44249 44523 44642 44655 44907 44947 44968 45107 45214 45221 45533
 45660 45686 45983 46071 46082 46407 46445 46554 46673 47112 47664 47800
 47814 47830 47853 47945 48032 48169 48271 48360 48420 48515 48676 48754
 49356]
[   32    60    95   132   202   222   251   265   300   360   392   455
   822   823   925   931   953  1009  1173  1272  1327  1394  1534  1729
  1772  1802  1849  1881  1984  2145  2159  2243  2369  2520  2527  2602
  2633  2639  2712  2767  2796  2898  2928  2993  2995  3065  3169  3198
  3241  3250  3351  3352  3364  3432  3475  3486  3499  3621  3683  3782
  3973  3981  4306  4363  4446  4529  4617  4771  4877  4882  4963  5001
  5150  5299  5303  5610  5614  5720  5776  5890  5912  5981  6007  6174
  6210  6265  6350  6403  6440  6568  6669  6736  6841  6904  7059  7083
  7149  7305  7308  7375  7472  7502  7640  7705  7790  7791  7934  8013
  8047  8058  8103  8155  8173  8495  8618  8805  8894  8896  8973  9097
  9146  9161  9168  9281  9282  9308  9318  9323  9327  9348  9387  9481
  9500  9568  9668  9687  9744  9762  9807 10178 10262 10310 10353 10482
 10552 10674 10741 10770 10881 10983 11010 11029 11124 11268 11299 11478
 11545 11562 11602 11714 11719 11815 11958 11965 11980 11994 12046 12060
 12168 12184 12242 12297 12411 12421 12496 12622 12648 12700 12741 12749
 12788 12850 12918 12923 12938 12942 13034 13037 13102 13131 13145 13177
 13229 13384 13388 13417 13454 13631 13645 13765 13769 13941 14044 14112
 14174 14229 14250 14295 14331 14368 14371 14382 14407 14461 14700 14911
 14919 15065 15136 15177 15317 15351 15412 15413 15431 15555 15562 15594
 15652 15682 15754 15785 15811 15869 15911 15932 16038 16046 16060 16124
 16181 16320 16391 16445 16520 16529 16558 16590 16611 16769 16791 16833
 16852 16866 17049 17177 17316 17540 17589 17692 17732 17786 17831 17932
 18016 18124 18187 18326 18423 18468 18582 18636 18667 18679 18727 18750
 18751 18817 18839 18953 18965 19001 19046 19062 19068 19130 19144 19224
 19303 19309 19324 19382 19504 19655 19714 19894 19933 19979 20034 20085
 20142 20178 20191 20250 20254 20364 20405 20410 20477 20546 20638 20644
 20704 20706 20740 20746 20753 20810 20957 21018 21074 21097 21211 21215
 21238 21241 21252 21262 21302 21323 21361 21396 21434 21517 21519 21588
 21776 21798 21855 21985 22048 22061 22066 22109 22130 22187 22244 22265
 22272 22297 22309 22336 22615 22645 22669 22835 22841 22932 22937 22993
 23012 23093 23282 23413 23426 23560 23591 23615 23713 23744 23813 23818
 23883 23888 23911 23973 24100 24151 24254 24406 24447 24688 24722 24730
 24749 24782 24808 24833 24927 25042 25047 25068 25098 25282 25368 25384
 25406 25411 25440 25458 25763 26097 26203 26385 26440 26651 26681 26888
 26937 26991 27026 27183 27433 27467 27527 27537 27739 27775 27946 27974
 28027 28055 28091 28112 28179 28264 28270 28285 28312 28483 28512 28579
 28620 28629 28652 28696 28709 28750 28791 28825 28851 28910 28986 28991
 29015 29025 29041 29208 29267 29351 29380 29502 29561 29682 29694 29790
 29860 29997 30025 30148 30225 30253 30269 30558 30601 30796 30803 30822
 31006 31017 31193 31229 31287 31398 31407 31470 31640 31652 31725 31766
 31804 31934 31975 31999 32080 32282 32329 32342 32358 32397 32649 32738
 32822 32998 33173 33311 33356 33483 33508 33556 33731 33830 33870 33874
 33914 34016 34111 34150 34340 34384 34463 34473 34495 34572 34704 34714
 34796 34824 34897 34910 34962 34999 35017 35061 35064 35323 35325 35357
 35385 35445 35534 35683 35782 35861 35948 35987 36053 36097 36202 36428
 36509 36529 36537 36673 36719 36730 36967 37001 37010 37030 37071 37075
 37098 37237 37252 37296 37395 37580 37604 37687 37726 37734 37793 37844
 37851 37875 37897 37906 37917 37979 38119 38124 38273 38280 38345 38452
 38475 38549 38576 38673 38688 38748 38785 38897 38910 39000 39098 39120
 39183 39313 39394 39442 39534 39625 39805 39827 39897 39908 39975 40011
 40088 40134 40187 40229 40531 40543 40759 40795 40812 40887 41139 41171
 41180 41253 41262 41265 41308 41333 41458 41522 41560 41713 41718 41757
 41899 41986 42100 42242 42245 42270 42314 42341 42372 42445 42677 42711
 42748 42818 42895 42970 42976 42991 43031 43087 43096 43245 43495 43549
 43668 43729 43811 44026 44135 44155 44317 44389 44422 44438 44498 44572
 44574 44589 44645 44659 44759 44816 44847 44866 44882 44957 45044 45104
 45158 45242 45268 45339 45675 45782 45783 45902 45938 45943 45949 46002
 46055 46241 46443 46526 46532 46557 46639 46786 46895 46981 47186 47213
 47275 47505 47625 47640 47876 47892 47936 48035 48082 48093 48128 48196
 48283 48304 48413 48547 48552 48630 48657 48737 48843 48914 48931 48943
 48994 49094 49108 49349]
[   41    55   188   306   335   344   749   816   896  1106  1426  1505
  2180  2404  2654  2795  2901  3191  3216  3848  4073  4201  4790  4856
  5271  5486  5530  6253  6258  6698  7239  7399  7410  7534  7597  7602
  7687  7902  8162  8207  8608  8671  9464  9740  9830  9995 10093 10196
 10233 10373 10411 10852 11122 11769 11779 11780 11886 11938 12073 12179
 12254 12598 12878 13468 13557 13573 13706 13845 13887 14200 14206 14402
 15122 15233 15235 15404 15679 15832 15919 16616 16722 16958 17047 17172
 17327 17473 17477 17496 17674 17695 17900 17936 17988 18341 18360 18745
 19243 19247 19297 19542 20511 20531 20540 20643 20825 20868 21611 21625
 21651 21741 21777 22041 22231 22328 22497 22679 22758 22771 23227 23288
 23298 23434 23711 23835 23847 24031 24063 24065 24172 24178 24179 24453
 24487 25024 25029 25030 25088 25201 25209 25289 25451 25752 26339 26405
 26445 26573 26793 26904 27725 27797 27894 28012 28037 28135 28428 28447
 28583 28897 29070 29098 29158 29217 29268 29761 29796 29817 29958 30078
 30099 30298 30311 30425 30754 30926 31103 31130 31171 31280 31401 31486
 31591 31622 31698 31740 31801 31861 32434 32656 32845 33245 33261 33337
 33468 33575 33792 34240 34773 34784 35280 35330 35439 35528 35669 35983
 36061 36063 36123 36291 36366 36667 37092 37357 37638 37825 37878 37955
 37988 38357 38507 38520 38601 38708 38902 38963 39028 39140 39160 39258
 39307 39390 39550 39617 39727 39932 40301 40549 40685 40817 41039 41044
 41416 41552 41639 41681 41811 41824 41882 42156 42229 42390 42515 42586
 42611 43219 43268 43621 43660 44033 44172 44200 44385 44473 44576 44696
 44764 45060 45194 45220 45229 45292 45403 45433 45471 45835 46000 46066
 46103 46141 46306 46319 46469 46511 46519 46585 46750 46834 46839 46843
 47006 47036 47103 47200 47376 47470 47478 47751 47811 47868 47908 47976
 48044 48077 48346 48532 48660 48761 49148 49301 49308 49358 49363]
[  254   490   528   728  1082  1185  1470  1486  1494  1617  1640  1644
  1702  2342  2445  2814  2956  2973  2985  3038  3116  3267  3416  3462
  3530  3556  3732  4024  4076  4465  4517  4594  4741  4773  4870  5140
  5339  5380  5499  5850  6392  6515  6635  6719  6984  7746  7774  7915
  7953  8034  8089  8504  8596  8720  8868  8893  8936  8954  9019  9085
  9232  9407  9643  9736  9769 10317 10334 10718 10780 10920 10979 11153
 11218 11260 11305 11326 11818 12186 12263 12332 12377 12471 12506 12519
 12739 12976 13120 13129 13380 13679 13717 13796 13852 13963 14279 14319
 14412 14473 14563 14628 14699 14730 15090 15305 15559 15839 16039 16163
 16250 16268 17159 17219 17343 17369 17388 17451 17788 17825 18077 18241
 18429 18458 18465 18492 18683 18691 18777 18906 19241 19427 19818 19898
 20039 20192 20232 20372 20425 20645 20853 20866 20889 21510 21666 22422
 22425 22652 22714 22777 23065 23180 23187 23467 23520 23767 23798 24059
 24185 24475 24499 24585 24721 24839 25046 25058 25072 25787 26031 26075
 26653 26700 26759 27073 27261 27326 27799 27866 28115 28170 28575 28691
 28704 28727 28782 28827 28952 28976 29141 29173 29295 30367 30464 30473
 30477 30728 30917 30997 31059 31415 31478 31730 31909 31932 31967 32058
 32065 32726 32919 32957 32966 33148 33212 33327 33480 33504 33747 33920
 34103 34271 34418 34459 34501 34576 34689 34697 34712 34755 34828 35146
 35708 35757 35824 35855 36015 36321 36614 36835 36964 37007 37071 37113
 37131 37257 37341 37487 37683 37707 37893 38315 38477 38516 38817 38885
 38942 39083 39779 39944 39986 40530 40749 41033 41128 41169 41836 41950
 41999 42176 42190 42274 42404 42438 42451 43023 43342 43734 43761 43951
 44331 44646 44767 45064 45500 45904 45944 46056 46057 46159 46813 46946
 47173 47194 47235 47474 47484 47631 47820 48000 48237 48393 48395 48618
 49053 49136 49172 49229 49245 49430]
[   86   359  2032  2166  2495  2881  2940  3262  3605  3917  4146  4663
  5242  5619  5691  6278  6970  7645  8740  8811  9959 10142 10255 10257
 10296 10560 10837 11000 11200 11243 11816 12732 13099 14127 14134 15064
 15254 16471 16737 17870 18956 19853 20395 21461 21715 23432 23682 23843
 24199 24796 27441 28067 28142 28846 28901 29122 29253 29469 29593 31174
 31206 31983 32070 32336 32373 33589 33835 33842 33915 34266 34279 34401
 35898 36224 36317 36416 36653 36668 36884 37214 37365 39115 40439 40944
 40987 41457 42159 42290 42993 43313 44787 45786 46068 46325 46537 46624
 46738 46754 47823 49461]
[  225   370   422   527   798   843  1003  1028  1069  1084  1099  1294
  1470  1486  1539  1550  1644  1732  1755  1783  1787  1888  1891  2083
  2246  2280  2348  2415  2595  2658  2719  2814  2873  2933  3030  3050
  3120  3139  3330  3386  3416  3457  3460  3533  3577  3627  3716  3788
  3816  3876  3877  3926  3972  4004  4145  4223  4333  4361  4489  4651
  4673  4741  4765  4768  4843  4995  5100  5251  5261  5287  5501  5544
  5547  5551  5591  5613  5743  5782  5883  6141  6149  6279  6324  6415
  6422  6458  6471  6652  6668  6680  6811  6813  6919  6992  7003  7021
  7050  7060  7067  7095  7097  7165  7254  7278  7516  7616  7660  7673
  7702  7716  7915  7979  8068  8436  8584  8596  8668  8768  8868  8992
  9085  9096  9407  9408  9463  9504  9525  9706  9784  9842 10083 10226
 10320 10324 10421 10572 10598 10611 10705 10765 10780 10963 11013 11061
 11215 11218 11248 11341 11365 11429 11634 11682 11715 11750 11823 11828
 11864 11877 11901 11933 12007 12121 12249 12346 12377 12471 12500 12719
 12725 12817 12839 12950 13235 13339 13344 13443 13669 13783 13950 14035
 14109 14118 14170 14427 14447 14524 14544 14558 14758 14793 14794 14800
 14879 15090 15113 15354 15365 15417 15439 15537 15709 15750 15766 15790
 15871 15893 16096 16118 16140 16163 16200 16268 16427 16470 16548 16643
 16651 16793 16801 16876 16946 17033 17080 17137 17219 17343 17368 17379
 17388 17435 17459 17484 17545 17616 17649 17770 17919 17956 18351 18370
 18448 18458 18472 18515 18560 18592 18598 18670 18740 18744 18833 18844
 18901 18961 19007 19155 19200 19266 19400 19500 19525 19543 19741 19816
 19846 19873 19891 20083 20192 20334 20425 20435 20567 20747 20798 20824
 20906 20999 21070 21198 21536 21611 21612 21717 21723 21808 21861 22140
 22298 22581 22626 22656 22696 22706 22716 22750 22777 22838 22917 22965
 23007 23015 23138 23215 23221 23296 23334 23392 23511 23785 23790 23822
 23873 23902 24011 24015 24031 24055 24059 24075 24185 24201 24243 24256
 24258 24272 24315 24327 24366 24415 24529 24690 24721 24815 24932 24966
 24995 25022 25046 25071 25225 25269 25366 25425 25596 25650 25659 25709
 25782 25825 25926 25927 26083 26116 26123 26164 26338 26454 26540 26700
 26778 26870 27012 27330 27469 27568 27635 27639 27645 27675 27808 27971
 28050 28147 28441 28463 28480 28552 28573 28575 28673 28727 28733 28802
 28921 28968 29109 29114 29126 29233 29315 29327 29485 29704 29992 30045
 30075 30174 30417 30465 30478 30530 30566 30687 30728 30760 30830 30850
 30997 31004 31069 31215 31238 31244 31254 31321 31416 31418 31428 31478
 31480 31519 31549 31730 31816 31866 31953 31955 32043 32058 32065 32109
 32146 32158 32207 32273 32430 32473 32546 32568 32767 32775 33179 33247
 33277 33299 33331 33489 33504 33542 33560 33609 33626 33682 33780 33853
 33889 33970 34020 34090 34117 34271 34369 34465 34501 34503 34634 34712
 34774 34791 34828 34852 34894 34989 35104 35219 35296 35458 35498 35564
 35599 35619 35695 35827 35849 35855 35954 36025 36123 36184 36299 36321
 36549 36604 36605 36619 36695 36734 36735 36964 37011 37113 37172 37324
 37341 37350 37457 37512 37528 37606 37624 37628 37787 37911 37929 37945
 38003 38028 38126 38144 38189 38206 38270 38352 38374 38395 38399 38506
 38518 38586 38700 38722 38789 39050 39090 39105 39152 39185 39431 39491
 39712 39798 39924 40036 40046 40105 40189 40191 40234 40271 40386 40389
 40440 40448 40466 40495 40515 40530 40666 40743 41164 41632 41670 41709
 41749 41764 41771 41781 41880 41950 41957 41999 42003 42096 42170 42211
 42225 42325 42361 42411 42571 42620 42682 42699 42732 42751 42896 42930
 43023 43166 43342 43416 43425 43464 43494 43725 43734 43845 43935 43945
 44001 44025 44071 44120 44251 44410 44415 44644 44685 44711 44736 44739
 44767 44829 44833 45029 45101 45129 45141 45514 45634 45747 45904 45920
 45935 45952 45974 45981 46135 46159 46170 46236 46264 46371 46438 46446
 46453 46474 46514 46568 46621 46626 46703 46713 46751 46764 46864 46887
 46953 46969 46995 47148 47156 47258 47389 47407 47441 47442 47458 47524
 47912 47920 47991 48011 48024 48141 48289 48345 48559 48774 48795 48811
 48885 48998 49000 49193 49464]
[  207   719  1061  1368  1478  1743  1809  1899  1987  1996  2086  2407
  2781  3059  3185  3516  3674  3783  4043  4193  4284  4621  5068  5216
  5921  6356  6485  6583  7042  7169  7473  7506  8107  8663  9880  9930
 10127 10685 10967 11140 11527 11579 11649 11819 12611 12851 13008 13027
 13068 13268 14036 14392 14936 15074 15295 15344 15456 16050 16607 17087
 18064 18079 18103 18184 18247 18859 18928 19009 19026 19380 19458 19490
 19574 19615 19651 19991 20065 20407 20662 20862 21565 21765 21876 22078
 22186 22274 22353 22641 22670 23151 23752 23845 23941 24245 24440 24498
 24523 24797 25352 25450 25610 25706 25741 25818 25959 26295 26650 27502
 27984 28168 28402 29198 29293 29432 29608 29688 29781 30585 30892 30905
 31029 31481 31547 31577 31742 31796 31824 32064 32619 32969 33271 33645
 33695 34110 34368 34575 34596 35196 35249 35284 35555 35793 35812 35902
 36227 36257 36265 36471 36640 36991 37073 37133 37976 38107 38297 38342
 38596 38663 38942 38953 39091 39274 39497 39717 39916 39980 40420 41203
 41283 41398 42349 42506 42944 43000 43006 43012 43248 43316 43319 43824
 43899 44600 44723 44766 44821 44888 45696 45812 45874 45878 46256 46360
 46645 46721 47094 47518 49429]
[   35    68   418   498   606   613   735   783   794   804   832   914
   923  1113  1123  1353  1478  1575  1880  1910  2064  2073  2333  2424
  2516  2530  2585  2629  2803  2823  2947  2951  3176  3237  3282  3425
  3572  3607  3744  3979  4036  4133  4144  4200  4209  4214  4341  4460
  4639  4674  4838  5043  5264  5286  5304  5395  5444  5482  5506  5510
  5513  5543  5553  5648  5680  5714  5727  5763  5884  6000  6088  6196
  6302  6325  6399  6452  6476  6539  6697  6759  6903  6929  7220  7266
  7396  7497  7500  7538  7657  7739  7759  7884  7966  7980  7992  8057
  8166  8238  8242  8243  8270  8334  8532  8543  8575  8581  8640  8647
  8799  8806  8828  8830  8938  8990  9015  9124  9152  9196  9202  9226
  9354  9359  9388  9402  9819 10181 10212 10329 10375 10448 10525 10656
 10725 10940 11009 11098 11115 11231 11278 11328 11336 11469 11473 11504
 11868 11930 12331 12356 12501 12546 12609 12650 12731 12848 12912 12977
 13056 13121 13150 13259 13333 13365 13768 13776 13828 13837 13861 13960
 13971 14070 14092 14126 14190 14271 14287 14374 14530 14623 14677 14790
 14843 14994 15039 15064 15126 15182 15246 15500 15960 16020 16183 16316
 16352 16405 16512 16785 16963 17251 17254 17315 17341 17362 17592 17643
 17654 17846 17853 17887 18077 18159 18255 18280 18419 18660 18885 18942
 19026 19124 19236 19250 19416 19633 19638 19665 19699 19877 20048 20391
 20412 20548 20554 20568 20708 20991 21019 21029 21119 21203 21338 21402
 21425 21565 21586 21645 21676 21871 21984 21999 22002 22136 22236 22313
 22390 22403 22406 22561 22564 22571 22580 22671 22751 22915 22948 22967
 23026 23045 23084 23088 23108 23122 23363 23369 23453 23454 23572 23680
 23745 23779 23827 24680 24681 24853 25105 25111 25151 25331 25351 25548
 25652 25713 25860 26002 26070 26098 26254 26365 26393 26422 26600 26656
 26719 26730 26902 27269 27397 27571 27668 27766 27778 27875 27927 27990
 28083 28114 28192 28199 28442 28557 28605 28641 28738 28855 28902 29089
 29168 29245 29325 29383 29583 29683 29701 29768 29798 29889 29895 29907
 29968 30302 30480 30524 30575 30745 30907 31035 31050 31057 31160 31183
 31209 31354 31425 31604 31711 31715 31836 31920 31941 31963 31976 32095
 32128 32147 32459 32754 33068 33360 33529 33683 33716 33815 33819 33829
 33950 34046 34067 34249 34397 34563 34578 34725 34772 34795 34820 34876
 34915 34928 34977 35046 35635 35837 35897 35934 35959 36060 36071 36075
 36082 36187 36306 36425 36474 36479 36607 36807 36834 36848 36853 36891
 36909 36949 37120 37174 37339 37581 37599 37627 37697 37702 37703 37782
 37852 38092 38211 38283 38414 38437 38460 38483 38704 38766 38797 38943
 39085 39092 39266 39345 39352 39407 39434 39436 39636 39643 39870 40181
 40306 40322 40416 40443 40509 40597 40643 40779 40915 40946 40948 41226
 41255 41278 41332 41352 41367 41691 41842 41916 41932 41960 41984 42078
 42567 42707 42900 43027 43201 43223 43247 43292 43466 43513 43520 43579
 43701 43916 44019 44183 44266 44420 44626 44863 45032 45033 45119 45262
 45501 45714 45827 45896 45907 45933 45953 46096 46123 46480 46577 46738
 46831 47352 47776 47875 47973 47981 48004 48040 48112 48345 48381 48565
 48646 48669 48710 48769 49096 49231 49275 49302 49310 49350]
[  621   859   999  1044  1241  1359  1491  1656  1804  2009  2085  2103
  2240  2247  2319  2651  2686  3098  3384  3491  3700  3724  3996  4189
  4227  4247  4548  4841  4908  4917  4929  4938  5041  5048  5145  5363
  5397  5428  5462  5737  5811  6129  6188  6205  6656  6800  7002  7044
  7091  7429  7455  8393  9028  9073  9390  9449  9561  9981 10014 10031
 10220 10241 10288 10363 10590 10707 10821 10857 10931 10943 10987 11060
 11228 11246 11330 11497 11572 11989 12295 12314 12443 12634 12991 13233
 13445 13518 13554 13575 13788 13872 13932 14057 14326 14618 15527 15532
 15567 16322 16747 16872 17024 17237 17441 17942 17947 17980 18035 18390
 18554 18622 18719 18986 19117 19193 19221 19535 19565 19790 19896 19964
 20169 20300 20312 20718 20878 21061 21098 21100 21187 21281 21348 21703
 21707 21932 21941 22219 22248 22376 22729 22794 23087 23312 23316 23471
 23570 23633 23935 24184 24296 24356 24398 24526 24648 24804 24886 25005
 25040 25153 25611 25644 25770 25909 25923 25941 25978 26105 26207 26216
 26238 26994 27383 27426 27439 27636 27833 28146 28159 28219 28233 28487
 28852 29032 29189 29193 29271 29296 29401 29440 29637 30126 30416 30543
 30665 31063 31303 31348 31679 32011 32609 32772 32900 33704 33805 33839
 33952 34071 34329 34676 35095 35278 35435 35950 36186 36374 36417 36422
 36449 36543 36561 36592 36603 36642 36814 36955 37206 37430 37633 37636
 37745 37845 37879 37900 37940 38361 38430 38462 38883 38892 39012 39087
 39216 39253 39332 39578 40128 40192 40195 40269 40316 40589 40593 40632
 40769 40884 41185 41227 41312 41354 41509 41663 41809 42099 42301 42527
 42675 43084 43254 43332 43663 43685 43943 44066 44265 44586 44720 44954
 45272 45281 45517 45636 45954 45960 46005 46028 47058 47139 47184 47205
 47342 47513 47644 47687 47772 47974 48037 48240 48363 48390 48607 48667
 48760 48850 48877 48898 49132 49181 49237 49289]
[  103   199   202   222   230   265   315   360   489   560   585   607
   669   695   742   924   951   966  1090  1091  1173  1217  1374  1499
  1534  1557  1569  1680  1689  1757  1995  2093  2145  2179  2277  2295
  2303  2397  2420  2444  2547  2633  2639  2700  2858  2977  2990  3015
  3095  3147  3241  3298  3328  3351  3352  3449  3562  3603  3626  3695
  3726  3737  3782  3842  3958  4071  4244  4246  4295  4306  4391  4462
  4511  4519  4575  4596  4688  4769  4783  4788  4915  4922  4942  5032
  5094  5184  5243  5377  5407  5445  5628  5657  5858  5879  5938  6078
  6115  6304  6352  6359  6548  6772  6808  7037  7059  7080  7108  7223
  7293  7371  7445  7461  7635  7654  7770  7791  7888  7931  8080  8249
  8353  8370  8404  8442  8474  8484  8489  8511  8612  8675  8683  8817
  9025  9112  9135  9168  9568  9680  9782  9802  9988 10039 10073 10401
 10428 10437 10530 10595 10619 10708 10801 10865 10873 10938 11031 11111
 11131 11274 11299 11382 11404 11422 11432 11436 11493 11557 11559 11669
 11979 12046 12076 12171 12227 12277 12445 12536 12557 12589 12619 12687
 12708 12714 12727 12800 12938 12942 13075 13145 13177 13229 13263 13304
 13357 13392 13403 13582 13659 13668 13986 14112 14235 14255 14303 14466
 14494 14589 14668 14929 14935 14974 15065 15150 15345 15350 15362 15462
 15541 15610 15811 15856 15862 15867 15892 15913 16038 16040 16083 16142
 16336 16391 16459 16546 16832 17059 17062 17073 17120 17204 17312 17447
 17501 17561 17585 17711 17804 17818 17823 17856 17884 17929 18001 18044
 18170 18176 18206 18271 18285 18368 18469 18509 18626 18642 18756 18965
 19023 19112 19144 19153 19174 19224 19309 19342 19352 19367 19382 19410
 19457 19709 19910 20042 20085 20125 20360 20397 20430 20471 20490 20523
 20552 20571 20590 20638 20724 20742 20769 20916 20924 20959 21018 21049
 21084 21086 21093 21134 21159 21194 21388 21417 21465 21478 21488 21519
 21523 21672 21673 21833 21908 22018 22164 22215 22336 22349 22449 22642
 22669 22811 22843 22893 22937 22945 22971 22993 23067 23111 23188 23201
 23240 23307 23333 23353 23379 23391 23615 23634 23734 23776 23840 23936
 24027 24045 24049 24155 24347 24407 24421 24504 24726 24747 24763 24782
 24806 24822 24833 24862 24968 25136 25266 25341 25466 25595 25692 25744
 25750 25832 25836 25880 25903 26063 26235 26282 26386 26440 26654 26696
 26740 26776 26864 26896 27039 27041 27106 27435 27448 27564 27606 27893
 28112 28179 28258 28285 28293 28409 28483 28592 28603 28604 28629 28680
 28734 28764 28809 28832 28860 28874 28973 28991 29241 29387 29610 29614
 29664 29671 29673 29682 29870 29967 30072 30192 30195 30355 30470 30484
 30549 30600 30611 30642 30683 30763 30818 31018 31106 31193 31272 31333
 31390 31400 31502 31639 31828 31840 31871 31934 31973 31981 32017 32117
 32227 32282 32286 32488 32518 32524 32819 32869 32932 33173 33327 33376
 33442 33454 33460 33479 33608 33632 33651 33914 34016 34022 34119 34122
 34151 34173 34238 34287 34294 34387 34496 34557 34565 34568 34736 34760
 34913 35033 35043 35045 35190 35226 35267 35463 35517 35633 35683 35684
 35707 35716 36107 36110 36113 36349 36386 36405 36488 36568 36633 36656
 36849 36942 37047 37087 37136 37381 37493 37508 37620 37621 37847 37866
 38130 38197 38280 38559 38748 38948 38958 39054 39117 39205 39299 39317
 39346 39451 39463 39743 39801 39805 39821 39876 39883 39942 40031 40178
 40564 40759 40780 40784 40847 40870 40881 40940 40959 41021 41262 41458
 41493 41503 41522 41560 41594 41679 41718 41734 41767 41935 42031 42147
 42153 42292 42314 42315 42341 42428 42619 42668 42710 42774 42785 42793
 42979 43098 43212 43228 43371 43475 43738 43779 43910 43936 44162 44438
 44577 44605 44676 44731 44847 44982 45242 45286 45358 45391 45576 45622
 45741 46054 46138 46148 46161 46234 46253 46489 46512 46532 46539 46643
 46705 46707 46894 47186 47226 47312 47452 47625 47715 47795 48149 48411
 48429 48433 48670 48875 49010 49084 49087 49120 49347]
[0.7028753993610224, 0.7292817679558011, 0.4115755627009646, 0.28104575163398693, 0.47, 0.6853766617429837, 0.467005076142132, 0.7604562737642585, 0.801948051948052, 0.5209302325581395]
[313, 724, 311, 306, 100, 677, 197, 526, 308, 645]
