training accuracy when lambda=0.3
[0.6581818181914513, 0.7502020202164699, 0.7680606060702392, 0.7778383838239342, 0.7837373737277407, 0.7907070707167038, 0.7919191919143754, 0.7973737373737374, 0.7981818181914513, 0.7996767676912173, 0.8029292929292929, 0.8036969697066028, 0.8067878788023284, 0.8091717171620841, 0.8085858585858586, 0.8114343434487931, 0.8123030302885806, 0.811111111101478, 0.8125050504906008, 0.814424242429059, 0.8136969697114194, 0.8130101010149176, 0.8151313131216801, 0.8159595959692291, 0.816020202029835, 0.8155555555700051, 0.8169292929341094, 0.8166868686820522, 0.8173333333188837, 0.814989898989899, 0.8149696969552473, 0.8155959595959595, 0.8150101010004679, 0.8135757575853907, 0.8145252525108029, 0.8141818181770016, 0.8127474747474748, 0.8130101009956514, 0.8113333333333334, 0.8120404040307709, 0.8115757575805741, 0.8094141414045083, 0.8084444444299949, 0.8080404040452206, 0.8076767676719512, 0.8057373737373738, 0.8083838383934715, 0.8050707070851567, 0.8042424242472408, 0.8053333333188837]
test accuracy when lambda=0.3
[0.3883, 0.3918, 0.398, 0.398, 0.396, 0.3991, 0.4031, 0.4001, 0.4, 0.4056, 0.4058, 0.4022, 0.4041, 0.4061, 0.4048, 0.4023, 0.4044, 0.4036, 0.4042, 0.4037, 0.409, 0.4045, 0.4035, 0.4048, 0.4019, 0.4048, 0.406, 0.4045, 0.4046, 0.4039, 0.4038, 0.4044, 0.4027, 0.4029, 0.4052, 0.4062, 0.4026, 0.4054, 0.4025, 0.4027, 0.4057, 0.4024, 0.4037, 0.4005, 0.402, 0.4033, 0.4017, 0.4048, 0.4056, 0.4023]
training accuracy when lambda=0.4
[0.5231919191919192, 0.5871313131457627, 0.5988888888888889, 0.6028282828282828, 0.6079797979725732, 0.6101212121260287, 0.6124242424097928, 0.6159191919191919, 0.6172525252477087, 0.6193737373592878, 0.620989898999532, 0.6229494949422701, 0.626444444449261, 0.6266868686820521, 0.6298585858441362, 0.6321212121067625, 0.6318989899086229, 0.6333333333237002, 0.6355353535498032, 0.6385858585858586, 0.639454545468995, 0.6408080808225304, 0.6432525252573418, 0.644525252510803, 0.6465050504906009, 0.6473333333188838, 0.6500202020250185, 0.6520000000096331, 0.6522626262578097, 0.6547272727224562, 0.6542222222149974, 0.656949494959128, 0.6573535353439023, 0.6565858585954917, 0.6600606060702391, 0.6608484848340352, 0.659515151500702, 0.6596767676671346, 0.6615151515247846, 0.661535353530537, 0.6618989899134395, 0.6614949494804999, 0.6616767676695429, 0.6653939393891228, 0.6651111110966615, 0.6650707070634823, 0.6644848484703989, 0.6642828282828283, 0.6664040404040404, 0.6659797979653483]
test accuracy when lambda=0.4
[0.3895, 0.3918, 0.4049, 0.402, 0.4043, 0.4062, 0.399, 0.4033, 0.4087, 0.408, 0.4083, 0.412, 0.4127, 0.4086, 0.4073, 0.4117, 0.4105, 0.4096, 0.4084, 0.4081, 0.4111, 0.4082, 0.4114, 0.4076, 0.4084, 0.4051, 0.4037, 0.4072, 0.4055, 0.4057, 0.4048, 0.406, 0.407, 0.4044, 0.4061, 0.4024, 0.4028, 0.4005, 0.3995, 0.4009, 0.3981, 0.4006, 0.4004, 0.4002, 0.4034, 0.3958, 0.4001, 0.4, 0.3965, 0.3909]
training accuracy when lambda=0.5
[0.12797979798040005, 0.13375757576118816, 0.13565656565837186, 0.14002020202381443, 0.14088888888949094, 0.14400000000240826, 0.14678787879028707, 0.14995959596049907, 0.15117171717231923, 0.1557979798015922, 0.15775757575938196, 0.16171717172078412, 0.16519191919673573, 0.16943434343795583, 0.176464646469463, 0.18193939394059808, 0.1883030303030303, 0.19323232323954803, 0.2031919191919192, 0.21232323232684472, 0.22185858586219825, 0.22959595959836787, 0.2388888888888889, 0.24979797980038806, 0.25953535353053697, 0.2683636363612281, 0.2777171717171717, 0.2867878787878788, 0.2952323232335274, 0.3032929292929293, 0.3169696969672887, 0.32177777777536953, 0.3277575757623923, 0.3386666666642584, 0.34670707070466245, 0.3526060606060606, 0.36084848484126003, 0.36432323232082403, 0.3749292929317012, 0.379555555550739, 0.3849090909018661, 0.3872121212073047, 0.39884848484848484, 0.40212121212602864, 0.40658585858104207, 0.4127070707142955, 0.41511111111592763, 0.41985858585376934, 0.42503030303511957, 0.42668686868446043]
test accuracy when lambda=0.5
[0.3827, 0.3972, 0.404, 0.4033, 0.4072, 0.401, 0.4026, 0.407, 0.4007, 0.4059, 0.4047, 0.4102, 0.4065, 0.4059, 0.4086, 0.4055, 0.4061, 0.4064, 0.4045, 0.4055, 0.4027, 0.3993, 0.4007, 0.4026, 0.4023, 0.3953, 0.4016, 0.3977, 0.3961, 0.3984, 0.3947, 0.4005, 0.3981, 0.3918, 0.3943, 0.391, 0.3943, 0.3896, 0.3917, 0.3905, 0.385, 0.3893, 0.3862, 0.3892, 0.3875, 0.3857, 0.3869, 0.3859, 0.3851, 0.3844]
training accuracy when lambda=0.6
[0.1255959595959596, 0.1328080808116932, 0.137878787879691, 0.13941414141775382, 0.14333333333513953, 0.14638383838624666, 0.14836363636484048, 0.15365656566379046, 0.15785858586039206, 0.16325252525493353, 0.1676767676803801, 0.17505050505411746, 0.1816565656577698, 0.19, 0.20204040404040405, 0.2140404040410061, 0.22480808081048909, 0.24006060606783086, 0.25137373737614566, 0.2697979797979798, 0.28535353536076014, 0.30157575757937, 0.31343434343916, 0.3319797979846145, 0.34541414141895793, 0.360464646469463, 0.37151515151996806, 0.3828080808032643, 0.397454545459362, 0.4109090909163157, 0.42117171716449237, 0.42894949495671975, 0.43727272728717687, 0.44822222221258917, 0.4566666666714832, 0.4678181818181818, 0.475070707061074, 0.4828080808225304, 0.4876161616185699, 0.49353535353535355, 0.501636363638772, 0.5112525252549335, 0.5165656565608401, 0.521494949490133, 0.529515151510335, 0.5335757575805741, 0.5382424242568739, 0.5435151515199681, 0.5440606060750557, 0.5540202020105689]
test accuracy when lambda=0.6
[0.3868, 0.4014, 0.4021, 0.4064, 0.4099, 0.4093, 0.4093, 0.4145, 0.4124, 0.412, 0.4128, 0.4093, 0.4146, 0.4077, 0.402, 0.4096, 0.4064, 0.398, 0.3994, 0.3961, 0.3937, 0.3886, 0.3946, 0.387, 0.3957, 0.3878, 0.3886, 0.3831, 0.3793, 0.3811, 0.3787, 0.3797, 0.3836, 0.3743, 0.3766, 0.3843, 0.3768, 0.378, 0.3786, 0.3735, 0.3784, 0.3751, 0.3766, 0.3771, 0.3766, 0.3763, 0.3799, 0.3739, 0.377, 0.371]
training accuracy when lambda=0.7
[0.12585858585858586, 0.1337373737379758, 0.13797979798160417, 0.14214141414141415, 0.14557575757666066, 0.15226262626623865, 0.15696969697692179, 0.16309090909452148, 0.1703838383850425, 0.1810101010119072, 0.19294949495009703, 0.203797979799786, 0.22208080808201222, 0.24333333333092508, 0.2621212121236204, 0.2801212121212121, 0.3033333333381499, 0.32692929292688466, 0.3481616161628203, 0.36886868686868685, 0.38771717171837583, 0.4048888888888889, 0.4222020201947954, 0.4423232323184158, 0.46131313130831475, 0.4754343434367517, 0.4900808080759915, 0.50371717171958, 0.5181818181745934, 0.5288080808128973, 0.537373737388187, 0.550323232337682, 0.5595151515151515, 0.5660808080663585, 0.5757575757479427, 0.5860606060557896, 0.5965858585762255, 0.603797979790755, 0.6071515151611482, 0.6135757575853906, 0.621373737378554, 0.6288282828427324, 0.637010101000468, 0.6401010101010101, 0.6491313131337214, 0.649636363621914, 0.6546666666618501, 0.6605252525348856, 0.6631717171765337, 0.6653939393891228]
test accuracy when lambda=0.7
[0.3841, 0.4024, 0.4061, 0.4102, 0.417, 0.4154, 0.423, 0.4153, 0.4179, 0.4135, 0.413, 0.4109, 0.4075, 0.4044, 0.3973, 0.3944, 0.3913, 0.3774, 0.3763, 0.3739, 0.3694, 0.3668, 0.3682, 0.3672, 0.3635, 0.3635, 0.3631, 0.3609, 0.3666, 0.361, 0.3574, 0.351, 0.3585, 0.3525, 0.3497, 0.3508, 0.3543, 0.3568, 0.3492, 0.3556, 0.3479, 0.3546, 0.3546, 0.3522, 0.3572, 0.3481, 0.3552, 0.3539, 0.3582, 0.3513]
training accuracy when lambda=0.8
[0.1208282828288849, 0.13327272727513553, 0.13866666667027908, 0.14448484848725676, 0.14858585858826687, 0.15452525252615562, 0.16206060606120812, 0.17078787879028706, 0.18529292929353136, 0.20026262626322833, 0.21907070707070708, 0.24373737374459856, 0.2656767676767677, 0.2895555555579638, 0.3160606060642185, 0.34303030302307824, 0.3742828282756035, 0.3972929292929293, 0.4172121212048964, 0.4417575757623923, 0.46282828282105803, 0.4838989899013982, 0.4987474747330251, 0.5208888888888888, 0.5391717171861667, 0.5520202020177938, 0.5671111111062945, 0.5816161616306113, 0.597393939398756, 0.6108282828138332, 0.6146262626310791, 0.6306868686724191, 0.6392121212169377, 0.6496363636363637, 0.66, 0.6677373737373737, 0.6752121212217543, 0.6819595959451463, 0.6880808080856247, 0.6976363636267305, 0.7031717171813503, 0.7096969696969697, 0.7143434343338013, 0.7160404040355876, 0.7231717171620841, 0.7277979797931633, 0.734161616151983, 0.7421212121212121, 0.7399191919095588, 0.7457777777777778]
test accuracy when lambda=0.8
[0.382, 0.4094, 0.4049, 0.421, 0.4157, 0.4264, 0.4202, 0.4263, 0.4182, 0.4066, 0.3978, 0.3895, 0.3596, 0.3625, 0.3497, 0.3477, 0.3387, 0.3257, 0.3316, 0.3222, 0.326, 0.319, 0.3137, 0.3095, 0.307, 0.3119, 0.3076, 0.3095, 0.3109, 0.3092, 0.306, 0.3092, 0.3052, 0.3051, 0.3052, 0.3049, 0.3064, 0.3055, 0.3008, 0.3036, 0.3014, 0.3021, 0.3057, 0.3075, 0.3087, 0.3135, 0.3019, 0.3204, 0.3117, 0.3153]
