training accuracy when lambda=0.3
[0.6546464646609143, 0.7438787878787879, 0.7572727272775438, 0.7653737373737374, 0.7721818181770016, 0.7759999999951834, 0.779414141428591, 0.7819797979749814, 0.7854141414141415, 0.7872929292977459, 0.7891919191871026, 0.791414141428591, 0.794464646469463, 0.7955959596007761, 0.7967272727176397, 0.7991313131216801, 0.7997171717268048, 0.7977373737277407, 0.7991515151563316, 0.8008282828330994, 0.8028484848629345, 0.8039191919336415, 0.8049696969648804, 0.8042626262722593, 0.8042020201923872, 0.8045050504954174, 0.8053333333333333, 0.8068686868735034, 0.8058181818133653, 0.8047070707215204, 0.8036969697066028, 0.8037171717268048, 0.8035151515007019, 0.8060606060654226, 0.8035555555603721, 0.8047474747426582, 0.802424242429059, 0.8033535353535354, 0.8022020202020202, 0.8013131313083148, 0.8032121212169377, 0.800464646469463, 0.7987272727417223, 0.8003434343289847, 0.7996767676864007, 0.7996565656710153, 0.7995555555411059, 0.7958181818326314, 0.7991919192015523, 0.7965454545358215]
test accuracy when lambda=0.3
[0.3905, 0.3914, 0.3975, 0.3965, 0.4, 0.4008, 0.3983, 0.3964, 0.3979, 0.3986, 0.3976, 0.3997, 0.396, 0.3982, 0.3992, 0.3994, 0.3998, 0.3997, 0.3958, 0.3988, 0.3988, 0.3996, 0.4019, 0.396, 0.3986, 0.4006, 0.4016, 0.399, 0.4022, 0.3977, 0.3967, 0.3995, 0.4008, 0.3963, 0.3978, 0.3954, 0.3935, 0.3934, 0.3945, 0.4002, 0.3992, 0.3954, 0.3964, 0.3967, 0.3962, 0.395, 0.3944, 0.3959, 0.3951, 0.3943]
training accuracy when lambda=0.4
[0.5027272727224562, 0.5635757575902072, 0.5714545454545454, 0.5758181818205901, 0.5785252525348856, 0.5824444444588941, 0.5842020201923871, 0.5866868686772356, 0.5887676767676767, 0.5915959595887348, 0.5925858585810421, 0.5947070706998459, 0.5976565656710152, 0.5981616161760658, 0.5991111111111111, 0.6007676767676767, 0.6047070707215203, 0.60571717171958, 0.6050707070755236, 0.6091717171765337, 0.6122222222270387, 0.6151717171765337, 0.614141414131781, 0.616989898989899, 0.6194141413996918, 0.6216363636363637, 0.6235555555700052, 0.6235757575805742, 0.6264444444444445, 0.6274141413996918, 0.6285858585858586, 0.6311919191871026, 0.6329090908946413, 0.6319999999951834, 0.6353333333429664, 0.6351515151659648, 0.6376363636508132, 0.6383434343289848, 0.6415151515247846, 0.6404444444396279, 0.640545454540638, 0.6400808080759915, 0.6415555555603721, 0.645515151510335, 0.6445050504906009, 0.6430303030254865, 0.6473535353631684, 0.6425050505098671, 0.6479797979701649, 0.6480202020346516]
test accuracy when lambda=0.4
[0.3893, 0.3922, 0.4035, 0.4038, 0.4011, 0.4067, 0.4034, 0.3997, 0.3997, 0.4055, 0.4055, 0.4033, 0.4062, 0.4025, 0.4045, 0.3992, 0.4021, 0.4004, 0.4035, 0.4027, 0.4024, 0.402, 0.4005, 0.4032, 0.4037, 0.4008, 0.4037, 0.4032, 0.4023, 0.3994, 0.4014, 0.3999, 0.3989, 0.4015, 0.3984, 0.3992, 0.3978, 0.3954, 0.3973, 0.3987, 0.3954, 0.3968, 0.3974, 0.3959, 0.3935, 0.394, 0.3938, 0.3925, 0.3962, 0.3902]
training accuracy when lambda=0.5
[0.13000000000120412, 0.1341818181854306, 0.1385050505050505, 0.13870707070767277, 0.142929292929895, 0.14404040404040405, 0.14466666666847286, 0.1485050505050505, 0.1515151515187639, 0.15420202020563262, 0.1565050505050505, 0.16060606060666266, 0.1631313131337214, 0.16810101010161216, 0.1721010101046225, 0.1780202020238144, 0.18367676767857388, 0.19052525252525251, 0.19662626263348743, 0.20422222222944703, 0.2134747474819723, 0.22161616161736575, 0.22975757576118816, 0.2420404040428123, 0.2501414141438224, 0.2568282828355076, 0.2689292929292929, 0.2784646464670547, 0.2864848484824402, 0.29757575757575755, 0.30315151515873995, 0.3108080808056725, 0.31793939394661874, 0.32783838383958797, 0.33705050505050504, 0.344444444449261, 0.35125252525011696, 0.3593131313131313, 0.3632323232250984, 0.3678989898917651, 0.37595959595959594, 0.38016161615439137, 0.38573737373014894, 0.3897979797931633, 0.398767676770085, 0.4010707070707071, 0.40379797980279636, 0.4088282828306911, 0.4153333333261085, 0.4236565656589739]
test accuracy when lambda=0.5
[0.3932, 0.3973, 0.3995, 0.407, 0.4087, 0.4101, 0.4063, 0.4023, 0.407, 0.408, 0.4058, 0.409, 0.4037, 0.4092, 0.4034, 0.4072, 0.4054, 0.4031, 0.4036, 0.4014, 0.4004, 0.3988, 0.3943, 0.3973, 0.3976, 0.3959, 0.3971, 0.3922, 0.3917, 0.3893, 0.3957, 0.3885, 0.3904, 0.3848, 0.3842, 0.3858, 0.3859, 0.3903, 0.3861, 0.3818, 0.3846, 0.3849, 0.3841, 0.3844, 0.3877, 0.3846, 0.3839, 0.3835, 0.3826, 0.3846]
training accuracy when lambda=0.6
[0.12620202020292332, 0.13589898989959195, 0.13967676767736975, 0.14296969697090112, 0.1442424242430263, 0.14793939393939393, 0.14896969697150317, 0.15379797979858187, 0.15723232323232322, 0.16260606060846888, 0.1683030303048365, 0.17464646465368946, 0.1827878787914912, 0.1904444444456486, 0.20064646464827085, 0.21404040404221025, 0.22686868687229927, 0.23943434344156825, 0.25258585858706273, 0.2700404040416082, 0.28739393939634766, 0.30042424242665067, 0.31557575757575757, 0.33076767676767677, 0.347555555550739, 0.360808080800856, 0.37226262626262624, 0.3851919191895109, 0.3996969696945614, 0.40957575758298237, 0.4211313131385379, 0.4303636363684529, 0.44212121211880384, 0.45121212122657084, 0.4603838383838384, 0.4695959595935513, 0.4769292929292929, 0.48333333332370026, 0.49323232321787364, 0.49583838385283346, 0.5046666666666667, 0.5120404040548536, 0.5197373737229242, 0.5252121212024882, 0.529737373730149, 0.5354949494949495, 0.5405454545550876, 0.5466262626262626, 0.5491919191919192, 0.5530909091053587]
test accuracy when lambda=0.6
[0.3922, 0.3984, 0.4062, 0.4083, 0.4124, 0.4103, 0.4066, 0.412, 0.4198, 0.4079, 0.4066, 0.4062, 0.4068, 0.4074, 0.4012, 0.4072, 0.4015, 0.3967, 0.3996, 0.391, 0.3932, 0.3906, 0.3865, 0.3925, 0.3822, 0.3825, 0.3821, 0.3764, 0.3801, 0.3781, 0.3822, 0.3785, 0.3743, 0.376, 0.3729, 0.3764, 0.3762, 0.3773, 0.3735, 0.3761, 0.3757, 0.3718, 0.3727, 0.3709, 0.3738, 0.3701, 0.371, 0.3706, 0.3679, 0.3706]
training accuracy when lambda=0.7
[0.1251919191928223, 0.13464646465368946, 0.13866666667027908, 0.14216161616221823, 0.14652525252705872, 0.15082828282948696, 0.1563030303048365, 0.16222222222583463, 0.16816161616161615, 0.17703030303090508, 0.1884040404112652, 0.2026262626268647, 0.2160404040428123, 0.23751515151635566, 0.2553737373809622, 0.2750505050456885, 0.2999191919228043, 0.31583838383838386, 0.3374545454521372, 0.36034343435065913, 0.38008080807599154, 0.398727272729681, 0.4182020202068367, 0.4356363636411802, 0.45238383837902185, 0.46464646463683157, 0.48278787879028706, 0.497515151510335, 0.5049090908994578, 0.5234747474602979, 0.5362020201923872, 0.5440202020202021, 0.5538585858730355, 0.5636565656710153, 0.5743838383742053, 0.5831515151466986, 0.5872727272655025, 0.5983232323135993, 0.6085252525108029, 0.6130909090909091, 0.6202020201875706, 0.6272929292832963, 0.632020202020202, 0.6363232323184158, 0.644444444458894, 0.6477171717027221, 0.6553939393939394, 0.6571313131361297, 0.664424242438692, 0.6652929292977459]
test accuracy when lambda=0.7
[0.3886, 0.3881, 0.4144, 0.4129, 0.4161, 0.4156, 0.42, 0.4106, 0.4121, 0.4149, 0.4025, 0.4001, 0.4032, 0.3989, 0.3905, 0.3954, 0.3832, 0.3776, 0.3787, 0.3659, 0.3649, 0.3582, 0.354, 0.355, 0.3521, 0.3574, 0.3487, 0.3501, 0.3461, 0.3451, 0.345, 0.3527, 0.3444, 0.3388, 0.3457, 0.3445, 0.3434, 0.3427, 0.3459, 0.3395, 0.3464, 0.3453, 0.3452, 0.3399, 0.3462, 0.3411, 0.343, 0.3491, 0.3495, 0.3427]
training accuracy when lambda=0.8
[0.12226262626623867, 0.13577777777837985, 0.14080808080868287, 0.1446262626286709, 0.14874747475108716, 0.15426262626503454, 0.15852525252645666, 0.16953535353715973, 0.18175757575817783, 0.19773737374459854, 0.21478787879510358, 0.23452525253006906, 0.2578989899062147, 0.28246464646524855, 0.3072727272679107, 0.3360404040379958, 0.3550303030230782, 0.38482828282587456, 0.40765656565415737, 0.4329898989923073, 0.45646464646464646, 0.47965656565656567, 0.4934343434367517, 0.5169090909235405, 0.5360404040428123, 0.5525050505195002, 0.5649090909090909, 0.5764444444299949, 0.594525252530069, 0.6059393939538436, 0.618020202010569, 0.630101010091377, 0.6392525252380756, 0.6452727272775438, 0.6597979797883468, 0.6666868686965017, 0.672424242438692, 0.6818383838383838, 0.6903636363540033, 0.6962626262529932, 0.7026262626214461, 0.7066464646609143, 0.7116565656661987, 0.7167070707022541, 0.723878787888421, 0.7283636363732694, 0.7358989898893569, 0.7419393939297608, 0.7437777777922274, 0.7480606060654226]
test accuracy when lambda=0.8
[0.3866, 0.3857, 0.4205, 0.4228, 0.4249, 0.4211, 0.4251, 0.4199, 0.4183, 0.4127, 0.4, 0.3857, 0.3807, 0.3715, 0.3655, 0.3502, 0.3458, 0.3394, 0.3335, 0.3243, 0.3244, 0.3174, 0.3162, 0.3132, 0.3172, 0.3052, 0.3047, 0.2978, 0.3081, 0.3094, 0.3075, 0.3039, 0.302, 0.2956, 0.2983, 0.2958, 0.3036, 0.3014, 0.3055, 0.3081, 0.3074, 0.2987, 0.3009, 0.3072, 0.3005, 0.298, 0.3066, 0.3061, 0.2981, 0.3045]
