[  111   115   212   263   316   328   340   377   402   404   414   433
   438   508   595   645   653   658   682   736   742   745   816   864
   898   904   931   976  1135  1159  1169  1196  1205  1239  1317  1422
  1465  1502  1650  1652  1726  1769  1946  1980  2095  2194  2249  2386
  2406  2417  2436  2442  2445  2455  2579  2619  2642  2650  2696  2698
  2839  2974  3028  3159  3180  3238  3287  3304  3326  3363  3467  3487
  3490  3535  3541  3557  3681  3693  3699  3759  3799  3800  3810  3819
  3945  4026  4027  4212  4234  4250  4259  4266  4311  4381  4391  4485
  4556  4558  4575  4576  4604  4648  4675  4722  4731  4971  4986  5048
  5104  5106  5157  5272  5277  5281  5341  5407  5418  5478  5498  5650
  5713  5721  5722  5751  5787  5812  5900  5904  5916  5934  5954  5961
  6020  6057  6058  6163  6183  6312  6317  6323  6337  6382  6501  6508
  6555  6570  6588  6603  6853  6905  6906  7049  7074  7113  7126  7142
  7167  7179  7256  7370  7405  7430  7453  7475  7579  7650  7681  7705
  7714  7716  7756  7793  7805  7811  7883  7999  8017  8117  8134  8135
  8159  8185  8195  8213  8214  8276  8282  8342  8415  8431  8447  8450
  8464  8600  8610  8617  8666  8754  8810  8924  8972  9080  9090  9165
  9189  9197  9200  9280  9286  9337  9403  9429  9434  9449  9525  9546
  9564  9581  9604  9620  9686  9719  9764  9830  9836  9843  9925  9964
  9967  9990 10032 10043 10050 10053 10114 10177 10228 10234 10242 10303
 10339 10382 10391 10400 10401 10432 10474 10480 10575 10664 10741 10791
 10794 10809 10813 10852 10905 11001 11072 11073 11083 11103 11109 11112
 11144 11158 11160 11170 11174 11317 11367 11406 11457 11524 11545 11551
 11611 11682 11727 11745 11762 11801 11846 11975 11993 12068 12079 12083
 12136 12182 12211 12247 12248 12261 12295 12361 12396 12519 12687 12844
 12963 12967 12983 12992 13058 13103 13136 13202 13257 13332 13334 13388
 13448 13529 13562 13612 13680 13713 13723 13725 13741 13825 13833 13916
 14025 14026 14040 14060 14067 14070 14124 14184 14217 14239 14242 14251
 14292 14301 14314 14380 14417 14630 14644 14654 14804 14900 14957 14958
 14980 14997 15147 15161 15222 15238 15256 15277 15294 15382 15389 15448
 15468 15470 15703 15704 15738 15784 15807 15864 15865 15908 16048 16126
 16147 16175 16202 16220 16254 16290 16327 16331 16394 16402 16411 16423
 16505 16621 16653 16659 16793 16839 16929 17005 17010 17034 17063 17072
 17153 17246 17279 17288 17305 17333 17336 17347 17389 17394 17428 17549
 17562 17655 17659 17682 17793 17862 17864 17952 18026 18043 18085 18110
 18114 18169 18176 18200 18330 18419 18421 18435 18499 18509 18573 18602
 18613 18643 18668 18697 18756 18758 18830 18869 18887 18897 18944 19021
 19034 19039 19084 19093 19191 19263 19329 19429 19454 19538 19648 19654
 19655 19674 19690 19723 19731 19732 19737 19740 19808 19878 20067 20188
 20190 20246 20265 20330 20361 20397 20402 20405 20459 20476 20516 20613
 20623 20680 20713 20738 20807 20930 21012 21053 21091 21117 21219 21248
 21317 21351 21372 21382 21415 21421 21519 21553 21574 21579 21632 21706
 21759 21810 21855 21897 21962 21973 22022 22121 22177 22187 22200 22356
 22411 22417 22440 22446 22459 22465 22526 22689 22703 22734 22780 22936
 23004 23116 23135 23183 23189 23322 23343 23505 23540 23612 23708 23849
 23894 23924 23966 23998 24038 24101 24117 24199 24253 24266 24273 24295
 24318 24321 24337 24343 24392 24411 24485 24506 24552 24568 24587 24628
 24637 24669 24721 24778 24817 24844 24913 24936 24937 24944 25035 25071
 25183 25198 25200 25280 25313 25357 25438 25454 25547 25550 25573 25593
 25745 25788 25792 25825 25881 25937 25979 26022 26074 26144 26170 26216
 26225 26280 26301 26374 26386 26390 26437 26473 26505 26575 26860 26878
 27146 27179 27237 27257 27474 27593 27650 27656 27660 27670 27702 27778
 27924 27985 27994 28014 28021 28027 28052 28161 28261 28276 28310 28346
 28391 28396 28460 28527 28538 28574 28575 28633 28675 28681 28748 28805
 28840 28878 28924 28991 29009 29040 29045 29046 29199 29241 29297 29340
 29354 29364 29452 29484 29526 29541 29590 29621 29641 29808 29888 29926
 30023 30071 30130 30185 30252 30456 30498 30547 30642 30650 30654 30657
 30715 30752 30761 30783 30853 30892 30929 30934 30970 30973 31125 31141
 31170 31227 31275 31322 31344 31498 31557 31559 31691 31693 31699 31746
 31747 31808 31809 31865 31871 31920 31924 31967 31995 32137 32245 32251
 32273 32296 32301 32442 32620 32634 32677 32781 32791 32810 32812 32891
 32893 32920 32929 32937 32954 32983 32999 33077 33244 33255 33277 33345
 33394 33432 33467 33516 33563 33585 33650 33669 33683 33687 33776 33782
 33801 33824 33852 33901 34030 34066 34130 34143 34196 34358 34370 34412
 34429 34460 34480 34502 34575 34594 34685 34720 34762 34773 34837 34843
 34851 34884 34897 34923 34940 34956 35005 35015 35019 35056 35099 35161
 35207 35397 35434 35493 35517 35551 35561 35568 35593 35733 35796 35808
 35834 35836 35864 35944 35970 36019 36022 36028 36102 36225 36254 36334
 36402 36523 36531 36589 36623 36652 36671 36679 36682 36717 36906 36909
 36954 36956 37007 37147 37162 37188 37235 37270 37294 37497 37505 37509
 37573 37629 37649 37709 37724 37780 37811 37824 37831 37847 37848 37933
 37960 37993 38100 38197 38246 38354 38402 38466 38474 38502 38516 38579
 38596 38763 38857 38872 38898 38996 39069 39127 39158 39345 39370 39387
 39425 39455 39532 39551 39552 39571 39713 39739 39793 39890 39920 39931
 39946 40013 40079 40088 40118 40192 40193 40220 40420 40443 40461 40464
 40472 40510 40525 40602 40610 40762 40798 40851 40856 40922 41061 41207
 41242 41245 41276 41324 41334 41344 41364 41366 41412 41519 41558 41596
 41606 41611 41626 41643 41657 41687 41802 41823 41847 42005 42056 42190
 42226 42254 42286 42295 42334 42358 42378 42452 42490 42507 42557 42571
 42578 42649 42698 42711 42766 42791 42816 42894 42912 42986 43001 43011
 43044 43052 43056 43077 43094 43111 43160 43176 43196 43272 43276 43395
 43410 43467 43473 43515 43599 43684 43698 43703 43727 43750 43846 43855
 43930 44028 44153 44170 44206 44244 44304 44323 44327 44364 44423 44441
 44495 44516 44525 44565 44590 44642 44643 44709 44795 44817 44890 44895
 44899 44900 44909 44941 44974 45008 45066 45096 45106 45114 45170 45215
 45263 45448 45463 45545 45563 45590 45656 45659 45681 45904 45940 45998
 46020 46093 46115 46132 46152 46212 46225 46279 46289 46382 46412 46472
 46519 46561 46580 46621 46652 46655 46681 46763 46800 46852 46888 46890
 46933 46963 46966 47003 47054 47071 47084 47217 47223 47272 47298 47303
 47333 47384 47395 47412 47426 47528 47580 47592 47598 47671 47682 47703
 47720 47769 47811 47834 47898 47936 47965 48033 48067 48152 48160 48185
 48208 48245 48268 48299 48304 48423 48445 48473 48518 48528 48642 48666
 48932 48947 48978 49054 49059 49248 49259 49263 49300 49353 49364]
[    4    32    46    65    93    96   112   119   159   201   225   229
   233   235   248   268   303   305   311   324   352   362   393   429
   439   458   463   482   501   542   580   678   726   755   817   827
   866   867   870   929   955   998  1070  1128  1129  1331  1377  1398
  1443  1482  1539  1546  1547  1559  1561  1565  1586  1681  1731  1734
  1777  1807  1856  1887  2002  2010  2025  2069  2104  2134  2138  2169
  2212  2236  2291  2377  2385  2437  2482  2505  2533  2536  2551  2563
  2581  2608  2635  2646  2705  2747  2773  2780  2803  2805  2904  2933
  2998  3000  3037  3047  3050  3054  3072  3092  3106  3208  3232  3260
  3289  3311  3358  3360  3361  3442  3456  3477  3495  3509  3589  3629
  3640  3702  3712  3747  3790  3804  3817  3854  3977  3987  4065  4168
  4185  4276  4326  4370  4519  4524  4550  4571  4581  4582  4583  4595
  4597  4607  4647  4692  4711  4759  4793  4883  4900  4901  4921  4947
  4969  4970  5008  5055  5097  5153  5182  5207  5232  5306  5340  5383
  5416  5461  5603  5614  5639  5717  5739  5753  5770  5782  5808  5833
  5886  5899  5918  5930  5931  5981  5983  6005  6011  6019  6104  6179
  6192  6211  6267  6295  6308  6329  6354  6364  6405  6442  6456  6488
  6586  6621  6668  6671  6734  6755  6805  6837  6838  6900  7008  7011
  7077  7078  7163  7185  7216  7235  7266  7273  7368  7454  7465  7473
  7495  7519  7597  7628  7651  7663  7697  7744  7784  7797  7809  7900
  7934  7978  8007  8029  8046  8049  8054  8093  8098  8128  8144  8162
  8240  8267  8345  8367  8475  8478  8485  8515  8543  8611  8614  8719
  8721  8753  8780  8796  8882  8952  8953  8966  9005  9088  9124  9152
  9171  9175  9177  9216  9272  9273  9299  9309  9314  9318  9354  9383
  9416  9431  9491  9502  9559  9561  9580  9660  9680  9737  9755  9759
  9897  9903 10009 10066 10101 10104 10173 10221 10227 10254 10257 10289
 10296 10318 10322 10348 10428 10470 10478 10540 10549 10649 10697 10698
 10729 10738 10861 10867 10889 11005 11013 11024 11066 11092 11118 11125
 11292 11310 11349 11365 11423 11470 11507 11535 11568 11592 11593 11660
 11711 11746 11772 11804 11842 11928 11942 11959 11973 11974 12010 12014
 12039 12056 12057 12097 12119 12120 12151 12162 12221 12226 12236 12291
 12335 12402 12455 12501 12581 12593 12596 12597 12610 12691 12718 12726
 12732 12733 12770 12779 12796 12823 12841 12876 12879 12894 12909 12914
 12933 12976 13026 13116 13120 13124 13170 13343 13369 13379 13382 13383
 13396 13406 13434 13441 13516 13563 13597 13619 13629 13631 13638 13649
 13673 13712 13715 13750 13768 13827 13853 13913 13924 13925 13986 14039
 14051 14061 14097 14158 14210 14231 14276 14352 14363 14367 14370 14376
 14389 14397 14443 14473 14493 14518 14570 14621 14643 14650 14684 14726
 14738 14945 14995 15006 15016 15053 15280 15302 15338 15399 15400 15494
 15532 15640 15649 15652 15693 15772 15798 15825 15838 15900 15927 15968
 16015 16045 16068 16109 16165 16235 16277 16301 16321 16349 16373 16378
 16405 16424 16446 16502 16574 16584 16598 16628 16657 16681 16730 16794
 16813 16814 16817 16836 16850 16919 16935 16956 17032 17036 17101 17132
 17135 17297 17298 17337 17373 17381 17407 17446 17482 17493 17511 17565
 17569 17617 17673 17767 17804 17812 17886 17950 17994 18017 18065 18103
 18115 18165 18201 18266 18273 18275 18279 18331 18344 18399 18464 18471
 18507 18557 18559 18565 18615 18646 18648 18658 18663 18730 18764 18805
 18821 18858 18935 18947 18984 19002 19028 19050 19062 19094 19112 19115
 19126 19143 19151 19183 19206 19246 19257 19281 19284 19286 19305 19363
 19508 19520 19522 19556 19588 19634 19725 19734 19784 19819 19850 19861
 19871 19880 19887 19911 19957 20006 20021 20042 20056 20082 20096 20103
 20123 20160 20172 20173 20183 20192 20219 20267 20303 20340 20343 20386
 20421 20498 20510 20526 20542 20564 20618 20629 20645 20662 20663 20684
 20688 20704 20726 20733 20783 20838 20861 20868 20875 20882 20911 20936
 20967 21068 21079 21153 21161 21204 21210 21215 21237 21242 21243 21276
 21289 21298 21336 21371 21405 21407 21429 21437 21461 21490 21538 21562
 21589 21647 21785 21819 21830 21885 21919 21990 22042 22056 22085 22106
 22120 22144 22163 22165 22190 22219 22242 22247 22267 22272 22284 22336
 22396 22422 22427 22528 22529 22595 22624 22645 22647 22723 22770 22822
 22824 22845 22852 22915 22928 22959 22974 22977 23012 23069 23077 23089
 23102 23146 23167 23192 23242 23314 23337 23340 23360 23409 23426 23481
 23530 23566 23590 23595 23608 23622 23659 23694 23721 23725 23764 23794
 23799 23823 23850 23865 23869 23876 23880 23892 23942 23954 23965 23983
 24008 24045 24082 24091 24133 24152 24190 24193 24198 24202 24222 24236
 24256 24296 24302 24330 24355 24389 24463 24468 24475 24517 24583 24674
 24686 24718 24736 24769 24793 24810 24816 24818 24836 24883 24897 24898
 24911 24955 24973 24985 25020 25024 25025 25051 25119 25137 25153 25265
 25287 25324 25328 25338 25367 25394 25557 25577 25578 25665 25704 25811
 25814 25827 25917 25928 25946 25959 25962 26028 26045 26067 26094 26123
 26137 26223 26230 26258 26307 26365 26382 26523 26534 26569 26597 26662
 26737 26763 26991 27007 27020 27063 27087 27125 27163 27168 27218 27227
 27231 27290 27304 27410 27411 27426 27446 27518 27525 27734 27743 27752
 27757 27774 27792 27836 27908 27932 27956 27957 27988 28004 28038 28074
 28095 28106 28146 28163 28250 28264 28271 28297 28326 28350 28455 28494
 28500 28515 28558 28568 28592 28608 28617 28619 28635 28640 28683 28696
 28735 28750 28778 28779 28800 28813 28828 28875 28881 28907 28930 28961
 28964 28973 29001 29010 29027 29051 29132 29137 29160 29196 29197 29209
 29246 29256 29265 29289 29341 29376 29392 29402 29437 29463 29475 29489
 29548 29608 29649 29661 29671 29683 29720 29758 29759 29798 29813 29847
 29931 30036 30065 30134 30174 30180 30198 30213 30241 30270 30322 30343
 30366 30375 30431 30472 30491 30552 30588 30589 30610 30695 30737 30760
 30785 30786 30792 30811 30823 30851 30926 30938 30995 31023 31030 31083
 31221 31222 31281 31286 31336 31338 31391 31400 31506 31524 31568 31607
 31645 31662 31719 31741 31789 31798 31886 31912 31929 31971 31996 32035
 32042 32138 32142 32163 32176 32272 32305 32333 32335 32348 32350 32388
 32403 32405 32411 32467 32473 32503 32504 32545 32556 32568 32640 32693
 32714 32727 32776 32861 32879 32919 32981 32986 33058 33102 33110 33338
 33358 33400 33403 33442 33465 33491 33539 33549 33622 33714 33720 33724
 33769 33770 33779 33813 33828 33845 33857 33889 33899 33914 33920 33929
 33938 33947 33952 34132 34133 34177 34181 34187 34204 34245 34276 34322
 34343 34347 34353 34366 34367 34431 34437 34448 34477 34478 34501 34509
 34547 34558 34568 34572 34638 34665 34694 34701 34775 34803 34815 34859
 34863 34889 34941 34994 35039 35042 35058 35145 35170 35243 35249 35261
 35264 35324 35423 35475 35497 35567 35613 35661 35713 35761 35841 35871
 35967 35992 36009 36014 36033 36078 36122 36145 36182 36223 36225 36226
 36246 36272 36344 36363 36365 36367 36405 36449 36510 36613 36654 36688
 36700 36775 36813 36831 36850 36865 36889 36890 36984 37013 37017 37033
 37052 37054 37058 37073 37106 37226 37237 37246 37282 37296 37409 37459
 37548 37577 37578 37590 37596 37635 37673 37712 37742 37779 37861 37883
 37892 37904 37919 37965 38085 38104 38115 38163 38190 38198 38242 38258
 38272 38279 38346 38363 38405 38436 38447 38460 38492 38511 38562 38590
 38656 38659 38673 38732 38746 38804 38816 38880 38889 38981 38983 38997
 39012 39028 39032 39178 39262 39343 39376 39410 39411 39417 39424 39513
 39517 39545 39592 39605 39608 39639 39651 39687 39769 39788 39795 39810
 39861 39870 39882 39895 39961 39997 40056 40121 40189 40196 40197 40233
 40258 40324 40351 40410 40417 40421 40478 40485 40533 40535 40587 40611
 40651 40667 40705 40751 40753 40759 40790 40807 40877 40990 41006 41048
 41065 41119 41126 41173 41174 41211 41257 41260 41304 41329 41332 41335
 41430 41437 41446 41450 41476 41513 41587 41703 41707 41733 41810 41862
 41886 41982 41990 42029 42082 42087 42202 42214 42232 42261 42273 42282
 42301 42314 42328 42339 42355 42359 42425 42429 42434 42449 42451 42486
 42491 42494 42498 42671 42704 42742 42806 42811 42815 42850 42867 42887
 42942 42964 42982 43022 43049 43080 43090 43116 43153 43191 43202 43204
 43214 43222 43224 43235 43251 43254 43353 43382 43485 43496 43499 43518
 43539 43596 43679 43708 43792 43803 43843 43962 43976 43979 44021 44051
 44095 44098 44186 44210 44218 44282 44284 44312 44411 44417 44433 44491
 44515 44520 44526 44551 44563 44566 44575 44580 44583 44622 44638 44648
 44653 44702 44754 44763 44794 44811 44821 44860 44868 44952 44976 44978
 45026 45036 45051 45098 45126 45151 45191 45235 45261 45279 45322 45332
 45384 45388 45443 45497 45521 45540 45547 45595 45670 45704 45715 45763
 45785 45829 45839 45872 45900 45942 45947 45961 46039 46055 46137 46168
 46182 46244 46410 46447 46464 46537 46539 46564 46568 46601 46613 46626
 46646 46674 46716 46779 46792 46801 46825 46900 46912 46925 46988 47029
 47053 47063 47066 47098 47117 47192 47305 47310 47458 47496 47507 47512
 47547 47560 47570 47610 47630 47634 47675 47715 47816 47862 47878 47895
 47939 48060 48082 48094 48108 48129 48169 48307 48332 48336 48416 48432
 48496 48552 48557 48569 48576 48578 48597 48634 48660 48662 48677 48698
 48721 48840 48847 48857 48874 48879 48890 48920 48925 48927 48943 48944
 48967 48984 48989 49002 49024 49057 49086 49088 49093 49096 49161 49165
 49173 49204 49250 49348 49366 49420 49435 49472 49478]
[   41    48   129   190   193   253   338   347   528   722   810   921
   950  1273  1322  1416  1510  1904  2022  2052  2065  2187  2302  2432
  2458  2490  2524  2791  2802  2845  3136  3199  3272  3783  3855  3924
  3955  4072  4338  4361  4383  4547  4705  4797  4938  5080  5124  5169
  5183  5244  5269  5274  5390  5483  5524  5525  5535  5583  5792  5804
  5968  6006  6205  6238  6254  6259  6265  6407  6489  6494  6495  6549
  6552  6553  6590  6696  6741  7058  7139  7205  7391  7526  7595  7894
  7963  7988  8040  8153  8175  8257  8601  8715  8718  8786  8851  8881
  8954  9093  9486  9487  9499  9566  9604  9825  9931  9986 10057 10084
 10088 10091 10288 10291 10311 10376 10600 10688 10700 10899 10909 10912
 11170 11173 11425 11487 11581 11648 11698 11704 11727 11774 11787 11813
 11823 11861 11880 11932 11996 12103 12173 12515 12572 12589 12673 12761
 12817 12822 13018 13078 13176 13306 13397 13430 13483 13520 13546 13692
 13694 13723 13829 13935 14044 14124 14164 14184 14186 14211 14333 14350
 14384 14435 14446 14469 14505 14641 14789 14864 14885 14976 15222 15241
 15561 15566 15574 15728 15906 15923 15995 16146 16185 16191 16270 16360
 16515 16633 16695 16844 16892 16916 16942 16955 17131 17268 17278 17310
 17391 17471 17477 17576 17598 17661 17688 17769 17798 17870 18114 18183
 18457 18608 18613 18659 18660 18692 18724 18847 18956 18968 19038 19149
 19160 19187 19228 19263 19278 19292 19414 19436 19443 19512 19664 19754
 20058 20193 20218 20276 20280 20397 20436 20462 20514 20583 20631 20680
 20807 21048 21221 21358 21413 21430 21599 21716 21811 21923 21937 21941
 21975 22052 22216 22303 22339 22494 22506 22518 22735 23053 23213 23237
 23273 23278 23356 23373 23497 23610 23668 23700 23949 24164 24320 24387
 24460 24486 24616 24777 24786 24831 24929 24958 25003 25147 25183 25192
 25210 25230 25254 25465 25504 25587 25594 25608 26005 26034 26130 26275
 26359 26423 26487 26512 26548 26620 26655 26773 26831 26864 26879 26903
 27003 27049 27217 27242 27272 27363 27400 27445 27498 27538 27541 27544
 27627 27747 27782 27814 27936 28024 28060 28165 28268 28301 28383 28409
 28434 28443 28497 28563 28653 28885 28923 28970 29055 29117 29119 29213
 29241 29334 29377 29716 29805 29946 29950 30086 30351 30393 30395 30439
 30592 30666 30744 30876 30916 30956 31120 31166 31175 31367 31505 31625
 31676 31856 32052 32197 32525 32610 32688 32833 32842 32843 32846 32851
 32927 33042 33141 33147 33199 33278 33444 33581 33646 33704 33766 33829
 33838 33906 34002 34004 34027 34082 34152 34221 34255 34267 34334 34429
 34473 34531 34614 34820 34927 34986 35086 35152 35309 35416 35514 35521
 35749 35830 35978 36008 36018 36086 36220 36253 36316 36648 36703 36819
 36886 37365 37375 37483 37597 37636 37811 37977 38073 38131 38297 38530
 38600 38606 38612 38653 38759 38773 38780 38854 38860 38881 38885 38999
 39011 39533 39536 39588 39763 39800 39801 39917 40169 40263 40388 40627
 40658 40888 40950 40999 41009 41075 41181 41261 41410 41466 41577 41595
 41632 41735 41751 41764 41809 41869 41910 42090 42112 42147 42213 42237
 42292 42313 42330 42566 42578 42632 42907 42938 43076 43114 43119 43420
 43550 43632 43765 43993 44084 44297 44332 44371 44561 44570 44797 45045
 45055 45072 45188 45366 45445 45446 45460 45485 45558 45626 45992 46093
 46097 46323 46412 46433 46434 46473 46484 46495 46546 46671 46760 46795
 46829 46930 46960 46963 47012 47042 47146 47178 47200 47207 47227 47336
 47384 47392 47474 47616 47755 47789 47911 48079 48125 48138 48350 48437
 48567 48665 48786 49187 49308 49364]
[  228   238   471   529   602   628   911  1072  1089  1339  1475  1491
  1541  1648  1706  1792  1897  2034  2035  2179  2225  2290  2395  2452
  2585  2821  2883  2909  2961  2990  3023  3035  3044  3057  3127  3146
  3261  3424  3542  3565  3635  3643  3724  3796  3884  3932  4010  4083
  4167  4231  4488  4491  4508  4565  4657  4744  4770  4876  4877  5002
  5100  5108  5158  5322  5326  5443  5547  5618  5780  5890  5974  6143
  6162  6285  6294  6318  6326  6329  6417  6424  6519  6679  6748  6783
  6808  6864  6915  6981  6999  7056  7090  7182  7248  7470  7476  7604
  7726  7767  7823  7867  7907  7942  7945  8025  8079  8270  8425  8427
  8589  8590  8711  8859  8903  9010  9076  9087  9244  9392  9398  9399
  9495  9520  9536 10284 10312 10315 10319 10326 10329 10342 10569 10622
 10719 10736 10756 10777 10878 10916 10929 10959 11011 11107 11147 11168
 11211 11253 11298 11414 11516 11558 11565 11625 11684 11777 11821 11871
 11895 11947 11970 12224 12324 12357 12369 12444 12462 12477 12491 12497
 12510 12656 12820 12864 12941 12968 13121 13128 13227 13322 13331 13367
 13376 13656 13746 13790 13801 13819 13906 13933 14018 14023 14080 14094
 14103 14198 14212 14260 14329 14342 14394 14429 14430 14455 14500 14582
 14609 14683 14723 14778 14865 14901 14925 15076 15078 15290 15330 15525
 15547 15658 15692 15737 16081 16103 16148 16186 16233 16250 16380 16410
 16475 16523 16586 16635 16759 16761 16777 16815 17062 17103 17116 17120
 17138 17199 17323 17369 17431 17480 17525 17527 17540 17664 17889 17925
 17962 18167 18271 18413 18434 18448 18468 18492 18526 18569 18662 18815
 18883 18886 18904 18908 18972 19222 19409 19481 19506 19547 19605 19671
 19825 19955 19988 20018 20063 20174 20214 20315 20406 20482 20727 20780
 20847 20850 20980 21052 21244 21269 21321 21488 21513 21515 21573 21610
 21634 21665 21698 21874 21877 22109 22586 22616 22635 22758 23049 23113
 23201 23207 23449 23474 23492 23501 23536 23589 23761 23803 23873 23992
 23996 24009 24036 24040 24167 24204 24241 24255 24479 24507 24513 24621
 24709 24800 24809 24824 25029 25041 25103 25208 25325 25400 25486 25643
 25691 25766 25767 25910 25918 25990 26013 26095 26102 26142 26434 26457
 26465 26520 26676 26681 26779 26969 27000 27039 27054 27083 27196 27310
 27381 27383 27505 27549 27601 27617 27622 27628 27659 27707 27773 27784
 27953 27965 28145 28191 28231 28321 28370 28451 28468 28523 28564 28609
 28661 28679 28684 28712 28768 28801 28859 28971 29100 29161 29249 29275
 29282 29302 29314 29355 29400 29408 29472 29531 29693 29712 29802 29943
 29980 30341 30356 30408 30409 30453 30461 30465 30518 30634 30717 30736
 30856 30986 30993 31019 31038 31144 31226 31247 31277 31368 31470 31512
 31672 31723 31724 31811 31909 31951 31983 32055 32062 32097 32229 32267
 32351 32392 32455 32463 32472 32499 32557 32566 32574 32644 32715 32721
 32764 32802 32906 32947 32956 33053 33224 33263 33315 33362 33462 33487
 33592 33604 33609 33648 33763 33797 33854 33953 34047 34073 34086 34100
 34252 34297 34350 34447 34483 34485 34616 34651 34676 34692 34769 34770
 34807 34831 34886 34887 35184 35547 35674 35706 35736 35804 35807 35829
 35835 36300 36525 36529 36584 36585 36594 36610 36729 36805 36828 36947
 36994 37057 37216 37242 37252 37310 37327 37336 37442 37513 37542 37546
 37609 37613 37693 37773 37898 37989 38039 38064 38174 38255 38301 38360
 38381 38493 38506 38572 38613 38684 38706 38738 38772 39033 39065 39098
 39152 39166 39232 39456 39594 39817 39945 39981 40106 40288 40381 40439
 40457 40487 40514 40517 40522 40737 40963 41105 41148 41163 41336 41504
 41649 41661 41770 41824 41834 41944 41985 41989 42059 42083 42088 42108
 42173 42198 42312 42392 42399 42427 42440 42562 42592 42625 42638 42745
 42754 42846 42883 42922 42978 43014 43037 43041 43120 43183 43195 43297
 43325 43412 43479 43737 43784 43793 43798 43826 43829 43837 43907 43927
 43960 44020 44259 44263 44298 44512 44679 44682 44731 44746 44762 44772
 44824 44904 44973 45024 45052 45053 45059 45246 45440 45469 45492 45507
 45627 45639 45743 45757 45804 45888 45902 45919 45962 46100 46110 46160
 46172 46375 46408 46457 46535 46575 46581 46633 46649 46711 46755 46862
 46892 47179 47448 47464 47588 47601 47636 47638 47824 47867 48026 48055
 48062 48084 48102 48238 48291 48564 48778 48889 48895 49135 49228 49349
 49368 49407 49480]
[   20   627   826   932   952  1034  1197  1295  1340  1511  1666  1766
  1771  1817  1842  2016  2031  2121  2241  2467  2496  2521  2652  2761
  2837  2869  2873  2924  2926  2979  3025  3045  3136  3180  3266  3810
  3844  3924  4069  4319  4354  4425  4665  4667  4751  4782  4850  5171
  5179  5374  5669  5849  6431  6518  6576  6754  6905  6940  6941  6967
  6988  7016  7034  7071  7210  7251  7351  7447  7520  7521  7799  7805
  7964  8084  8090  8135  8213  8296  8334  8364  8373  8413  8495  8501
  8586  8626  8688  8692  8701  8731  8972  9008  9122  9125  9192  9507
  9579  9592  9610  9756  9979 10113 10153 10339 10510 10513 10544 10554
 10570 10754 10942 11136 11193 11236 11490 11512 11520 11620 11818 11823
 11850 11882 12035 12064 12095 12100 12148 12199 12246 12332 12410 12450
 12552 12633 12650 12835 12844 13022 13081 13159 13194 13215 13354 13362
 13436 13602 13803 13807 13944 13951 14112 14124 14169 14255 14450 14639
 14670 14785 14864 14963 14978 15079 15241 15360 15408 15484 15562 15571
 15616 15651 15674 15707 15865 16014 16063 16075 16161 16291 16293 16386
 16548 16576 16686 16721 16812 16861 16878 16999 17081 17123 17228 17245
 17312 17452 17454 17470 17588 17669 17860 17909 17982 18016 18067 18114
 18176 18378 18499 18668 18817 18929 18938 19017 19093 19165 19312 19326
 19384 19568 19571 19710 19791 19797 19824 19830 20078 20312 20376 20397
 20416 20431 20450 20520 20694 21067 21088 21125 21355 21772 21790 21811
 21821 21883 21890 22011 22139 22178 22248 22295 22362 22391 22443 22559
 22569 22592 22729 22782 23000 23057 23133 23135 23211 23237 23265 23414
 23415 23555 23601 23663 23806 23835 23909 23921 23953 24046 24053 24155
 24221 24393 24606 24616 24637 24782 24846 24854 25000 25147 25154 25163
 25177 25195 25230 25415 25507 25692 25795 25851 26152 26301 26315 26417
 26542 26574 26620 26666 26680 26716 26743 26806 26817 26821 26831 26860
 26955 26981 27036 27113 27146 27201 27242 27380 27405 27419 27480 27506
 27655 27677 27679 27772 27782 27874 27931 28100 28122 28126 28138 28368
 28602 28613 28622 28804 28833 28889 28894 29055 29257 29264 29362 29455
 29542 29580 29867 29882 29981 30048 30163 30226 30304 30411 30474 30477
 30572 30574 30817 30941 31047 31117 31197 31331 31398 31540 31612 31707
 31750 31774 32049 32153 32304 32533 32537 32550 32657 32840 33131 33161
 33195 33304 33310 33345 33373 33375 33509 33596 33825 33838 33898 33906
 33942 33990 34045 34055 34059 34062 34111 34143 34519 34644 34685 34754
 34797 35123 35266 35410 35416 35517 35652 35878 36121 36128 36268 36296
 36338 36349 36388 36634 36663 36710 36744 36781 36821 36838 36862 36918
 37029 37200 37287 37351 37585 37586 37607 37627 37709 37753 37845 37975
 37978 37979 38020 38112 38148 38167 38306 38375 38422 38499 38502 38588
 38725 38973 39148 39149 39158 39295 39459 39480 39551 39718 39789 39837
 39845 39883 39980 40047 40088 40099 40319 40373 40388 40394 40431 40437
 40450 40580 40729 40840 40949 40983 41061 41076 41152 41288 41340 41524
 41617 41660 41678 41729 41910 41925 42003 42033 42069 42102 42112 42138
 42143 42505 42519 42604 42795 43016 43029 43057 43063 43097 43098 43149
 43192 43312 43360 43377 43397 43542 43611 43632 43635 43824 43838 43840
 44024 44084 44175 44178 44213 44450 44674 44790 44791 44808 44895 44936
 44999 45011 45062 45090 45105 45122 45172 45348 45362 45402 45477 45585
 45631 45656 45783 45787 45924 46225 46253 46312 46318 46362 46458 46481
 46542 46752 46775 46835 46948 46971 47332 47381 47413 47422 47580 47619
 47727 47759 47827 47886 47926 47931 48096 48482 48528 48545 48653 48921
 49051 49265 49333 49391 49399 49415]
[  142   228   238   247   257   372   423   446   529   628   676   721
   725   744   848   901   911   962  1087  1101  1119  1124  1180  1195
  1281  1298  1343  1475  1491  1543  1554  1645  1648  1706  1828  1829
  1880  1885  1897  1965  1987  2034  2040  2090  2106  2179  2256  2290
  2356  2395  2399  2408  2423  2530  2542  2560  2628  2636  2665  2680
  2688  2762  2821  2938  2990  2997  3035  3044  3068  3082  3084  3146
  3313  3329  3339  3359  3424  3471  3542  3549  3565  3635  3724  3796
  3823  3834  3861  3884  3932  4010  4206  4335  4341  4352  4427  4490
  4491  4494  4565  4600  4657  4677  4678  4744  4756  4770  4773  4805
  4991  5002  5071  5100  5103  5108  5158  5264  5336  5458  5550  5618
  5748  5750  5780  5890  5974  6143  6150  6157  6190  6198  6294  6326
  6349  6417  6424  6460  6519  6553  6635  6651  6808  6810  6915  6981
  7056  7087  7090  7092  7160  7166  7247  7248  7386  7414  7435  7652
  7665  7708  7726  7792  7795  7820  7823  7907  7936  7971  8079  8097
  8169  8270  8294  8416  8418  8589  8643  8668  8705  8711  8804  8859
  8962  8983  9072  9073  9076  9264  9398  9399  9520  9721  9797  9834
  9838  9872  9969 10027 10039 10221 10226 10319 10329 10451 10469 10475
 10486 10532 10568 10624 10706 10777 10916 10959 11038 11085 11147 11168
 11211 11235 11241 11253 11298 11350 11382 11419 11421 11565 11570 11602
 11604 11612 11615 11625 11684 11707 11714 11743 11753 11756 11821 11868
 11871 11895 11970 12000 12122 12208 12323 12324 12338 12369 12372 12388
 12413 12444 12462 12491 12497 12504 12518 12606 12646 12710 12730 12747
 12865 12941 12968 13064 13108 13128 13227 13322 13331 13336 13467 13530
 13551 13656 13842 13892 13893 13950 14018 14023 14029 14080 14094 14103
 14154 14160 14212 14243 14246 14257 14260 14500 14507 14511 14540 14545
 14599 14744 14865 14882 14901 14972 14979 14991 15020 15078 15144 15204
 15237 15274 15290 15291 15292 15404 15427 15492 15575 15600 15658 15687
 15696 15699 15737 15817 15826 15880 16081 16103 16125 16148 16167 16178
 16250 16276 16300 16380 16396 16401 16410 16586 16596 16615 16623 16624
 16635 16785 16811 16815 16931 16975 17062 17076 17084 17103 17120 17138
 17156 17199 17323 17349 17369 17431 17476 17525 17540 17552 17597 17599
 17629 17650 17672 17706 17751 17806 17900 17937 17991 18001 18128 18209
 18248 18374 18405 18434 18468 18526 18569 18575 18577 18637 18649 18662
 18667 18774 18815 18824 18888 18957 18990 19009 19130 19137 19163 19222
 19247 19266 19287 19314 19338 19343 19409 19481 19531 19540 19671 19758
 19825 19852 19868 19869 19988 20063 20174 20214 20269 20287 20315 20317
 20325 20406 20416 20417 20422 20475 20482 20523 20650 20727 20780 20798
 20804 20847 20850 20887 20890 21072 21178 21418 21510 21516 21529 21585
 21611 21634 21640 21733 21784 21854 21917 21957 21999 22001 22004 22204
 22273 22473 22497 22514 22560 22606 22725 22743 22758 22819 22832 22882
 22955 22991 22999 23034 23057 23059 23078 23079 23082 23112 23113 23124
 23140 23281 23425 23449 23492 23501 23761 23762 23781 23853 23883 23911
 23915 23996 24007 24040 24083 24109 24132 24163 24167 24183 24192 24251
 24298 24316 24398 24470 24483 24513 24617 24709 24730 24800 24804 24826
 24887 24916 25006 25029 25041 25059 25062 25103 25159 25208 25251 25325
 25339 25594 25643 25691 25719 25767 25771 25810 25910 25918 25974 26013
 26064 26082 26089 26095 26102 26104 26142 26259 26265 26318 26320 26418
 26464 26520 26604 26671 26681 26779 26864 26969 27000 27028 27054 27070
 27177 27183 27196 27310 27350 27381 27383 27448 27487 27596 27649 27707
 27784 27809 27953 28070 28115 28131 28231 28248 28263 28362 28370 28371
 28484 28541 28564 28609 28661 28706 28712 28718 28737 28767 28793 28801
 28958 28978 28984 29100 29161 29186 29277 29282 29302 29321 29384 29408
 29472 29724 29757 29848 30011 30041 30063 30085 30149 30207 30231 30406
 30409 30430 30453 30464 30465 30518 30717 30776 30778 30819 30834 30864
 30882 30965 30986 30993 31038 31156 31207 31217 31230 31260 31264 31323
 31356 31409 31411 31420 31445 31470 31472 31476 31512 31565 31655 31672
 31724 31783 31811 31861 31949 31970 32055 32062 32099 32101 32143 32155
 32291 32351 32440 32446 32472 32499 32535 32557 32565 32574 32608 32644
 32667 32721 32731 32806 32906 32947 32956 33053 33124 33134 33136 33183
 33224 33233 33263 33284 33308 33315 33472 33487 33489 33525 33597 33648
 33659 33722 33763 33806 33872 33953 34047 34065 34073 34086 34100 34183
 34252 34253 34335 34349 34350 34447 34483 34505 34582 34616 34692 34709
 34753 34770 34807 34813 34831 34857 34932 34967 35027 35083 35150 35184
 35232 35386 35420 35458 35476 35565 35594 35598 35663 35669 35674 35790
 35835 35860 35863 35977 35995 36086 36248 36260 36300 36403 36410 36488
 36525 36529 36546 36584 36585 36599 36600 36633 36676 36715 36716 36805
 36814 36828 36884 36947 37075 37097 37115 37198 37242 37267 37310 37327
 37336 37379 37442 37513 37609 37613 37639 37648 37898 37943 38039 38129
 38174 38185 38255 38270 38338 38360 38385 38493 38503 38505 38506 38637
 38684 38706 38738 38764 38766 38772 38774 38792 38895 39065 39087 39091
 39133 39202 39456 39473 39490 39591 39607 39615 39658 39671 39730 39731
 39872 39938 39945 40022 40027 40029 40033 40131 40180 40222 40248 40259
 40284 40290 40381 40439 40457 40477 40487 40507 40517 40522 40534 40565
 40625 40680 40681 40684 40704 40718 40737 40867 40931 40941 41022 41095
 41134 41145 41163 41274 41281 41319 41455 41461 41646 41661 41699 41735
 41834 41855 41898 41937 41985 41989 42088 42108 42207 42212 42263 42356
 42392 42399 42427 42440 42562 42592 42613 42625 42661 42680 42688 42745
 42883 42910 42922 43014 43105 43158 43183 43365 43396 43404 43406 43415
 43523 43615 43726 43790 43829 43837 43861 43915 43964 43996 44020 44092
 44263 44381 44405 44412 44431 44493 44512 44629 44679 44705 44731 44777
 44824 44828 44972 44973 45024 45050 45052 45095 45137 45203 45304 45372
 45427 45440 45441 45457 45469 45507 45524 45527 45567 45626 45627 45639
 45833 45871 45902 45926 45943 45980 46144 46222 46284 46466 46575 46721
 46747 46770 46869 46894 46959 46974 46975 46987 46995 47000 47002 47007
 47024 47068 47179 47206 47234 47398 47480 47515 47541 47641 47709 47824
 47915 47918 47924 47994 48026 48084 48090 48258 48270 48344 48349 48368
 48382 48429 48527 48564 48727 48778 48782 48799 48889 49171 49172 49192
 49211 49228 49346 49423]
[   19    99   104   582   583   614   646   737   830   859   888   913
  1008  1023  1166  1201  1472  1473  1517  1615  1624  1728  1748  1915
  1968  1975  2039  2086  2097  2120  2211  2280  2293  2324  2340  2354
  2422  2457  2583  2585  2593  2629  2705  2707  2715  2885  2953  3080
  3097  3143  3343  3388  3412  3502  3540  3563  3793  3822  3879  3988
  3992  4018  4158  4287  4531  4610  4831  4866  4902  4922  5041  5072
  5180  5193  5268  5330  5331  5440  5531  5688  5826  6052  6136  6186
  6239  6242  6285  6388  6474  6475  6492  6530  6593  6602  6649  6659
  6770  6859  6994  7081  7162  7195  7264  7274  7516  7562  7664  7748
  7770  7812  7880  7913  7914  7989  8008  8047  8123  8220  8269  8271
  8285  8348  8363  8403  8496  8614  8733  8775  8785  8834  8889  8939
  8969  9070  9146  9183  9388  9428  9569  9613  9638  9648  9703  9739
  9790  9873 10030 10346 10434 10646 10694 10818 11046 11108 11111 11225
 11265 11525 11562 11580 11626 11723 11800 11856 11915 11922 11954 11961
 12092 12101 12150 12188 12265 12318 12470 12483 12503 12642 12729 12780
 12943 12978 13004 13175 13207 13409 13579 13623 13785 14035 14123 14191
 14203 14247 14294 14311 14317 14395 14403 14575 14633 14732 14757 14992
 15003 15095 15115 15194 15252 15371 15393 15648 15831 15905 15959 16241
 16255 16933 17035 17036 17070 17154 17164 17249 17269 17271 17284 17379
 17398 17418 17435 17461 17542 17543 17570 17657 17774 17816 17846 17915
 17954 17962 17973 17988 18036 18073 18121 18155 18205 18241 18358 18400
 18415 18463 18487 18547 18599 18912 18920 19133 19219 19311 19370 19483
 19503 19713 19720 19722 19896 19995 20026 20032 20069 20125 20176 20295
 20352 20373 20496 20500 20527 20589 20715 20723 20761 20825 20829 20851
 20942 21138 21174 21240 21329 21366 21406 21713 21735 21738 21856 22065
 22173 22244 22377 22529 22732 22804 22815 22848 22869 22875 22967 23064
 23287 23340 23368 23506 23523 23639 23724 24059 24074 24111 24127 24249
 24283 24423 24478 24700 24793 24898 24969 24995 25161 25170 25185 25312
 25369 25584 25617 25728 25834 25859 25948 25968 26087 26135 26146 26180
 26248 26275 26342 26448 26454 26900 26906 27395 27503 27712 28166 28204
 28277 28317 28335 28402 28499 28516 28809 28986 29129 29242 29248 29353
 29391 29513 29543 29562 29584 29668 29707 29776 29784 29842 29951 30058
 30182 30282 30549 30625 30631 30634 30728 30849 30860 30917 30920 30937
 30985 31025 31095 31240 31311 31328 31365 31403 31432 31538 31577 31591
 31757 31851 32095 32111 32257 32278 32357 32365 32377 32378 32519 32528
 32532 32584 32617 32624 32684 32776 32875 32933 33026 33082 33083 33149
 33205 33349 33411 33429 33534 33619 33955 34186 34210 34279 34291 34333
 34340 34373 34503 34623 34631 34700 34740 34780 34910 35322 35617 35620
 35628 35890 35929 36006 36104 36297 36298 36628 36746 36770 36914 36962
 36995 37103 37268 37284 37355 37409 37518 37602 37630 37695 37795 37924
 37936 37961 38005 38072 38130 38193 38286 38319 38356 38378 38463 38573
 38779 38817 38994 39078 39448 39478 39514 39584 39756 39773 39790 39835
 39967 40041 40101 40106 40116 40161 40255 40275 40362 40455 40463 40482
 40509 40674 40740 40773 40776 40786 40907 40926 40948 41058 41246 41284
 41303 41370 41421 41568 41636 41711 41803 41868 41894 42027 42109 42299
 42323 42451 42642 42646 42925 43165 43228 43335 43510 43522 43539 43575
 43819 43868 43890 43963 44017 44243 44267 44391 44469 44564 44806 44819
 44912 44981 45021 45030 45131 45338 45462 45491 45596 45637 45667 45697
 45704 45798 45813 45920 45958 45997 46166 46221 46256 46299 46330 46452
 46454 46460 46610 46631 46654 46685 46703 46729 46758 46845 46866 46931
 47112 47125 47134 47166 47182 47288 47438 47493 47584 47693 48178 48210
 48211 48263 48305 48381 48401 48457 48606 48607 48816 48875 48912 48919
 48971 49012 49014 49015 49142 49273 49410 49467]
[    7     9    12    35    37    43   114   133   140   151   171   255
   288   317   360   419   511   546   618   655   676   740   765   788
   799   809   836   838   927   941   947  1038  1116  1126  1156  1171
  1209  1216  1284  1357  1486  1526  1568  1716  1725  1793  1841  1865
  1877  1886  1888  1901  1916  2060  2074  2084  2186  2229  2260  2320
  2342  2382  2427  2431  2462  2473  2522  2541  2544  2592  2761  2812
  2818  2952  2956  2982  3058  3079  3113  3236  3247  3254  3282  3291
  3320  3389  3407  3446  3544  3581  3620  3672  3679  3750  3752  3903
  3947  3985  3990  4003  4016  4041  4042  4044  4142  4151  4180  4199
  4207  4211  4217  4221  4248  4320  4465  4513  4530  4541  4548  4609
  4645  4733  4739  4821  4839  4844  4854  5014  5035  5110  5119  5139
  5219  5226  5267  5270  5278  5386  5399  5426  5447  5476  5485  5513
  5516  5546  5557  5569  5608  5719  5730  5732  5769  5838  5853  5882
  5891  5938  5955  6004  6092  6113  6197  6221  6225  6229  6241  6271
  6305  6327  6342  6401  6422  6428  6454  6476  6506  6539  6571  6618
  6633  6676  6695  6700  6710  6729  6738  6757  6758  6763  6772  6899
  6925  6931  6962  7112  7176  7203  7215  7260  7285  7484  7490  7493
  7507  7521  7537  7657  7727  7732  7861  7876  7972  7984  8048  8060
  8155  8185  8193  8228  8229  8232  8233  8277  8300  8326  8414  8420
  8448  8523  8535  8568  8574  8632  8639  8730  8790  8797  8807  8819
  8845  8975  8981  8992  9006  9116  9143  9179  9193  9217  9281  9316
  9348  9350  9353  9379  9393  9455  9497  9596  9695  9711  9811  9814
  9862  9943  9980 10017 10029 10134 10171 10207 10230 10273 10444 10522
 10630 10631 10654 10656 10695 10722 10778 10827 10891 10895 10936 11040
 11085 11110 11175 11232 11302 11306 11320 11361 11461 11465 11496 11560
 11594 11667 11735 11769 11862 11924 11964 12107 12296 12316 12348 12410
 12452 12492 12512 12537 12562 12600 12616 12621 12640 12719 12722 12725
 12742 12766 12839 12861 12862 12868 12890 12903 12969 12977 13031 13048
 13077 13242 13248 13251 13310 13317 13357 13366 13390 13507 13514 13573
 13753 13807 13820 13943 13954 14000 14053 14059 14075 14086 14111 14140
 14174 14222 14252 14255 14268 14282 14283 14303 14337 14355 14427 14486
 14513 14521 14535 14541 14589 14611 14773 14774 14826 14829 14834 14965
 15026 15052 15113 15117 15139 15160 15170 15175 15209 15233 15301 15323
 15420 15451 15466 15486 15571 15645 15660 15663 15697 15716 15791 15837
 15926 16006 16032 16042 16063 16133 16181 16239 16297 16298 16314 16334
 16359 16387 16418 16425 16455 16485 16494 16496 16673 16682 16709 16749
 16769 16772 16833 16878 16896 16897 16947 17025 17026 17086 17102 17147
 17187 17200 17231 17234 17321 17325 17343 17396 17441 17491 17573 17624
 17635 17641 17648 17689 17728 17796 17814 17827 17834 17848 17868 17912
 18019 18055 18104 18109 18150 18231 18256 18293 18329 18384 18395 18472
 18500 18561 18580 18587 18639 18718 18741 18780 18811 18827 18865 18924
 19003 19049 19065 19106 19190 19217 19225 19231 19236 19243 19285 19319
 19398 19446 19450 19464 19569 19576 19587 19598 19617 19644 19675 19679
 19726 19855 19886 19971 19978 20027 20028 20040 20053 20165 20269 20372
 20398 20534 20548 20570 20639 20668 20707 20760 20768 20895 20972 20984
 21010 21030 21054 21062 21120 21172 21183 21192 21211 21261 21376 21377
 21378 21394 21433 21464 21491 21527 21528 21560 21619 21650 21694 21743
 21771 21812 21822 21890 21902 21958 21977 21995 22039 22047 22092 22095
 22112 22211 22288 22367 22379 22382 22435 22444 22453 22496 22538 22546
 22549 22558 22706 22722 22817 22898 22900 22904 22931 22950 22968 23010
 23023 23029 23066 23068 23072 23094 23095 23179 23220 23324 23339 23347
 23353 23388 23435 23436 23486 23503 23552 23602 23661 23726 23749 23770
 23782 23808 23810 23841 23914 24098 24123 24288 24360 24363 24372 24448
 24534 24544 24570 24666 24667 24690 24691 24699 24720 24729 24731 24827
 24935 25016 25078 25082 25087 25093 25113 25114 25120 25154 25197 25225
 25264 25269 25334 25376 25388 25527 25531 25540 25588 25626 25636 25667
 25695 25770 25823 25844 25851 25885 25930 25933 25940 25945 25986 25999
 26000 26011 26020 26052 26056 26078 26235 26345 26380 26399 26403 26427
 26508 26550 26622 26637 26643 26699 26701 26710 26823 26872 26880 26905
 26910 26940 26949 26962 27043 27050 27052 27118 27122 27249 27266 27285
 27307 27351 27374 27423 27479 27491 27552 27616 27626 27652 27662 27746
 27764 27859 27909 27972 28097 28236 28262 28278 28298 28347 28405 28429
 28445 28511 28522 28546 28593 28603 28604 28629 28660 28723 28843 28883
 28890 28915 29006 29007 29025 29098 29155 29193 29198 29201 29234 29236
 29258 29312 29315 29318 29328 29370 29611 29613 29672 29687 29690 29703
 29777 29787 29843 29846 29849 29877 29883 29896 29916 30124 30223 30244
 30250 30291 30305 30367 30437 30512 30551 30563 30612 30615 30658 30673
 30677 30932 30988 31004 31039 31046 31150 31155 31173 31195 31200 31201
 31291 31340 31468 31501 31530 31599 31622 31686 31705 31709 31831 31915
 31959 31973 32069 32093 32109 32144 32162 32181 32211 32258 32268 32303
 32330 32372 32398 32417 32443 32449 32541 32743 32766 32772 32799 32818
 32852 32897 32916 32926 33000 33009 33041 33056 33108 33142 33153 33179
 33242 33342 33388 33425 33450 33495 33512 33529 33554 33584 33601 33674
 33798 33802 33812 33842 33855 33879 33904 33908 33911 33924 33926 33933
 33959 34050 34117 34168 34230 34231 34239 34402 34428 34434 34490 34514
 34540 34545 34560 34652 34673 34751 34774 34799 34805 34817 34855 34874
 34894 34896 34907 34915 34955 35023 35095 35100 35221 35427 35433 35450
 35614 35683 35710 35725 35759 35817 35823 35838 35914 35939 35959 35985
 35989 36026 36040 36050 36066 36167 36221 36224 36285 36292 36404 36446
 36460 36465 36470 36534 36606 36617 36646 36687 36788 36816 36830 36835
 36841 36874 36892 36932 36936 37009 37019 37053 37104 37159 37186 37224
 37231 37247 37292 37300 37307 37314 37316 37324 37325 37346 37397 37416
 37470 37520 37521 37532 37563 37585 37612 37645 37683 37768 37769 37804
 37822 37827 37829 37862 37891 37910 37951 37983 37987 38001 38018 38038
 38076 38114 38122 38127 38134 38140 38143 38196 38306 38309 38324 38341
 38350 38370 38400 38418 38423 38446 38468 38509 38617 38750 38778 38823
 38863 38874 38878 38915 38926 39008 39016 39067 39301 39328 39333 39334
 39402 39404 39409 39416 39418 39610 39626 39630 39670 39802 39854 39869
 39908 40046 40057 40142 40170 40188 40206 40232 40294 40311 40313 40370
 40418 40435 40472 40501 40504 40516 40592 40639 40910 40942 40944 40991
 41015 41034 41073 41086 41100 41198 41228 41249 41254 41273 41311 41328
 41348 41387 41428 41605 41681 41830 41849 41903 41919 41936 41947 41949
 42003 42058 42065 42094 42176 42204 42257 42291 42294 42386 42390 42509
 42512 42524 42535 42609 42654 42701 42703 42841 42875 42886 42913 42940
 43018 43101 43122 43137 43155 43193 43215 43284 43290 43387 43397 43456
 43460 43504 43525 43563 43569 43636 43638 43641 43643 43667 43692 43840
 43847 43866 43908 43909 43939 44001 44014 44082 44171 44178 44180 44203
 44224 44253 44261 44280 44356 44415 44464 44480 44547 44555 44619 44657
 44724 44833 44894 44992 45027 45028 45056 45104 45113 45255 45272 45377
 45381 45432 45494 45555 45562 45672 45709 45710 45714 45753 45770 45776
 45841 45894 45911 45932 45952 46095 46122 46140 46146 46265 46322 46331
 46357 46373 46392 46399 46406 46422 46492 46571 46584 46589 46607 46639
 46745 46820 46821 46836 46891 47001 47082 47127 47142 47263 47285 47351
 47359 47449 47452 47469 47523 47727 47745 47759 47780 47806 47865 47877
 47943 47956 47971 47976 47984 48007 48042 48046 48113 48196 48267 48289
 48294 48342 48348 48374 48531 48570 48583 48615 48651 48674 48715 48743
 48773 48775 48783 48833 48838 48899 48906 48933 48958 48961 48979 49109
 49143 49230 49276 49295 49310 49347 49351 49448]
[   47    62   139   184   189   191   220   221   327   390   465   481
   569   626   667   771   787   805   884   933   936   964  1003  1036
  1047  1071  1097  1110  1121  1132  1153  1219  1245  1251  1363  1370
  1371  1380  1385  1386  1387  1417  1467  1496  1545  1660  1698  1784
  1849  1900  1982  1989  2017  2082  2096  2114  2141  2146  2151  2156
  2157  2174  2177  2206  2250  2257  2329  2374  2444  2555  2558  2573
  2594  2637  2686  2775  2781  2797  2856  2899  2905  2917  3014  3033
  3096  3105  3279  3298  3327  3392  3422  3501  3522  3535  3610  3665
  3708  3738  3848  3871  3938  4002  4119  4196  4237  4244  4255  4336
  4346  4417  4429  4499  4533  4534  4554  4570  4669  4680  4715  4737
  4763  4807  4808  4816  4879  4914  4923  4931  4935  4944  5044  5047
  5083  5107  5134  5148  5196  5228  5251  5298  5328  5366  5378  5404
  5415  5431  5465  5472  5478  5495  5549  5623  5742  5754  5755  5817
  5877  5880  5921  5989  6000  6009  6108  6131  6206  6279  6312  6359
  6455  6555  6568  6640  6655  6680  6711  6724  6732  6742  6766  6771
  6784  6797  6833  6888  6907  6922  6945  6971  7040  7043  7086  7113
  7161  7178  7212  7273  7302  7315  7357  7373  7422  7439  7534  7563
  7626  7667  7779  7836  7946  8057  8103  8108  8118  8152  8165  8201
  8246  8339  8385  8428  8442  8587  8646  8722  8743  8766  8804  8864
  8892  8965  8973  9019  9032  9063  9069  9102  9115  9170  9253  9322
  9334  9371  9376  9381  9395  9429  9440  9462  9552  9573  9603  9636
  9649  9653  9702  9705  9724  9771  9788  9877  9921  9928  9945  9968
  9971  9990 10005 10022 10041 10056 10147 10170 10192 10215 10219 10236
 10239 10245 10283 10358 10377 10573 10588 10621 10704 10826 10863 10871
 10877 10884 10910 10927 10939 10946 10983 11044 11054 11055 11068 11073
 11139 11143 11221 11262 11381 11392 11450 11468 11489 11518 11555 11559
 11563 11564 11576 11583 11682 11687 11697 11699 11719 11752 11788 11794
 11795 11836 11866 11953 11981 12007 12040 12093 12181 12286 12287 12289
 12307 12322 12365 12374 12386 12421 12433 12464 12484 12505 12553 12564
 12624 12648 12649 12662 12711 12738 12768 12782 12828 12897 12918 12972
 13034 13052 13074 13150 13230 13261 13324 13365 13407 13433 13446 13452
 13453 13457 13484 13486 13490 13498 13541 13543 13553 13564 13584 13588
 13609 13747 13813 13840 13875 13896 13916 13963 14015 14040 14064 14137
 14183 14293 14307 14431 14487 14498 14577 14601 14602 14604 14674 14718
 14720 14724 14731 14739 14760 15018 15081 15093 15161 15172 15196 15210
 15256 15297 15469 15470 15515 15520 15527 15538 15555 15560 15634 15673
 15698 15709 15722 15802 15866 15888 15907 15967 15994 16059 16163 16175
 16223 16253 16266 16303 16339 16459 16479 16486 16521 16526 16529 16558
 16674 16746 16780 16821 16856 16910 16948 16994 17007 17028 17077 17139
 17141 17150 17178 17209 17217 17413 17422 17444 17450 17524 17553 17555
 17608 17667 17698 17707 17750 17782 17853 17893 17924 17928 17948 17960
 17983 18003 18033 18078 18160 18178 18191 18199 18269 18321 18366 18414
 18479 18480 18514 18518 18531 18579 18588 18617 18665 18701 18721 18737
 18762 18776 18875 18900 18918 18927 18974 18998 19053 19055 19068 19071
 19159 19203 19213 19279 19340 19386 19404 19447 19477 19511 19518 19527
 19530 19545 19550 19603 19625 19740 19749 19764 19770 19835 19842 19873
 19881 19942 19990 20092 20162 20253 20259 20266 20294 20299 20363 20441
 20443 20492 20506 20546 20600 20630 20698 20731 20743 20765 20773 20815
 20816 20859 20898 20921 20927 20956 21039 21043 21049 21080 21082 21123
 21145 21167 21212 21256 21293 21323 21374 21411 21422 21546 21561 21588
 21677 21681 21729 21786 21798 21906 21921 21991 22111 22192 22194 22208
 22223 22282 22352 22357 22394 22448 22550 22557 22579 22627 22669 22718
 22775 22807 22881 22889 22935 22947 22965 22983 23018 23065 23071 23115
 23138 23172 23218 23297 23301 23303 23334 23379 23452 23484 23524 23576
 23597 23613 23616 23623 23641 23807 23840 23857 23894 23916 23933 23956
 23970 24001 24022 24068 24126 24141 24166 24187 24203 24207 24208 24279
 24339 24359 24381 24438 24439 24498 24510 24512 24515 24516 24655 24693
 24733 24739 24760 24778 24790 24801 24813 24835 24870 24879 24934 24971
 25023 25092 25143 25213 25229 25260 25275 25282 25299 25308 25360 25411
 25433 25459 25470 25490 25498 25500 25536 25595 25628 25631 25663 25682
 25707 25753 25773 25776 25783 25845 25893 25907 25921 25925 25932 25951
 25976 25987 25991 26084 26113 26186 26219 26246 26269 26278 26314 26321
 26334 26338 26394 26402 26408 26414 26424 26432 26596 26650 26678 26726
 26792 26848 26893 26894 26899 26964 26975 26984 27035 27062 27136 27159
 27168 27281 27333 27355 27360 27372 27391 27403 27416 27427 27536 27570
 27580 27671 27676 27697 27698 27749 27753 27781 27827 27829 27842 27848
 27867 27917 27979 27991 28124 28130 28136 28143 28148 28203 28219 28258
 28274 28392 28397 28417 28475 28478 28492 28501 28551 28627 28631 28791
 28858 28879 28880 28903 29030 29035 29042 29082 29109 29123 29157 29177
 29181 29189 29202 29215 29245 29259 29283 29316 29373 29446 29460 29509
 29547 29560 29592 29616 29631 29651 29681 29722 29723 29766 29782 29817
 29840 29845 29853 29903 29972 29986 29995 30016 30049 30113 30128 30160
 30171 30289 30328 30374 30433 30475 30494 30531 30586 30617 30624 30628
 30648 30704 30738 30780 30788 30951 30963 31015 31040 31052 31061 31107
 31138 31205 31208 31235 31247 31287 31299 31317 31326 31360 31410 31474
 31495 31597 31607 31608 31624 31673 31728 31763 31791 31855 31913 31986
 31990 32008 32033 32117 32139 32175 32196 32250 32297 32382 32394 32542
 32553 32599 32736 32757 32761 32775 32783 32809 32828 32887 32925 32977
 33064 33157 33167 33178 33296 33381 33412 33432 33467 33471 33538 33570
 33586 33598 33687 33721 33734 33740 33744 33751 33755 33788 33822 33863
 33935 33943 33971 34054 34097 34116 34121 34131 34174 34193 34207 34257
 34262 34266 34283 34288 34304 34389 34395 34405 34426 34502 34634 34657
 34659 34679 34726 34730 34773 34783 34840 34935 34999 35002 35074 35128
 35133 35142 35255 35257 35262 35321 35323 35331 35361 35400 35442 35460
 35469 35515 35519 35657 35779 35862 35895 35900 35932 35957 35996 36023
 36057 36060 36084 36111 36114 36130 36166 36177 36211 36267 36301 36353
 36364 36377 36378 36389 36396 36401 36411 36429 36434 36524 36557 36569
 36572 36583 36615 36674 36694 36702 36708 36774 36795 36809 36906 36938
 36948 36992 37046 37122 37123 37180 37191 37213 37217 37278 37289 37304
 37311 37340 37356 37432 37473 37501 37511 37620 37691 37731 37737 37746
 37863 37880 37881 37927 37941 37948 37964 37970 37973 38006 38008 38043
 38058 38079 38082 38099 38117 38128 38165 38166 38188 38208 38220 38287
 38347 38355 38369 38416 38437 38481 38486 38518 38519 38565 38568 38654
 38686 38720 38733 38793 38848 38866 38875 38879 38970 38982 38995 38996
 39057 39069 39071 39110 39153 39198 39200 39229 39235 39236 39315 39377
 39399 39401 39465 39519 39520 39561 39575 39655 39675 39696 39712 39735
 39786 39874 39879 39923 39950 39958 39994 40061 40086 40115 40128 40181
 40194 40211 40224 40241 40247 40257 40273 40302 40340 40382 40583 40588
 40628 40655 40668 40823 40831 40879 40886 40896 40933 41000 41021 41032
 41043 41046 41054 41103 41166 41179 41209 41258 41268 41308 41323 41350
 41425 41438 41447 41453 41467 41500 41522 41541 41637 41651 41654 41768
 41785 41790 41797 41818 41827 41848 41897 41901 41905 41979 42009 42026
 42047 42086 42137 42185 42253 42270 42288 42310 42382 42525 42580 42619
 42620 42623 42659 42669 42682 42722 42861 42912 42953 42992 43074 43077
 43173 43178 43187 43212 43242 43320 43378 43381 43391 43406 43419 43431
 43447 43453 43543 43622 43654 43676 43718 43752 43775 43936 43943 43976
 43999 44019 44038 44062 44088 44113 44130 44138 44176 44182 44249 44250
 44260 44270 44329 44336 44345 44369 44444 44492 44522 44643 44714 44715
 44785 44876 44905 44908 44937 44949 44996 45101 45157 45169 45175 45184
 45197 45208 45274 45280 45333 45416 45451 45468 45481 45498 45552 45559
 45588 45623 45629 45654 45680 45693 45717 45739 45752 45754 45839 45855
 45884 45928 45953 45959 45960 45975 45982 46004 46028 46125 46156 46176
 46207 46209 46249 46297 46361 46427 46436 46437 46483 46502 46525 46538
 46555 46561 46615 46643 46701 46702 46719 46885 46944 46983 47010 47054
 47061 47065 47115 47130 47141 47148 47184 47190 47211 47226 47290 47302
 47333 47345 47349 47360 47385 47401 47416 47473 47488 47505 47520 47558
 47605 47649 47660 47691 47697 47772 47776 47777 47794 47804 47857 47879
 47952 47981 47995 48039 48097 48100 48114 48158 48208 48241 48242 48271
 48275 48309 48353 48365 48387 48389 48392 48420 48426 48474 48503 48512
 48612 48672 48676 48679 48689 48692 48696 48707 48713 48747 48759 48765
 48846 48854 48881 48888 48902 48924 48937 48972 49006 49128 49159 49236
 49246 49254 49259 49266 49269 49280 49322 49378 49398 49406 49437 49456
 49461 49469 49496]
[    2    16    45    67    72    76   102   105   139   201   204   206
   213   218   224   225   268   269   277   289   294   318   362   403
   440   458   469   490   536   563   589   612   674   701   747   772
   866   876   879   881   928   940   955   958   970  1013  1042  1093
  1094  1103  1106  1128  1162  1177  1208  1221  1223  1242  1267  1277
  1293  1378  1460  1492  1539  1573  1589  1608  1609  1635  1684  1693
  1814  1892  1898  1910  1932  1953  1961  2002  2051  2053  2072  2080
  2115  2155  2177  2189  2191  2202  2215  2274  2287  2305  2313  2331
  2335  2405  2428  2451  2459  2512  2533  2553  2571  2578  2590  2616
  2634  2640  2646  2649  2771  2773  2778  2793  2798  2835  2857  2863
  2864  2884  2892  2933  2943  2982  2995  3007  3020  3072  3102  3104
  3112  3130  3158  3176  3186  3206  3207  3244  3251  3337  3360  3397
  3436  3458  3479  3485  3503  3566  3571  3572  3596  3634  3645  3649
  3668  3703  3705  3734  3745  3788  3817  3825  3849  3853  3896  3943
  3964  3994  4007  4076  4187  4252  4254  4284  4303  4314  4321  4334
  4353  4371  4396  4467  4495  4516  4525  4545  4552  4581  4590  4602
  4608  4624  4643  4649  4670  4699  4719  4732  4784  4807  4868  4873
  4921  4928  4929  4931  4948  4951  4953  4965  4967  4970  4989  5026
  5039  5097  5116  5149  5154  5186  5194  5225  5245  5261  5280  5302
  5338  5380  5387  5411  5425  5448  5460  5479  5511  5534  5554  5586
  5610  5616  5619  5620  5633  5677  5720  5741  5747  5775  5791  5829
  5832  5886  5915  5933  5952  6023  6028  6082  6095  6117  6168  6173
  6186  6210  6307  6322  6354  6361  6457  6464  6511  6517  6548  6563
  6581  6582  6595  6597  6600  6609  6640  6654  6664  6804  6829  6882
  6904  6942  6944  6974  7000  7075  7097  7103  7170  7206  7218  7219
  7222  7253  7266  7271  7287  7341  7363  7367  7379  7404  7412  7460
  7497  7524  7552  7576  7616  7618  7622  7628  7630  7632  7646  7663
  7704  7719  7740  7763  7784  7824  7825  7896  7900  7915  7923  7925
  7926  7932  7955  7981  8070  8109  8115  8130  8138  8207  8208  8212
  8215  8227  8240  8246  8267  8311  8345  8396  8400  8421  8433  8445
  8454  8460  8471  8476  8480  8482  8502  8512  8559  8582  8605  8667
  8670  8674  8691  8719  8733  8738  8752  8758  8787  8798  8808  8812
  8820  8852  8857  8944  8946  9001  9007  9016  9089  9098  9104  9118
  9126  9137  9138  9159  9177  9210  9236  9265  9289  9294  9341  9366
  9452  9559  9565  9580  9590  9612  9615  9774  9785  9789  9794  9824
  9860  9865  9887  9897  9978  9995 10031 10041 10051 10066 10070 10092
 10100 10131 10148 10267 10277 10304 10305 10355 10397 10435 10523 10524
 10527 10540 10562 10577 10593 10617 10623 10648 10669 10681 10705 10716
 10758 10792 10797 10821 10828 10860 10862 10934 11023 11026 11053 11080
 11106 11125 11201 11202 11267 11292 11374 11377 11395 11413 11424 11440
 11480 11483 11485 11550 11554 11557 11606 11624 11660 11662 11723 11783
 11923 11935 11973 11981 12003 12039 12070 12120 12132 12135 12165 12178
 12221 12244 12270 12429 12435 12440 12487 12508 12516 12532 12533 12539
 12549 12579 12581 12586 12610 12661 12677 12699 12704 12705 12717 12732
 12740 12743 12758 12791 12797 12825 12914 12929 12933 12947 13002 13006
 13015 13043 13068 13077 13085 13090 13138 13170 13184 13222 13255 13282
 13296 13343 13349 13377 13378 13386 13398 13447 13526 13534 13538 13571
 13631 13632 13644 13646 13652 13655 13662 13706 13770 13779 13821 13835
 13869 13907 13940 13956 13957 13969 14046 14081 14097 14127 14133 14210
 14216 14228 14236 14284 14296 14436 14448 14476 14498 14512 14532 14571
 14597 14651 14760 14800 14812 14853 14860 14914 14920 14941 14946 14959
 14987 15003 15015 15016 15048 15053 15106 15123 15124 15145 15165 15305
 15308 15328 15332 15337 15349 15376 15407 15429 15438 15450 15477 15519
 15526 15531 15550 15558 15598 15623 15669 15695 15712 15798 15813 15842
 15843 15854 15879 15881 15883 15891 15898 15900 15912 15929 15987 15988
 16023 16025 16092 16109 16127 16136 16180 16192 16195 16210 16232 16242
 16310 16319 16320 16365 16373 16379 16427 16441 16493 16511 16528 16554
 16595 16598 16602 16603 16608 16710 16766 16775 16790 16816 16825 16838
 16869 16927 17044 17055 17075 17083 17097 17101 17142 17159 17184 17194
 17257 17275 17291 17293 17375 17427 17449 17482 17499 17511 17519 17520
 17528 17535 17541 17565 17579 17611 17631 17663 17692 17713 17725 17778
 17785 17792 17799 17804 17810 17836 17837 17852 17865 17888 17911 17981
 18021 18038 18168 18184 18247 18261 18372 18388 18445 18486 18530 18533
 18589 18605 18718 18782 18797 18837 18879 18917 18936 18988 18993 19002
 19028 19081 19094 19101 19126 19157 19158 19178 19206 19211 19290 19323
 19333 19349 19363 19373 19392 19396 19419 19425 19439 19459 19472 19478
 19486 19495 19530 19563 19667 19676 19687 19694 19748 19887 20021 20037
 20042 20065 20101 20105 20161 20255 20258 20303 20350 20378 20383 20386
 20390 20391 20404 20411 20426 20452 20458 20465 20469 20501 20503 20525
 20551 20571 20577 20616 20618 20663 20683 20690 20714 20722 20784 20799
 20803 20872 20881 20882 20897 20905 20911 20914 20920 20925 20938 20957
 20985 20995 20998 21007 21031 21066 21075 21081 21115 21119 21121 21208
 21224 21242 21301 21308 21333 21363 21370 21386 21391 21407 21408 21424
 21438 21451 21461 21466 21489 21496 21618 21647 21683 21699 21700 21837
 21845 21866 21876 21882 21901 21928 21934 21959 21970 21993 21994 22069
 22085 22101 22119 22137 22144 22163 22174 22215 22243 22250 22289 22311
 22324 22347 22409 22424 22455 22460 22462 22581 22621 22649 22660 22683
 22690 22751 22773 22783 22792 22811 22824 22837 22875 22901 22905 22906
 22920 22941 22947 22954 22977 23006 23051 23069 23089 23109 23117 23122
 23123 23153 23186 23190 23208 23226 23231 23235 23268 23290 23292 23296
 23298 23311 23314 23318 23325 23332 23337 23363 23375 23412 23489 23535
 23564 23595 23614 23622 23646 23682 23707 23715 23731 23757 23765 23788
 23797 23844 23869 23904 23912 23917 23993 24006 24008 24026 24033 24047
 24050 24063 24134 24137 24162 24210 24282 24294 24302 24330 24355 24404
 24440 24443 24462 24468 24481 24488 24572 24574 24630 24662 24673 24688
 24710 24750 24755 24770 24807 24818 24875 24919 24927 25030 25105 25119
 25131 25248 25249 25276 25315 25324 25389 25390 25450 25517 25540 25579
 25647 25650 25674 25713 25726 25729 25732 25740 25779 25790 25794 25796
 25802 25807 25815 25819 25827 25852 25854 25864 25887 25895 25955 25964
 25967 25994 26027 26039 26045 26103 26167 26215 26328 26350 26366 26411
 26419 26421 26492 26546 26557 26603 26635 26677 26720 26731 26753 26756
 26771 26836 26843 26854 26856 26871 26874 26913 26918 26972 26983 27022
 27063 27082 27169 27248 27268 27308 27309 27340 27412 27426 27447 27449
 27468 27471 27494 27504 27514 27545 27553 27557 27587 27713 27714 27761
 27843 27873 27877 27889 27922 27957 27988 27992 28049 28118 28244 28259
 28297 28333 28366 28381 28393 28394 28395 28404 28423 28457 28463 28471
 28491 28528 28591 28592 28607 28617 28647 28668 28708 28719 28749 28750
 28779 28797 28802 28816 28820 28826 28848 28853 28862 28884 28897 28911
 28914 28932 28936 28973 29001 29164 29195 29212 29216 29230 29252 29271
 29288 29308 29352 29367 29374 29482 29503 29505 29527 29577 29598 29629
 29653 29656 29660 29662 29747 29821 29868 29871 29876 29903 29939 29955
 29961 29970 30001 30060 30094 30106 30145 30150 30180 30183 30213 30253
 30307 30325 30334 30335 30344 30349 30379 30417 30440 30457 30458 30472
 30537 30546 30585 30588 30619 30630 30641 30661 30667 30671 30678 30725
 30753 30774 30781 30792 30798 30799 30807 30847 30859 31007 31018 31096
 31107 31191 31223 31255 31266 31269 31295 31300 31325 31366 31370 31383
 31451 31453 31494 31517 31611 31633 31639 31652 31718 31725 31742 31754
 31760 31761 31792 31798 31812 31823 31835 31853 31900 31910 31926 31929
 31969 31978 32014 32026 32056 32078 32079 32114 32115 32221 32234 32235
 32260 32276 32280 32292 32369 32370 32410 32477 32507 32513 32531 32603
 32628 32752 32808 32845 32857 32910 32912 32945 32976 33001 33011 33143
 33274 33358 33391 33426 33435 33436 33442 33446 33477 33491 33518 33545
 33550 33552 33582 33591 33615 33622 33729 33747 33785 33830 33856 33874
 33897 33938 33947 33999 34005 34026 34035 34039 34058 34072 34075 34102
 34109 34133 34141 34155 34172 34175 34190 34191 34218 34219 34276 34287
 34372 34377 34387 34488 34550 34561 34585 34611 34615 34618 34662 34680
 34693 34701 34722 34738 34800 34808 34874 34892 34901 34937 34969 34985
 35010 35039 35046 35133 35153 35167 35168 35185 35186 35188 35205 35246
 35254 35261 35306 35312 35376 35429 35441 35447 35529 35612 35615 35635
 35662 35673 35686 35695 35709 35732 35776 35792 35849 35856 35910 35913
 35916 35975 36006 36014 36088 36091 36107 36144 36179 36189 36250 36299
 36328 36348 36365 36384 36438 36449 36458 36469 36509 36514 36518 36540
 36548 36565 36596 36613 36632 36637 36681 36696 36700 36718 36725 36745
 36760 36831 36837 36855 36942 37006 37013 37030 37037 37070 37082 37090
 37091 37120 37124 37131 37230 37264 37283 37367 37448 37453 37455 37477
 37487 37492 37565 37589 37605 37673 37697 37725 37817 37830 37833 37852
 37888 37903 37950 38023 38042 38095 38105 38109 38115 38182 38206 38265
 38308 38331 38398 38405 38440 38461 38536 38545 38549 38566 38642 38657
 38671 38770 38788 38824 38932 39014 39037 39044 39090 39099 39125 39156
 39164 39168 39186 39193 39194 39195 39282 39300 39321 39329 39331 39344
 39350 39371 39433 39445 39447 39481 39482 39634 39635 39645 39657 39667
 39673 39683 39684 39703 39725 39748 39752 39760 39784 39788 39804 39816
 39821 39844 39855 39868 39870 39893 39894 39955 39964 40005 40017 40038
 40075 40121 40167 40177 40179 40198 40201 40315 40321 40336 40383 40408
 40426 40480 40491 40497 40521 40558 40599 40611 40653 40724 40753 40767
 40771 40775 40779 40787 40842 40843 40848 40865 40874 40876 40882 40904
 40936 40946 40959 40961 40976 40989 40994 41016 41102 41113 41118 41135
 41165 41170 41186 41199 41223 41225 41248 41257 41260 41279 41289 41292
 41300 41309 41339 41357 41371 41386 41427 41446 41450 41484 41492 41493
 41494 41497 41513 41533 41553 41587 41590 41593 41629 41635 41665 41707
 41713 41723 41756 41762 41765 41845 41876 41887 41916 41922 41924 41967
 41986 42004 42018 42021 42032 42042 42048 42064 42134 42136 42140 42141
 42255 42258 42279 42285 42301 42302 42311 42328 42343 42407 42455 42470
 42494 42504 42522 42580 42612 42662 42704 42767 42777 42785 42797 42803
 42845 42902 42911 42929 42946 42962 42972 43026 43159 43184 43222 43240
 43345 43352 43362 43413 43457 43459 43464 43465 43474 43506 43512 43560
 43572 43613 43679 43717 43730 43768 43772 43806 43832 43833 43850 43872
 43893 43900 43902 43928 43933 43936 44065 44076 44108 44125 44129 44136
 44150 44159 44167 44208 44212 44241 44251 44281 44309 44317 44336 44368
 44376 44386 44411 44433 44438 44502 44504 44507 44519 44524 44536 44571
 44575 44599 44610 44638 44647 44670 44680 44707 44726 44747 44748 44751
 44841 44859 44889 44977 45014 45026 45037 45078 45142 45222 45224 45245
 45254 45279 45351 45358 45365 45373 45392 45503 45540 45573 45616 45647
 45674 45694 45701 45715 45720 45731 45761 45811 45913 45975 46054 46138
 46149 46162 46175 46186 46193 46226 46235 46237 46255 46257 46270 46280
 46290 46313 46333 46372 46387 46437 46464 46482 46491 46493 46516 46537
 46544 46545 46632 46651 46692 46697 46700 46713 46715 46783 46790 46842
 46899 46932 46947 47043 47049 47126 47148 47171 47192 47222 47238 47287
 47290 47311 47316 47318 47458 47487 47587 47617 47630 47653 47676 47705
 47719 47799 47817 47833 47861 47862 47864 47866 47895 47969 48016 48025
 48030 48077 48086 48118 48119 48145 48150 48165 48171 48189 48198 48282
 48340 48343 48355 48414 48431 48432 48436 48547 48577 48634 48675 48693
 48718 48720 48723 48724 48729 48795 48878 48879 48883 48903 48914 49008
 49023 49024 49083 49099 49104 49119 49145 49207 49285 49291 49361 49365
 49409 49427 49433 49498]
[0.695067264573991, 0.6396917148362236, 0.46735395189003437, 0.3009845288326301, 0.28619528619528617, 0.5257633587786259, 0.6566455696202531, 0.7368421052631579, 0.7641445126107703, 0.5431034482758621]
[1115, 1557, 582, 711, 594, 1048, 632, 1292, 1467, 1972]
