training accuracy when lambda=0.2
[0.6104040403895908, 0.7437171717123552, 0.7640202020250185, 0.7844646464598299, 0.7941212121356618, 0.7990505050601381, 0.8047878787782458, 0.8090707070851567, 0.8121818181721852, 0.8166666666811163, 0.8202222222270388, 0.8234747474795641, 0.8239191919240084, 0.8275555555603721, 0.8300404040355875, 0.8337777777825943, 0.8349494949398619, 0.8358181818229984, 0.8382020202164698, 0.8394141414093249, 0.8421818181866347, 0.8436767676912172, 0.8452121212024881, 0.8454747474699309, 0.847474747479564, 0.8479797979701649, 0.8490101010245507, 0.8512929292832963, 0.8508282828138333, 0.8522424242472407, 0.8546060606156937, 0.8540606060557895, 0.8552323232178736, 0.8562424242568738, 0.855636363631547, 0.8555757575902072, 0.8570101010149176, 0.860464646469463, 0.8602424242472407, 0.8604646464598299, 0.8613535353390858, 0.8606666666618501, 0.863373737388187, 0.8614747474602978, 0.8621212121260287, 0.8629696969552474, 0.8639191919336415, 0.8643636363684529, 0.8631515151611482, 0.86256565656084]
test accuracy when lambda=0.2
[0.3868, 0.3938, 0.3987, 0.3969, 0.3921, 0.3999, 0.3992, 0.3921, 0.4038, 0.4091, 0.4027, 0.4057, 0.4038, 0.4022, 0.401, 0.4034, 0.3976, 0.4067, 0.402, 0.4014, 0.4037, 0.403, 0.4041, 0.4058, 0.4073, 0.4052, 0.4035, 0.4021, 0.4044, 0.3994, 0.405, 0.4032, 0.4053, 0.4018, 0.4069, 0.4022, 0.4085, 0.4059, 0.405, 0.4069, 0.4022, 0.4083, 0.4089, 0.405, 0.4086, 0.4062, 0.4036, 0.4034, 0.4052, 0.4072]
training accuracy when lambda=0.3
[0.5671313131409462, 0.698969696969697, 0.7197575757575757, 0.7322424242520573, 0.7382020202068368, 0.744989898999532, 0.7502626262578097, 0.75496969697933, 0.7556767676671347, 0.7603232323184158, 0.7652727272775438, 0.7658787878884209, 0.7668888888744393, 0.771010101000468, 0.771616161611345, 0.775414141428591, 0.7759595959499629, 0.7773131313227644, 0.780484848480032, 0.7832525252669749, 0.7817777777633281, 0.7842626262722593, 0.7841414141317811, 0.7859393939297609, 0.7875757575805741, 0.7883434343386178, 0.7914141414141415, 0.7900606060702391, 0.7907474747619243, 0.7937373737470068, 0.7942828282780118, 0.794464646469463, 0.7941616161712493, 0.7966666666714832, 0.7960202020202021, 0.7973939393891228, 0.799474747469931, 0.7988080808032643, 0.7998383838383838, 0.7985656565512069, 0.8002020202068367, 0.7992525252573418, 0.7988686868831365, 0.8012121212024882, 0.8011515151466986, 0.80343434343916, 0.8030909090860926, 0.8025050505195002, 0.8025858585762256, 0.8023636363732695]
test accuracy when lambda=0.3
[0.3947, 0.3977, 0.4049, 0.4048, 0.4009, 0.4022, 0.4156, 0.413, 0.4112, 0.42, 0.415, 0.4137, 0.4181, 0.4122, 0.4248, 0.4154, 0.4184, 0.4205, 0.4162, 0.4181, 0.4184, 0.4175, 0.4212, 0.4244, 0.4191, 0.4215, 0.42, 0.4219, 0.4166, 0.4207, 0.4204, 0.4233, 0.4193, 0.425, 0.4252, 0.4233, 0.4209, 0.4216, 0.4202, 0.4228, 0.4156, 0.4253, 0.4201, 0.42, 0.4247, 0.4227, 0.4225, 0.4201, 0.425, 0.4214]
training accuracy when lambda=0.4
[0.48622222222703876, 0.5888484848629345, 0.6029696969648805, 0.6114949495093991, 0.6175555555579638, 0.6229494949446784, 0.627010101010101, 0.6302828282683787, 0.6327070706926211, 0.6329292929437426, 0.6356969696921532, 0.6386262626407122, 0.642080808071175, 0.6439999999855504, 0.6438787878787878, 0.6452323232419563, 0.6466262626262627, 0.6493131313179479, 0.6509292929244764, 0.6525050505098671, 0.6529090909139075, 0.6534747474891971, 0.6554343434198938, 0.6577979798076129, 0.6566868687013183, 0.6594545454449123, 0.6582424242568738, 0.6631515151659647, 0.6614747474747474, 0.6631919191822861, 0.6643232323135992, 0.6644040403944074, 0.6660404040259544, 0.6654141413996918, 0.6664040404136735, 0.6677979797931632, 0.6696969697066028, 0.6697575757575758, 0.6692929292881128, 0.6710303030447526, 0.6709090909090909, 0.6725656565512069, 0.6713737373737374, 0.6730101010149175, 0.6736161616306112, 0.6728484848340353, 0.6738181818278149, 0.6764444444299949, 0.6753131313131313, 0.6755353535498031]
test accuracy when lambda=0.4
[0.4086, 0.4037, 0.4121, 0.4214, 0.4315, 0.4292, 0.4351, 0.429, 0.4342, 0.4326, 0.4265, 0.4421, 0.4303, 0.4375, 0.4382, 0.4342, 0.4421, 0.4355, 0.4358, 0.4383, 0.4459, 0.437, 0.4355, 0.4379, 0.4367, 0.4375, 0.4423, 0.4357, 0.4391, 0.4463, 0.4475, 0.4413, 0.4431, 0.4477, 0.4379, 0.4437, 0.446, 0.4416, 0.442, 0.4402, 0.451, 0.4479, 0.4419, 0.4404, 0.4419, 0.4421, 0.4403, 0.4439, 0.4375, 0.4419]
training accuracy when lambda=0.5
[0.21163636363636365, 0.24032323232082406, 0.24832323232443645, 0.25472727272847684, 0.256848484849689, 0.26143434344156824, 0.26307070707311536, 0.2674343434343434, 0.2700808080808081, 0.27290909090668264, 0.27393939394661876, 0.2777171717243965, 0.28228282827801177, 0.2834343434355476, 0.2848686868662786, 0.2902424242376077, 0.29197979797498147, 0.2937979797979798, 0.29606060606783086, 0.29856565657288137, 0.302222222229447, 0.30393939394661873, 0.30723232322991495, 0.3119595959644125, 0.31583838383597557, 0.31686868686868686, 0.3190303030327113, 0.32163636362913883, 0.32569696969937795, 0.3307474747450665, 0.3310101010125093, 0.33547474747595163, 0.33963636364358846, 0.3409696969745135, 0.3433333333357416, 0.3476767676671346, 0.3504040404040404, 0.353454545459362, 0.3571717171717172, 0.3613939393939394, 0.36268686868927696, 0.36682828282828284, 0.36969696969215315, 0.3728080808225304, 0.37597979797738973, 0.379191919199144, 0.3792323232275067, 0.3853131313059065, 0.38652525252284425, 0.38979797980279635]
test accuracy when lambda=0.5
[0.4016, 0.426, 0.4379, 0.4565, 0.448, 0.4404, 0.4508, 0.4624, 0.4671, 0.4586, 0.4634, 0.4687, 0.4596, 0.4668, 0.4612, 0.472, 0.4723, 0.4684, 0.4708, 0.4658, 0.4645, 0.4723, 0.4779, 0.4736, 0.4682, 0.4807, 0.467, 0.4677, 0.4723, 0.4704, 0.4715, 0.4648, 0.4753, 0.4749, 0.472, 0.4722, 0.472, 0.4683, 0.4693, 0.4631, 0.4653, 0.4616, 0.4708, 0.4681, 0.465, 0.4637, 0.4641, 0.464, 0.4625, 0.4647]
training accuracy when lambda=0.6
[0.2097777777789819, 0.24573737374459853, 0.255595959599572, 0.262424242429059, 0.2678787878811961, 0.2728484848460766, 0.2774141414165497, 0.28381818181336527, 0.2854141414141414, 0.29022222222703875, 0.2937777777753695, 0.3008080808080808, 0.30242424242183413, 0.30799999999759176, 0.31127272727272726, 0.3164848484872568, 0.31985858585979, 0.32422222222222224, 0.3282828282852365, 0.3318989899062147, 0.3369898989874907, 0.3426868686844604, 0.34678787879269535, 0.3499393939345774, 0.3543636363684529, 0.36121212121934604, 0.3660606060606061, 0.3712727272630942, 0.3753939394011642, 0.38105050506495464, 0.3873131313203561, 0.391555555550739, 0.3933939394011642, 0.3997373737349655, 0.4070707070731153, 0.4120000000048165, 0.4165050505195001, 0.4191919191967357, 0.4259595959740456, 0.4307272727200479, 0.43650505049541743, 0.442464646469463, 0.44515151514429036, 0.44951515151515153, 0.455454545459362, 0.4599797979942476, 0.4653131313179478, 0.4665656565656566, 0.47074747474747475, 0.4726666666714832]
test accuracy when lambda=0.6
[0.4266, 0.444, 0.4612, 0.4564, 0.4671, 0.4762, 0.4736, 0.4781, 0.4956, 0.4931, 0.4972, 0.4984, 0.49, 0.5043, 0.4983, 0.4954, 0.5041, 0.5085, 0.4998, 0.5059, 0.5068, 0.5072, 0.5059, 0.5005, 0.5052, 0.4996, 0.4938, 0.4962, 0.4939, 0.4977, 0.4969, 0.4949, 0.4944, 0.493, 0.4897, 0.48, 0.4966, 0.4895, 0.4834, 0.482, 0.4815, 0.4832, 0.4857, 0.4822, 0.4793, 0.4758, 0.4792, 0.4756, 0.4782, 0.4749]
