[]
[    4    32   104   201   225   268   563   672   765   989  1294  1367
  1378  1382  1398  1538  1546  1683  1850  1904  2148  2161  2369  2642
  2767  2927  2930  2993  3084  3168  3236  3486  3623  3641  3702  3978
  4292  4303  4914  5001  5071  5401  5595  6007  6437  6639  6829  6901
  7056  7552  7630  7763  8012  8161  8485  8609  8699  8952  9152  9159
  9273  9274  9300  9378  9555  9585  9668  9785  9795 10215 10249 10422
 10464 10465 11620 11707 12152 12417 12538 12724 13015 13242 13329 13366
 13552 13559 13588 13710 13849 14202 14211 14277 14364 15007 15554 15800
 15915 16071 16378 16507 16533 16757 16820 16840 16922 17188 17569 18042
 18240 18286 18332 18364 18627 18741 19217 19295 19434 19448 19505 19671
 19856 19869 19894 20013 20028 20180 20391 20695 20731 20919 21071 21167
 21213 21223 21253 21287 21309 21381 21508 21573 22050 22094 22172 22200
 22228 22434 22465 22597 22633 22833 22984 23311 23340 23366 23601 23961
 24016 24338 24722 24741 24755 24889 25126 25144 25332 25374 25445 25650
 26031 26263 26634 26887 26920 27062 27414 27429 28050 28075 28096 28238
 28499 28567 28683 28696 28883 28970 28976 29005 29031 29153 29257 29685
 29849 30184 30217 30791 30822 31505 31646 31719 31926 32038 32074 32251
 32480 32915 32922 32957 33941 33950 33955 34105 34554 34936 35027 35046
 35331 36277 36508 36509 36697 36978 37048 37052 37471 37560 37887 38110
 38725 39893 40119 40408 40755 40792 41177 41262 41389 41397 41520 41572
 41710 42008 42095 42251 42308 42334 43096 43180 43366 43489 44016 44428
 44580 44640 44646 44663 45089 45228 45273 45296 45378 45382 45660 45752
 45925 45930 46036 46234 46691 46800 46912 47181 47327 47485 47502 47793
 47823 47934 48019 48090 48657 49026 49298]
[]
[  257   473   487   496   626  1438  1474  1498  1672  1766  2099  2342
  2348  2813  3036  3319  3358  3826  4000  4196  4317  4591  4738  5332
  5883  5942  5969  6412  6633  7093  7246  7355  7725  7907  8099  8588
  8857 10617 11248 11497 11566 11649 11680 11737 11811 11888 12358 12486
 12721 13623 13650 13948 14100 14507 14546 14642 14744 14975 15001 15171
 15551 15827 16176 16385 16480 16630 16819 17066 17080 17142 17685 18009
 18455 18482 18781 18827 18967 19234 19258 19298 20331 20411 20785 20895
 22483 22767 23082 23083 23086 23116 23506 23740 23768 23831 24004 24048
 24491 24713 24922 25035 25047 25346 25773 25919 26016 26100 26424 27605
 28370 28371 28563 28714 28792 28941 28961 30358 30465 30715 30863 31039
 31354 31469 31503 32051 32058 32500 32807 32960 33315 33841 34508 34697
 34776 34837 34880 34937 35034 35695 36487 36600 36673 36801 36810 37104
 37191 37235 37320 37329 38249 38264 38681 38759 39470 39606 39656 39927
 39943 40522 41320 41841 41942 42096 42278 42405 42751 42891 42962 43401
 43419 43621 43730 44257 44407 44505 44965 45015 45043 45367 45433 45619
 45818 45876 45931 45943 46982 46994 47202 47469 47705 48376 48523 48973
 49172 49230]
[]
[ 1474  1490  1880  2061  2813  3138  4738  4750  4764  5773  6000  6633
  7246  7648  7725  7907  8192  8268  8541  8588  8589 10279 10307 10769
 11055 11411 11709 12198 12313 12358 12451 12493 12539 12798 13115 13650
 14100 14261 14599 14606 16255 17066 17203 17326 17371 17931 19229 19234
 19419 19504 19814 19833 20181 20411 20895 21254 21269 21777 22213 24004
 24048 24306 24713 24922 25011 25035 25047 25346 25911 26524 26711 27483
 28362 28714 28982 29165 29692 30715 30985 31469 31945 32051 32558 33322
 33495 33596 34103 34256 34354 34486 34635 35811 35842 36304 36585 36594
 37235 37303 37320 37435 38351 38699 39064 39085 40517 41098 41320 41339
 41513 41655 41993 41997 42116 43020 43124 43458 43730 44755 45043 45249
 45719 45890 46150 47628 48177 48618 49304]
[]
[   43    68   512   786  1570  2077  2586  3613  4033  4141  4197  4511
  5390  5505  5538  5646  6449  6474  6693  7494  7726  7982  8567  8819
  8878  8929  8981 11325 11917 12027 12399 12590 12958 13517 13816 14513
 15773 15942 16171 16303 17873 18398 18409 18753 18935 19409 19626 20060
 20586 20842 21189 21324 21410 21981 22550 22567 22957 24371 24943 25094
 26299 27249 27378 28178 28329 29018 29159 29263 29958 30060 30733 30987
 31171 31527 31955 31969 32303 33062 33806 34010 34579 35410 35621 35945
 36234 36826 37152 37683 40639 41738 41954 42542 42565 42816 43197 43493
 44173 44397 44530 45104 45249 45590 45705 45920 46085 46557 47513 47938
 48342 48710 48736 49096 49265 49353]
[]
[  104   201   218   314   458   477   491   699   875   878   882   954
   969  1176  1206  1266  1282  1538  1589  1809  1892  1996  2012  2108
  2295  2303  2420  2850  2927  2988  3012  3042  3198  3243  3350  3427
  3628  3697  3817  4177  4387  4491  4536  4572  4599  4951  5026  5091
  5256  5259  5612  5626  5879  5909  6357  6482  6509  6595  7252  7286
  7370  7439  7456  7784  7896  7900  7923  8091  8238  8265  8309  8432
  8733  9126  9159  9177  9290  9555 10065 10285 10571 10641 10790 10813
 11020 11120 11371 11410 11477 11547 12031 12210 12538 12695 12723 12815
 12918 13055 13208 13329 13358 13437 13649 13751 13966 14094 14211 14229
 14277 14286 14368 14614 14987 15054 15324 15409 15452 15663 15714 15844
 15880 15901 16026 16238 16378 16533 16807 17048 17134 17198 17412 17452
 17515 17569 17635 17697 17790 17804 17809 17842 18211 18258 18272 18381
 18459 18461 18500 18544 18794 19012 19105 19136 19223 19315 19407 19448
 19695 19697 19750 20072 20108 20112 20167 20356 20391 20395 20416 20432
 20457 20688 20719 20789 20808 20902 20990 21037 21071 21081 21159 21309
 21326 21463 21655 21889 21926 21935 21967 22000 22152 22172 22298 22597
 22630 22654 22658 22833 22914 22927 22984 23093 23104 23366 23601 23722
 23766 23771 23910 23995 24034 24338 24476 24496 24823 24881 25112 25332
 25677 25728 25888 25918 26334 26357 27091 27414 27508 27557 27561 27715
 27993 28096 28189 28244 28297 28392 28403 28470 28567 28591 28667 28708
 28936 28981 29005 29144 29313 29441 29541 29602 29663 29665 29869 30096
 30184 30187 30217 30309 30380 30473 30536 30628 30791 31018 31516 31639
 31652 31822 31926 31974 32009 32027 32234 32275 32480 32514 32851 33550
 33860 33950 34008 34137 34539 34554 34936 34991 35046 35053 35212 35269
 35536 35619 35669 35694 36019 36093 36150 36351 36367 36467 36468 36781
 37011 37031 37064 37067 37084 37124 37227 37446 37471 37486 37601 37828
 38023 38104 38110 38259 38323 38529 38634 38725 39184 39297 39369 39374
 39432 39444 39683 39788 39804 39959 40165 40175 40349 40611 40777 40874
 41132 41189 41293 41341 41381 41455 41490 41495 41520 41591 41929 42029
 42142 42144 42186 42308 42462 42501 42619 42668 42784 43032 43358 43461
 43463 43771 43806 43902 43975 44029 44139 44142 44152 44312 44370 44406
 44428 44500 44519 44568 44632 44663 44834 45017 45353 45382 45607 45685
 45706 45713 46043 46139 46480 46525 46644 46677 47140 47181 47577 47712
 48033 48145 48183 48276 48571 48713 48718 48790 48969 49010 49026 49293]
[0, 0.6395759717314488, 0, 0.4381443298969072, 0, 0.6535433070866141, 0, 0.7456140350877193, 0, 0.5245098039215687]
[0, 283, 0, 194, 0, 127, 0, 114, 0, 408]
