training accuracy when lambda=0.3
[0.621575757561308, 0.738, 0.7602828282876448, 0.7729494949543115, 0.7814141414093249, 0.7877575757479427, 0.7955555555555556, 0.799898989908623, 0.8034141414237745, 0.8082424242376077, 0.8139191919240084, 0.8154545454641785, 0.8183636363588198, 0.8233939393843063, 0.8250505050360555, 0.8268484848629345, 0.8284444444444444, 0.8316969697114193, 0.8346464646609143, 0.8349494949446784, 0.834929292929293, 0.8366464646464646, 0.8378585858537693, 0.8382424242520573, 0.8400606060557895, 0.839555555541106, 0.8422020201972037, 0.8421414141317811, 0.8419191919095589, 0.8443030303078468, 0.8419191919240084, 0.8452323232178737, 0.8425656565704731, 0.844484848489665, 0.8421818181770017, 0.8433939393939394, 0.8433333333237003, 0.8426464646416482, 0.8438383838287508, 0.843616161601712, 0.8407070707215203, 0.8411515151370655, 0.8409090909139074, 0.8391919191871027, 0.8413535353535354, 0.8415757575853906, 0.8363636363491868, 0.8387878787926953, 0.8391111111255607, 0.8359191919240084]
test accuracy when lambda=0.3
[0.3991, 0.4105, 0.4096, 0.4184, 0.4153, 0.4198, 0.415, 0.4206, 0.4198, 0.4202, 0.4255, 0.4223, 0.423, 0.4221, 0.4216, 0.4188, 0.4213, 0.421, 0.4218, 0.4223, 0.4213, 0.4221, 0.4292, 0.4221, 0.4196, 0.4228, 0.4198, 0.4253, 0.4251, 0.4246, 0.425, 0.4268, 0.4224, 0.4286, 0.4224, 0.4204, 0.4286, 0.4218, 0.4251, 0.4277, 0.4232, 0.4251, 0.4252, 0.423, 0.4289, 0.4224, 0.4265, 0.4244, 0.4219, 0.4246]
training accuracy when lambda=0.4
[0.5543636363540033, 0.6491515151370656, 0.6659999999951834, 0.678060606050973, 0.68559595958151, 0.692585858581042, 0.6995959596055926, 0.7029494949398619, 0.7075555555411059, 0.7121010101010101, 0.7136767676912172, 0.7181616161567996, 0.7197171717027221, 0.7215757575902072, 0.7263232323135993, 0.7264242424194259, 0.7286262626262626, 0.7290101010245507, 0.7323232323232324, 0.7342424242424243, 0.7331919191967358, 0.7359393939297608, 0.7366868686724191, 0.7349292929292929, 0.7379595959451464, 0.7391515151466986, 0.7387676767821264, 0.7376363636459967, 0.7391111110966615, 0.7384848484752154, 0.7397575757479427, 0.7399999999855504, 0.7405454545454545, 0.7379999999903669, 0.736404040408857, 0.7378585858585859, 0.7375757575757576, 0.739151515141882, 0.7351515151515151, 0.7372525252477087, 0.7354949494804999, 0.7357575757672088, 0.7341414141414141, 0.7359797979725732, 0.7370505050456885, 0.7327676767676767, 0.7320404040548536, 0.7364242424194258, 0.7334343434295268, 0.732020202020202]
test accuracy when lambda=0.4
[0.4088, 0.4131, 0.4273, 0.4338, 0.4375, 0.4388, 0.4383, 0.4412, 0.4413, 0.441, 0.4477, 0.439, 0.4437, 0.4408, 0.4398, 0.4484, 0.4457, 0.4498, 0.4459, 0.4453, 0.443, 0.4448, 0.4525, 0.453, 0.449, 0.444, 0.4435, 0.4437, 0.4454, 0.4459, 0.4459, 0.4424, 0.4492, 0.4412, 0.4382, 0.4381, 0.4434, 0.4411, 0.4412, 0.4386, 0.4398, 0.4415, 0.4441, 0.442, 0.4374, 0.4388, 0.4351, 0.4421, 0.4336, 0.4392]
training accuracy when lambda=0.5
[0.22046464646524852, 0.24648484849207328, 0.25587878788119617, 0.26062626262385435, 0.2665656565704731, 0.26909090908609257, 0.2739595959571877, 0.27852525252645666, 0.283010101010101, 0.28529292929774586, 0.2918585858561776, 0.2934141414165497, 0.3011111111147235, 0.3049292929304971, 0.3088484848460766, 0.31428282827801174, 0.3187878787902871, 0.32551515151996807, 0.32923232323954804, 0.3390101010149175, 0.3436565656589739, 0.35060606060365235, 0.35951515150792673, 0.364545454540638, 0.3719797979725732, 0.37977777777777777, 0.3867272727320893, 0.39193939395384353, 0.3988686868735034, 0.4036161616089368, 0.4145656565704731, 0.41941414142136624, 0.4222828282876448, 0.4303232323184158, 0.43547474747474746, 0.4391919191846944, 0.4423030303030303, 0.4504848484848485, 0.4566060605988358, 0.4578383838383838, 0.4651717171620841, 0.46777777778259433, 0.47038383838624664, 0.4779595959499629, 0.47888888890333847, 0.48555555555073904, 0.4855555555700052, 0.4908686868831365, 0.49503030301585343, 0.49589898990380643]
test accuracy when lambda=0.5
[0.4168, 0.4343, 0.4442, 0.4462, 0.4551, 0.4554, 0.4625, 0.4608, 0.4607, 0.4652, 0.4671, 0.4742, 0.471, 0.4673, 0.4655, 0.4713, 0.4754, 0.4689, 0.4694, 0.4706, 0.4641, 0.4698, 0.4543, 0.4724, 0.4679, 0.4643, 0.4622, 0.462, 0.4557, 0.4616, 0.4585, 0.4569, 0.4579, 0.4524, 0.4553, 0.4565, 0.451, 0.4493, 0.4548, 0.4542, 0.45, 0.4549, 0.4542, 0.4499, 0.4485, 0.4482, 0.4459, 0.4478, 0.4478, 0.4515]
training accuracy when lambda=0.6
[0.21541414142136622, 0.24997979798341038, 0.2617575757648006, 0.27052525253006904, 0.2776969696945614, 0.282545454540638, 0.2886464646416481, 0.2942020202068367, 0.30171717171837587, 0.3088888888937054, 0.3142020202020202, 0.32030303030543855, 0.3258787878860127, 0.3357171717171717, 0.3430707070731153, 0.35163636364358847, 0.36052525253247736, 0.37185858584895276, 0.3802424242376077, 0.39105050505050504, 0.4032121212048964, 0.41262626263348745, 0.4247676767676768, 0.4348484848460766, 0.44604040404522055, 0.45521212121693777, 0.46743434342711865, 0.4742222222174057, 0.4851919192063688, 0.4929898989802659, 0.5061414141365976, 0.5118181818085488, 0.5203232323087827, 0.5280808080735833, 0.5353333333188838, 0.5409696969600639, 0.5474949494973578, 0.5514949495093991, 0.5589696969624721, 0.5662828282828283, 0.5717373737325572, 0.574545454540638, 0.5791111111111111, 0.5814141414141414, 0.5878181818037322, 0.5941818181770017, 0.5999999999951835, 0.5998989898941733, 0.6044040403895908, 0.6135959596104092]
test accuracy when lambda=0.6
[0.4209, 0.446, 0.4694, 0.4826, 0.4886, 0.496, 0.4904, 0.4867, 0.4961, 0.5023, 0.4985, 0.4955, 0.491, 0.4991, 0.4911, 0.4954, 0.4948, 0.4889, 0.4916, 0.4822, 0.4807, 0.4854, 0.4779, 0.4698, 0.4796, 0.4811, 0.4735, 0.4704, 0.4753, 0.4737, 0.4688, 0.4679, 0.4631, 0.4658, 0.465, 0.4674, 0.4633, 0.4633, 0.4648, 0.4642, 0.4615, 0.4635, 0.4567, 0.46, 0.4597, 0.46, 0.4695, 0.4556, 0.4557, 0.4626]
training accuracy when lambda=0.7
[0.22012121211880387, 0.26123232323352735, 0.27838383837902186, 0.2862424242472408, 0.29878787878547053, 0.3054747474759516, 0.314222222229447, 0.32323232322991496, 0.3296161616185699, 0.3380808080808081, 0.3483636363684529, 0.35599999999759174, 0.3672323232371398, 0.3775151515079267, 0.3888080808080808, 0.40181818181577356, 0.4179999999903669, 0.42870707070225417, 0.44585858587303545, 0.4590101010125093, 0.4726464646368316, 0.4883232323160075, 0.5036767676815842, 0.5150909090957256, 0.5285454545454545, 0.5405656565560235, 0.5543030302933972, 0.5663030303078468, 0.5769494949543115, 0.5874343434247103, 0.5969898989850825, 0.608464646479096, 0.6151111111255607, 0.6250909090860925, 0.6326666666690749, 0.639535353520904, 0.6475757575853907, 0.6555757575613079, 0.6582424242424243, 0.6681414141269645, 0.6724040404136735, 0.6767272727369058, 0.682525252530069, 0.6871919191846944, 0.6908080808032643, 0.6971313131168635, 0.6992727272727273, 0.7047474747330251, 0.7096969697017862, 0.7118989898893568]
test accuracy when lambda=0.7
[0.4553, 0.4799, 0.4991, 0.5244, 0.5196, 0.525, 0.5316, 0.542, 0.5489, 0.5444, 0.5325, 0.543, 0.5312, 0.5331, 0.5306, 0.5253, 0.519, 0.5264, 0.5141, 0.5122, 0.5077, 0.5008, 0.5017, 0.5078, 0.4969, 0.4954, 0.4865, 0.4915, 0.4884, 0.485, 0.4795, 0.483, 0.4811, 0.4754, 0.4837, 0.4798, 0.4837, 0.4805, 0.482, 0.4771, 0.477, 0.4757, 0.4771, 0.4671, 0.4674, 0.4754, 0.4708, 0.4669, 0.4652, 0.4715]
training accuracy when lambda=0.8
[0.2139191919216002, 0.26656565656565656, 0.28525252525312733, 0.30030303030062205, 0.31111111111592765, 0.3207676767749016, 0.33163636364358845, 0.3415959595959596, 0.3513737373737374, 0.36278787879028707, 0.3739595959571877, 0.38537373737132913, 0.3963434343386178, 0.40967676767917593, 0.4236161616113451, 0.439474747479564, 0.45391919191919194, 0.47163636364118017, 0.48878787879028707, 0.5055757575709411, 0.5241010101058267, 0.5376969696969697, 0.5568484848581179, 0.5696565656613822, 0.5884444444348114, 0.6031919192063688, 0.6145858585810421, 0.6275757575902072, 0.6420404040355875, 0.6517575757431261, 0.6625858586003082, 0.6727676767676768, 0.6848080808225304, 0.6934141414093249, 0.7015959596104092, 0.709090909081276, 0.7165252525108029, 0.7217575757527592, 0.7310303030447527, 0.7382828282924614, 0.7442020202020202, 0.749636363621914, 0.7522020201923871, 0.7606868687013183, 0.7647272727176396, 0.7689696969624722, 0.7712525252525253, 0.7743434343482509, 0.7833333333333333, 0.7848282828138332]
test accuracy when lambda=0.8
[0.4639, 0.4934, 0.521, 0.5382, 0.544, 0.5563, 0.558, 0.5623, 0.5731, 0.5689, 0.567, 0.5533, 0.5524, 0.5495, 0.5376, 0.5485, 0.5284, 0.5294, 0.5198, 0.5158, 0.5096, 0.5088, 0.5009, 0.5028, 0.5029, 0.4979, 0.4867, 0.4907, 0.4818, 0.4868, 0.4841, 0.4847, 0.4871, 0.4787, 0.4751, 0.4771, 0.4723, 0.4761, 0.4786, 0.473, 0.4714, 0.4771, 0.4736, 0.4688, 0.4751, 0.4701, 0.4654, 0.4728, 0.4681, 0.4697]
