[ 9673 39894 24474 32370 22579  3772 15995  2526 39350 14031 29249 37294
 20860 10416  1335 16822 38541 14488 28619 37462  4526 27466 34301   989
  4627 39887 18371  1315  7013 22216 18534 31570 37682 24584 32985  6259
 39658 32367 24538 34179 12170 25649 26962 10029  3794 38794  3754 32455
 37901  1062  8393 27182 22495 33215 39921  7377 31160   862 24756 28694
 20650 17533 33137 14861 10749 23623  6804 36914  8793 21037 32320  1791
 20877  7985  7112 38557 18632 19588 29781  6431  3937 21644 33961  3265
 10637 14460 33317 10725  8158 17826 22144 21723 29880  9675 38485   929
 38743 32972 14880 34981]
[ 7509 20154 21967 37065 21723 12078  4209 39211 32134 26277 29255 19581
 36980 13814  9868 14288   313 12014  6692 36084 35144 28936 19808 31567
 23812  1814 21545 21318 23422 28532 26722 34643 21187 10286  9718 22128
 12870 24814 25987  3482 19617 13337 28639 17877 16036 13635 36352 19727
 13114 39998 11264 33100 26230 35324  5775 14135 23846  6357  7156  3460
  7145  4638 34962 23300 33988 19365 20694 18232 16429 29274 38759  8637
 36405 19646 37842 11468 36853 38234 17111 36590 27088 28740  2764  2348
 29326 32416 35970  1624  5636 39834 11285 27741  5503 36028 13451 28273
 26525 29703 39920 20785]
