[24552 35161]
[  225  1856  5461  6900 10348 18275 18947 19050 19206 19284 23595 28074
 28095 28568 28696 28735 31996 38085 38732 40351 40478 41065 43979 44526
 44638 45942 46244 46447 47895 48920]
[]
[]
[]
[43726]
[]
[  740  1126  2431  2592  4042  8155  8568 12722 13943 14829 15323 22558
 22950 24288 25531 27764 29370 29690 30563 31959 33512 33812 34751 36167
 36830 39416 42701 43193 48042 48113 48651 49351]
[]
[  105   204  1177  1539  2155  2405  2459  2863  2933  3206  3251  3360
  3634  3703  3825  4396  4929  5186  7075  7628  8240  8433  8502  9794
 10934 11026 11413 12699 12929 13068 13085 14097 14920 15332 15712 15854
 16023 17194 17293 17692 17792 17804 17911 17981 18168 18261 18530 19349
 20065 20391 20411 20722 20784 21031 21391 22621 22649 22837 22906 22920
 23363 23595 23715 24026 25729 26421 26843 27022 28244 28393 28404 28471
 28668 28897 29271 29503 29660 30094 30183 31018 31223 31494 32014 32280
 32513 33545 34005 34155 34738 34892 35168 35246 35612 36365 36831 37030
 37833 38182 38398 39804 40336 40558 40779 41450 41484 41513 41922 42136
 42612 42662 42767 43465 43902 44159 44317 45026 45358 45616 46054 47719
 48150 48198 48436 48879 49008]
[1.0, 0.8, 0, 0, 0, 1.0, 0, 1.0, 0, 0.52]
[2, 30, 0, 0, 0, 1, 0, 32, 0, 125]
