training accuracy when lambda=0.2
[0.52936, 0.6558, 0.68972, 0.7137, 0.72934, 0.74194, 0.75464, 0.76724, 0.77448, 0.7827, 0.79298, 0.80086, 0.80572, 0.81302, 0.8216, 0.82688, 0.83416, 0.84124, 0.84434, 0.84944, 0.85358, 0.85934, 0.86152, 0.86672, 0.86942, 0.87378, 0.87618, 0.878, 0.88112, 0.88434, 0.8845, 0.8862, 0.88954, 0.88928, 0.89192, 0.89308, 0.89492, 0.89604, 0.8975, 0.89778, 0.89928, 0.8995, 0.89926, 0.89904, 0.90176, 0.90042, 0.90332, 0.90238, 0.90068, 0.90456, 0.89858, 0.90308, 0.90308, 0.90412, 0.90406, 0.90218, 0.90518, 0.90278, 0.90438, 0.90392, 0.90286, 0.9027, 0.9039, 0.90362, 0.90474, 0.90252, 0.90562, 0.9041, 0.90452, 0.90342, 0.90518, 0.90254, 0.90224, 0.90442, 0.90594, 0.90406, 0.90272, 0.90234, 0.90172, 0.90374, 0.90116, 0.90448, 0.901, 0.9014, 0.90556, 0.90382, 0.90206, 0.90302, 0.90324, 0.9027, 0.90238, 0.90172, 0.90512, 0.9033, 0.902, 0.90192, 0.90196, 0.90394, 0.89966, 0.90346]
test accuracy when lambda=0.2
[0.4901, 0.4883, 0.5029, 0.492, 0.509, 0.5102, 0.4948, 0.498, 0.5149, 0.5072, 0.5078, 0.5082, 0.5082, 0.5009, 0.5007, 0.4954, 0.4975, 0.5044, 0.5033, 0.504, 0.5016, 0.5055, 0.4997, 0.4987, 0.4997, 0.5038, 0.4995, 0.5012, 0.5004, 0.5041, 0.503, 0.4945, 0.4973, 0.4914, 0.4991, 0.4898, 0.5007, 0.4988, 0.4954, 0.4966, 0.502, 0.4986, 0.4891, 0.4967, 0.4997, 0.4967, 0.4913, 0.4977, 0.497, 0.4935, 0.4971, 0.49, 0.4974, 0.4964, 0.4979, 0.4958, 0.4983, 0.4943, 0.4968, 0.4966, 0.4943, 0.4964, 0.4897, 0.4909, 0.4932, 0.4937, 0.4943, 0.4903, 0.4894, 0.4874, 0.4903, 0.4935, 0.4918, 0.4943, 0.4883, 0.4969, 0.4871, 0.4897, 0.492, 0.4918, 0.4866, 0.4936, 0.4872, 0.4852, 0.4931, 0.4891, 0.4935, 0.4896, 0.4906, 0.4874, 0.4859, 0.4928, 0.4898, 0.4916, 0.4809, 0.4903, 0.4895, 0.488, 0.4916, 0.4951]
training accuracy when lambda=0.25
[0.53042, 0.6557, 0.68828, 0.70858, 0.72668, 0.7389, 0.75134, 0.76092, 0.77272, 0.78154, 0.786, 0.7943, 0.80074, 0.80888, 0.81386, 0.82112, 0.8263, 0.83062, 0.83958, 0.84168, 0.84582, 0.85098, 0.852, 0.85628, 0.8614, 0.86276, 0.8657, 0.86468, 0.8697, 0.87108, 0.87328, 0.87402, 0.87472, 0.8753, 0.87848, 0.87562, 0.87636, 0.87746, 0.87962, 0.88004, 0.87816, 0.87988, 0.87992, 0.88046, 0.88032, 0.88128, 0.88026, 0.88102, 0.87866, 0.88202, 0.87954, 0.88154, 0.88072, 0.88146, 0.88004, 0.87938, 0.87872, 0.8797, 0.877, 0.8806, 0.8777, 0.88034, 0.87854, 0.8799, 0.87668, 0.87756, 0.87888, 0.8777, 0.87968, 0.87846, 0.8778, 0.87746, 0.87652, 0.87472, 0.87662, 0.8759, 0.8751, 0.87804, 0.87704, 0.87446, 0.87694, 0.87422, 0.8759, 0.87458, 0.87602, 0.87636, 0.87458, 0.8745, 0.8761, 0.87386, 0.87804, 0.87376, 0.87488, 0.87486, 0.8748, 0.87334, 0.87612, 0.87262, 0.87276, 0.87568]
test accuracy when lambda=0.25
[0.4915, 0.492, 0.4886, 0.4973, 0.516, 0.497, 0.5043, 0.5088, 0.5077, 0.5009, 0.5079, 0.4971, 0.5048, 0.5008, 0.5039, 0.5024, 0.5065, 0.5052, 0.4993, 0.5068, 0.5037, 0.5015, 0.4939, 0.4982, 0.5, 0.501, 0.4999, 0.4955, 0.5002, 0.4974, 0.4946, 0.4949, 0.4966, 0.4948, 0.4892, 0.4947, 0.4919, 0.5001, 0.4934, 0.4911, 0.4954, 0.4936, 0.4856, 0.4938, 0.4923, 0.4913, 0.4969, 0.493, 0.4892, 0.4904, 0.498, 0.4887, 0.4885, 0.4872, 0.483, 0.4883, 0.4902, 0.4885, 0.4865, 0.4851, 0.4873, 0.4854, 0.4871, 0.484, 0.4874, 0.4824, 0.4877, 0.4804, 0.4821, 0.4882, 0.4848, 0.4819, 0.4835, 0.4883, 0.4806, 0.4818, 0.4814, 0.4848, 0.4877, 0.4865, 0.4847, 0.4745, 0.4784, 0.4835, 0.4832, 0.4765, 0.4815, 0.4778, 0.4809, 0.4768, 0.4807, 0.4774, 0.4739, 0.4814, 0.4818, 0.4751, 0.4755, 0.4766, 0.4834, 0.4732]
training accuracy when lambda=0.3
[0.52498, 0.64388, 0.67974, 0.69974, 0.71398, 0.7266, 0.73656, 0.74918, 0.75868, 0.76676, 0.77496, 0.78008, 0.7905, 0.7959, 0.80038, 0.80756, 0.81336, 0.81546, 0.82006, 0.8267, 0.82986, 0.8331, 0.83442, 0.83864, 0.84066, 0.84412, 0.84548, 0.84704, 0.84748, 0.84836, 0.85056, 0.85088, 0.8531, 0.85228, 0.85032, 0.85262, 0.8525, 0.85338, 0.85342, 0.8536, 0.85424, 0.85274, 0.84932, 0.8518, 0.85134, 0.84892, 0.85176, 0.84952, 0.8476, 0.84778, 0.84988, 0.84588, 0.84734, 0.84656, 0.84582, 0.84646, 0.84496, 0.84768, 0.84418, 0.84442, 0.84392, 0.84588, 0.84378, 0.8433, 0.8441, 0.84296, 0.84302, 0.84472, 0.84206, 0.84066, 0.8409, 0.8429, 0.84124, 0.83872, 0.83968, 0.83832, 0.83928, 0.83968, 0.83992, 0.83862, 0.83662, 0.83802, 0.8386, 0.83822, 0.83974, 0.83974, 0.83762, 0.83948, 0.83496, 0.83726, 0.83922, 0.83704, 0.8358, 0.83726, 0.83824, 0.83682, 0.83398, 0.83618, 0.8372, 0.8349]
test accuracy when lambda=0.3
[0.4707, 0.4921, 0.4906, 0.5151, 0.5031, 0.5045, 0.497, 0.517, 0.4889, 0.4988, 0.4929, 0.5039, 0.5002, 0.5094, 0.5031, 0.4906, 0.5011, 0.496, 0.4956, 0.4943, 0.4945, 0.4993, 0.5016, 0.4981, 0.5, 0.4879, 0.4913, 0.4984, 0.4975, 0.4877, 0.4905, 0.495, 0.4901, 0.4955, 0.4887, 0.4872, 0.4896, 0.4864, 0.4897, 0.489, 0.4927, 0.4848, 0.4905, 0.4897, 0.4892, 0.4839, 0.4839, 0.4924, 0.4868, 0.4849, 0.4863, 0.4808, 0.4853, 0.4794, 0.4834, 0.4855, 0.4839, 0.4814, 0.4801, 0.4809, 0.4851, 0.482, 0.4766, 0.4794, 0.4773, 0.4824, 0.4775, 0.4772, 0.4753, 0.4752, 0.4754, 0.4754, 0.4743, 0.4769, 0.4785, 0.4727, 0.4765, 0.4765, 0.4798, 0.4799, 0.4767, 0.4829, 0.4742, 0.4735, 0.473, 0.4754, 0.4746, 0.4703, 0.4726, 0.4708, 0.4717, 0.4751, 0.4728, 0.4722, 0.4739, 0.4728, 0.4747, 0.4734, 0.4726, 0.471]
training accuracy when lambda=0.35
[0.50628, 0.62688, 0.65896, 0.67906, 0.69458, 0.70862, 0.71932, 0.72802, 0.73514, 0.74436, 0.7517, 0.76034, 0.76484, 0.77002, 0.77706, 0.78222, 0.78524, 0.78744, 0.79542, 0.7977, 0.79908, 0.80214, 0.80486, 0.80622, 0.80812, 0.80634, 0.81054, 0.81032, 0.81136, 0.8137, 0.81018, 0.81058, 0.81134, 0.80836, 0.80952, 0.8109, 0.80842, 0.80664, 0.80736, 0.80484, 0.8055, 0.80596, 0.80384, 0.80184, 0.80444, 0.80356, 0.8021, 0.80152, 0.80054, 0.80236, 0.79826, 0.79818, 0.79628, 0.79574, 0.79442, 0.79534, 0.79362, 0.79518, 0.79456, 0.79236, 0.79556, 0.78936, 0.79316, 0.79312, 0.79424, 0.79162, 0.79198, 0.79006, 0.78948, 0.79276, 0.788, 0.78968, 0.7913, 0.7891, 0.78796, 0.78818, 0.78652, 0.78952, 0.78706, 0.78608, 0.78708, 0.78614, 0.78712, 0.7842, 0.78518, 0.78372, 0.7852, 0.7865, 0.78678, 0.78422, 0.78462, 0.78152, 0.78382, 0.78428, 0.7826, 0.7864, 0.78512, 0.77984, 0.78108, 0.7824]
test accuracy when lambda=0.35
[0.4704, 0.4867, 0.5072, 0.5095, 0.5111, 0.5104, 0.5066, 0.5026, 0.509, 0.5042, 0.5072, 0.4966, 0.5083, 0.5044, 0.5021, 0.4995, 0.4936, 0.4983, 0.493, 0.498, 0.4977, 0.4949, 0.4915, 0.4972, 0.4941, 0.489, 0.4886, 0.4915, 0.485, 0.4927, 0.4879, 0.4872, 0.4856, 0.4871, 0.4822, 0.4789, 0.4863, 0.4827, 0.4786, 0.4783, 0.4815, 0.4814, 0.4854, 0.4812, 0.4824, 0.4842, 0.4794, 0.4819, 0.4779, 0.4726, 0.4798, 0.4783, 0.4792, 0.4741, 0.4794, 0.4764, 0.4742, 0.48, 0.4792, 0.4712, 0.4732, 0.4763, 0.4748, 0.4773, 0.4751, 0.4706, 0.4748, 0.4719, 0.4702, 0.472, 0.4742, 0.4729, 0.4678, 0.4706, 0.4721, 0.4727, 0.4711, 0.4676, 0.4657, 0.4694, 0.4713, 0.468, 0.4717, 0.4693, 0.469, 0.4679, 0.4704, 0.469, 0.471, 0.4726, 0.4716, 0.467, 0.4708, 0.4723, 0.4676, 0.4696, 0.4704, 0.4731, 0.4689, 0.477]
training accuracy when lambda=0.4
[0.47424, 0.59098, 0.62278, 0.63996, 0.65598, 0.66734, 0.67554, 0.68662, 0.69426, 0.7015, 0.70788, 0.7161, 0.7183, 0.7239, 0.7288, 0.7327, 0.73722, 0.74078, 0.74412, 0.74782, 0.74798, 0.75052, 0.75116, 0.75188, 0.75518, 0.75392, 0.7545, 0.7534, 0.75358, 0.7544, 0.75304, 0.75198, 0.75542, 0.75452, 0.75198, 0.75016, 0.75046, 0.74908, 0.74798, 0.74986, 0.74694, 0.74466, 0.74624, 0.74522, 0.74458, 0.74634, 0.7429, 0.74234, 0.74036, 0.73856, 0.74122, 0.74216, 0.7394, 0.73814, 0.73668, 0.73518, 0.73572, 0.73332, 0.73442, 0.7359, 0.73288, 0.73442, 0.73214, 0.73378, 0.73114, 0.72692, 0.73294, 0.73114, 0.72986, 0.73046, 0.72916, 0.73086, 0.73058, 0.72888, 0.72496, 0.72794, 0.72818, 0.72772, 0.7244, 0.7271, 0.72488, 0.72634, 0.72706, 0.72426, 0.72368, 0.7272, 0.72406, 0.72538, 0.727, 0.72414, 0.72454, 0.72332, 0.72632, 0.72328, 0.72582, 0.72486, 0.72366, 0.72542, 0.72732, 0.72472]
test accuracy when lambda=0.4
[0.4725, 0.489, 0.5021, 0.4941, 0.5012, 0.5104, 0.5065, 0.507, 0.509, 0.5047, 0.5032, 0.4994, 0.5032, 0.5001, 0.4947, 0.4933, 0.4955, 0.4946, 0.4905, 0.4979, 0.4915, 0.4922, 0.4895, 0.4892, 0.4869, 0.4876, 0.4831, 0.4848, 0.4861, 0.4809, 0.485, 0.48, 0.4827, 0.4806, 0.4784, 0.479, 0.4821, 0.4782, 0.4802, 0.4746, 0.4719, 0.4738, 0.481, 0.4774, 0.4727, 0.4682, 0.4695, 0.4753, 0.4733, 0.4758, 0.4734, 0.475, 0.4765, 0.4771, 0.4716, 0.4724, 0.4697, 0.467, 0.4699, 0.4686, 0.468, 0.4646, 0.4673, 0.4689, 0.464, 0.4713, 0.4677, 0.4664, 0.4708, 0.4655, 0.4651, 0.4651, 0.4617, 0.4648, 0.4666, 0.4646, 0.4677, 0.4667, 0.4675, 0.4661, 0.4701, 0.4651, 0.4654, 0.4651, 0.466, 0.4655, 0.4616, 0.4707, 0.4703, 0.4678, 0.4639, 0.4666, 0.4657, 0.4602, 0.4621, 0.4602, 0.4647, 0.4636, 0.4622, 0.4628]
training accuracy when lambda=0.45
[0.4361, 0.54442, 0.57404, 0.59198, 0.6063, 0.6163, 0.62514, 0.6346, 0.63814, 0.64614, 0.65078, 0.65556, 0.66102, 0.66682, 0.6685, 0.67226, 0.67564, 0.67622, 0.67928, 0.67976, 0.68596, 0.68638, 0.686, 0.686, 0.68664, 0.6869, 0.686, 0.68456, 0.68444, 0.68156, 0.68342, 0.68504, 0.67842, 0.68242, 0.68052, 0.68174, 0.68214, 0.67678, 0.67958, 0.6801, 0.67712, 0.67562, 0.67512, 0.67496, 0.67502, 0.6748, 0.6755, 0.67462, 0.67388, 0.67156, 0.67504, 0.67502, 0.67238, 0.67042, 0.6724, 0.67368, 0.67036, 0.67408, 0.67034, 0.6696, 0.66548, 0.6713, 0.66974, 0.66752, 0.66822, 0.66918, 0.66784, 0.6704, 0.66706, 0.66654, 0.6671, 0.66864, 0.66964, 0.66534, 0.66792, 0.66582, 0.6692, 0.66758, 0.66542, 0.66444, 0.66796, 0.6691, 0.6658, 0.66162, 0.66568, 0.6648, 0.6581, 0.66086, 0.66312, 0.66412, 0.66722, 0.66706, 0.666, 0.66292, 0.66044, 0.66448, 0.66582, 0.6641, 0.66478, 0.6632]
test accuracy when lambda=0.45
[0.4731, 0.484, 0.4983, 0.5037, 0.5045, 0.5022, 0.5033, 0.5109, 0.5047, 0.4972, 0.5024, 0.4948, 0.4892, 0.4989, 0.4938, 0.4885, 0.4867, 0.49, 0.4881, 0.4852, 0.4839, 0.4817, 0.4836, 0.4743, 0.4773, 0.4785, 0.4729, 0.4747, 0.4698, 0.4662, 0.4722, 0.4749, 0.4669, 0.4736, 0.4639, 0.4692, 0.468, 0.4682, 0.4646, 0.4684, 0.466, 0.4637, 0.4649, 0.4628, 0.4567, 0.4642, 0.4551, 0.4619, 0.4572, 0.461, 0.4567, 0.4577, 0.4557, 0.4532, 0.4584, 0.4558, 0.4564, 0.4556, 0.4519, 0.4556, 0.4575, 0.4559, 0.4565, 0.454, 0.4542, 0.4583, 0.4608, 0.4529, 0.4519, 0.4536, 0.4517, 0.4504, 0.451, 0.4465, 0.4555, 0.4529, 0.4516, 0.4491, 0.4538, 0.4544, 0.451, 0.452, 0.4492, 0.447, 0.4487, 0.4533, 0.4513, 0.4528, 0.4537, 0.4515, 0.4512, 0.453, 0.4523, 0.455, 0.4536, 0.4551, 0.4522, 0.45, 0.4563, 0.4522]
training accuracy when lambda=0.5
[0.12478, 0.13532, 0.13806, 0.14366, 0.14702, 0.15208, 0.15548, 0.15768, 0.16392, 0.16678, 0.17208, 0.17752, 0.18216, 0.1884, 0.1934, 0.20224, 0.20974, 0.21726, 0.2238, 0.23296, 0.2407, 0.24814, 0.2596, 0.26486, 0.27382, 0.28196, 0.29192, 0.30088, 0.30502, 0.31502, 0.32178, 0.32892, 0.33398, 0.33718, 0.34454, 0.35328, 0.35862, 0.36258, 0.36698, 0.3732, 0.3753, 0.37784, 0.3865, 0.3874, 0.39252, 0.39452, 0.39852, 0.40516, 0.40616, 0.40984, 0.41362, 0.41756, 0.41696, 0.41952, 0.4227, 0.42718, 0.42884, 0.4306, 0.4334, 0.4373, 0.43914, 0.4417, 0.44502, 0.446, 0.4465, 0.44904, 0.44842, 0.45208, 0.45608, 0.45754, 0.45834, 0.46188, 0.45982, 0.46388, 0.4612, 0.46532, 0.46744, 0.46684, 0.47088, 0.46966, 0.47008, 0.4704, 0.47274, 0.47418, 0.47598, 0.47944, 0.47854, 0.47856, 0.48248, 0.48418, 0.4821, 0.48706, 0.48762, 0.48886, 0.48702, 0.48884, 0.48532, 0.49142, 0.4913, 0.49274]
test accuracy when lambda=0.5
[0.4641, 0.4794, 0.5029, 0.4996, 0.4957, 0.5041, 0.4992, 0.5011, 0.4991, 0.4985, 0.4842, 0.4905, 0.4917, 0.4939, 0.4874, 0.4825, 0.4866, 0.4802, 0.4808, 0.4811, 0.4693, 0.4731, 0.4729, 0.4667, 0.4633, 0.4652, 0.459, 0.4565, 0.4605, 0.4607, 0.4592, 0.4585, 0.4528, 0.4577, 0.4552, 0.4556, 0.4545, 0.4556, 0.448, 0.4463, 0.445, 0.4496, 0.4448, 0.4422, 0.4465, 0.4474, 0.4511, 0.4516, 0.4453, 0.4422, 0.4416, 0.4429, 0.4502, 0.4489, 0.4439, 0.445, 0.4467, 0.4446, 0.4449, 0.4499, 0.4389, 0.4445, 0.4459, 0.4445, 0.4391, 0.4404, 0.4428, 0.4372, 0.4424, 0.4452, 0.4432, 0.4387, 0.4391, 0.4364, 0.4395, 0.4408, 0.4367, 0.4386, 0.4404, 0.4333, 0.4404, 0.4396, 0.4349, 0.4399, 0.442, 0.4366, 0.4408, 0.4314, 0.4393, 0.438, 0.4396, 0.436, 0.4343, 0.4378, 0.4408, 0.4431, 0.4372, 0.4359, 0.4383, 0.4341]
training accuracy when lambda=0.55
[0.11454, 0.1229, 0.1273, 0.12964, 0.13446, 0.13868, 0.14268, 0.14602, 0.15216, 0.15722, 0.16272, 0.16876, 0.17606, 0.18378, 0.19246, 0.20096, 0.21354, 0.22092, 0.2357, 0.24612, 0.25804, 0.26978, 0.28042, 0.29272, 0.30214, 0.31506, 0.32522, 0.33442, 0.34494, 0.35248, 0.36246, 0.37046, 0.37756, 0.38574, 0.39282, 0.39742, 0.40494, 0.4083, 0.41784, 0.42266, 0.42784, 0.43344, 0.43604, 0.4406, 0.44608, 0.44926, 0.45296, 0.45586, 0.4614, 0.46626, 0.47058, 0.47708, 0.47456, 0.47792, 0.48418, 0.4866, 0.48898, 0.49134, 0.4941, 0.49716, 0.49996, 0.50306, 0.50384, 0.50636, 0.50946, 0.50896, 0.51226, 0.51496, 0.515, 0.51914, 0.52004, 0.52268, 0.52388, 0.52554, 0.53006, 0.52712, 0.53014, 0.53372, 0.53384, 0.5357, 0.54164, 0.5391, 0.53784, 0.54328, 0.54246, 0.54346, 0.54822, 0.54558, 0.5478, 0.54984, 0.55158, 0.55016, 0.55312, 0.55224, 0.55624, 0.56006, 0.55882, 0.5583, 0.55716, 0.56056]
test accuracy when lambda=0.55
[0.4282, 0.4857, 0.4928, 0.5007, 0.5071, 0.5106, 0.4996, 0.5086, 0.492, 0.4975, 0.4961, 0.4988, 0.4995, 0.4895, 0.4952, 0.4862, 0.4834, 0.4748, 0.4748, 0.4717, 0.4729, 0.4634, 0.4666, 0.4635, 0.4658, 0.457, 0.4685, 0.4615, 0.4539, 0.4498, 0.4539, 0.4516, 0.4571, 0.4522, 0.4475, 0.4484, 0.4498, 0.4473, 0.4455, 0.4476, 0.4438, 0.4411, 0.4416, 0.4448, 0.4363, 0.4458, 0.4416, 0.4399, 0.4431, 0.4467, 0.4428, 0.4353, 0.4476, 0.4358, 0.444, 0.4392, 0.447, 0.438, 0.4383, 0.4385, 0.4404, 0.435, 0.4364, 0.4398, 0.4364, 0.4356, 0.4395, 0.4401, 0.4373, 0.4335, 0.436, 0.4366, 0.4363, 0.4397, 0.4333, 0.4374, 0.4339, 0.434, 0.4312, 0.4369, 0.4416, 0.4378, 0.4386, 0.4393, 0.4393, 0.4336, 0.4345, 0.4349, 0.4403, 0.4367, 0.4409, 0.4377, 0.4391, 0.4344, 0.4331, 0.4354, 0.435, 0.4366, 0.4356, 0.4337]
training accuracy when lambda=0.6
[0.11314, 0.1206, 0.12664, 0.13082, 0.13548, 0.14056, 0.14586, 0.15168, 0.15854, 0.16648, 0.1726, 0.18138, 0.19248, 0.2032, 0.21512, 0.22974, 0.24304, 0.25926, 0.27452, 0.28662, 0.3039, 0.3188, 0.33326, 0.34668, 0.36076, 0.36646, 0.38112, 0.39428, 0.40144, 0.41278, 0.42164, 0.43172, 0.44346, 0.44958, 0.45702, 0.46154, 0.4672, 0.47338, 0.48484, 0.48552, 0.49342, 0.49616, 0.50144, 0.50722, 0.5125, 0.51884, 0.52246, 0.52292, 0.5292, 0.53376, 0.53902, 0.5391, 0.54564, 0.54328, 0.54948, 0.5544, 0.55876, 0.55636, 0.56062, 0.56404, 0.56586, 0.57232, 0.56948, 0.57496, 0.57336, 0.58096, 0.58294, 0.5872, 0.58562, 0.58626, 0.59158, 0.59024, 0.59504, 0.59134, 0.59616, 0.59886, 0.59942, 0.60322, 0.60666, 0.60582, 0.60564, 0.60504, 0.60972, 0.60832, 0.61012, 0.6129, 0.61436, 0.61814, 0.6192, 0.61982, 0.61706, 0.61952, 0.62572, 0.62346, 0.62474, 0.62844, 0.62354, 0.62598, 0.62894, 0.63272]
test accuracy when lambda=0.6
[0.4143, 0.4683, 0.4681, 0.502, 0.5052, 0.5143, 0.4875, 0.5059, 0.4974, 0.4995, 0.4907, 0.4879, 0.4831, 0.4779, 0.4689, 0.4657, 0.464, 0.4622, 0.4546, 0.4552, 0.4541, 0.4455, 0.4473, 0.4426, 0.4433, 0.4455, 0.444, 0.4368, 0.4439, 0.4354, 0.4322, 0.4333, 0.4344, 0.4355, 0.4276, 0.4321, 0.4308, 0.4309, 0.4321, 0.4286, 0.4238, 0.4287, 0.4329, 0.4292, 0.4229, 0.4301, 0.4268, 0.4307, 0.4267, 0.4225, 0.4325, 0.4247, 0.4204, 0.4209, 0.4246, 0.4246, 0.4291, 0.4268, 0.4213, 0.4209, 0.4221, 0.4207, 0.4232, 0.4306, 0.4236, 0.4285, 0.4195, 0.4273, 0.4251, 0.4224, 0.4337, 0.4237, 0.4271, 0.4254, 0.4247, 0.4254, 0.4257, 0.4293, 0.4213, 0.4292, 0.4236, 0.4248, 0.4241, 0.4247, 0.4285, 0.4245, 0.4252, 0.424, 0.4229, 0.4246, 0.4287, 0.4273, 0.4259, 0.4259, 0.4249, 0.4295, 0.4274, 0.4283, 0.4234, 0.4228]
training accuracy when lambda=0.65
[0.11218, 0.12188, 0.1255, 0.1306, 0.13602, 0.14176, 0.14912, 0.15546, 0.16206, 0.17258, 0.1824, 0.19284, 0.211, 0.22506, 0.24158, 0.26076, 0.27714, 0.29588, 0.31554, 0.3339, 0.35358, 0.36582, 0.38032, 0.39598, 0.41356, 0.42538, 0.4373, 0.44918, 0.46076, 0.4713, 0.48138, 0.49126, 0.5003, 0.50646, 0.51608, 0.52494, 0.52978, 0.53978, 0.5409, 0.54942, 0.55616, 0.5575, 0.5675, 0.57084, 0.57294, 0.57962, 0.58742, 0.5849, 0.59474, 0.59832, 0.599, 0.60322, 0.60478, 0.61266, 0.61194, 0.6173, 0.61734, 0.61956, 0.62528, 0.62612, 0.63488, 0.63078, 0.63952, 0.63418, 0.6416, 0.64144, 0.64378, 0.64918, 0.64918, 0.65314, 0.65412, 0.65244, 0.65836, 0.65802, 0.6634, 0.6583, 0.66248, 0.66734, 0.6668, 0.66742, 0.66918, 0.66658, 0.67318, 0.67272, 0.67924, 0.67636, 0.67984, 0.68104, 0.67754, 0.68138, 0.68414, 0.68826, 0.68598, 0.68956, 0.6884, 0.69204, 0.6881, 0.69322, 0.69398, 0.6931]
test accuracy when lambda=0.65
[0.3813, 0.4787, 0.4796, 0.4829, 0.5012, 0.4847, 0.487, 0.4863, 0.4816, 0.4811, 0.4831, 0.4632, 0.4665, 0.4557, 0.4564, 0.4577, 0.4443, 0.4386, 0.4374, 0.4353, 0.427, 0.4311, 0.4203, 0.4193, 0.4209, 0.4168, 0.4104, 0.411, 0.4123, 0.4148, 0.4129, 0.4156, 0.4092, 0.4066, 0.4092, 0.4093, 0.4042, 0.4057, 0.4046, 0.41, 0.3998, 0.4019, 0.4074, 0.4026, 0.402, 0.4046, 0.4059, 0.404, 0.4041, 0.4076, 0.4007, 0.4053, 0.4039, 0.4035, 0.4043, 0.4015, 0.4036, 0.4029, 0.4078, 0.4075, 0.4097, 0.4061, 0.4087, 0.4093, 0.4096, 0.4035, 0.4039, 0.406, 0.4063, 0.4069, 0.4111, 0.4108, 0.4065, 0.4107, 0.4058, 0.4041, 0.4056, 0.4033, 0.4055, 0.4048, 0.4077, 0.4093, 0.4025, 0.407, 0.4117, 0.4055, 0.4024, 0.4144, 0.4126, 0.4065, 0.409, 0.4055, 0.4032, 0.4101, 0.4077, 0.4113, 0.4055, 0.4058, 0.4096, 0.411]
training accuracy when lambda=0.7
[0.11366, 0.12094, 0.12438, 0.12992, 0.13674, 0.14378, 0.1484, 0.15782, 0.16764, 0.17918, 0.19424, 0.20952, 0.2301, 0.24612, 0.26774, 0.28864, 0.3107, 0.3303, 0.35352, 0.37056, 0.3927, 0.41196, 0.42862, 0.44408, 0.4596, 0.4745, 0.48966, 0.5003, 0.51264, 0.51782, 0.533, 0.5432, 0.55226, 0.56092, 0.56988, 0.57956, 0.58672, 0.59136, 0.59736, 0.60062, 0.61146, 0.61524, 0.6168, 0.62236, 0.62982, 0.63424, 0.63744, 0.64018, 0.64682, 0.65184, 0.65316, 0.6589, 0.66196, 0.66444, 0.67102, 0.66864, 0.67172, 0.67526, 0.68272, 0.68256, 0.68546, 0.68442, 0.6942, 0.69188, 0.69326, 0.69444, 0.69796, 0.69722, 0.70318, 0.70556, 0.70556, 0.70934, 0.71114, 0.7131, 0.71226, 0.71818, 0.71896, 0.71694, 0.71746, 0.72218, 0.72568, 0.72296, 0.7259, 0.72512, 0.7291, 0.7314, 0.73238, 0.73422, 0.73576, 0.73212, 0.73622, 0.73794, 0.73824, 0.73978, 0.74106, 0.74252, 0.7421, 0.74538, 0.746, 0.74704]
test accuracy when lambda=0.7
[0.4087, 0.4501, 0.4628, 0.4657, 0.4911, 0.4778, 0.482, 0.4833, 0.4701, 0.4714, 0.4634, 0.4554, 0.4501, 0.4429, 0.4351, 0.429, 0.4191, 0.4086, 0.4099, 0.3983, 0.4026, 0.3924, 0.3934, 0.3819, 0.3867, 0.3809, 0.385, 0.3871, 0.3853, 0.3773, 0.3824, 0.3854, 0.3837, 0.386, 0.3841, 0.3817, 0.3823, 0.3802, 0.3763, 0.3787, 0.3804, 0.3792, 0.3753, 0.3826, 0.3802, 0.3843, 0.3775, 0.3836, 0.3806, 0.3804, 0.3854, 0.3795, 0.3863, 0.3818, 0.3824, 0.3837, 0.3796, 0.3855, 0.3855, 0.383, 0.3878, 0.3809, 0.3863, 0.3882, 0.3893, 0.3871, 0.3947, 0.3886, 0.3906, 0.3895, 0.388, 0.3851, 0.3971, 0.4003, 0.3893, 0.3881, 0.3892, 0.3864, 0.3961, 0.3908, 0.3947, 0.3971, 0.3932, 0.3907, 0.3917, 0.3903, 0.3933, 0.3916, 0.3958, 0.3988, 0.3948, 0.3926, 0.3925, 0.398, 0.3974, 0.3996, 0.3921, 0.3961, 0.391, 0.3948]
training accuracy when lambda=0.75
[0.1113, 0.11848, 0.12578, 0.13024, 0.13756, 0.14332, 0.151, 0.16272, 0.17334, 0.18852, 0.20742, 0.22652, 0.2464, 0.27146, 0.2938, 0.3185, 0.34292, 0.36462, 0.38808, 0.41214, 0.4317, 0.45516, 0.47428, 0.48768, 0.50214, 0.51894, 0.53256, 0.54748, 0.56298, 0.5741, 0.5844, 0.59578, 0.6023, 0.61516, 0.61986, 0.62692, 0.63304, 0.6448, 0.64932, 0.65862, 0.66054, 0.66828, 0.67296, 0.67278, 0.6814, 0.68744, 0.69244, 0.6942, 0.69568, 0.70034, 0.70308, 0.71206, 0.7134, 0.71654, 0.71828, 0.7182, 0.72618, 0.7261, 0.73238, 0.73406, 0.73368, 0.73866, 0.7424, 0.74114, 0.74334, 0.75104, 0.74886, 0.74862, 0.75478, 0.75542, 0.76016, 0.75568, 0.75852, 0.76354, 0.76398, 0.76574, 0.76724, 0.76814, 0.77152, 0.77078, 0.76944, 0.77382, 0.77382, 0.77588, 0.7789, 0.78036, 0.7832, 0.78418, 0.78376, 0.78136, 0.78278, 0.7841, 0.78842, 0.78942, 0.79136, 0.79396, 0.79382, 0.78954, 0.7905, 0.79606]
test accuracy when lambda=0.75
[0.4165, 0.4493, 0.4606, 0.4633, 0.4738, 0.469, 0.4533, 0.4731, 0.4721, 0.4482, 0.4471, 0.4331, 0.4147, 0.4149, 0.3931, 0.3918, 0.3844, 0.3808, 0.3704, 0.3611, 0.3639, 0.3619, 0.3562, 0.3502, 0.3502, 0.3572, 0.3528, 0.3472, 0.3531, 0.3486, 0.346, 0.348, 0.3432, 0.3443, 0.3369, 0.3505, 0.3464, 0.343, 0.3464, 0.3527, 0.3513, 0.3528, 0.3512, 0.3452, 0.354, 0.3476, 0.3476, 0.3471, 0.3481, 0.3497, 0.3567, 0.3552, 0.3534, 0.3544, 0.3516, 0.3578, 0.361, 0.3582, 0.3613, 0.3547, 0.361, 0.3626, 0.3627, 0.3583, 0.3558, 0.3628, 0.3516, 0.3646, 0.3597, 0.3546, 0.3666, 0.3587, 0.3627, 0.3701, 0.3671, 0.3691, 0.3646, 0.365, 0.3676, 0.3651, 0.3592, 0.3716, 0.3679, 0.3718, 0.371, 0.3706, 0.3682, 0.368, 0.3666, 0.3672, 0.3636, 0.3637, 0.3756, 0.3741, 0.3675, 0.3684, 0.3738, 0.3711, 0.3666, 0.3734]
training accuracy when lambda=0.8
[0.11018, 0.11806, 0.1234, 0.12738, 0.1334, 0.13878, 0.14738, 0.15862, 0.16972, 0.18732, 0.2085, 0.22708, 0.25116, 0.27512, 0.30178, 0.33002, 0.3521, 0.3781, 0.4037, 0.4233, 0.4473, 0.47006, 0.48884, 0.50582, 0.52416, 0.53862, 0.55672, 0.56834, 0.58302, 0.59674, 0.60578, 0.61838, 0.62836, 0.63974, 0.6438, 0.65476, 0.66116, 0.66656, 0.6753, 0.67682, 0.69008, 0.69326, 0.69746, 0.70382, 0.70992, 0.71538, 0.71654, 0.72502, 0.72912, 0.73446, 0.73616, 0.73964, 0.74292, 0.74444, 0.75232, 0.75092, 0.75676, 0.75946, 0.76508, 0.766, 0.76726, 0.76986, 0.77256, 0.77454, 0.77554, 0.77934, 0.78188, 0.7875, 0.78616, 0.78928, 0.78802, 0.79208, 0.79522, 0.79522, 0.79562, 0.79894, 0.80054, 0.8015, 0.80016, 0.80644, 0.80672, 0.80748, 0.81226, 0.80942, 0.81058, 0.81112, 0.81506, 0.81288, 0.8164, 0.81564, 0.81508, 0.82056, 0.8192, 0.82174, 0.82394, 0.82316, 0.8246, 0.8232, 0.82292, 0.82518]
test accuracy when lambda=0.8
[0.3584, 0.4341, 0.4353, 0.4512, 0.4676, 0.4687, 0.4466, 0.4634, 0.4401, 0.4403, 0.4154, 0.3974, 0.3828, 0.3832, 0.3646, 0.345, 0.3517, 0.3302, 0.3349, 0.335, 0.3194, 0.3104, 0.3181, 0.3154, 0.3164, 0.3147, 0.3169, 0.3155, 0.3056, 0.3141, 0.3058, 0.3091, 0.314, 0.3122, 0.3073, 0.3109, 0.3058, 0.3057, 0.3105, 0.3106, 0.304, 0.3053, 0.3061, 0.3056, 0.3131, 0.31, 0.3104, 0.3152, 0.3148, 0.3141, 0.314, 0.3178, 0.3213, 0.3181, 0.322, 0.3212, 0.3179, 0.3182, 0.3192, 0.322, 0.3171, 0.3213, 0.3128, 0.3115, 0.3183, 0.319, 0.3256, 0.3226, 0.3212, 0.3233, 0.3236, 0.3217, 0.3261, 0.3226, 0.3257, 0.3292, 0.3272, 0.3263, 0.3277, 0.3296, 0.3333, 0.3266, 0.3304, 0.3292, 0.3292, 0.3333, 0.3337, 0.3314, 0.3334, 0.3357, 0.3366, 0.3275, 0.3335, 0.3331, 0.3366, 0.3373, 0.337, 0.3377, 0.3306, 0.338]
training accuracy when lambda=0.85
[0.108, 0.11542, 0.12134, 0.1261, 0.13132, 0.13794, 0.14856, 0.16104, 0.18118, 0.19958, 0.22346, 0.2484, 0.27744, 0.30476, 0.33404, 0.36172, 0.38754, 0.41458, 0.44174, 0.46276, 0.48488, 0.5098, 0.52704, 0.54358, 0.56084, 0.57778, 0.59064, 0.60748, 0.61568, 0.63254, 0.64208, 0.6518, 0.66076, 0.66996, 0.68132, 0.69062, 0.69754, 0.70324, 0.70696, 0.7199, 0.71834, 0.72872, 0.73144, 0.7379, 0.7449, 0.749, 0.75684, 0.7559, 0.7616, 0.7642, 0.77408, 0.77522, 0.77448, 0.77898, 0.7834, 0.78736, 0.78918, 0.7928, 0.79572, 0.79522, 0.79732, 0.80084, 0.8039, 0.80564, 0.80688, 0.81128, 0.81434, 0.81422, 0.81626, 0.8187, 0.8212, 0.82144, 0.82368, 0.82606, 0.83008, 0.82796, 0.8275, 0.8332, 0.83464, 0.83648, 0.83494, 0.8383, 0.84142, 0.84028, 0.83996, 0.84122, 0.84534, 0.8435, 0.84796, 0.84578, 0.84352, 0.84796, 0.84918, 0.8555, 0.84836, 0.85068, 0.8537, 0.8551, 0.85568, 0.85626]
test accuracy when lambda=0.85
[0.295, 0.38, 0.4076, 0.4177, 0.4322, 0.4394, 0.4235, 0.4262, 0.4084, 0.3882, 0.358, 0.343, 0.3323, 0.3279, 0.3071, 0.2982, 0.2837, 0.2932, 0.2739, 0.2753, 0.2682, 0.2701, 0.2646, 0.2672, 0.2704, 0.2605, 0.2655, 0.2669, 0.2633, 0.2567, 0.2587, 0.2609, 0.2612, 0.2593, 0.2578, 0.2549, 0.2663, 0.2665, 0.265, 0.2664, 0.2681, 0.261, 0.2699, 0.2671, 0.2693, 0.2714, 0.2645, 0.2706, 0.2685, 0.2705, 0.2701, 0.2784, 0.2743, 0.27, 0.2776, 0.2739, 0.2747, 0.2748, 0.279, 0.2813, 0.2793, 0.2768, 0.2749, 0.2792, 0.2836, 0.2758, 0.2857, 0.2799, 0.2814, 0.2808, 0.28, 0.2884, 0.2811, 0.2873, 0.2855, 0.2876, 0.2886, 0.2876, 0.2903, 0.293, 0.288, 0.2953, 0.2915, 0.2971, 0.2904, 0.2956, 0.2935, 0.298, 0.2944, 0.2952, 0.2985, 0.2954, 0.2925, 0.2968, 0.2953, 0.2999, 0.3018, 0.2963, 0.2972, 0.2992]
training accuracy when lambda=0.9
[0.10638, 0.11252, 0.1166, 0.12158, 0.13042, 0.13746, 0.14662, 0.16232, 0.18244, 0.20542, 0.2287, 0.2594, 0.28848, 0.31656, 0.34648, 0.37772, 0.4064, 0.43454, 0.45868, 0.48284, 0.50624, 0.52956, 0.5524, 0.57088, 0.58648, 0.60346, 0.61996, 0.63282, 0.64642, 0.65492, 0.66628, 0.6775, 0.68826, 0.69372, 0.70418, 0.71104, 0.72642, 0.72518, 0.7363, 0.74458, 0.74626, 0.75484, 0.7605, 0.76438, 0.7704, 0.77258, 0.77892, 0.78126, 0.7888, 0.78678, 0.79536, 0.80006, 0.8031, 0.80216, 0.80942, 0.81268, 0.81474, 0.819, 0.81796, 0.81906, 0.82434, 0.83056, 0.82728, 0.83004, 0.83534, 0.83694, 0.83592, 0.84102, 0.84172, 0.84366, 0.84436, 0.8471, 0.84768, 0.84894, 0.85588, 0.8542, 0.85466, 0.85556, 0.85656, 0.85978, 0.8597, 0.86114, 0.86342, 0.8648, 0.86214, 0.86614, 0.87188, 0.86946, 0.8729, 0.87148, 0.86982, 0.87166, 0.87388, 0.87678, 0.87538, 0.87748, 0.87756, 0.88048, 0.87776, 0.87938]
test accuracy when lambda=0.9
[0.3074, 0.3611, 0.3702, 0.4069, 0.3779, 0.3858, 0.3904, 0.3703, 0.3464, 0.305, 0.2896, 0.2835, 0.2805, 0.2631, 0.2445, 0.2459, 0.227, 0.2366, 0.2276, 0.2228, 0.2242, 0.213, 0.2189, 0.2117, 0.2212, 0.2153, 0.2145, 0.2141, 0.217, 0.2169, 0.2206, 0.2224, 0.2121, 0.2216, 0.2217, 0.2218, 0.2112, 0.2162, 0.2118, 0.2183, 0.2223, 0.2166, 0.2245, 0.2271, 0.2235, 0.2275, 0.2315, 0.2201, 0.2244, 0.2229, 0.2246, 0.2356, 0.2293, 0.2384, 0.2309, 0.231, 0.2342, 0.2347, 0.2325, 0.2357, 0.2375, 0.2334, 0.2356, 0.2333, 0.2369, 0.2371, 0.2399, 0.2348, 0.2427, 0.245, 0.2437, 0.2391, 0.2432, 0.2418, 0.243, 0.2395, 0.2409, 0.2412, 0.2504, 0.2497, 0.2516, 0.2495, 0.2447, 0.2525, 0.2468, 0.2504, 0.2517, 0.2506, 0.2493, 0.2474, 0.2517, 0.2514, 0.2492, 0.2467, 0.2465, 0.2479, 0.2503, 0.2511, 0.2521, 0.2567]
training accuracy when lambda=0.95
[0.10402, 0.1099, 0.11016, 0.11272, 0.11816, 0.12442, 0.13164, 0.14154, 0.15872, 0.17466, 0.19198, 0.22088, 0.243, 0.27176, 0.29904, 0.32688, 0.35058, 0.38236, 0.40806, 0.43266, 0.46404, 0.48528, 0.51056, 0.52882, 0.54972, 0.56892, 0.58482, 0.6017, 0.61612, 0.63412, 0.63884, 0.65568, 0.66482, 0.67548, 0.68456, 0.69394, 0.70578, 0.71154, 0.72326, 0.72768, 0.73604, 0.73962, 0.74334, 0.75284, 0.75928, 0.7657, 0.77072, 0.77132, 0.78098, 0.78534, 0.79026, 0.79082, 0.79628, 0.79792, 0.80014, 0.80504, 0.80972, 0.81486, 0.81202, 0.81984, 0.81982, 0.82554, 0.82486, 0.8292, 0.83192, 0.83536, 0.83538, 0.83784, 0.8394, 0.84132, 0.84362, 0.84518, 0.84832, 0.8499, 0.85456, 0.85436, 0.85486, 0.8577, 0.85594, 0.8612, 0.86226, 0.8625, 0.86572, 0.8652, 0.86804, 0.87112, 0.86656, 0.8707, 0.8732, 0.8746, 0.87452, 0.87348, 0.87622, 0.87656, 0.87808, 0.88026, 0.88042, 0.88392, 0.88338, 0.88248]
test accuracy when lambda=0.95
[0.2237, 0.2747, 0.2933, 0.2936, 0.3409, 0.3543, 0.3486, 0.3268, 0.2892, 0.2933, 0.2552, 0.2467, 0.2449, 0.2078, 0.1988, 0.1926, 0.1932, 0.1864, 0.1863, 0.1833, 0.1758, 0.1762, 0.1831, 0.175, 0.1768, 0.1739, 0.1712, 0.1729, 0.1732, 0.172, 0.1723, 0.1754, 0.1758, 0.1705, 0.1684, 0.1757, 0.1768, 0.1732, 0.1673, 0.1716, 0.1766, 0.1713, 0.1683, 0.1678, 0.173, 0.176, 0.1699, 0.1714, 0.1764, 0.1719, 0.1748, 0.1765, 0.1773, 0.1793, 0.1779, 0.1741, 0.1796, 0.1759, 0.1762, 0.1818, 0.1834, 0.1792, 0.1818, 0.1852, 0.1854, 0.1922, 0.183, 0.1823, 0.1878, 0.1819, 0.1854, 0.1853, 0.183, 0.1878, 0.1875, 0.1836, 0.1892, 0.1867, 0.1868, 0.1894, 0.1919, 0.1877, 0.1934, 0.1933, 0.1894, 0.1932, 0.1924, 0.1933, 0.1922, 0.1928, 0.1967, 0.1912, 0.1998, 0.2008, 0.1997, 0.1994, 0.1961, 0.2002, 0.1984, 0.1925]
