training accuracy when lambda=0.3
[0.6177979798076129, 0.7218585858682189, 0.745858585868219, 0.758101010091377, 0.7690101010245506, 0.7754949494853164, 0.7809898989802659, 0.788323232337682, 0.7922424242424242, 0.7960202020153855, 0.8015151515055184, 0.8068686868638704, 0.8070303030351196, 0.8101212121067625, 0.8133333333237003, 0.8155959595959595, 0.8191111111255607, 0.8200606060750557, 0.8232525252525252, 0.8230303030254865, 0.8243434343578839, 0.8273535353390857, 0.8282626262770759, 0.8299595959692291, 0.8308282828234663, 0.8320606060750557, 0.8343434343578839, 0.8326262626214461, 0.8314141414045083, 0.8337171717075387, 0.8339999999903669, 0.8351919191967357, 0.8356969697114193, 0.8339595959499629, 0.8332929292784796, 0.8330707070658905, 0.8337777777922274, 0.8341616161616162, 0.8338383838239343, 0.8322424242376077, 0.8340000000048166, 0.8321212121212122, 0.8335555555459225, 0.8328282828379159, 0.8307070707215203, 0.8317575757672089, 0.8286262626166295, 0.828686868672419, 0.8323232323087827, 0.83240404041849]
test accuracy when lambda=0.3
[0.4024, 0.4146, 0.4141, 0.4187, 0.4159, 0.4211, 0.4239, 0.4212, 0.4174, 0.4168, 0.4195, 0.42, 0.4222, 0.4247, 0.413, 0.4215, 0.4273, 0.4234, 0.4228, 0.4204, 0.4274, 0.4296, 0.4267, 0.4319, 0.4284, 0.4235, 0.4262, 0.4262, 0.424, 0.4233, 0.4269, 0.4285, 0.4237, 0.4258, 0.4252, 0.4307, 0.4273, 0.4257, 0.4239, 0.4273, 0.4319, 0.4273, 0.4293, 0.4262, 0.4301, 0.4265, 0.4307, 0.4274, 0.4253, 0.4244]
training accuracy when lambda=0.4
[0.5451919191967357, 0.6338585858441362, 0.6507474747522913, 0.6603434343482509, 0.6664444444588941, 0.6744242424097928, 0.6799797979942476, 0.6838181818085487, 0.6890909090957257, 0.6921616161567996, 0.6968484848436683, 0.6992727272871769, 0.7024444444444444, 0.7043636363684529, 0.7062222222174057, 0.7101616161616162, 0.7103838383790219, 0.7147676767821264, 0.7167474747474748, 0.7177777777633282, 0.7161414141558637, 0.7197373737325572, 0.7200606060606061, 0.7211313131168635, 0.7206262626118131, 0.7226868686965018, 0.722666666652217, 0.7230101010004679, 0.7256969696969697, 0.7219393939249443, 0.7226262626358957, 0.7246666666762998, 0.7237777777681447, 0.7247878787830623, 0.7252525252621583, 0.7251717171813502, 0.7256565656517491, 0.7270505050360554, 0.725676767662318, 0.7265252525108029, 0.7267070707070707, 0.7248080808177139, 0.7243636363540032, 0.7261616161567996, 0.724040404040404, 0.7250505050360554, 0.7237979797979798, 0.7242020201875706, 0.7239393939490271, 0.7242424242520573]
test accuracy when lambda=0.4
[0.4151, 0.4216, 0.4239, 0.4286, 0.4336, 0.437, 0.4414, 0.442, 0.4484, 0.4433, 0.4441, 0.4499, 0.4394, 0.4452, 0.4478, 0.4514, 0.4468, 0.4481, 0.4494, 0.4453, 0.4523, 0.4475, 0.4485, 0.4485, 0.4432, 0.4455, 0.4466, 0.4453, 0.4435, 0.4421, 0.4449, 0.4409, 0.4442, 0.4427, 0.4494, 0.4484, 0.4484, 0.441, 0.4445, 0.4403, 0.4402, 0.4475, 0.4395, 0.4433, 0.4385, 0.4412, 0.4397, 0.4416, 0.4416, 0.439]
training accuracy when lambda=0.5
[0.2218989899062147, 0.24886868686387034, 0.256424242429059, 0.2635757575757576, 0.26806060606060605, 0.2726262626286709, 0.2777979797991839, 0.2815353535329453, 0.2861010101058266, 0.28991919192400845, 0.29547474747715574, 0.29670707070225416, 0.30361616161736577, 0.30874747475469955, 0.3130101010173258, 0.31599999999518347, 0.32228282827801175, 0.32797979798341037, 0.33337373736892084, 0.3390101010173258, 0.3474545454569537, 0.3532525252573418, 0.3630303030254865, 0.36640404040163216, 0.3735959595887348, 0.3806060606012441, 0.3881616161664327, 0.39474747476192434, 0.4031717171765337, 0.4068686868710951, 0.4137373737325572, 0.42274747474506646, 0.4258989899038064, 0.43412121212602867, 0.43826262627707585, 0.4466060606060606, 0.44927272726791073, 0.4550505050553216, 0.4585252525252525, 0.4664040403944073, 0.47040404039922384, 0.4732121212121212, 0.4759191919216002, 0.4820808080759915, 0.4877575757479427, 0.49212121211880383, 0.4920404040355875, 0.4931717171669006, 0.4992929292857045, 0.5033939393843063]
test accuracy when lambda=0.5
[0.4242, 0.4357, 0.4494, 0.4525, 0.4517, 0.4592, 0.4587, 0.4712, 0.4649, 0.4707, 0.4706, 0.4737, 0.4721, 0.4747, 0.4741, 0.4744, 0.4724, 0.4767, 0.4771, 0.4801, 0.4701, 0.4693, 0.4737, 0.4709, 0.4691, 0.4669, 0.4659, 0.4656, 0.4674, 0.4637, 0.4689, 0.4612, 0.4583, 0.4609, 0.4603, 0.4591, 0.4615, 0.4623, 0.4597, 0.455, 0.4579, 0.4574, 0.4569, 0.454, 0.4616, 0.4548, 0.4559, 0.4517, 0.4526, 0.454]
training accuracy when lambda=0.6
[0.22438383838564457, 0.25244444445166925, 0.26583838383958797, 0.272848484849689, 0.2799191919216002, 0.2886868686844604, 0.2930101010028762, 0.30072727273208927, 0.30604040404401645, 0.31309090908609255, 0.317898989899592, 0.3247070707082748, 0.3338787878787879, 0.34171717171837585, 0.34600000000240827, 0.3552727272727273, 0.3648484848533014, 0.3724848484848485, 0.3843636363588198, 0.3952323232347315, 0.4033535353439023, 0.41383838384560867, 0.42547474747715575, 0.4342020202044285, 0.445515151510335, 0.45765656565897395, 0.46638383837420533, 0.47523232324677284, 0.4863030303054386, 0.4958989898989899, 0.5015959596007762, 0.511757575759984, 0.5202020201875706, 0.5248484848508931, 0.534808080800856, 0.5399797979942476, 0.5483030302958055, 0.5537979797883468, 0.5578787878739714, 0.5672727272775439, 0.5729494949543115, 0.5772121212121212, 0.5835151515007019, 0.5891111111014781, 0.5951313131457627, 0.5986666666666667, 0.6004646464670548, 0.6034545454449124, 0.6091717171813502, 0.6121818181770017]
test accuracy when lambda=0.6
[0.4361, 0.4642, 0.4697, 0.482, 0.4934, 0.4978, 0.4987, 0.5047, 0.4978, 0.5013, 0.5066, 0.5052, 0.507, 0.5079, 0.5049, 0.5041, 0.5021, 0.5031, 0.4978, 0.5011, 0.5014, 0.4941, 0.4943, 0.4906, 0.4982, 0.4848, 0.4892, 0.4855, 0.4859, 0.4843, 0.4752, 0.477, 0.4824, 0.4819, 0.4762, 0.4699, 0.4742, 0.4744, 0.4734, 0.467, 0.4773, 0.4666, 0.4728, 0.4723, 0.4679, 0.4706, 0.4676, 0.4719, 0.4698, 0.467]
training accuracy when lambda=0.7
[0.22321212121934603, 0.2599393939369857, 0.2765454545466587, 0.2876969696981738, 0.29890909090668266, 0.30725252524770874, 0.3156363636411802, 0.3212121212133253, 0.3306060606012441, 0.34056565656565657, 0.34656565657288135, 0.3584040404088569, 0.3660808080880329, 0.37723232322991496, 0.38886868688313647, 0.4031313131289049, 0.4119191919216002, 0.4286464646368316, 0.4421212121260287, 0.457070707061074, 0.4727676767724933, 0.48458585858826686, 0.5012929292784797, 0.5133939393891228, 0.5282828282756035, 0.5428080808080809, 0.5526666666811163, 0.5665050505050505, 0.5773737373592878, 0.5910505050601381, 0.5997777777729613, 0.6084242424097928, 0.6156565656517491, 0.6296969696825201, 0.6331919191919192, 0.6436565656661988, 0.6491313131168636, 0.6568080808128973, 0.661515151510335, 0.6702020202020202, 0.6738383838239342, 0.6822222222270388, 0.6833333333188837, 0.6945252525252525, 0.6941616161664327, 0.7011515151515152, 0.6998181818326314, 0.7123838383934714, 0.7117171717123552, 0.7162222222077727]
test accuracy when lambda=0.7
[0.4438, 0.4777, 0.499, 0.5132, 0.5157, 0.514, 0.5343, 0.5327, 0.5251, 0.5382, 0.539, 0.5343, 0.5394, 0.5302, 0.5281, 0.5205, 0.5252, 0.5152, 0.5169, 0.5074, 0.5075, 0.502, 0.4982, 0.4921, 0.493, 0.4895, 0.4917, 0.4795, 0.4825, 0.4896, 0.4852, 0.4832, 0.4834, 0.478, 0.4731, 0.4744, 0.4733, 0.4768, 0.4702, 0.4728, 0.4745, 0.473, 0.4699, 0.4672, 0.4746, 0.4663, 0.4623, 0.4661, 0.4672, 0.4705]
training accuracy when lambda=0.8
[0.22109090909572562, 0.26882828283309934, 0.2899393939418022, 0.3028686868662786, 0.31373737373496546, 0.32513131312649657, 0.3380404040355875, 0.34771717171476346, 0.35814141414141415, 0.3673535353535354, 0.3780606060654226, 0.3891111111183359, 0.4038585858634024, 0.4151313131289049, 0.42921212120248814, 0.44349494948772467, 0.46111111112556075, 0.4793535353583519, 0.4965252525180277, 0.510383838388655, 0.5271717171717172, 0.5430707070755236, 0.5619393939442104, 0.5799595959644125, 0.5928282828234663, 0.606828282821058, 0.6208484848508932, 0.6342222222222222, 0.6483838383838384, 0.6561212121163956, 0.6664646464790961, 0.6778383838287507, 0.6870909090957257, 0.69759595958151, 0.7060202020057524, 0.711878787888421, 0.7186262626166295, 0.7253131313275809, 0.7317777777633282, 0.7376363636267306, 0.7479797979701649, 0.7490505050553216, 0.7561818181914512, 0.7604848484992981, 0.766444444458894, 0.7708282828330993, 0.775979797979798, 0.7812929293025623, 0.782444444449261, 0.7864646464790961]
test accuracy when lambda=0.8
[0.466, 0.5025, 0.5195, 0.5423, 0.5573, 0.5535, 0.5694, 0.5635, 0.5724, 0.57, 0.5694, 0.5684, 0.5631, 0.5607, 0.5528, 0.5488, 0.548, 0.5416, 0.5375, 0.5308, 0.5236, 0.523, 0.5153, 0.5132, 0.506, 0.5012, 0.5062, 0.4908, 0.5026, 0.4961, 0.4914, 0.4957, 0.4906, 0.4853, 0.484, 0.4866, 0.4859, 0.4816, 0.475, 0.48, 0.4819, 0.4811, 0.4827, 0.4784, 0.4743, 0.4779, 0.4774, 0.4755, 0.4802, 0.4794]
