training accuracy when lambda=0.4
[0.46324, 0.56422, 0.58708, 0.59974, 0.6082, 0.6135, 0.62124, 0.62582, 0.63016, 0.63596, 0.6404, 0.64362, 0.6479, 0.65164, 0.65592, 0.65918, 0.66036, 0.66426, 0.668, 0.67066, 0.6741, 0.67602, 0.67948, 0.68096, 0.68236, 0.6848, 0.68712, 0.6892, 0.69196, 0.69454, 0.69616, 0.6979, 0.7003, 0.70234, 0.7027, 0.7039, 0.70498, 0.70844, 0.70996, 0.70932, 0.7096, 0.71102, 0.71236, 0.7114, 0.71282, 0.7132, 0.7148, 0.71512, 0.71742, 0.72054]
test accuracy when lambda=0.4
[0.5179, 0.5451, 0.555, 0.5656, 0.5716, 0.5777, 0.5801, 0.5785, 0.5847, 0.5899, 0.5901, 0.5898, 0.5957, 0.5912, 0.5931, 0.595, 0.5901, 0.5957, 0.5879, 0.5898, 0.5845, 0.5896, 0.5896, 0.5821, 0.589, 0.5869, 0.5815, 0.5858, 0.582, 0.5826, 0.5798, 0.5795, 0.5803, 0.575, 0.5776, 0.5772, 0.5754, 0.5713, 0.5731, 0.57, 0.5695, 0.5688, 0.5683, 0.5712, 0.5708, 0.5692, 0.5711, 0.5729, 0.572, 0.5681]
training accuracy when lambda=0.45
[0.40828, 0.48544, 0.5069, 0.517, 0.5247, 0.53296, 0.53752, 0.54148, 0.54742, 0.55382, 0.55752, 0.56056, 0.56496, 0.56984, 0.5742, 0.57918, 0.58298, 0.58688, 0.5918, 0.59498, 0.5984, 0.60226, 0.60704, 0.61054, 0.6135, 0.61976, 0.6219, 0.62734, 0.62836, 0.63332, 0.63552, 0.64114, 0.6421, 0.6463, 0.64742, 0.64948, 0.65656, 0.65602, 0.65718, 0.6589, 0.66454, 0.66236, 0.66396, 0.66778, 0.6711, 0.67142, 0.67126, 0.6751, 0.67422, 0.67726]
test accuracy when lambda=0.45
[0.5211, 0.5511, 0.5664, 0.5768, 0.5821, 0.5794, 0.5854, 0.5932, 0.5955, 0.5924, 0.6003, 0.5927, 0.5931, 0.5989, 0.5956, 0.597, 0.5963, 0.5901, 0.5941, 0.5939, 0.5933, 0.5902, 0.593, 0.5894, 0.5879, 0.5919, 0.59, 0.5941, 0.5882, 0.5888, 0.5844, 0.591, 0.586, 0.5918, 0.5821, 0.5854, 0.5843, 0.5861, 0.5845, 0.5821, 0.5822, 0.5829, 0.5776, 0.5838, 0.5826, 0.5852, 0.5816, 0.5772, 0.5809, 0.5795]
training accuracy when lambda=0.5
[0.2545, 0.30572, 0.32432, 0.33524, 0.34224, 0.35066, 0.3548, 0.36262, 0.36752, 0.3724, 0.38056, 0.38588, 0.39108, 0.39666, 0.40208, 0.40644, 0.41356, 0.41948, 0.42728, 0.43298, 0.43876, 0.44818, 0.45276, 0.45946, 0.46538, 0.4727, 0.48176, 0.4888, 0.4919, 0.4996, 0.50666, 0.51562, 0.51682, 0.52424, 0.53016, 0.53298, 0.53904, 0.54662, 0.54778, 0.55348, 0.5568, 0.56086, 0.56554, 0.56958, 0.57362, 0.57716, 0.58118, 0.58338, 0.58596, 0.59218]
test accuracy when lambda=0.5
[0.516, 0.5585, 0.572, 0.5827, 0.5913, 0.5926, 0.5923, 0.5974, 0.5979, 0.6057, 0.612, 0.6077, 0.6017, 0.6065, 0.6041, 0.6059, 0.6063, 0.6049, 0.5955, 0.5987, 0.5942, 0.5987, 0.5943, 0.5903, 0.5928, 0.5915, 0.5896, 0.5867, 0.5846, 0.5858, 0.5893, 0.5809, 0.5814, 0.5795, 0.5801, 0.5803, 0.5808, 0.5783, 0.5752, 0.5761, 0.5753, 0.5736, 0.5718, 0.5738, 0.5731, 0.5735, 0.5758, 0.5756, 0.5763, 0.575]
training accuracy when lambda=0.55
[0.25352, 0.30722, 0.3251, 0.33766, 0.34426, 0.353, 0.3603, 0.36664, 0.37324, 0.37736, 0.38498, 0.39112, 0.39678, 0.40362, 0.4081, 0.41802, 0.42382, 0.43178, 0.44122, 0.44876, 0.4579, 0.4633, 0.47358, 0.48326, 0.4894, 0.49872, 0.50786, 0.51678, 0.52198, 0.53332, 0.53594, 0.54668, 0.5514, 0.55936, 0.56744, 0.57116, 0.5829, 0.58586, 0.59102, 0.59448, 0.6014, 0.60236, 0.61258, 0.614, 0.6175, 0.61864, 0.62612, 0.63066, 0.63322, 0.63658]
test accuracy when lambda=0.55
[0.5282, 0.552, 0.57, 0.5812, 0.5915, 0.595, 0.599, 0.6125, 0.6054, 0.6139, 0.6093, 0.6108, 0.6117, 0.6117, 0.6075, 0.6025, 0.6052, 0.6047, 0.6004, 0.5984, 0.5997, 0.6048, 0.6011, 0.5962, 0.596, 0.5952, 0.5954, 0.5877, 0.5889, 0.5886, 0.5866, 0.5901, 0.5817, 0.5809, 0.5818, 0.5795, 0.5798, 0.5832, 0.5767, 0.5784, 0.578, 0.5784, 0.5754, 0.5727, 0.5809, 0.5755, 0.5693, 0.5763, 0.5759, 0.5767]
training accuracy when lambda=0.6
[0.25186, 0.30696, 0.32818, 0.33794, 0.34814, 0.35682, 0.36406, 0.37214, 0.37856, 0.3852, 0.39118, 0.3969, 0.40822, 0.41366, 0.42062, 0.4287, 0.4373, 0.44422, 0.4528, 0.46388, 0.4727, 0.48358, 0.49256, 0.5038, 0.51416, 0.5212, 0.53286, 0.54266, 0.55226, 0.55992, 0.56926, 0.57672, 0.58126, 0.5903, 0.59882, 0.6062, 0.6129, 0.61598, 0.62512, 0.62894, 0.63442, 0.63854, 0.6452, 0.64642, 0.65158, 0.6586, 0.66186, 0.66528, 0.66864, 0.67256]
test accuracy when lambda=0.6
[0.5147, 0.5612, 0.5758, 0.5978, 0.6024, 0.603, 0.5987, 0.6069, 0.6159, 0.5978, 0.6133, 0.6069, 0.6151, 0.6112, 0.611, 0.6086, 0.61, 0.6053, 0.6064, 0.6025, 0.6043, 0.5975, 0.5951, 0.5978, 0.5956, 0.5921, 0.5863, 0.587, 0.5863, 0.5781, 0.584, 0.5809, 0.5822, 0.5805, 0.5769, 0.5773, 0.5747, 0.5769, 0.5734, 0.5666, 0.5695, 0.5776, 0.5694, 0.5663, 0.5677, 0.5704, 0.572, 0.5722, 0.569, 0.5695]
training accuracy when lambda=0.65
[0.24806, 0.30634, 0.32646, 0.3392, 0.3499, 0.35952, 0.36728, 0.3761, 0.38232, 0.39054, 0.39742, 0.40554, 0.4139, 0.42062, 0.4308, 0.4379, 0.45074, 0.4594, 0.4717, 0.48402, 0.49534, 0.50504, 0.51876, 0.53184, 0.54216, 0.5509, 0.56166, 0.57338, 0.58194, 0.59334, 0.60084, 0.6128, 0.61976, 0.62718, 0.63458, 0.645, 0.6491, 0.65596, 0.6598, 0.6682, 0.67008, 0.67968, 0.68196, 0.68914, 0.69248, 0.6954, 0.69864, 0.70626, 0.71056, 0.71602]
test accuracy when lambda=0.65
[0.524, 0.5539, 0.577, 0.5796, 0.6047, 0.6067, 0.6016, 0.6158, 0.6219, 0.6098, 0.6203, 0.6203, 0.6161, 0.6206, 0.6171, 0.6089, 0.6116, 0.6061, 0.6005, 0.6039, 0.5979, 0.5968, 0.597, 0.5899, 0.586, 0.5836, 0.5852, 0.583, 0.5802, 0.5769, 0.5762, 0.5768, 0.5729, 0.5725, 0.5673, 0.5729, 0.5676, 0.5662, 0.5684, 0.5686, 0.5572, 0.567, 0.568, 0.5636, 0.5655, 0.56, 0.5615, 0.5668, 0.5588, 0.5696]
training accuracy when lambda=0.7
[0.24636, 0.3037, 0.32844, 0.34342, 0.35352, 0.36552, 0.37448, 0.3829, 0.39008, 0.3994, 0.40832, 0.41628, 0.42524, 0.43638, 0.44444, 0.45726, 0.46786, 0.48006, 0.49186, 0.5054, 0.51644, 0.53202, 0.54594, 0.55774, 0.56988, 0.58296, 0.59502, 0.60606, 0.61602, 0.6259, 0.6348, 0.64276, 0.65714, 0.66366, 0.66706, 0.6771, 0.68436, 0.69134, 0.6962, 0.70466, 0.7114, 0.7143, 0.72054, 0.72346, 0.72868, 0.734, 0.73948, 0.7451, 0.74854, 0.7507]
test accuracy when lambda=0.7
[0.5163, 0.5592, 0.5789, 0.6022, 0.6099, 0.6175, 0.6239, 0.6183, 0.6193, 0.62, 0.6292, 0.6237, 0.6251, 0.6216, 0.613, 0.6132, 0.6111, 0.606, 0.6032, 0.5987, 0.5935, 0.5968, 0.5875, 0.5835, 0.5786, 0.5766, 0.5814, 0.5719, 0.5728, 0.5706, 0.5665, 0.5706, 0.5689, 0.5627, 0.5661, 0.5652, 0.5599, 0.5622, 0.5596, 0.5598, 0.5608, 0.563, 0.5627, 0.5579, 0.5567, 0.559, 0.5631, 0.5595, 0.5575, 0.5581]
training accuracy when lambda=0.75
[0.24044, 0.29862, 0.32272, 0.34032, 0.35278, 0.36396, 0.37398, 0.38288, 0.3925, 0.39888, 0.4096, 0.41818, 0.4298, 0.44056, 0.44832, 0.4615, 0.4761, 0.48456, 0.50356, 0.51314, 0.53106, 0.54232, 0.55694, 0.57072, 0.5845, 0.59678, 0.60854, 0.62076, 0.63332, 0.64554, 0.65126, 0.66098, 0.675, 0.68418, 0.69122, 0.70008, 0.70762, 0.7106, 0.72232, 0.72622, 0.73582, 0.74052, 0.74406, 0.74824, 0.7555, 0.7604, 0.76606, 0.76754, 0.77276, 0.77474]
test accuracy when lambda=0.75
[0.5018, 0.5451, 0.5741, 0.5958, 0.6114, 0.6143, 0.6102, 0.6185, 0.6221, 0.6296, 0.6271, 0.6246, 0.6265, 0.6109, 0.6157, 0.6114, 0.6132, 0.6044, 0.6025, 0.5944, 0.5885, 0.5853, 0.5921, 0.5838, 0.5814, 0.5777, 0.5775, 0.5665, 0.5724, 0.5651, 0.5612, 0.5621, 0.5598, 0.5642, 0.561, 0.5632, 0.5562, 0.5595, 0.5603, 0.5624, 0.5578, 0.5608, 0.5591, 0.5607, 0.5579, 0.5533, 0.5508, 0.5492, 0.5548, 0.5524]
training accuracy when lambda=0.8
[0.23728, 0.29986, 0.32418, 0.3424, 0.35424, 0.36578, 0.37676, 0.38446, 0.39236, 0.40434, 0.4124, 0.42254, 0.43174, 0.4426, 0.45558, 0.46456, 0.48136, 0.49618, 0.50766, 0.52308, 0.53832, 0.55228, 0.56896, 0.5851, 0.59834, 0.61332, 0.6279, 0.63694, 0.6513, 0.66204, 0.67664, 0.684, 0.69542, 0.704, 0.71112, 0.7203, 0.72866, 0.73778, 0.7422, 0.74988, 0.75646, 0.76164, 0.76744, 0.77394, 0.77796, 0.78298, 0.78568, 0.79372, 0.79688, 0.79892]
test accuracy when lambda=0.8
[0.495, 0.5451, 0.5782, 0.6006, 0.6144, 0.624, 0.6307, 0.6279, 0.6328, 0.6303, 0.6218, 0.6314, 0.621, 0.6164, 0.61, 0.6094, 0.6047, 0.5898, 0.5969, 0.5878, 0.5882, 0.5719, 0.5735, 0.5647, 0.5564, 0.5625, 0.5562, 0.5581, 0.5503, 0.549, 0.5464, 0.5377, 0.5412, 0.5457, 0.5445, 0.5505, 0.5358, 0.5447, 0.5404, 0.5426, 0.5395, 0.5385, 0.5351, 0.5421, 0.5424, 0.5384, 0.5391, 0.5408, 0.5338, 0.5398]
training accuracy when lambda=0.85
[0.23308, 0.29282, 0.31952, 0.33902, 0.35196, 0.36476, 0.37504, 0.38902, 0.39704, 0.40656, 0.41906, 0.42702, 0.43958, 0.44992, 0.46508, 0.47902, 0.49516, 0.51116, 0.52708, 0.54338, 0.5601, 0.5761, 0.59252, 0.60928, 0.6235, 0.63608, 0.65018, 0.6629, 0.67468, 0.68694, 0.69906, 0.70722, 0.72118, 0.7295, 0.74196, 0.74538, 0.75444, 0.75946, 0.76698, 0.7733, 0.77982, 0.78366, 0.7892, 0.7955, 0.8004, 0.80662, 0.80986, 0.81308, 0.81848, 0.82436]
test accuracy when lambda=0.85
[0.4814, 0.5495, 0.5718, 0.5938, 0.6055, 0.61, 0.6152, 0.6273, 0.6306, 0.6208, 0.6219, 0.6157, 0.6157, 0.6063, 0.5995, 0.5838, 0.5998, 0.5822, 0.573, 0.5741, 0.5639, 0.5624, 0.5558, 0.5549, 0.5509, 0.5471, 0.5447, 0.5395, 0.5423, 0.5398, 0.5355, 0.5362, 0.5279, 0.5384, 0.5295, 0.5295, 0.5238, 0.5214, 0.5246, 0.5261, 0.5288, 0.5183, 0.5311, 0.5175, 0.5253, 0.5275, 0.5249, 0.5214, 0.5229, 0.5169]
training accuracy when lambda=0.9
[0.23112, 0.29418, 0.3193, 0.3391, 0.35558, 0.36762, 0.37754, 0.38646, 0.39776, 0.40858, 0.42094, 0.4321, 0.4454, 0.4584, 0.47432, 0.49078, 0.50626, 0.52384, 0.5415, 0.55778, 0.57914, 0.59164, 0.61052, 0.6267, 0.64232, 0.65754, 0.6713, 0.683, 0.69822, 0.70712, 0.71956, 0.73018, 0.74054, 0.74858, 0.7585, 0.76516, 0.77588, 0.77696, 0.78778, 0.7917, 0.7965, 0.80562, 0.81168, 0.81266, 0.8178, 0.82004, 0.82538, 0.82958, 0.8355, 0.83836]
test accuracy when lambda=0.9
[0.4827, 0.5433, 0.5719, 0.5904, 0.5953, 0.6252, 0.6181, 0.6181, 0.6156, 0.6177, 0.6151, 0.599, 0.6057, 0.6002, 0.5831, 0.5818, 0.5721, 0.5686, 0.562, 0.5485, 0.5518, 0.5467, 0.5423, 0.5301, 0.5233, 0.5255, 0.5301, 0.5268, 0.5246, 0.5173, 0.518, 0.5166, 0.5126, 0.5119, 0.511, 0.5092, 0.5043, 0.4975, 0.4995, 0.5088, 0.5037, 0.5029, 0.5013, 0.5054, 0.5061, 0.5116, 0.5033, 0.5067, 0.5041, 0.5037]
training accuracy when lambda=0.95
[0.22464, 0.28794, 0.31706, 0.33712, 0.35364, 0.36772, 0.37986, 0.3913, 0.40046, 0.40986, 0.42196, 0.43318, 0.4472, 0.46074, 0.47148, 0.48762, 0.50656, 0.52168, 0.53762, 0.56094, 0.57462, 0.59408, 0.61094, 0.62538, 0.64236, 0.65952, 0.67296, 0.68858, 0.7036, 0.71, 0.72422, 0.7367, 0.74404, 0.7595, 0.76084, 0.76998, 0.78102, 0.7869, 0.7928, 0.80108, 0.80538, 0.81168, 0.81978, 0.81932, 0.82952, 0.83304, 0.83532, 0.83846, 0.84474, 0.84756]
test accuracy when lambda=0.95
[0.4686, 0.5259, 0.5708, 0.6055, 0.5946, 0.6081, 0.6221, 0.611, 0.6251, 0.6253, 0.619, 0.6084, 0.5996, 0.5936, 0.5921, 0.5716, 0.5662, 0.5595, 0.5515, 0.5435, 0.5446, 0.5381, 0.5301, 0.5226, 0.5158, 0.506, 0.5158, 0.512, 0.5046, 0.4989, 0.5069, 0.5002, 0.5038, 0.5052, 0.4945, 0.4935, 0.4924, 0.493, 0.4906, 0.4869, 0.4912, 0.484, 0.49, 0.4972, 0.4821, 0.478, 0.4858, 0.4877, 0.4903, 0.4819]
