training accuracy when lambda=0.3
[0.604949494959128, 0.7121010101106432, 0.7381414141269645, 0.7502020202068367, 0.7593131313275809, 0.7684444444348114, 0.7731919191774695, 0.7748484848484849, 0.7822222222318553, 0.7877979797835302, 0.7904646464501969, 0.7921818181770016, 0.7948888888792558, 0.8013737373641043, 0.8021818181818182, 0.8056161616209782, 0.8082222222270388, 0.8095757575902072, 0.8123232323376819, 0.8106464646512812, 0.8153333333429664, 0.8163636363636364, 0.816444444449261, 0.8185858585906751, 0.8181212121356617, 0.8197171717075387, 0.821010101019734, 0.8206262626358957, 0.8239999999855504, 0.8211111111062945, 0.8230707070755237, 0.8247272727417223, 0.8208888888744392, 0.8226464646609143, 0.821373737388187, 0.8259999999903669, 0.82240404041849, 0.8229696969552474, 0.8213737373737374, 0.8228686868735035, 0.8231515151659647, 0.8209494949543115, 0.8221212121356617, 0.8211111111159276, 0.8209696969745135, 0.819454545459362, 0.818505050509867, 0.821939393939394, 0.822060606050973, 0.8225656565560235]
test accuracy when lambda=0.3
[0.395, 0.4031, 0.3971, 0.4086, 0.4047, 0.4103, 0.4098, 0.4109, 0.4139, 0.4132, 0.4087, 0.4122, 0.4101, 0.4167, 0.4166, 0.4154, 0.4151, 0.4121, 0.4116, 0.413, 0.4116, 0.4113, 0.4138, 0.4163, 0.415, 0.4179, 0.4145, 0.4167, 0.4165, 0.4149, 0.4143, 0.4141, 0.4158, 0.419, 0.4113, 0.4131, 0.4156, 0.4171, 0.414, 0.4147, 0.4148, 0.4173, 0.417, 0.4143, 0.4141, 0.4123, 0.4125, 0.4169, 0.4109, 0.4162]
training accuracy when lambda=0.4
[0.5233131313131313, 0.6145252525156194, 0.6323030303078468, 0.6438787878643383, 0.6534141413996918, 0.6576767676815842, 0.6624444444396279, 0.6648888888840724, 0.6712929292977459, 0.674626262611813, 0.676929292938926, 0.681575757570941, 0.6836565656565656, 0.6848282828427324, 0.6872525252621583, 0.6917373737325572, 0.6914141413996918, 0.6952727272727273, 0.6952929292881127, 0.6975757575805741, 0.6989292929148433, 0.6992929293025624, 0.6992929293025624, 0.7024444444348114, 0.7044646464646465, 0.7032121212265708, 0.7031919191871027, 0.707454545459362, 0.7057171717219882, 0.7078181818326315, 0.7072929292881127, 0.7080606060654226, 0.7100000000048166, 0.7079393939297609, 0.7073939394035724, 0.7084444444444444, 0.7080202020298351, 0.706444444439628, 0.7067878787926953, 0.7075353535257205, 0.7086666666762997, 0.7115757575661245, 0.7091919191871027, 0.7102222222077726, 0.7082222222366719, 0.7085252525252526, 0.7110303030351196, 0.7131717171813502, 0.7095959595863265, 0.7080404040259545]
test accuracy when lambda=0.4
[0.4022, 0.4177, 0.4181, 0.4153, 0.4225, 0.4301, 0.4321, 0.4243, 0.4383, 0.4306, 0.4368, 0.4314, 0.436, 0.4356, 0.434, 0.4345, 0.437, 0.4362, 0.4331, 0.4344, 0.4398, 0.4348, 0.4349, 0.4377, 0.4345, 0.4357, 0.4354, 0.4353, 0.4336, 0.437, 0.4325, 0.4346, 0.4347, 0.4335, 0.432, 0.4353, 0.4326, 0.4355, 0.4307, 0.4292, 0.4276, 0.4341, 0.4316, 0.4296, 0.4298, 0.4306, 0.4272, 0.4317, 0.4295, 0.427]
training accuracy when lambda=0.5
[0.22125252525372938, 0.24311111110870284, 0.2548686868638703, 0.2604646464622382, 0.2652121212145295, 0.2691717171717172, 0.27321212120730465, 0.27830303030543857, 0.28220202020442847, 0.288020202020202, 0.2917171717171717, 0.29589898990019403, 0.3016565656565657, 0.3072727272799521, 0.3127878787951036, 0.3191717171729213, 0.32448484848003195, 0.3303838383838384, 0.3365656565668607, 0.3425454545430463, 0.35135353535353536, 0.3594949494973578, 0.3669292929220681, 0.3747878787902871, 0.38010101009137703, 0.387535353530537, 0.3949292929317012, 0.4011111111111111, 0.40973737373014896, 0.41484848484607656, 0.4224646464646465, 0.4303434343482509, 0.43240404040885694, 0.44163636364358844, 0.44509090909331733, 0.45028282828042, 0.4564242424146093, 0.45939393939634765, 0.4666060606060606, 0.4692929292881128, 0.474, 0.4794343434367517, 0.48246464645742165, 0.48567676767917595, 0.4910707070755236, 0.49589898990380643, 0.4984040403968156, 0.5040404040452205, 0.5039595959547795, 0.5075353535353535]
test accuracy when lambda=0.5
[0.4212, 0.4297, 0.4406, 0.442, 0.4451, 0.4485, 0.4514, 0.4538, 0.4511, 0.4566, 0.4603, 0.4617, 0.459, 0.4709, 0.4619, 0.4707, 0.4597, 0.4635, 0.4573, 0.4599, 0.4658, 0.4636, 0.4637, 0.4578, 0.4569, 0.4539, 0.4536, 0.4542, 0.448, 0.4496, 0.4567, 0.4493, 0.4544, 0.4515, 0.4532, 0.4491, 0.4445, 0.4458, 0.451, 0.4463, 0.4471, 0.4493, 0.4461, 0.4427, 0.4456, 0.4469, 0.4433, 0.4396, 0.4384, 0.444]
training accuracy when lambda=0.6
[0.2206464646476688, 0.25135353535353533, 0.2624040404040404, 0.2713535353547395, 0.2794343434367517, 0.2851111111111111, 0.29187878788360444, 0.297777777770553, 0.3035959595983679, 0.3115757575733493, 0.3169494949446784, 0.3252323232347315, 0.3340606060533813, 0.34024242424242424, 0.35103030302066995, 0.3593737373713291, 0.3695151515127432, 0.379979797979798, 0.3906464646488729, 0.3991515151563317, 0.41337373736651256, 0.42472727273208927, 0.4377171717099469, 0.4479797979725732, 0.45949494949735775, 0.46799999999518344, 0.479111111101478, 0.4897575757479427, 0.49808080808080807, 0.5072323232347316, 0.519353535367985, 0.5242626262626262, 0.5352727272823603, 0.5391515151539235, 0.5479797979701649, 0.5538585858585858, 0.560060606050973, 0.5650101010004679, 0.5748888888937054, 0.5773535353535354, 0.5829494949446784, 0.5890505050553216, 0.596929292929293, 0.5957171717268048, 0.6020808080856246, 0.6058383838383838, 0.6100808080759915, 0.6145656565608401, 0.6161414141414141, 0.6219393939442105]
test accuracy when lambda=0.6
[0.4332, 0.4623, 0.4641, 0.4694, 0.4746, 0.4864, 0.491, 0.4938, 0.494, 0.4926, 0.4866, 0.5058, 0.4992, 0.4936, 0.4898, 0.4964, 0.4989, 0.489, 0.4891, 0.482, 0.4826, 0.4812, 0.486, 0.4799, 0.4757, 0.4742, 0.4788, 0.4789, 0.4745, 0.4787, 0.472, 0.4681, 0.4708, 0.4664, 0.4685, 0.4643, 0.4621, 0.4653, 0.4668, 0.4608, 0.4567, 0.4666, 0.4617, 0.4574, 0.4585, 0.4591, 0.4627, 0.4576, 0.4584, 0.4602]
training accuracy when lambda=0.7
[0.22678787878547052, 0.2597979798052046, 0.27684848484848484, 0.2877979798052046, 0.29622222222342637, 0.30571717171837587, 0.3141616161567996, 0.3206666666738915, 0.3295353535329453, 0.3371919191895109, 0.3479191919216002, 0.3558989899038064, 0.36658585858345033, 0.37783838383115903, 0.39054545454545453, 0.4016565656517491, 0.41533333333574163, 0.4318181818133653, 0.44482828282828285, 0.4581212121139873, 0.47383838383838384, 0.48662626262626263, 0.503818181810957, 0.5175151515151515, 0.5297171717171717, 0.5436969696921532, 0.5586262626214461, 0.5650707070658906, 0.5788080808032643, 0.5862828282972778, 0.6014545454449124, 0.6052121212024881, 0.6162828282924614, 0.6240808080808081, 0.634464646469463, 0.6412727272630941, 0.6482222222077726, 0.6559191919191919, 0.6629696969841465, 0.6666262626310792, 0.6721010101010101, 0.6826464646560977, 0.68553535354017, 0.6891313131361296, 0.6922626262529932, 0.6953737373641043, 0.7046464646320151, 0.7073737373785539, 0.710080808071175, 0.7164848484703988]
test accuracy when lambda=0.7
[0.4569, 0.4806, 0.4894, 0.518, 0.5206, 0.5243, 0.5364, 0.5302, 0.5388, 0.5341, 0.5347, 0.5365, 0.5372, 0.5354, 0.5367, 0.5316, 0.5224, 0.5175, 0.5234, 0.517, 0.5175, 0.5128, 0.496, 0.4974, 0.5102, 0.4999, 0.4955, 0.4928, 0.4956, 0.4939, 0.4882, 0.4839, 0.4826, 0.486, 0.4814, 0.4796, 0.4754, 0.478, 0.4759, 0.4825, 0.4794, 0.4762, 0.4726, 0.4714, 0.4703, 0.4754, 0.4705, 0.4746, 0.474, 0.4761]
training accuracy when lambda=0.8
[0.21840404040524453, 0.2677979797979798, 0.28840404039922385, 0.304747474749883, 0.31513131313131315, 0.3254141414213662, 0.3396363636339554, 0.34757575758057413, 0.35896969697692177, 0.3683434343386178, 0.3747272727344975, 0.3913333333285168, 0.4034141414165497, 0.41608080808321635, 0.4318585858561776, 0.4460000000072248, 0.4602222222125891, 0.4803030303078468, 0.49814141414141416, 0.5124646464790961, 0.5343636363636364, 0.5461010101058267, 0.5649898989947155, 0.5833333333237003, 0.5937171717123552, 0.6061818181914512, 0.621353535367985, 0.6348080808080808, 0.6482828282780118, 0.6599797979846145, 0.667535353530537, 0.6799595959692291, 0.68759595958151, 0.6998181818278149, 0.706989898999532, 0.7140606060461564, 0.7240202020250186, 0.727919191919192, 0.7353131313131314, 0.740404040408857, 0.7478181818037322, 0.7520606060461564, 0.7564646464790961, 0.7631717171717172, 0.7659191919047423, 0.7719393939538436, 0.7760202020057524, 0.7789090909235405, 0.7847272727128232, 0.7855959595959596]
test accuracy when lambda=0.8
[0.453, 0.4913, 0.5373, 0.5569, 0.5677, 0.5652, 0.5689, 0.5782, 0.5776, 0.5605, 0.5677, 0.5686, 0.5645, 0.5534, 0.547, 0.5445, 0.5307, 0.5289, 0.5324, 0.5223, 0.5149, 0.5138, 0.4995, 0.5021, 0.5021, 0.493, 0.4879, 0.4893, 0.4933, 0.4766, 0.4807, 0.4834, 0.4802, 0.4832, 0.4765, 0.4817, 0.4813, 0.483, 0.4778, 0.4752, 0.4744, 0.4741, 0.4778, 0.4728, 0.4737, 0.4682, 0.4681, 0.4737, 0.4728, 0.4652]
training accuracy when lambda=0.9
[0.21802020202140615, 0.2685656565668607, 0.2950505050456885, 0.31486868686868685, 0.3276565656613822, 0.3404646464622382, 0.35232323231600754, 0.3625050505050505, 0.37424242423760773, 0.3822828282852366, 0.3948888888864806, 0.40709090909331735, 0.42012121212843695, 0.43666666668111626, 0.4495959595959596, 0.46616161615920787, 0.48282828282828283, 0.5034141414093248, 0.5194949494973577, 0.5390707070755236, 0.5550909090764595, 0.570484848480032, 0.5905252525156195, 0.6088282828379159, 0.6255757575757576, 0.6365050505195001, 0.6569292929148434, 0.6685656565512069, 0.6795151515103349, 0.6943232323232323, 0.7036767676815842, 0.716444444439628, 0.7267272727128231, 0.7371717171765337, 0.7464444444444445, 0.7542222222318553, 0.762585858581042, 0.7680202020346516, 0.7783030303030303, 0.7841616161760657, 0.7896363636363637, 0.7934545454400959, 0.8016363636315471, 0.804525252530069, 0.8109090909139074, 0.8174949494949495, 0.8223838383790218, 0.8236767676767677, 0.8268484848484848, 0.831939393939394]
test accuracy when lambda=0.9
[0.4575, 0.5151, 0.5523, 0.5798, 0.5899, 0.6017, 0.6101, 0.6014, 0.6102, 0.6083, 0.6016, 0.5925, 0.5821, 0.5704, 0.5606, 0.5562, 0.5451, 0.5404, 0.5265, 0.535, 0.5198, 0.5069, 0.5021, 0.4976, 0.5005, 0.4907, 0.4862, 0.4889, 0.4855, 0.482, 0.4867, 0.4806, 0.4806, 0.4832, 0.4697, 0.4777, 0.4689, 0.4799, 0.4755, 0.4682, 0.4743, 0.4759, 0.4766, 0.4715, 0.4773, 0.4671, 0.4684, 0.4669, 0.4655, 0.4715]
training accuracy when lambda=1
[0.21264646465128118, 0.2662828282876448, 0.29365656565656567, 0.3140808080856246, 0.33129292928811277, 0.34395959595477943, 0.3545858585906751, 0.3676767676719511, 0.3782626262698511, 0.38961616161616164, 0.4006464646440564, 0.4148484848388518, 0.4305252525324773, 0.44432323231359927, 0.4610101009956514, 0.47577777777055297, 0.4949090909018661, 0.5175353535281287, 0.5360202020202021, 0.5537171717171717, 0.5712727272679108, 0.5924242424170176, 0.6091919191919192, 0.6255151515199681, 0.6412727272630941, 0.6583030303030303, 0.6762222222366718, 0.6875151515007019, 0.7007474747330251, 0.7137979797883467, 0.7246666666811162, 0.7361212121356617, 0.7460202020153854, 0.7565858586003082, 0.763878787888421, 0.7732323232323233, 0.779555555550739, 0.7845050504954174, 0.7915151515055184, 0.7987676767532271, 0.8062424242568739, 0.8095959596055927, 0.8160000000144496, 0.8186464646609143, 0.8248484848629345, 0.8287070706974377, 0.8314343434295269, 0.8435353535353536, 0.837575757561308, 0.8429696969745135]
test accuracy when lambda=1
[0.4489, 0.509, 0.5414, 0.5686, 0.578, 0.6014, 0.5934, 0.603, 0.6046, 0.5911, 0.5863, 0.5812, 0.5712, 0.5457, 0.5472, 0.5319, 0.5219, 0.5162, 0.4968, 0.491, 0.4764, 0.4915, 0.4786, 0.4687, 0.4638, 0.4705, 0.4617, 0.4498, 0.4574, 0.449, 0.4407, 0.4425, 0.433, 0.4385, 0.436, 0.438, 0.4309, 0.4313, 0.4341, 0.432, 0.4384, 0.4312, 0.4234, 0.4265, 0.425, 0.4317, 0.4214, 0.4317, 0.4214, 0.4266]
