[array([17245, 41076, 24046,  6541,  3647, 40431, 41152, 43192, 20431,
        7034, 29055, 30048, 27677,  8334, 20694, 33952, 27931, 14037,
       23835, 32453,  5669, 28208,  2979, 38499, 30817, 36338, 16063,
       44808, 39154, 14864, 27405, 11915, 44450, 23265,  8955, 17228,
       24846, 26955, 19710, 32901, 10337, 33802, 39503,  3641, 46685,
       41288, 14230, 34644, 10153, 34754]), array([41076, 17245,  3647, 20431, 41152,  6541, 38499, 29055,  1842,
       23835, 19710, 44450, 30817,  5669, 28889, 20694, 28208, 14115,
       10153, 12148, 43192,  8334, 20376, 16063, 40484, 27931,  7034,
       14230, 27405, 38725, 33952, 42795, 12100, 24046, 15562, 23336,
       45122, 27677, 17859, 44808, 27772, 37287, 23295,  2873, 43709,
       32453, 21772, 47827,  8413,  1907]), array([ 6541, 17245, 41076,  3647, 20431, 38499, 41152, 19710, 32453,
       23835, 44450, 30817, 20376,  8334, 28889, 29055, 45122, 10153,
       17859, 27405,  7034, 14115,  1842, 28208,  4782, 36388, 12148,
       27677, 16721,  2873, 39199, 33838, 40431, 14230,  5669, 24846,
       26154, 23336, 27931, 38725, 31047, 18253, 28804, 27380, 15562,
       16063, 37287, 33952, 46542,  4665]), array([17245, 41152,  6541,  3647, 41076, 20431, 44450, 19710, 30817,
       20376, 17859, 32453, 33952, 28889,  2873,  7034, 14115, 36388,
        4782, 10153, 29055, 27380,  1842, 46542, 38499, 28804, 43098,
       16014, 27677, 23336, 24846, 36598, 18253, 45122, 26154, 40484,
       15562, 31047, 39749, 23835, 28208, 39199, 10113, 39154, 16721,
       38725,  1907, 27772, 27931, 14230]), array([17245,  6541, 41152, 20431, 41076,  3647, 17859, 19710, 30817,
       44450,  4782, 28889, 43098, 28804, 46542, 20376, 29055, 40484,
       16014, 38499, 14115,  2873,  1907, 27380, 23336, 23835,  1842,
       14230, 27772, 32453,  7521, 39199, 36388, 10153, 36598, 45122,
          20, 13354, 27838, 38725, 25949, 39749, 27931, 42989,  6708,
       18253, 31047,  5771, 38956, 12148]), array([   20,  1842,  1907,  2873,  3647,  4782,  5771,  6541,  6708,
        7521, 10153, 12148, 13354, 14115, 14230, 15562, 16014, 16721,
       17245, 17859, 18253, 19710, 20376, 20431, 23336, 23835, 25949,
       27380, 27405, 27772, 27838, 27931, 28804, 28889, 29055, 29580,
       30817, 31047, 31721, 32453, 34570, 36388, 36598, 38499, 38725,
       38956, 39199, 39749, 39789, 40484, 41076, 41152, 42989, 43098,
       43709, 44450, 45122, 45783, 46542, 46685]), array([   20,  1842,  1907,  2873,  3647,  4782,  5771,  6541,  6708,
        7521, 10153, 12148, 13354, 14115, 14230, 15562, 16014, 17245,
       17859, 18253, 19710, 20376, 20431, 23336, 23835, 25949, 27380,
       27405, 27772, 27838, 27931, 28208, 28804, 28889, 29055, 29580,
       30817, 31047, 31721, 32453, 36388, 36598, 37287, 38499, 38725,
       38956, 39199, 39749, 39789, 40484, 41076, 41152, 42989, 43098,
       43709, 44450, 45122, 46542, 46685]), array([   20,  1842,  1907,  2873,  3647,  4782,  5669,  5771,  6541,
        6708,  7521, 10153, 12148, 13354, 14115, 14230, 15562, 16014,
       17245, 17859, 18253, 19710, 20376, 20431, 23336, 23835, 25949,
       27380, 27405, 27772, 27838, 27931, 28804, 28889, 29055, 29580,
       30817, 31047, 31721, 32453, 36388, 36598, 38499, 38725, 38956,
       39199, 39749, 39789, 40484, 41076, 41152, 42989, 43098, 44450,
       45122, 45783, 46542, 46685]), array([   20,  1842,  1907,  2873,  3647,  4782,  5669,  5771,  6541,
        6708,  7521, 10153, 12148, 13354, 14115, 14230, 14343, 15562,
       16014, 16721, 17245, 17859, 18253, 19710, 20376, 20431, 23336,
       23835, 25949, 27380, 27405, 27772, 27838, 27931, 28804, 28889,
       29055, 29580, 30817, 31047, 32453, 36388, 36598, 37287, 38499,
       38725, 38956, 39199, 39749, 39789, 40484, 41076, 41152, 42989,
       43098, 44450, 45122, 46542, 46685]), array([   20,  1842,  1907,  2873,  3647,  4782,  5669,  5771,  6541,
        6708,  7521, 10153, 12148, 13354, 14115, 14230, 15562, 16014,
       17245, 17859, 18253, 19710, 20376, 20431, 23336, 23835, 25949,
       27380, 27405, 27772, 27838, 27931, 28804, 28889, 29055, 29580,
       30817, 31047, 31721, 32453, 36388, 36598, 37287, 38499, 38725,
       38956, 39199, 39749, 39789, 40484, 41076, 41152, 42989, 43098,
       44450, 45122, 46542])]
