[  115   212   263   316   328   340   402   404   414   433   438   508
   645   653   658   736   742   745   816   864   904  1159  1196  1205
  1422  1465  1502  1652  1726  1946  1980  2194  2249  2386  2406  2417
  2442  2445  2455  2642  2650  2696  2698  2839  3159  3180  3304  3326
  3363  3467  3490  3535  3541  3557  3693  3699  3759  3799  3800  3810
  3819  4212  4234  4250  4259  4266  4391  4556  4575  4576  4648  4675
  4731  4971  4986  5048  5104  5272  5341  5407  5418  5713  5721  5751
  5812  5900  5904  5916  5954  5961  6020  6057  6163  6183  6317  6382
  6501  6570  6588  6603  6853  6905  6906  7049  7074  7113  7126  7142
  7167  7179  7370  7453  7579  7650  7705  7716  7756  7793  7805  7811
  7883  7999  8017  8134  8135  8159  8195  8213  8214  8276  8282  8342
  8415  8431  8447  8450  8610  8617  8666  8754  8924  8972  9049  9090
  9165  9200  9337  9429  9525  9546  9564  9604  9686  9719  9964 10050
 10053 10114 10130 10177 10228 10242 10303 10382 10391 10400 10401 10480
 10575 10794 10813 10905 11001 11072 11073 11109 11144 11158 11160 11170
 11174 11317 11524 11545 11551 11611 11745 11846 11975 11993 12079 12211
 12247 12248 12261 12361 12396 12844 12963 12967 12983 13103 13257 13332
 13388 13562 13612 13680 13725 13741 13833 13916 14025 14026 14060 14067
 14070 14124 14184 14217 14239 14242 14251 14301 14314 14380 14417 14630
 14644 14666 14804 14900 14958 14980 14997 15238 15256 15277 15382 15468
 15704 15738 15784 15807 15865 16048 16126 16147 16202 16254 16290 16327
 16394 16402 16423 16621 16653 16793 17005 17010 17034 17063 17246 17279
 17288 17333 17389 17394 17655 17659 17682 17793 17862 17864 17952 18085
 18110 18114 18169 18200 18419 18499 18602 18613 18643 18668 18697 18830
 18869 19034 19084 19093 19191 19263 19329 19429 19454 19538 19655 19674
 19723 19808 19878 20067 20141 20265 20361 20397 20402 20459 20476 20520
 20613 20680 20713 20738 20930 21053 21091 21117 21248 21317 21372 21382
 21415 21421 21519 21553 21574 21579 21632 21759 21810 21855 21897 21962
 21973 22177 22356 22440 22465 22703 22734 22780 22936 23004 23116 23183
 23189 23505 23540 23612 23708 23966 23998 24101 24117 24266 24295 24343
 24485 24506 24552 24568 24628 24721 24817 24844 24913 24936 24937 24944
 25035 25071 25198 25200 25280 25313 25357 25438 25547 25550 25573 25593
 25745 25788 25792 25937 25979 26022 26225 26301 26374 26386 26390 26473
 26575 26860 26878 27146 27179 27237 27474 27593 27650 27656 27670 27702
 27778 27950 27985 27994 28021 28027 28052 28161 28276 28346 28391 28460
 28527 28538 28574 28633 28805 28878 29045 29046 29199 29241 29340 29484
 29526 29590 29621 29641 29888 29926 30023 30185 30642 30650 30715 30761
 30892 30934 31141 31170 31227 31275 31557 31559 31691 31699 31747 31871
 31924 31995 32137 32245 32251 32273 32634 32791 32810 32812 32929 32954
 32983 32999 33244 33255 33277 33345 33394 33432 33563 33585 33669 33683
 33687 33801 33824 33901 34062 34066 34130 34143 34196 34412 34460 34480
 34575 34685 34762 34773 34837 34897 34923 34940 35015 35056 35099 35161
 35397 35434 35493 35517 35561 35568 35593 35733 35808 35970 36022 36028
 36102 36254 36334 36523 36531 36589 36623 36671 36717 36909 36954 37147
 37162 37235 37270 37497 37505 37509 37573 37629 37709 37724 37780 37811
 37824 37831 37933 37960 38402 38466 38502 38516 38857 38898 38920 38996
 39069 39158 39345 39455 39551 39571 39713 39739 39890 39931 39946 40079
 40088 40192 40420 40443 40461 40510 40602 40610 40762 40856 41061 41207
 41245 41334 41344 41366 41412 41519 41558 41626 41657 41687 41847 42056
 42190 42254 42378 42452 42571 42649 42791 42816 43044 43056 43077 43094
 43111 43176 43272 43276 43410 43473 43599 43703 43750 43846 44028 44153
 44170 44206 44244 44323 44364 44423 44441 44495 44525 44565 44590 44675
 44709 44795 44817 44899 44909 44941 44974 45106 45114 45263 45448 45463
 45545 45656 45659 45940 45998 46020 46093 46115 46132 46152 46212 46225
 46289 46412 46472 46519 46580 46621 46652 46655 46763 46852 46933 46963
 47003 47054 47217 47223 47272 47298 47384 47412 47580 47592 47598 47671
 47703 47720 47936 47965 48033 48208 48245 48268 48304 48445 48528 48666
 48947 48978 49054 49259 49263 49353 49364]
[   32    46    65    96   112   159   201   225   233   235   268   303
   305   311   352   362   393   439   458   463   482   501   542   580
   726   755   817   827   866   867   870   918   929   955  1070  1177
  1331  1377  1398  1443  1482  1539  1546  1547  1559  1561  1565  1586
  1681  1684  1731  1734  1807  1856  1887  2002  2010  2025  2104  2134
  2138  2169  2212  2236  2291  2377  2385  2437  2482  2505  2536  2551
  2581  2608  2705  2747  2773  2803  2805  2904  2998  3000  3037  3047
  3050  3054  3072  3106  3208  3260  3289  3311  3358  3360  3361  3456
  3477  3495  3509  3589  3629  3640  3702  3712  3741  3747  3790  3804
  3817  3854  3977  3987  4005  4065  4168  4185  4326  4337  4348  4370
  4512  4519  4524  4550  4571  4581  4582  4595  4607  4692  4711  4759
  4793  4883  4900  4901  4921  4947  4949  4969  4970  5008  5153  5207
  5232  5306  5383  5461  5603  5614  5639  5717  5739  5753  5770  5782
  5833  5841  5886  5918  5930  5931  5983  6005  6011  6104  6139  6192
  6211  6267  6308  6354  6364  6405  6442  6586  6671  6734  6755  6805
  6837  6838  6900  7008  7011  7078  7163  7185  7235  7266  7368  7454
  7465  7495  7519  7597  7628  7663  7697  7744  7784  7858  7900  7934
  7978  8007  8046  8049  8054  8093  8098  8128  8345  8465  8475  8478
  8482  8515  8614  8719  8721  8796  8831  8953  8966  9005  9088  9124
  9152  9171  9174  9175  9177  9216  9272  9273  9299  9309  9314  9354
  9383  9431  9491  9502  9559  9561  9580  9660  9680  9755  9759  9903
 10101 10104 10173 10204 10227 10254 10257 10289 10348 10470 10478 10649
 10738 10861 10867 10889 11005 11024 11066 11092 11118 11125 11292 11310
 11349 11365 11423 11470 11535 11568 11592 11593 11711 11723 11772 11804
 11842 11928 11942 11959 11974 12010 12039 12056 12057 12120 12162 12221
 12236 12271 12402 12455 12593 12596 12618 12691 12718 12726 12732 12733
 12770 12779 12796 12841 12876 12879 12894 12909 12914 12933 12976 13026
 13116 13120 13343 13369 13377 13379 13382 13383 13396 13406 13434 13441
 13516 13597 13619 13629 13631 13638 13649 13712 13715 13750 13768 13827
 13924 13974 13986 14039 14051 14061 14097 14158 14210 14269 14276 14352
 14363 14367 14370 14376 14389 14397 14473 14493 14518 14621 14643 14650
 14684 14738 14995 15006 15016 15053 15280 15302 15399 15400 15494 15508
 15532 15640 15649 15652 15693 15772 15825 15900 15968 16015 16023 16045
 16068 16235 16277 16288 16373 16405 16424 16502 16508 16574 16584 16598
 16657 16681 16730 16794 16813 16814 16817 16836 16850 16880 16919 16956
 17036 17101 17135 17297 17298 17373 17407 17482 17493 17565 17673 17724
 17886 17994 18017 18065 18103 18165 18201 18266 18275 18279 18331 18385
 18399 18454 18464 18471 18507 18557 18559 18565 18615 18646 18648 18663
 18730 18764 18805 18821 18858 18935 18947 19002 19028 19050 19062 19094
 19112 19126 19143 19151 19183 19206 19246 19257 19269 19284 19286 19305
 19363 19522 19588 19634 19734 19850 19871 19880 19887 19911 20056 20082
 20096 20103 20123 20160 20172 20173 20219 20267 20303 20340 20343 20345
 20386 20421 20510 20526 20542 20564 20618 20629 20645 20662 20663 20684
 20688 20704 20721 20803 20838 20861 20868 20882 20911 20936 20967 21016
 21066 21079 21153 21161 21204 21215 21242 21276 21289 21298 21336 21371
 21405 21407 21429 21461 21490 21538 21562 21785 21819 21830 21919 21990
 22042 22056 22106 22120 22163 22219 22242 22247 22267 22272 22284 22336
 22396 22422 22427 22529 22595 22624 22645 22647 22770 22784 22822 22845
 22852 22915 22928 22974 22977 23012 23069 23089 23102 23146 23167 23314
 23360 23409 23530 23566 23590 23595 23622 23659 23694 23721 23725 23759
 23764 23794 23799 23823 23865 23869 23876 23880 23892 23954 23965 23983
 24008 24045 24082 24091 24152 24193 24202 24222 24236 24256 24296 24302
 24355 24463 24468 24475 24517 24674 24682 24686 24718 24736 24769 24793
 24810 24816 24818 24836 24838 24883 24897 24898 24911 24955 24985 25020
 25024 25025 25051 25137 25265 25287 25324 25328 25338 25367 25394 25460
 25557 25577 25665 25704 25811 25814 25827 25917 25928 25946 25959 26045
 26094 26123 26137 26223 26230 26258 26471 26523 26534 26569 26597 26627
 26662 26763 26885 26991 27007 27020 27063 27087 27156 27163 27168 27227
 27231 27290 27304 27410 27426 27446 27518 27525 27734 27743 27752 27757
 27761 27774 27836 27877 27932 27956 27988 28004 28038 28064 28074 28095
 28106 28163 28264 28271 28291 28297 28455 28494 28500 28515 28558 28568
 28592 28608 28617 28619 28635 28640 28683 28696 28713 28735 28778 28779
 28800 28813 28828 28845 28875 28881 28907 28930 28961 28964 28973 29001
 29010 29027 29132 29137 29160 29196 29197 29246 29256 29289 29341 29376
 29409 29437 29463 29475 29489 29548 29602 29608 29649 29671 29683 29720
 29758 29759 29798 29813 29847 29859 29931 30036 30065 30134 30174 30180
 30198 30213 30241 30322 30343 30375 30379 30431 30472 30497 30552 30589
 30610 30695 30782 30785 30792 30811 30816 30823 30851 30926 30938 30995
 31023 31030 31083 31222 31286 31338 31400 31506 31524 31568 31633 31645
 31719 31741 31781 31789 31798 31886 31912 31929 31971 31996 32035 32042
 32138 32142 32163 32272 32305 32333 32335 32348 32350 32388 32403 32405
 32411 32473 32503 32504 32545 32568 32640 32693 32714 32727 32861 32981
 32986 33058 33102 33110 33338 33358 33400 33491 33539 33622 33714 33720
 33724 33769 33770 33771 33779 33813 33828 33845 33857 33899 33914 33929
 33938 33947 33952 34133 34177 34181 34187 34204 34245 34322 34343 34347
 34353 34366 34367 34431 34437 34477 34478 34501 34509 34558 34568 34638
 34665 34691 34694 34701 34775 34815 34859 34863 34889 34941 34994 35039
 35042 35145 35170 35243 35249 35261 35264 35302 35324 35423 35497 35567
 35613 35661 35713 35761 35762 35841 35871 35937 35967 35992 36009 36033
 36078 36122 36145 36182 36210 36225 36246 36272 36344 36365 36510 36613
 36654 36813 36850 36865 36890 36925 36984 37013 37017 37052 37054 37058
 37073 37106 37222 37226 37246 37282 37330 37341 37409 37548 37577 37578
 37596 37600 37635 37673 37861 37883 37892 37904 37965 38085 38104 38115
 38163 38190 38242 38258 38272 38279 38346 38363 38405 38436 38447 38460
 38492 38511 38545 38562 38590 38656 38659 38673 38732 38746 38804 38816
 38880 38889 38981 38997 39028 39262 39343 39376 39410 39411 39417 39424
 39513 39517 39545 39592 39605 39608 39639 39651 39687 39788 39795 39810
 39861 39870 39882 39895 39961 39997 40121 40233 40258 40351 40410 40478
 40485 40533 40535 40611 40667 40705 40751 40753 40759 40790 40877 40990
 41006 41048 41065 41088 41126 41174 41211 41257 41260 41329 41430 41450
 41476 41513 41587 41703 41707 41733 41810 41862 41886 41982 41990 42082
 42087 42202 42214 42282 42301 42314 42328 42359 42425 42429 42434 42449
 42451 42486 42491 42494 42498 42742 42806 42815 42887 42942 42964 42974
 43022 43090 43116 43153 43202 43214 43222 43224 43353 43382 43499 43518
 43539 43596 43708 43803 43976 43979 44021 44051 44095 44098 44109 44174
 44186 44210 44212 44218 44282 44284 44312 44411 44417 44427 44433 44491
 44515 44520 44526 44551 44563 44566 44575 44580 44638 44648 44653 44702
 44794 44811 44821 44952 44978 45026 45036 45051 45098 45151 45191 45235
 45261 45279 45332 45384 45388 45443 45454 45518 45540 45547 45704 45785
 45872 45900 45942 45947 45961 46039 46055 46137 46168 46182 46244 46447
 46537 46539 46568 46601 46626 46674 46716 46779 46792 46801 46825 46900
 46912 46925 47029 47053 47063 47066 47117 47147 47192 47458 47496 47512
 47547 47560 47610 47630 47634 47675 47715 47738 47816 47831 47878 47895
 47939 48016 48060 48082 48129 48307 48332 48336 48416 48432 48552 48557
 48569 48576 48597 48624 48660 48662 48677 48698 48768 48840 48857 48890
 48920 48927 48944 48984 48989 49024 49086 49093 49096 49161 49165 49173
 49204 49250 49291 49348 49366 49435 49471 49472 49478]
[   41    48   190   338   528   619   645   722   810   950  1197  1416
  1510  1581  1803  1904  1952  2022  2052  2065  2076  2190  2371  2432
  2490  2791  2845  2993  3067  3266  3457  3533  3783  3855  3924  3955
  4072  4285  4338  4705  4797  4938  5124  5169  5171  5183  5244  5274
  5275  5320  5384  5483  5524  5525  5535  5804  5819  6205  6254  6331
  6494  6549  6552  6590  6696  6741  6970  7058  7190  7240  7291  7336
  7468  7526  7595  7893  7894  7988  8175  8213  8257  8601  8688  8718
  8786  8851  8881  9093  9487  9604  9761  9825  9862 10088 10091 10288
 10311 10376 10700 10868 10899 11174 11425 11487 11581 11698 11704 11727
 11813 11861 11932 12103 12113 12173 12375 12401 12415 12572 12673 12761
 12763 12817 13018 13306 13397 13483 13520 13546 13575 13723 13794 14124
 14184 14333 14350 14384 14435 14446 14469 14505 14976 15222 15241 15521
 15566 15726 15832 15906 15995 16024 16185 16191 16211 16382 16515 16544
 16695 16704 16706 16844 16892 16916 16942 17131 17151 17268 17278 17310
 17391 17477 17576 17588 17598 17769 17793 17798 17870 18114 18499 18608
 18613 18659 18724 18847 18940 18956 19038 19148 19278 19292 19414 19436
 19512 19660 20193 20218 20254 20276 20280 20397 20402 20436 20631 20680
 20778 20807 21413 21599 21679 21716 21811 21937 21968 22052 22303 22518
 22561 22618 22761 22788 22949 23053 23213 23273 23356 23497 23610 23700
 23859 23949 24164 24320 24387 24427 24435 24616 24777 24786 24831 24958
 25003 25027 25147 25183 25192 25210 25230 25254 25440 25465 25594 25608
 25974 26005 26034 26057 26088 26254 26359 26548 26620 26655 26821 26864
 26879 26903 27217 27242 27272 27400 27445 27498 27538 27544 27627 27677
 27782 27814 28121 28165 28168 28179 28268 28383 28409 28434 28497 28563
 28572 28653 28709 28740 28763 28966 28970 29213 29241 29377 29950 30086
 30393 30744 30817 30916 30955 31117 31120 31145 31166 31217 31367 31394
 31540 31544 31625 31676 31768 32052 32525 32610 32748 32792 32794 32833
 32842 32846 32851 33141 33147 33262 33509 33646 33704 33766 33775 33829
 33838 33906 34004 34027 34082 34221 34255 34334 34473 34531 34820 35051
 35152 35309 35506 35514 35641 36008 36253 36316 36648 36703 36819 37048
 37365 37375 37489 37636 37811 37897 37977 38073 38530 38607 38653 38759
 38773 38780 38854 38881 38885 39011 39107 39533 39588 39763 39780 39800
 39801 39917 40263 40319 40470 40627 40658 40762 40922 40950 40999 41009
 41181 41261 41410 41595 41632 41735 41751 41776 41809 41869 41957 42178
 42216 42292 42313 42578 42617 43114 43119 43157 43420 43462 43511 43550
 43632 43765 43820 43922 43951 43974 43993 44297 44363 44371 44691 44853
 45072 45366 45446 45460 45485 45558 45626 45890 46093 46097 46323 46412
 46433 46434 46473 46474 46546 46738 46795 46829 46930 46963 47012 47042
 47146 47178 47200 47227 47272 47336 47384 47392 47474 47755 47789 47911
 48079 48125 48367 48395 48437 48665 49215 49308 49309 49364]
[  228   238   257   529   602   625   628   911   994  1007  1072  1089
  1195  1351  1491  1534  1541  1543  1648  1706  1792  1828  1829  1836
  1897  2035  2225  2290  2353  2395  2452  2542  2585  2752  2762  2821
  2883  2909  2959  2961  2990  3023  3035  3057  3127  3146  3275  3313
  3339  3424  3542  3565  3635  3643  3724  3786  3796  3884  3932  4030
  4083  4125  4167  4184  4231  4393  4401  4427  4446  4488  4491  4508
  4565  4653  4677  4694  4744  4756  4770  4806  4876  4877  5002  5100
  5103  5108  5158  5253  5322  5326  5443  5547  5594  5595  5618  5780
  5807  5890  6143  6162  6164  6285  6294  6318  6326  6329  6417  6424
  6519  6635  6679  6748  6783  6808  6810  6864  6915  6981  6999  7031
  7056  7080  7090  7166  7182  7248  7389  7470  7476  7604  7635  7694
  7726  7767  7820  7823  7867  7907  7942  7945  7952  8025  8079  8270
  8425  8427  8589  8590  8628  8711  8859  8903  9010  9059  9076  9087
  9151  9244  9328  9392  9398  9399  9495  9520  9536  9875 10284 10312
 10315 10319 10326 10329 10342 10569 10622 10719 10736 10756 10777 10916
 10929 10959 11011 11091 11107 11147 11151 11168 11211 11253 11298 11333
 11357 11370 11414 11421 11558 11565 11625 11673 11684 11714 11742 11777
 11821 11871 11895 11947 11970 12207 12224 12324 12352 12357 12369 12444
 12462 12477 12491 12497 12510 12656 12730 12820 12864 12941 12968 13121
 13128 13204 13227 13322 13331 13367 13376 13656 13746 13801 13819 13839
 13906 13933 13979 14018 14023 14080 14094 14103 14198 14212 14260 14300
 14329 14342 14429 14455 14500 14545 14582 14609 14683 14723 14778 14865
 14901 14925 14979 15076 15078 15330 15368 15525 15547 15600 15658 15692
 15737 15777 16081 16103 16148 16233 16250 16410 16475 16586 16635 16759
 16761 16783 16785 16815 16913 17062 17103 17116 17120 17138 17199 17323
 17369 17431 17480 17485 17525 17527 17540 17597 17706 17889 17925 17962
 18167 18271 18413 18434 18448 18468 18470 18492 18526 18569 18649 18662
 18774 18815 18883 18886 18904 18972 19137 19182 19222 19255 19409 19481
 19506 19547 19605 19671 19825 19852 19986 20018 20063 20174 20189 20214
 20291 20315 20406 20417 20482 20727 20780 20804 20847 20850 20980 21052
 21194 21244 21269 21321 21488 21513 21573 21586 21610 21634 21640 21665
 21698 21733 21836 21874 21877 22001 22109 22586 22616 22635 22725 22758
 23049 23113 23201 23207 23449 23474 23492 23501 23536 23565 23704 23761
 23762 23803 23873 23992 23996 24036 24040 24167 24192 24204 24241 24255
 24326 24479 24507 24513 24621 24709 24800 24809 24821 24824 24884 24939
 25029 25041 25103 25270 25325 25349 25400 25486 25643 25691 25766 25767
 25910 25918 25990 26013 26095 26102 26142 26265 26320 26434 26457 26465
 26520 26604 26676 26681 26779 26969 27027 27039 27054 27083 27196 27310
 27350 27381 27383 27394 27505 27549 27601 27617 27622 27659 27707 27773
 27784 27793 27805 27858 27953 27965 28145 28191 28321 28370 28371 28379
 28451 28468 28523 28524 28564 28609 28661 28679 28684 28712 28767 28768
 28801 28859 28971 29100 29161 29162 29249 29275 29282 29302 29314 29355
 29400 29408 29472 29531 29693 29712 29802 29943 29980 30011 30356 30408
 30409 30453 30461 30465 30518 30675 30717 30736 30750 30776 30819 30840
 30986 30993 31019 31038 31144 31226 31247 31277 31368 31411 31420 31445
 31470 31512 31672 31723 31724 31756 31811 31909 31951 31983 32030 32055
 32062 32097 32155 32229 32267 32351 32392 32455 32463 32472 32499 32557
 32566 32574 32582 32644 32673 32715 32721 32764 32802 32906 32947 33053
 33070 33224 33263 33284 33315 33362 33462 33487 33570 33592 33604 33609
 33648 33763 33806 33854 33953 34047 34073 34086 34100 34252 34297 34350
 34447 34483 34485 34616 34651 34676 34687 34692 34753 34761 34769 34770
 34807 34831 34886 34887 35076 35184 35674 35706 35736 35772 35804 35807
 35829 35835 36135 36236 36300 36525 36529 36584 36585 36594 36729 36805
 36828 36947 36994 37005 37075 37115 37216 37242 37252 37310 37327 37336
 37379 37442 37534 37542 37609 37613 37693 37773 37898 37989 38039 38064
 38174 38255 38301 38360 38381 38385 38493 38506 38521 38613 38637 38684
 38687 38706 38738 38772 39021 39033 39065 39098 39152 39166 39232 39456
 39591 39594 39607 39817 39938 39945 39981 40106 40290 40358 40381 40439
 40457 40487 40514 40517 40522 40737 40963 41020 41105 41134 41148 41163
 41274 41281 41336 41504 41649 41661 41753 41770 41824 41834 41944 41955
 41985 41989 42059 42083 42088 42108 42173 42198 42263 42312 42392 42399
 42427 42440 42562 42592 42625 42638 42745 42754 42846 42883 42922 42978
 43014 43037 43041 43120 43166 43183 43195 43293 43297 43325 43404 43412
 43479 43723 43737 43784 43793 43795 43798 43826 43829 43837 43907 43927
 43960 44020 44071 44246 44263 44330 44410 44498 44512 44629 44679 44682
 44731 44746 44762 44824 44904 44973 45024 45052 45053 45059 45246 45304
 45440 45441 45492 45500 45507 45536 45627 45639 45743 45757 45831 45888
 45902 45919 46100 46110 46148 46160 46172 46319 46375 46408 46457 46479
 46535 46575 46581 46628 46633 46649 46711 46862 46892 46975 46987 47002
 47179 47448 47464 47480 47588 47601 47636 47638 47824 47867 47994 48026
 48055 48062 48102 48142 48238 48258 48291 48313 48429 48551 48564 48623
 48727 48799 48889 48895 48962 48970 49135 49228 49368 49465 49480]
[  123   292   436   616   627   826  1034  1043  1055  1197  1205  1579
  1666  1771  1817  2016  2031  2121  2384  2496  2521  2652  2761  2869
  2873  2924  2926  2979  3025  3045  3180  3266  3647  3801  3810  3844
  3859  3924  4268  4354  4467  4572  4665  4667  4782  4850  5003  5171
  5179  5374  5399  5566  5669  5758  5761  5794  5849  5996  6024  6276
  6389  6431  6576  6754  6905  6941  7016  7034  7210  7351  7428  7447
  7520  7521  7568  7624  7645  7805  7964  8084  8090  8135  8213  8296
  8334  8373  8495  8501  8586  8626  8688  8692  8701  8797  8884  8933
  8972  8979  9008  9122  9125  9192  9362  9564  9579  9592  9610  9756
  9783 10053 10113 10153 10183 10197 10339 10513 10544 10554 10570 10578
 10726 10754 10942 11136 11189 11236 11490 11512 11520 11620 11818 11835
 11846 11850 11882 12064 12095 12113 12148 12199 12246 12410 12445 12450
 12552 12650 12835 12844 13081 13215 13436 13602 13722 13731 13770 13807
 13903 13944 13951 13987 14124 14169 14230 14450 14639 14688 14715 14785
 14864 14899 14900 14963 14978 14981 15079 15408 15484 15571 15616 15674
 15707 15804 16049 16063 16075 16291 16386 16548 16576 16686 16704 16721
 16766 16812 16878 16998 16999 17081 17123 17228 17245 17312 17452 17454
 17588 17669 17733 17909 17982 18016 18067 18114 18176 18378 18450 18499
 18602 18668 18817 18929 18938 19008 19017 19093 19119 19229 19326 19568
 19571 19782 19791 19797 19824 19999 20078 20149 20220 20376 20397 20416
 20440 20520 20657 20694 21088 21355 21628 21772 21790 21811 21821 21883
 21890 22011 22178 22248 22269 22362 22391 22443 22469 22559 22569 22711
 22729 22782 23000 23135 23211 23265 23415 23466 23498 23544 23555 23601
 23663 23806 23835 23909 23921 23953 24046 24053 24244 24324 24353 24393
 24435 24552 24606 24637 24765 24846 24856 25000 25154 25163 25177 25195
 25230 25332 25359 25415 25507 25692 25822 25851 25862 25942 26152 26315
 26417 26542 26609 26620 26666 26743 26806 26817 26821 26860 26955 26992
 27146 27242 27380 27405 27419 27439 27480 27506 27677 27679 27772 27782
 27838 27874 27931 28138 28300 28318 28368 28474 28528 28599 28602 28613
 28721 28833 28894 29103 29241 29257 29258 29264 29277 29362 29455 29580
 29867 29892 29981 30048 30091 30163 30226 30304 30485 30574 30817 31047
 31117 31118 31173 31244 31398 31540 31650 31750 31776 31979 32086 32126
 32153 32304 32550 32657 32814 32840 33131 33161 33195 33310 33345 33390
 33509 33602 33715 33730 33802 33838 33918 33942 33952 33990 34045 34055
 34062 34143 34168 34265 34519 34685 34797 34883 35123 35149 35416 35495
 35517 35603 35652 35766 36050 36121 36268 36338 36388 36663 36710 36765
 36781 36821 36838 36854 36918 37029 37135 37200 37287 37351 37585 37607
 37627 37709 37753 37845 37857 37908 37955 37979 38020 38167 38499 38588
 38607 38725 38973 39148 39158 39295 39305 39459 39480 39503 39551 39690
 39718 39837 39845 39924 39931 39959 40047 40088 40153 40235 40319 40329
 40373 40394 40431 40450 40580 40657 40729 40840 40998 41003 41066 41076
 41152 41231 41288 41340 41524 41586 41660 41858 41910 41925 42003 42033
 42069 42102 42112 42519 42603 42767 42795 43016 43097 43149 43324 43377
 43397 43498 43525 43542 43609 43611 43632 43838 43840 43898 44024 44057
 44101 44178 44213 44323 44456 44674 44791 44808 44895 44936 45062 45090
 45172 45348 45362 45477 45585 45615 45631 45656 45688 45724 45915 45924
 46016 46225 46312 46458 46735 46752 46775 46805 46948 47032 47091 47332
 47365 47413 47422 47652 47689 47727 47734 47759 47798 47827 47872 47886
 48254 48298 48482 48483 48528 48545 48872 48956 49051 49107 49181 49333
 49391 49415 49462]
[  228   238   247   257   304   338   423   473   489   495   529   628
   670   676   684   744   848   869   901   911   962  1087  1101  1124
  1180  1195  1281  1298  1343  1475  1491  1543  1645  1648  1706  1741
  1760  1828  1829  1880  1885  1897  1987  2040  2090  2106  2179  2256
  2290  2356  2395  2399  2408  2423  2530  2542  2560  2628  2636  2665
  2680  2688  2762  2821  2879  2907  2938  2961  2978  2990  3035  3044
  3068  3082  3146  3305  3313  3329  3339  3359  3424  3471  3542  3549
  3565  3635  3643  3724  3796  3823  3834  3861  3884  3932  4010  4030
  4206  4231  4335  4341  4352  4427  4490  4491  4494  4507  4565  4600
  4653  4657  4677  4678  4744  4756  4770  4773  4805  4978  4991  5002
  5009  5071  5103  5158  5217  5264  5336  5458  5550  5618  5748  5750
  5772  5780  5890  5909  5974  6143  6150  6157  6190  6198  6282  6294
  6326  6417  6424  6519  6553  6635  6651  6808  6810  6864  6915  6981
  6982  7056  7087  7090  7092  7166  7190  7247  7248  7414  7435  7530
  7652  7665  7708  7726  7792  7795  7820  7823  7907  7936  7971  8020
  8079  8097  8169  8270  8294  8303  8416  8418  8589  8643  8658  8668
  8705  8711  8804  8850  8859  8903  8962  8983  9072  9073  9076  9264
  9398  9399  9495  9520  9619  9721  9797  9838  9872  9963  9969 10027
 10039 10221 10319 10329 10342 10451 10469 10475 10486 10532 10568 10622
 10624 10706 10777 10896 10916 10959 11085 11126 11147 11172 11211 11235
 11241 11253 11298 11350 11382 11419 11421 11565 11602 11604 11612 11625
 11684 11707 11714 11743 11753 11821 11868 11871 11895 11939 11970 12000
 12044 12122 12124 12208 12323 12324 12369 12372 12444 12462 12491 12497
 12504 12518 12606 12710 12730 12747 12865 12941 12968 13108 13128 13227
 13331 13336 13467 13530 13551 13656 13892 13893 13933 14018 14023 14029
 14094 14103 14154 14212 14243 14246 14257 14260 14465 14500 14507 14511
 14540 14545 14599 14660 14744 14865 14878 14893 14901 14979 15020 15078
 15144 15204 15237 15274 15290 15291 15292 15404 15427 15492 15600 15658
 15687 15696 15699 15737 15817 15826 15836 15880 16081 16103 16125 16148
 16167 16178 16250 16300 16380 16396 16401 16410 16586 16596 16624 16635
 16696 16785 16811 16815 16931 17062 17076 17084 17103 17120 17138 17156
 17199 17236 17281 17323 17349 17369 17431 17476 17525 17536 17540 17552
 17597 17622 17629 17706 17751 17806 17889 17900 17991 18001 18128 18167
 18209 18248 18374 18405 18434 18441 18468 18526 18569 18575 18577 18637
 18649 18662 18667 18774 18815 18824 18883 18957 18990 19009 19130 19137
 19163 19222 19247 19287 19338 19409 19471 19481 19531 19540 19671 19758
 19825 19852 19868 19988 20063 20174 20214 20269 20315 20317 20325 20406
 20416 20417 20475 20482 20523 20547 20780 20804 20847 20850 20887 20890
 21072 21178 21259 21418 21516 21529 21585 21611 21634 21640 21733 21784
 21854 21917 22001 22004 22094 22254 22273 22310 22432 22473 22497 22514
 22560 22606 22743 22758 22819 22827 22832 22882 22955 22991 22999 23034
 23057 23078 23079 23113 23140 23249 23260 23281 23319 23449 23492 23501
 23761 23762 23781 23803 23853 23883 23915 23996 24007 24040 24132 24163
 24167 24192 24251 24255 24298 24316 24458 24470 24483 24617 24709 24730
 24800 24804 24826 24887 24903 24916 25006 25029 25041 25103 25208 25251
 25325 25339 25594 25643 25691 25719 25767 25771 25810 25910 25918 25974
 26013 26064 26082 26089 26095 26102 26104 26142 26259 26265 26318 26320
 26418 26464 26480 26520 26604 26671 26681 26779 26815 26864 26969 27028
 27054 27070 27177 27183 27196 27306 27310 27350 27381 27415 27448 27487
 27596 27649 27777 27784 27793 27808 27809 27849 27953 28070 28098 28115
 28131 28191 28210 28231 28248 28263 28362 28370 28371 28403 28484 28541
 28564 28679 28706 28712 28718 28737 28767 28801 28958 28978 29072 29100
 29161 29162 29186 29249 29277 29282 29302 29314 29321 29384 29408 29472
 29724 29757 29848 30011 30063 30085 30149 30207 30231 30356 30406 30409
 30430 30453 30461 30464 30465 30518 30717 30776 30778 30819 30864 30965
 30986 30993 31038 31122 31144 31156 31207 31217 31230 31247 31264 31323
 31356 31419 31420 31445 31470 31472 31476 31504 31512 31526 31543 31565
 31655 31659 31672 31722 31723 31724 31783 31811 31861 31949 31970 32051
 32055 32062 32099 32143 32155 32291 32351 32440 32446 32472 32499 32557
 32565 32574 32608 32644 32667 32721 32802 32806 32906 32921 32947 32956
 33053 33085 33124 33134 33136 33183 33233 33263 33279 33284 33308 33315
 33472 33487 33489 33525 33648 33659 33722 33763 33806 33854 33872 34047
 34065 34073 34086 34100 34183 34252 34253 34297 34335 34349 34350 34447
 34483 34582 34616 34641 34692 34709 34770 34807 34831 34857 34911 34932
 34967 35076 35184 35232 35386 35420 35458 35476 35565 35594 35598 35663
 35669 35674 35790 35835 35860 35863 35977 36238 36248 36260 36300 36403
 36410 36488 36525 36529 36546 36584 36585 36599 36600 36633 36676 36715
 36716 36805 36814 36828 36884 36947 37075 37097 37115 37198 37242 37267
 37285 37310 37327 37336 37379 37390 37442 37496 37513 37609 37613 37639
 37648 37898 38039 38129 38174 38255 38270 38360 38385 38479 38493 38503
 38505 38506 38637 38684 38706 38764 38766 38772 38774 38792 38895 38984
 39065 39087 39091 39133 39202 39456 39473 39490 39591 39607 39615 39658
 39730 39731 39872 39909 39938 39945 39963 40022 40029 40033 40131 40180
 40222 40248 40259 40284 40290 40381 40439 40457 40477 40487 40507 40514
 40517 40522 40534 40565 40592 40625 40681 40684 40704 40737 40788 40931
 40941 41022 41095 41134 41145 41148 41163 41281 41319 41461 41646 41661
 41699 41735 41834 41855 41937 41985 41989 42088 42108 42173 42207 42212
 42263 42356 42392 42399 42427 42440 42562 42592 42613 42625 42661 42745
 42910 42922 43014 43105 43158 43183 43365 43396 43406 43415 43523 43615
 43726 43829 43837 43861 43915 43964 43996 44020 44092 44263 44381 44405
 44412 44431 44512 44671 44679 44705 44731 44777 44824 44828 44973 45024
 45050 45052 45095 45137 45304 45359 45372 45427 45440 45441 45457 45469
 45507 45524 45527 45567 45626 45627 45639 45871 45902 45926 45943 45954
 45980 46144 46222 46268 46284 46324 46375 46438 46518 46575 46649 46747
 46770 46894 46959 46975 46987 46990 46995 47000 47002 47007 47024 47179
 47206 47234 47398 47480 47515 47541 47548 47641 47824 47915 47918 47924
 47994 48026 48055 48059 48084 48090 48258 48270 48344 48349 48368 48382
 48429 48513 48527 48564 48727 48778 48782 48799 48895 48975 49171 49172
 49192 49228 49346 49423]
[   19    99   260   582   583   614   646   716   737   830   859   913
  1023  1137  1238  1249  1414  1472  1615  1624  1689  1728  1748  1968
  1975  2039  2086  2097  2211  2293  2324  2340  2354  2394  2422  2585
  2593  2705  2715  2717  2763  2885  3080  3097  3261  3343  3388  3412
  3502  3528  3563  3793  3822  3879  3992  4005  4018  4158  4523  4562
  4610  4826  4831  4866  4902  5041  5072  5268  5330  5331  5408  5688
  5826  6052  6136  6186  6239  6243  6388  6474  6475  6530  6546  6593
  6602  6649  6770  6815  6821  7081  7130  7162  7274  7677  7748  7880
  7913  7914  7997  8008  8047  8123  8220  8269  8271  8348  8363  8403
  8496  8614  8733  8760  8775  8834  8889  8939  8969  9183  9346  9364
  9388  9414  9428  9569  9638  9654  9703  9739  9873  9938 10007 10030
 10247 10346 10489 10646 10818 10963 11046 11108 11111 11165 11225 11285
 11525 11562 11580 11626 11723 11800 11856 11915 11954 11961 12092 12101
 12150 12159 12188 12265 12318 12483 12503 12642 12729 12780 12943 12978
 13175 13409 13579 13623 13785 14123 14191 14203 14294 14311 14544 14575
 14633 14992 15003 15095 15115 15174 15194 15393 15405 15648 15831 15873
 15901 15905 16933 17035 17054 17070 17104 17154 17249 17269 17271 17284
 17356 17398 17418 17461 17542 17543 17570 17774 17816 17846 17962 17988
 18036 18073 18121 18205 18358 18463 18487 18599 18749 18912 18913 19121
 19219 19311 19370 19483 19677 19720 19896 19995 20026 20032 20069 20125
 20352 20487 20500 20715 20723 20761 20829 20939 20942 21174 21329 21713
 21735 21738 21787 21851 21856 22065 22173 22180 22244 22323 22377 22529
 22620 22869 22875 22967 23064 23164 23170 23287 23340 23368 23506 23523
 23639 23701 23900 23993 24059 24074 24111 24127 24249 24283 24423 24518
 24793 24898 24969 24993 24995 25045 25068 25185 25191 25312 25347 25369
 25442 25567 25584 25617 25728 25834 25859 25948 25968 26087 26135 26275
 26342 26436 26565 26599 26900 26906 26996 27503 27512 27712 27940 28157
 28166 28277 28308 28317 28335 28402 28600 28809 29087 29129 29242 29248
 29353 29391 29513 29543 29544 29562 29584 29707 29769 29776 29784 29842
 30634 30849 30860 30895 30917 30920 31070 31215 31240 31311 31328 31365
 31403 31538 31577 31584 31591 31851 31979 32027 32111 32257 32261 32365
 32378 32532 32584 32624 32683 32684 32776 32795 32836 33082 33083 33149
 33261 33338 33349 33429 33488 33534 33619 33955 33965 34186 34210 34279
 34291 34340 34373 34503 34558 34623 34631 34676 34740 34780 34910 35620
 35628 35646 35890 35929 36006 36250 36298 36463 36739 36746 36770 36863
 36962 36995 37103 37117 37192 37268 37284 37355 37409 37602 37630 37695
 37795 37924 37961 38072 38130 38286 38356 38378 38463 38472 38573 38700
 38779 38817 38994 39078 39499 39584 39708 39756 39773 39790 39835 39967
 40041 40101 40106 40148 40255 40262 40275 40277 40362 40455 40463 40740
 40746 40786 40926 41058 41246 41284 41370 41458 41568 41636 41711 41868
 42109 42299 42323 42374 42394 42451 42642 42646 42740 42925 43025 43080
 43165 43277 43307 43335 43361 43461 43498 43539 43575 43609 43868 43890
 44017 44243 44267 44391 44469 44564 44630 44806 44854 44912 45021 45030
 45338 45462 45491 45637 45667 45697 45704 45798 45803 45813 45854 45864
 45920 45958 46089 46166 46221 46299 46330 46444 46452 46454 46460 46610
 46631 46654 46685 46729 46758 46845 46931 47112 47125 47166 47182 47438
 47584 47621 47693 47758 47764 48038 48178 48210 48211 48305 48457 48472
 48517 48606 48607 48617 48677 48875 48912 48919 48971 49012 49092 49097
 49273 49467]
[    7    35    37    43   133   171   255   360   419   491   511   618
   740   788   799   836   838   927   947  1116  1126  1284  1357  1568
  1716  1725  1841  1877  1886  1901  1916  2060  2084  2186  2229  2320
  2323  2342  2382  2427  2431  2462  2522  2541  2544  2592  2761  2785
  2812  2818  2952  2956  3058  3079  3113  3183  3247  3254  3291  3341
  3368  3389  3581  3620  3750  3752  3767  3903  3947  3985  3990  4042
  4044  4142  4151  4180  4199  4211  4217  4221  4248  4320  4465  4513
  4541  4548  4645  4839  4854  5014  5035  5110  5139  5219  5226  5267
  5270  5278  5357  5386  5399  5447  5476  5485  5513  5516  5546  5557
  5569  5608  5719  5730  5732  5769  5838  5853  5882  5891  5936  5938
  6004  6092  6221  6225  6229  6241  6271  6305  6401  6428  6454  6476
  6506  6539  6618  6633  6676  6695  6700  6729  6758  6763  6772  6899
  6925  6931  6962  7048  7112  7176  7203  7215  7487  7489  7490  7493
  7727  7732  7861  7876  7972  7984  8048  8060  8155  8228  8229  8232
  8233  8277  8326  8523  8535  8568  8574  8632  8639  8658  8730  8790
  8797  8807  8819  8975  8981  8992  9116  9143  9179  9193  9281  9350
  9393  9455  9478  9695  9711  9862  9863  9943  9980 10029 10134 10171
 10207 10230 10273 10444 10522 10630 10656 10722 10778 10891 10895 10936
 11040 11110 11165 11175 11302 11306 11320 11361 11461 11496 11560 11735
 11862 11924 11964 12107 12316 12348 12408 12410 12452 12492 12512 12537
 12562 12600 12616 12640 12719 12722 12725 12766 12839 12861 12862 12890
 12903 12924 12969 12977 13048 13242 13248 13251 13317 13357 13366 13390
 13501 13514 13573 13753 13807 13820 13833 13943 13954 14053 14075 14086
 14111 14252 14255 14268 14282 14283 14303 14355 14513 14535 14589 14611
 14758 14774 14826 14829 14965 14981 15026 15052 15113 15139 15170 15175
 15209 15233 15301 15323 15451 15486 15571 15645 15660 15662 15663 15697
 15699 15716 15771 15791 16006 16032 16063 16181 16297 16314 16334 16387
 16455 16494 16496 16682 16769 16772 16833 16878 16897 17025 17026 17086
 17147 17200 17231 17234 17296 17321 17343 17442 17491 17573 17623 17624
 17635 17641 17648 17689 17728 17796 17827 17834 17848 17868 17912 18104
 18109 18150 18231 18256 18384 18395 18472 18500 18561 18580 18639 18741
 18811 18865 18924 19003 19049 19065 19106 19190 19217 19231 19243 19319
 19398 19446 19569 19598 19617 19644 19675 19679 19685 19855 19971 19983
 20027 20040 20053 20165 20269 20372 20534 20548 20570 20639 20668 20707
 20895 20972 21030 21054 21062 21120 21183 21192 21211 21376 21377 21378
 21394 21491 21528 21560 21619 21650 21694 21743 21771 21812 21822 21846
 21890 21958 21995 22039 22092 22095 22112 22211 22288 22367 22379 22382
 22435 22444 22496 22538 22549 22558 22706 22722 22729 22898 22904 22931
 22950 22968 23010 23029 23066 23068 23072 23094 23095 23317 23324 23347
 23353 23388 23435 23436 23480 23503 23552 23602 23661 23726 23749 23770
 23782 23808 23810 23914 24014 24120 24123 24288 24372 24534 24544 24570
 24665 24666 24667 24691 24731 24827 24838 25016 25078 25082 25087 25093
 25113 25114 25154 25155 25264 25295 25334 25376 25388 25531 25588 25626
 25636 25667 25695 25770 25823 25844 25930 25933 25945 25986 25999 26000
 26011 26052 26078 26235 26345 26399 26427 26550 26580 26622 26637 26643
 26699 26701 26710 26823 26872 26880 26910 26940 26949 27043 27050 27118
 27122 27249 27307 27374 27423 27479 27552 27626 27746 27764 27859 27909
 27972 28097 28185 28236 28262 28278 28298 28347 28405 28429 28445 28474
 28511 28522 28546 28593 28660 28723 28915 29006 29025 29072 29155 29193
 29201 29234 29258 29312 29318 29328 29370 29613 29672 29687 29690 29703
 29777 29787 29843 29877 29883 29896 29945 30244 30250 30305 30367 30512
 30563 30615 30658 30677 30988 31004 31039 31046 31150 31155 31173 31200
 31340 31468 31501 31599 31686 31709 31831 31915 31959 31973 32069 32093
 32109 32162 32211 32258 32268 32303 32330 32398 32449 32541 32743 32766
 32852 32864 32916 33000 33041 33056 33129 33142 33153 33179 33242 33342
 33425 33512 33529 33601 33674 33798 33802 33812 33842 33855 33904 33908
 33911 33924 33926 33933 33959 34050 34117 34168 34230 34231 34239 34355
 34402 34514 34545 34560 34652 34673 34751 34774 34799 34805 34855 34875
 34896 34907 34915 34955 35023 35100 35221 35427 35433 35449 35450 35614
 35710 35817 35838 35939 35985 36026 36040 36050 36167 36221 36224 36285
 36404 36446 36460 36470 36534 36617 36646 36788 36816 36830 36835 36874
 36892 36932 36936 37053 37104 37159 37186 37247 37292 37300 37307 37316
 37346 37397 37470 37520 37567 37585 37612 37645 37683 37768 37804 37822
 37827 37862 37891 37910 37951 38001 38018 38076 38122 38140 38143 38196
 38306 38324 38341 38370 38400 38418 38423 38446 38468 38571 38750 38778
 38863 38874 38878 38926 39016 39301 39333 39334 39365 39402 39404 39416
 39418 39610 39626 39630 39670 39802 39854 39908 40046 40057 40170 40188
 40206 40294 40311 40313 40370 40418 40435 40501 40504 40516 40581 40592
 40639 40774 40910 40942 40944 40991 41015 41034 41086 41100 41249 41254
 41273 41311 41328 41348 41372 41428 41605 41681 41830 41903 41919 41936
 41947 42003 42065 42094 42176 42204 42257 42294 42386 42390 42512 42524
 42535 42597 42609 42654 42701 42703 42841 42875 42886 43018 43137 43155
 43193 43215 43284 43387 43397 43456 43460 43504 43525 43563 43569 43636
 43643 43667 43692 43847 43866 43908 43909 44001 44066 44168 44178 44203
 44224 44253 44280 44356 44402 44415 44464 44547 44619 44657 44724 45027
 45028 45104 45113 45255 45272 45377 45431 45432 45473 45494 45555 45562
 45672 45709 45710 45753 45776 45894 45932 45952 46023 46095 46122 46265
 46322 46331 46357 46386 46399 46571 46584 46589 46607 46745 46820 46821
 46836 46891 47001 47082 47127 47133 47142 47351 47359 47452 47469 47523
 47745 47759 47780 47806 47865 47877 47943 47956 47971 47976 47984 48007
 48042 48113 48196 48289 48294 48342 48348 48531 48570 48651 48674 48715
 48773 48775 48833 48838 48958 48979 49109 49143 49230 49276 49310 49347
 49351]
[   62   139   184   189   191   220   221   327   522   569   626   667
   787   936   964  1003  1006  1047  1071  1097  1121  1132  1153  1245
  1363  1370  1371  1380  1386  1467  1496  1545  1660  1784  1989  2051
  2096  2114  2146  2151  2174  2257  2329  2558  2594  2775  2797  2856
  2899  2905  3096  3105  3298  3309  3327  3392  3501  3522  3535  3665
  3708  3848  3871  3938  4002  4196  4235  4237  4244  4255  4336  4343
  4534  4554  4570  4669  4715  4763  4807  4808  4816  4914  4935  4944
  5047  5148  5196  5228  5233  5328  5345  5431  5465  5472  5495  5742
  5754  5755  5803  5817  5877  5880  6000  6009  6174  6189  6279  6312
  6455  6640  6655  6732  6742  6766  6771  6797  6922  6971  7040  7178
  7273  7302  7315  7422  7448  7459  7513  7534  7563  7667  7836  7946
  8057  8118  8152  8165  8201  8246  8385  8428  8654  8722  8766  8804
  8973  9019  9063  9069  9334  9376  9381  9395  9429  9440  9462  9552
  9603  9636  9653  9702  9771  9921  9971 10005 10022 10041 10170 10215
 10219 10236 10239 10283 10358 10377 10573 10588 10621 10704 10826 10863
 10877 10884 10910 10927 10939 10983 11054 11055 11073 11143 11221 11381
 11392 11450 11468 11489 11518 11563 11682 11752 11788 11794 11795 11836
 11983 12181 12286 12287 12289 12307 12374 12386 12464 12484 12553 12624
 12648 12649 12711 12738 12768 12972 13034 13150 13230 13433 13444 13446
 13453 13457 13484 13490 13541 13543 13553 13564 13584 13588 13609 13747
 13813 13875 13896 13916 13963 13980 14040 14137 14183 14307 14431 14498
 14601 14718 14720 14724 15081 15082 15172 15196 15210 15297 15469 15515
 15520 15555 15560 15634 15709 15722 15802 15879 15907 16059 16175 16303
 16339 16350 16397 16526 16780 16821 16856 16970 16994 17007 17028 17077
 17150 17178 17217 17305 17413 17422 17524 17555 17608 17667 17853 17924
 17928 17960 17983 18033 18160 18199 18269 18366 18414 18479 18518 18531
 18579 18588 18701 18737 18762 18776 18875 18900 18918 18998 19053 19068
 19071 19159 19203 19340 19386 19406 19462 19511 19530 19545 19546 19625
 19764 19770 19835 19873 19942 19974 20162 20259 20294 20299 20441 20443
 20492 20506 20546 20630 20698 20731 20743 20765 20859 20898 20921 20927
 20956 21043 21080 21082 21145 21167 21256 21323 21374 21411 21546 21588
 21677 21681 21729 21761 21906 21915 22192 22223 22282 22352 22357 22550
 22718 22775 22881 22889 22935 22947 22983 23018 23071 23138 23172 23218
 23297 23301 23334 23452 23524 23576 23597 23613 23665 23857 23916 23933
 23956 23970 24022 24091 24126 24166 24187 24203 24207 24208 24279 24339
 24358 24381 24438 24510 24516 24655 24739 24760 24790 24829 24835 24870
 24934 25023 25092 25136 25213 25215 25260 25275 25282 25299 25308 25360
 25433 25459 25470 25595 25628 25663 25753 25773 25776 25783 25907 25925
 25951 25962 25991 26084 26113 26186 26219 26269 26314 26394 26402 26408
 26432 26596 26650 26678 26792 26894 26964 26975 26984 27333 27355 27360
 27391 27403 27427 27580 27676 27697 27698 27753 27827 27842 27848 27867
 27917 27979 27991 28130 28143 28148 28203 28219 28258 28274 28397 28417
 28475 28478 28539 28551 28627 28631 28879 28903 28965 29030 29035 29042
 29082 29109 29157 29177 29202 29244 29259 29283 29316 29460 29592 29651
 29681 29766 29817 29853 29903 29904 29995 30005 30049 30113 30128 30160
 30374 30433 30494 30531 30586 30624 30738 30780 30788 30789 30951 30963
 31015 31052 31107 31208 31235 31247 31287 31317 31354 31360 31410 31495
 31608 31624 31673 31715 31728 31763 31769 31791 31986 31990 32008 32033
 32117 32139 32186 32196 32250 32297 32382 32542 32599 32757 32761 32783
 32809 32887 33064 33178 33187 33296 33412 33432 33570 33598 33687 33721
 33751 33755 33863 33935 34053 34054 34131 34174 34193 34257 34266 34283
 34288 34389 34395 34657 34659 34679 34726 34935 34999 35002 35074 35128
 35133 35142 35255 35257 35262 35309 35321 35323 35331 35442 35460 35519
 35657 35932 36060 36076 36084 36111 36130 36177 36205 36211 36353 36364
 36377 36389 36396 36401 36429 36524 36569 36572 36583 36674 36702 36708
 36774 36795 36809 36906 36938 37082 37122 37180 37191 37217 37289 37311
 37432 37511 37620 37691 37731 37737 37746 37863 37886 37927 37941 37964
 38006 38043 38058 38079 38082 38099 38128 38208 38347 38416 38518 38543
 38565 38654 38720 38866 38875 38970 38982 38995 39057 39069 39071 39153
 39198 39229 39235 39315 39377 39465 39519 39561 39613 39675 39696 39735
 39786 39874 39950 39994 40115 40181 40194 40247 40257 40302 40340 40583
 40588 40628 40763 40823 40831 40879 40973 41000 41021 41166 41179 41209
 41268 41308 41350 41365 41425 41447 41500 41522 41651 41654 41790 41797
 41818 41897 41901 41905 42086 42185 42253 42525 42580 42620 42623 42669
 42722 42861 42912 42953 42992 43074 43077 43173 43178 43187 43212 43419
 43431 43447 43622 43654 43936 43943 43999 44019 44038 44062 44113 44130
 44138 44249 44250 44260 44345 44369 44393 44444 44714 44715 44785 44876
 44949 45087 45157 45175 45184 45274 45280 45333 45416 45451 45498 45510
 45552 45623 45629 45680 45754 45839 45884 45928 45953 45959 45975 45982
 46004 46028 46176 46249 46297 46307 46361 46437 46525 46538 46561 46643
 46702 46719 46885 46983 47065 47130 47148 47184 47190 47211 47226 47290
 47345 47349 47360 47505 47520 47558 47605 47649 47691 47772 47776 47794
 47804 47857 47879 47981 48009 48097 48114 48241 48242 48271 48309 48353
 48387 48389 48392 48426 48503 48512 48597 48672 48679 48692 48696 48713
 48747 48846 48854 48881 48902 48937 48972 49159 49246 49254 49266 49280
 49437 49469 49496]
[   16    45    67    72    76   102   105   139   201   204   206   213
   218   224   225   268   269   277   289   294   318   362   403   440
   458   469   490   536   563   589   612   674   701   747   772   866
   876   879   881   928   940   955   958   970  1013  1042  1055  1085
  1093  1094  1103  1106  1128  1162  1177  1208  1221  1267  1277  1293
  1378  1539  1573  1608  1609  1659  1684  1694  1814  1892  1898  1910
  1932  1961  2002  2006  2051  2080  2115  2155  2170  2191  2274  2287
  2305  2313  2331  2335  2405  2428  2451  2459  2512  2553  2571  2578
  2590  2616  2634  2640  2773  2778  2857  2863  2864  2884  2933  2982
  2995  3020  3072  3102  3104  3112  3130  3158  3186  3206  3207  3244
  3251  3337  3360  3397  3436  3458  3479  3503  3526  3566  3571  3572
  3634  3645  3649  3703  3705  3734  3745  3788  3817  3825  3849  3853
  3943  3964  4007  4076  4252  4254  4284  4303  4314  4321  4334  4353
  4396  4404  4433  4467  4495  4525  4545  4581  4590  4602  4608  4624
  4643  4649  4670  4719  4784  4868  4873  4928  4929  4951  4953  4958
  4965  4970  4989  5026  5039  5097  5116  5154  5186  5194  5225  5237
  5245  5261  5280  5302  5338  5380  5411  5425  5460  5511  5586  5610
  5616  5619  5633  5662  5677  5720  5741  5775  5791  5832  5865  5886
  5915  5952  6028  6117  6168  6173  6186  6210  6307  6354  6361  6457
  6464  6511  6517  6563  6582  6595  6597  6640  6664  6882  6904  6942
  6974  7000  7075  7097  7103  7206  7218  7222  7253  7266  7287  7379
  7404  7412  7460  7497  7552  7576  7616  7618  7622  7628  7646  7663
  7704  7719  7763  7784  7825  7896  7900  7925  7926  7932  7955  8070
  8115  8130  8138  8207  8212  8215  8227  8240  8246  8267  8311  8345
  8396  8433  8445  8471  8476  8482  8502  8559  8582  8605  8667  8670
  8674  8719  8733  8738  8752  8758  8798  8808  8820  8857  8944  8946
  8990  9001  9007  9104  9137  9159  9177  9210  9236  9265  9289  9294
  9452  9559  9565  9580  9590  9612  9615  9716  9774  9794  9860  9887
  9897 10031 10051 10070 10100 10131 10148 10277 10304 10305 10350 10355
 10435 10523 10527 10540 10577 10617 10623 10648 10649 10669 10705 10716
 10758 10792 10797 10821 10860 10862 10934 11023 11026 11053 11080 11106
 11125 11267 11292 11374 11377 11395 11413 11424 11440 11480 11483 11485
 11550 11553 11557 11590 11606 11624 11660 11662 11723 11783 11923 11935
 11973 11981 12039 12070 12135 12165 12221 12435 12487 12508 12516 12532
 12533 12549 12579 12586 12610 12661 12677 12699 12704 12705 12717 12732
 12758 12791 12797 12825 12914 12929 12933 12947 13043 13068 13077 13085
 13090 13138 13170 13222 13255 13282 13349 13371 13377 13378 13386 13398
 13447 13526 13534 13538 13539 13631 13632 13644 13655 13712 13770 13779
 13821 13869 13907 13940 13956 13957 13969 14081 14097 14133 14210 14216
 14228 14236 14448 14476 14512 14571 14651 14760 14800 14817 14835 14853
 14860 14914 14920 14941 14946 14959 14987 15003 15015 15016 15053 15106
 15123 15145 15165 15305 15308 15328 15332 15337 15376 15381 15407 15438
 15450 15477 15531 15550 15598 15623 15669 15695 15712 15798 15813 15842
 15843 15854 15879 15883 15900 15912 15929 15987 15988 16023 16025 16092
 16109 16127 16136 16180 16192 16210 16232 16242 16304 16310 16319 16373
 16385 16427 16493 16528 16554 16595 16598 16602 16608 16628 16766 16775
 16790 16825 16838 16869 16927 17044 17055 17101 17159 17184 17194 17257
 17291 17293 17375 17427 17449 17482 17499 17511 17519 17520 17528 17541
 17565 17579 17631 17692 17713 17785 17792 17799 17804 17810 17837 17852
 17888 17911 17981 18021 18168 18184 18247 18261 18344 18372 18445 18530
 18589 18605 18782 18837 18876 18917 18988 18993 19002 19028 19094 19101
 19126 19157 19178 19206 19211 19242 19290 19305 19323 19333 19349 19363
 19392 19396 19419 19439 19459 19472 19478 19495 19563 19687 19748 19887
 20021 20037 20042 20065 20101 20105 20161 20303 20378 20383 20386 20391
 20404 20411 20426 20452 20469 20501 20503 20525 20551 20571 20577 20618
 20690 20722 20784 20799 20803 20882 20897 20905 20911 20914 20920 20938
 20957 20985 20995 20999 21007 21031 21066 21075 21115 21121 21208 21224
 21242 21301 21308 21333 21363 21370 21386 21391 21395 21407 21438 21451
 21461 21489 21496 21647 21683 21699 21837 21845 21866 21876 21882 21901
 21928 21934 21959 21970 21993 21994 22069 22074 22101 22119 22137 22144
 22163 22174 22215 22243 22250 22289 22311 22323 22324 22347 22409 22460
 22511 22581 22621 22649 22683 22690 22773 22783 22792 22811 22824 22837
 22875 22906 22920 22928 22947 22954 22977 23006 23069 23089 23109 23122
 23123 23153 23186 23190 23208 23226 23231 23268 23292 23296 23311 23314
 23318 23325 23332 23337 23363 23375 23412 23535 23564 23595 23622 23646
 23682 23715 23731 23757 23759 23788 23844 23904 23912 23917 23993 24000
 24008 24026 24033 24050 24063 24137 24210 24282 24330 24355 24404 24443
 24462 24468 24481 24488 24520 24572 24574 24630 24673 24750 24755 24770
 24793 24807 24818 24919 24927 24952 25105 25119 25131 25248 25276 25315
 25324 25389 25390 25450 25540 25579 25650 25713 25726 25729 25790 25794
 25796 25802 25807 25814 25819 25827 25854 25864 25887 25955 25994 26027
 26039 26045 26103 26167 26328 26350 26365 26366 26411 26419 26421 26492
 26546 26557 26603 26635 26677 26720 26753 26756 26771 26836 26843 26854
 26856 26871 26874 26918 26972 26983 27022 27063 27082 27169 27268 27308
 27311 27340 27412 27426 27447 27449 27468 27494 27504 27514 27545 27553
 27557 27713 27714 27843 27873 27889 27922 27957 27988 27992 28049 28118
 28244 28253 28259 28297 28333 28393 28395 28404 28463 28471 28491 28528
 28591 28592 28617 28668 28708 28719 28749 28779 28797 28802 28820 28848
 28853 28862 28897 28911 28914 28932 28936 28973 29001 29212 29230 29271
 29288 29352 29367 29374 29447 29482 29503 29505 29598 29653 29656 29660
 29662 29671 29747 29868 29871 29876 29903 29939 29955 29961 29970 30001
 30060 30094 30106 30145 30150 30180 30183 30213 30307 30325 30334 30335
 30379 30440 30458 30472 30537 30546 30588 30619 30621 30630 30641 30667
 30671 30678 30732 30753 30774 30781 30792 30798 30807 30847 30859 30880
 30927 31007 31018 31089 31096 31223 31266 31269 31295 31300 31325 31366
 31370 31383 31393 31451 31453 31494 31517 31611 31633 31639 31652 31742
 31761 31798 31823 31835 31853 31866 31910 31926 31929 31969 31978 32014
 32114 32235 32260 32276 32280 32410 32507 32513 32522 32603 32628 32752
 32808 32845 32857 32912 32945 33001 33143 33274 33311 33386 33435 33436
 33442 33446 33461 33477 33488 33491 33518 33545 33550 33552 33591 33615
 33622 33729 33785 33830 33856 33874 33897 33999 34005 34035 34039 34058
 34072 34102 34109 34133 34141 34155 34191 34218 34219 34276 34284 34287
 34372 34387 34488 34550 34585 34611 34615 34618 34662 34722 34738 34800
 34874 34892 34901 35039 35046 35153 35167 35168 35186 35205 35246 35254
 35306 35312 35372 35376 35447 35512 35529 35587 35612 35662 35673 35686
 35695 35709 35721 35792 35849 35856 35910 35913 35916 35975 36006 36014
 36088 36091 36144 36189 36250 36328 36365 36379 36384 36438 36469 36514
 36540 36565 36596 36613 36637 36681 36696 36718 36725 36745 36831 36833
 37006 37013 37030 37037 37070 37073 37082 37090 37120 37124 37131 37230
 37264 37367 37448 37453 37455 37477 37565 37589 37596 37673 37697 37725
 37817 37830 37833 37852 37888 37903 37950 38023 38042 38095 38105 38109
 38115 38182 38206 38265 38308 38331 38398 38405 38440 38536 38545 38566
 38642 38657 38770 38788 38824 39014 39037 39099 39125 39156 39186 39193
 39195 39300 39321 39329 39344 39350 39371 39433 39445 39447 39481 39482
 39634 39635 39645 39657 39683 39684 39703 39725 39748 39752 39760 39784
 39788 39804 39816 39844 39868 39870 39893 39894 40005 40017 40038 40075
 40121 40167 40336 40383 40408 40426 40480 40521 40531 40558 40611 40653
 40724 40753 40771 40775 40779 40842 40865 40874 40882 40904 40936 40946
 40959 40961 40976 40989 40994 41016 41102 41113 41118 41186 41248 41257
 41260 41289 41309 41339 41427 41450 41484 41492 41493 41497 41513 41533
 41553 41587 41629 41635 41665 41707 41713 41723 41756 41762 41765 41876
 41916 41922 41967 41986 42004 42018 42021 42032 42042 42048 42064 42134
 42136 42140 42141 42177 42258 42279 42285 42301 42311 42328 42355 42455
 42494 42504 42612 42662 42704 42714 42767 42777 42785 42797 42803 42845
 42902 42911 42929 42946 42962 42972 43026 43159 43184 43222 43240 43345
 43352 43413 43457 43465 43474 43506 43512 43560 43613 43679 43717 43730
 43772 43806 43832 43833 43850 43872 43876 43893 43900 43902 43928 43933
 43955 44034 44065 44076 44108 44125 44129 44136 44150 44159 44167 44208
 44212 44241 44251 44309 44317 44368 44376 44386 44411 44504 44507 44519
 44524 44571 44575 44610 44638 44647 44680 44726 44747 44748 44751 44841
 44859 44977 45014 45026 45037 45078 45142 45222 45254 45279 45351 45358
 45365 45373 45388 45392 45503 45540 45573 45616 45647 45674 45694 45715
 45720 45731 45761 45811 46054 46138 46149 46162 46186 46193 46195 46237
 46257 46270 46280 46313 46333 46372 46387 46437 46464 46491 46493 46516
 46544 46545 46569 46651 46692 46697 46700 46715 46842 46899 46932 47043
 47136 47147 47171 47174 47192 47202 47222 47238 47287 47293 47311 47316
 47318 47458 47587 47617 47719 47799 47817 47833 47864 47866 47895 47969
 48016 48025 48030 48077 48086 48118 48145 48150 48165 48171 48198 48340
 48355 48414 48432 48436 48547 48577 48675 48693 48718 48723 48724 48795
 48878 48879 48903 48914 49008 49024 49083 49099 49119 49145 49207 49285
 49291 49361 49409 49433 49498]
[0.7091172214182344, 0.6471506635441062, 0.3493723849372385, 0.2954808806488992, 0.16751269035532995, 0.48962264150943396, 0.5363321799307958, 0.7979695431472081, 0.8062015503875969, 0.5514376996805112]
[691, 1281, 478, 863, 591, 1060, 578, 985, 903, 1565]
