training accuracy when lambda=0.2
[0.604484848489665, 0.7519595959499629, 0.7801212121260287, 0.7965858585954917, 0.8021818181770016, 0.8103636363636364, 0.8178989898989899, 0.8231919191967357, 0.829878787888421, 0.8336767676912172, 0.8370707070755236, 0.8405252525252526, 0.8427272727224562, 0.8462222222366719, 0.8509696969745135, 0.8539393939249443, 0.8566060606156937, 0.8556161616161616, 0.8596363636508132, 0.8637979797931633, 0.8656161616306113, 0.8651313131409462, 0.8693131313131313, 0.8690909090764595, 0.870949494959128, 0.873636363621914, 0.8736363636508132, 0.8772727272775438, 0.8758181818326314, 0.8793535353487189, 0.8801414141365976, 0.8828686868542373, 0.883373737378554, 0.8852929293025623, 0.8850101010052844, 0.8848686868638703, 0.8890909090764595, 0.8899999999951834, 0.889535353520904, 0.8913939393794897, 0.8917575757431262, 0.8910909090860926, 0.891636363621914, 0.8965252525348856, 0.8945454545502711, 0.8994343434198938, 0.8981212121163956, 0.8961212121163956, 0.8989292929148434, 0.8989898989947155]
test accuracy when lambda=0.2
[0.3691, 0.3806, 0.3829, 0.3907, 0.3916, 0.3878, 0.3927, 0.388, 0.3917, 0.3953, 0.395, 0.3891, 0.3985, 0.3965, 0.3917, 0.3942, 0.3939, 0.3966, 0.392, 0.3929, 0.3961, 0.3952, 0.394, 0.3914, 0.3963, 0.3935, 0.3938, 0.396, 0.3942, 0.3988, 0.3974, 0.3964, 0.4, 0.3926, 0.3932, 0.3948, 0.3932, 0.3915, 0.3918, 0.3927, 0.3915, 0.3922, 0.3959, 0.3934, 0.3973, 0.397, 0.3951, 0.3918, 0.3922, 0.3908]
training accuracy when lambda=0.3
[0.5932121212265709, 0.7373939393794898, 0.7626464646368316, 0.7779393939297609, 0.7891313131216801, 0.7931111111159277, 0.8007070706974376, 0.8075757575902072, 0.8115151515151515, 0.8154141414141414, 0.8209090909090909, 0.8210303030206699, 0.8275959596104092, 0.8290505050601381, 0.8310303030447527, 0.8366060606108772, 0.8373131313179478, 0.8392929292977458, 0.8427676767580436, 0.8425050505002339, 0.8451919191774696, 0.8468686868638703, 0.849454545468995, 0.8519797979701649, 0.852949494959128, 0.8543636363588198, 0.8555757575805741, 0.8582020202068368, 0.8578383838287508, 0.8599999999855504, 0.8622424242376077, 0.8612727272871769, 0.8607474747619244, 0.8644646464501968, 0.8654747474651144, 0.8661616161567997, 0.8652727272871769, 0.8655959596104092, 0.8653333333381499, 0.8687878787782457, 0.865898989908623, 0.8686868686724191, 0.8686060605964275, 0.8687878787830623, 0.8691919192015523, 0.8693131313227643, 0.8695757575902072, 0.8719797979749815, 0.8723434343482509, 0.8688484848533014]
test accuracy when lambda=0.3
[0.3713, 0.3844, 0.3903, 0.3876, 0.3934, 0.389, 0.3928, 0.3926, 0.3952, 0.4003, 0.395, 0.3992, 0.3984, 0.3964, 0.4035, 0.3948, 0.3946, 0.4004, 0.3951, 0.4018, 0.3991, 0.3953, 0.3952, 0.3993, 0.3981, 0.3903, 0.3956, 0.3955, 0.3979, 0.3942, 0.3974, 0.397, 0.3956, 0.3961, 0.3948, 0.3977, 0.3942, 0.3953, 0.3927, 0.3972, 0.3991, 0.3958, 0.3979, 0.3968, 0.3912, 0.3925, 0.3983, 0.3943, 0.3943, 0.3952]
training accuracy when lambda=0.4
[0.5314141414237745, 0.6607878787734291, 0.6828282828282828, 0.6956161616257946, 0.705171717162084, 0.7118181818037322, 0.7162222222222222, 0.7211111111207442, 0.7234141414285911, 0.7262626262770758, 0.7310303030399361, 0.7312525252380756, 0.7342222222366719, 0.7373535353583519, 0.7416363636267306, 0.7417777777681447, 0.7433333333188837, 0.7438989899134395, 0.74686868687832, 0.7474545454545455, 0.7505858586003082, 0.7490707070658905, 0.7505252525252525, 0.752505050509867, 0.7538585858489528, 0.7532323232371397, 0.75440404041849, 0.7540808080759915, 0.7572727272823604, 0.7560404040548536, 0.7578585858730355, 0.7579191919191919, 0.7581010100865605, 0.7584242424097928, 0.756383838398288, 0.758464646469463, 0.7582626262674428, 0.7580808080663585, 0.757393939408389, 0.7559191919240085, 0.7585050505050505, 0.7569292929196598, 0.7571313131264966, 0.7580606060557895, 0.7605656565801062, 0.7583838383693887, 0.7545858585810421, 0.7579595959595959, 0.7570707070803402, 0.7575353535353535]
test accuracy when lambda=0.4
[0.3788, 0.3827, 0.3952, 0.389, 0.3965, 0.3971, 0.3934, 0.397, 0.4017, 0.3938, 0.3974, 0.3982, 0.3932, 0.4001, 0.3981, 0.3944, 0.4029, 0.4007, 0.3983, 0.398, 0.3931, 0.401, 0.3984, 0.4018, 0.3966, 0.4006, 0.3964, 0.3972, 0.3972, 0.3972, 0.4009, 0.3932, 0.3941, 0.3928, 0.3944, 0.3991, 0.3984, 0.3982, 0.3981, 0.3963, 0.4023, 0.3999, 0.3919, 0.3963, 0.3964, 0.398, 0.3925, 0.3924, 0.3969, 0.3952]
training accuracy when lambda=0.5
[0.12462626262987503, 0.13098989899170518, 0.13513131313131313, 0.13428282828343036, 0.1361212121230183, 0.13884848485089313, 0.13961616161706472, 0.141919191919794, 0.141010101010101, 0.14280808080988702, 0.1452121212139274, 0.14535353535413742, 0.14703030303391543, 0.1496767676779718, 0.15155555555736175, 0.15345454545815787, 0.15367676767736974, 0.15610101010462252, 0.1571919191955316, 0.15987878788119614, 0.16145454545454546, 0.16482828283189524, 0.16498989899230726, 0.16783838383898592, 0.17002020202140616, 0.17317171717412544, 0.1763838383838384, 0.17866666667027906, 0.18143434344156825, 0.18323232323593563, 0.1868080808116932, 0.1906060606069637, 0.19305050505772986, 0.19660606060726474, 0.19919191919553159, 0.20395959596200422, 0.20674747474867888, 0.207292929290521, 0.21472727273088513, 0.21557575757816586, 0.22086868687350342, 0.222929292929895, 0.22745454545454546, 0.23232323232804886, 0.23383838383597558, 0.23696969697330938, 0.23977777778139017, 0.2426666666714832, 0.2460404040428123, 0.24991919192039605]
test accuracy when lambda=0.5
[0.3841, 0.3923, 0.3924, 0.3959, 0.4018, 0.3934, 0.3964, 0.3926, 0.3967, 0.4033, 0.4038, 0.4068, 0.3998, 0.4024, 0.4031, 0.4053, 0.4024, 0.4109, 0.4026, 0.4015, 0.3985, 0.4065, 0.402, 0.4055, 0.4062, 0.403, 0.3952, 0.3978, 0.3976, 0.4041, 0.4014, 0.3969, 0.3963, 0.3996, 0.4031, 0.3947, 0.3936, 0.3953, 0.3899, 0.3938, 0.392, 0.3918, 0.3952, 0.3937, 0.3935, 0.3928, 0.3888, 0.388, 0.3927, 0.3909]
