training accuracy when lambda=0.2
[0.20428, 0.31658, 0.3467, 0.356, 0.3634, 0.36656, 0.3709, 0.37378, 0.37398, 0.37526, 0.37764, 0.37892, 0.38114, 0.38226, 0.38194, 0.38464, 0.38332, 0.38664, 0.38856, 0.38624, 0.3867, 0.3887, 0.38796, 0.3885, 0.38976, 0.39112, 0.39018, 0.39044, 0.39158, 0.39, 0.3915, 0.39354, 0.3937, 0.39434, 0.3943, 0.39306, 0.39434, 0.39544, 0.39488, 0.39412, 0.39538, 0.3962, 0.39864, 0.39674, 0.399, 0.397, 0.39728, 0.39828, 0.39878, 0.3982, 0.39802, 0.39862, 0.39948, 0.40016, 0.39806, 0.39922, 0.39958, 0.39878, 0.40058, 0.40036, 0.40006, 0.39978, 0.4001, 0.40146, 0.40156, 0.40186, 0.40108, 0.40194, 0.40198, 0.40378, 0.4025, 0.4032, 0.40272, 0.40326, 0.40424, 0.40532, 0.40436, 0.40394, 0.40538, 0.4049, 0.40486, 0.4059, 0.40702, 0.40488, 0.40548, 0.40504, 0.40544, 0.40762, 0.40554, 0.40558, 0.40508, 0.40618, 0.4067, 0.4052, 0.40798, 0.40612, 0.40732, 0.406, 0.40574, 0.4059]
test accuracy when lambda=0.2
[0.2534, 0.306, 0.3226, 0.3298, 0.3372, 0.3462, 0.3491, 0.3544, 0.3598, 0.3642, 0.3671, 0.3685, 0.3695, 0.3734, 0.3726, 0.3763, 0.3777, 0.3786, 0.3806, 0.3826, 0.384, 0.3843, 0.3875, 0.3875, 0.3889, 0.3919, 0.3922, 0.3948, 0.3933, 0.3953, 0.3952, 0.3967, 0.3979, 0.3985, 0.3997, 0.3998, 0.399, 0.3999, 0.4028, 0.4032, 0.4037, 0.4043, 0.4039, 0.4045, 0.4073, 0.4073, 0.4059, 0.4079, 0.4076, 0.4052, 0.4095, 0.4096, 0.4098, 0.4102, 0.41, 0.4097, 0.4105, 0.4112, 0.4114, 0.4104, 0.4122, 0.4131, 0.4129, 0.4107, 0.414, 0.4132, 0.4133, 0.4146, 0.4137, 0.4143, 0.4161, 0.418, 0.4181, 0.4181, 0.4166, 0.4175, 0.4174, 0.4184, 0.4177, 0.4183, 0.4217, 0.4191, 0.4187, 0.4191, 0.418, 0.4181, 0.4189, 0.4175, 0.419, 0.4181, 0.4178, 0.418, 0.4184, 0.4182, 0.4163, 0.4191, 0.4187, 0.4182, 0.4186, 0.4192]
training accuracy when lambda=0.3
[0.1315, 0.17518, 0.18712, 0.19366, 0.19506, 0.19686, 0.19844, 0.19992, 0.20088, 0.2029, 0.20326, 0.20506, 0.2055, 0.20674, 0.20588, 0.2083, 0.2102, 0.2098, 0.20956, 0.20924, 0.2108, 0.21132, 0.21164, 0.21238, 0.21486, 0.21242, 0.21412, 0.2146, 0.21532, 0.2156, 0.21556, 0.21474, 0.21408, 0.21682, 0.21766, 0.21712, 0.21724, 0.2164, 0.2179, 0.21752, 0.21884, 0.2206, 0.21906, 0.21896, 0.22026, 0.2198, 0.22062, 0.22078, 0.2215, 0.22216, 0.22234, 0.22088, 0.22184, 0.22242, 0.22248, 0.22294, 0.22374, 0.22452, 0.22432, 0.22308, 0.225, 0.22554, 0.22412, 0.22616, 0.22456, 0.2259, 0.22832, 0.22668, 0.22646, 0.22676, 0.22708, 0.22766, 0.2267, 0.22872, 0.2294, 0.22906, 0.23134, 0.22982, 0.2294, 0.2304, 0.23084, 0.23052, 0.231, 0.22988, 0.2305, 0.23084, 0.23196, 0.23078, 0.23112, 0.23152, 0.23268, 0.23182, 0.23278, 0.22932, 0.22998, 0.23056, 0.23102, 0.23248, 0.23156, 0.23212]
test accuracy when lambda=0.3
[0.2265, 0.2729, 0.3024, 0.32, 0.3297, 0.337, 0.3459, 0.3492, 0.3526, 0.3577, 0.3617, 0.3651, 0.3657, 0.3672, 0.3702, 0.3723, 0.3713, 0.3761, 0.3781, 0.3789, 0.3825, 0.3825, 0.3841, 0.3846, 0.3837, 0.3859, 0.386, 0.3881, 0.3892, 0.3882, 0.3888, 0.3894, 0.3911, 0.3924, 0.3913, 0.3934, 0.3968, 0.3939, 0.3949, 0.396, 0.3974, 0.3971, 0.3981, 0.3975, 0.3982, 0.4004, 0.4009, 0.4008, 0.3994, 0.4018, 0.4031, 0.403, 0.4034, 0.404, 0.4057, 0.4045, 0.4057, 0.4048, 0.4064, 0.4084, 0.408, 0.407, 0.4069, 0.4096, 0.4086, 0.4121, 0.4099, 0.4101, 0.4101, 0.4121, 0.4116, 0.4115, 0.4126, 0.4141, 0.4146, 0.4146, 0.4148, 0.4145, 0.4113, 0.4131, 0.4138, 0.4145, 0.4133, 0.4117, 0.4131, 0.4117, 0.4143, 0.4125, 0.4139, 0.4126, 0.4157, 0.4126, 0.4139, 0.4123, 0.4147, 0.4137, 0.413, 0.4139, 0.413, 0.4144]
training accuracy when lambda=0.4
[0.11662, 0.13018, 0.13418, 0.13608, 0.14068, 0.13998, 0.14068, 0.14258, 0.14312, 0.14396, 0.14556, 0.14716, 0.14576, 0.1485, 0.14862, 0.14922, 0.14922, 0.14986, 0.1497, 0.15026, 0.15308, 0.1525, 0.15278, 0.15164, 0.15304, 0.15282, 0.15334, 0.1545, 0.1552, 0.15416, 0.1557, 0.1561, 0.1571, 0.15674, 0.1563, 0.15768, 0.15942, 0.15852, 0.15924, 0.15892, 0.16014, 0.1595, 0.16052, 0.16088, 0.16116, 0.16192, 0.1631, 0.16222, 0.16366, 0.1628, 0.16382, 0.16532, 0.1625, 0.16378, 0.16412, 0.16534, 0.1661, 0.1653, 0.16702, 0.16688, 0.16632, 0.16752, 0.1671, 0.16886, 0.16834, 0.16882, 0.17032, 0.16968, 0.17044, 0.17022, 0.17078, 0.1719, 0.1704, 0.17208, 0.17334, 0.1734, 0.17288, 0.17248, 0.17578, 0.17414, 0.17384, 0.17392, 0.17502, 0.1762, 0.17562, 0.17442, 0.17554, 0.1754, 0.17476, 0.17622, 0.1763, 0.17672, 0.1767, 0.179, 0.1769, 0.17612, 0.17638, 0.17664, 0.17724, 0.17678]
test accuracy when lambda=0.4
[0.2622, 0.2883, 0.3031, 0.3135, 0.3213, 0.3302, 0.3351, 0.3394, 0.3457, 0.351, 0.3552, 0.3593, 0.3662, 0.3669, 0.3671, 0.3695, 0.3717, 0.3763, 0.3773, 0.3807, 0.3824, 0.3856, 0.3845, 0.3852, 0.3873, 0.3892, 0.3911, 0.3921, 0.3933, 0.3953, 0.3956, 0.3964, 0.3986, 0.397, 0.4003, 0.4014, 0.4017, 0.4025, 0.402, 0.4031, 0.4025, 0.4039, 0.4053, 0.4085, 0.4086, 0.4079, 0.4078, 0.409, 0.411, 0.4108, 0.4128, 0.4131, 0.4145, 0.4146, 0.4137, 0.4129, 0.4167, 0.417, 0.4146, 0.4192, 0.4173, 0.4185, 0.4206, 0.4224, 0.4209, 0.4222, 0.4197, 0.4203, 0.4212, 0.4222, 0.4221, 0.424, 0.4247, 0.4268, 0.4261, 0.4255, 0.4251, 0.4267, 0.4266, 0.4271, 0.4274, 0.4286, 0.4267, 0.428, 0.4269, 0.4263, 0.4267, 0.4275, 0.4281, 0.4271, 0.4278, 0.4286, 0.4275, 0.4279, 0.4285, 0.4286, 0.4268, 0.427, 0.4282, 0.4283]
training accuracy when lambda=0.5
[0.10896, 0.1222, 0.12826, 0.13032, 0.13306, 0.13644, 0.1361, 0.13648, 0.1391, 0.13988, 0.13854, 0.13982, 0.14114, 0.14156, 0.14314, 0.1426, 0.14466, 0.14396, 0.14504, 0.14804, 0.14522, 0.14638, 0.14626, 0.14928, 0.14694, 0.14882, 0.14888, 0.14956, 0.14824, 0.15056, 0.14946, 0.15038, 0.15014, 0.15088, 0.1529, 0.15312, 0.15348, 0.15262, 0.15296, 0.15338, 0.15468, 0.1545, 0.154, 0.1562, 0.15612, 0.15706, 0.15692, 0.1579, 0.1575, 0.15898, 0.16092, 0.1585, 0.1604, 0.15916, 0.16102, 0.16144, 0.16226, 0.1615, 0.1612, 0.16058, 0.16064, 0.16314, 0.1642, 0.16296, 0.1633, 0.16478, 0.16518, 0.1662, 0.16614, 0.16714, 0.1666, 0.16722, 0.16838, 0.16768, 0.16844, 0.168, 0.16798, 0.17022, 0.17034, 0.17178, 0.17196, 0.17264, 0.1718, 0.17116, 0.17226, 0.17274, 0.17362, 0.16998, 0.17284, 0.17176, 0.1719, 0.17338, 0.17328, 0.17178, 0.17062, 0.17298, 0.17258, 0.17236, 0.17314, 0.17264]
test accuracy when lambda=0.5
[0.2228, 0.2753, 0.2989, 0.3165, 0.3232, 0.3327, 0.335, 0.3407, 0.3431, 0.3487, 0.3479, 0.3553, 0.3562, 0.3605, 0.3624, 0.3643, 0.3678, 0.37, 0.3694, 0.3711, 0.3756, 0.3772, 0.3767, 0.3819, 0.3799, 0.3847, 0.3848, 0.386, 0.3867, 0.389, 0.3905, 0.3915, 0.3898, 0.3944, 0.3969, 0.3939, 0.3965, 0.3964, 0.3985, 0.3987, 0.4, 0.4008, 0.4018, 0.4005, 0.4036, 0.4017, 0.402, 0.4044, 0.4056, 0.4078, 0.4071, 0.4054, 0.408, 0.4084, 0.4085, 0.4075, 0.4065, 0.4099, 0.411, 0.4111, 0.412, 0.4111, 0.4123, 0.4122, 0.4131, 0.4139, 0.414, 0.4147, 0.4129, 0.416, 0.4137, 0.4158, 0.4198, 0.4172, 0.4215, 0.4198, 0.4209, 0.4194, 0.4203, 0.4211, 0.4221, 0.4219, 0.4224, 0.4228, 0.4224, 0.4214, 0.422, 0.4213, 0.423, 0.422, 0.422, 0.4223, 0.4215, 0.4225, 0.4206, 0.4231, 0.4223, 0.4216, 0.4218, 0.4227]
training accuracy when lambda=0.6
[0.10742, 0.1197, 0.1278, 0.13096, 0.13238, 0.1342, 0.13606, 0.13736, 0.13648, 0.13858, 0.13898, 0.14016, 0.14088, 0.14182, 0.14338, 0.14158, 0.14308, 0.14416, 0.14286, 0.1451, 0.14516, 0.14668, 0.14748, 0.14668, 0.14974, 0.14982, 0.14804, 0.14928, 0.15136, 0.15246, 0.15216, 0.1522, 0.15062, 0.15176, 0.15252, 0.15294, 0.15394, 0.15308, 0.1558, 0.15516, 0.15642, 0.15652, 0.15722, 0.15734, 0.15678, 0.15818, 0.1589, 0.15976, 0.15868, 0.15914, 0.1586, 0.16086, 0.16252, 0.16326, 0.16136, 0.1616, 0.1629, 0.16306, 0.1651, 0.16448, 0.16586, 0.16662, 0.16596, 0.16588, 0.1654, 0.1673, 0.16674, 0.16872, 0.16756, 0.171, 0.1704, 0.17, 0.16998, 0.17138, 0.1708, 0.17136, 0.17162, 0.17178, 0.17432, 0.1721, 0.17438, 0.17436, 0.17582, 0.1754, 0.17488, 0.17684, 0.17538, 0.17636, 0.17572, 0.17542, 0.17606, 0.17532, 0.17624, 0.17708, 0.17644, 0.1759, 0.17668, 0.17608, 0.17676, 0.17562]
test accuracy when lambda=0.6
[0.1857, 0.2502, 0.2813, 0.2943, 0.3035, 0.3109, 0.3163, 0.3216, 0.3282, 0.3289, 0.3387, 0.3374, 0.342, 0.3459, 0.3475, 0.3487, 0.3508, 0.3572, 0.3591, 0.3602, 0.3619, 0.3636, 0.3661, 0.3677, 0.3689, 0.3717, 0.3729, 0.3766, 0.3758, 0.376, 0.3773, 0.3803, 0.3794, 0.3819, 0.383, 0.3844, 0.3837, 0.3868, 0.3865, 0.3886, 0.3919, 0.3932, 0.3915, 0.3934, 0.3941, 0.3917, 0.3966, 0.3988, 0.3984, 0.3956, 0.3976, 0.3967, 0.4004, 0.3995, 0.4013, 0.4044, 0.4021, 0.4033, 0.4019, 0.4032, 0.4041, 0.4056, 0.4062, 0.4056, 0.4064, 0.4065, 0.4084, 0.4068, 0.4094, 0.4085, 0.4119, 0.4106, 0.4088, 0.4116, 0.4094, 0.4106, 0.416, 0.408, 0.4134, 0.4108, 0.4137, 0.4139, 0.4134, 0.4136, 0.4148, 0.4157, 0.4142, 0.4155, 0.4141, 0.4118, 0.4148, 0.4141, 0.4129, 0.4142, 0.4131, 0.414, 0.4147, 0.4134, 0.4148, 0.4133]
