training accuracy when lambda=0.4
[0.44148, 0.52608, 0.54448, 0.55196, 0.55954, 0.56494, 0.57118, 0.57694, 0.5802, 0.58404, 0.58724, 0.59066, 0.59356, 0.59774, 0.60122, 0.60296, 0.60688, 0.6084, 0.61016, 0.61576, 0.61874, 0.61892, 0.62122, 0.625, 0.62614, 0.62884, 0.63178, 0.63396, 0.63478, 0.63728, 0.63798, 0.64052, 0.64296, 0.6433, 0.64232, 0.64506, 0.647, 0.64852, 0.64768, 0.64936, 0.64822, 0.64952, 0.65354, 0.6524, 0.65456, 0.65312, 0.65178, 0.65552, 0.65154, 0.65896]
test accuracy when lambda=0.4
[0.5019, 0.5357, 0.5414, 0.5499, 0.5543, 0.5485, 0.5505, 0.5501, 0.5514, 0.549, 0.5552, 0.55, 0.5574, 0.5449, 0.5502, 0.5513, 0.548, 0.5479, 0.5484, 0.5481, 0.5478, 0.5477, 0.5477, 0.5488, 0.5458, 0.5428, 0.543, 0.5448, 0.5435, 0.5418, 0.5458, 0.5379, 0.5326, 0.5372, 0.5362, 0.5366, 0.5394, 0.5392, 0.5361, 0.5355, 0.5365, 0.5336, 0.532, 0.5329, 0.5329, 0.5334, 0.5305, 0.5301, 0.5297, 0.5297]
training accuracy when lambda=0.45
[0.35124, 0.41636, 0.43034, 0.43872, 0.44432, 0.44798, 0.45112, 0.45514, 0.45978, 0.46222, 0.46724, 0.47156, 0.47372, 0.4797, 0.48428, 0.48582, 0.49176, 0.4957, 0.5004, 0.50616, 0.50806, 0.515, 0.51924, 0.52212, 0.52658, 0.53172, 0.53568, 0.5399, 0.54164, 0.54458, 0.5502, 0.55474, 0.55558, 0.559, 0.56414, 0.56516, 0.56904, 0.5714, 0.57392, 0.57698, 0.57744, 0.58104, 0.58278, 0.5861, 0.58494, 0.58614, 0.59, 0.58956, 0.59206, 0.59616]
test accuracy when lambda=0.45
[0.5075, 0.5306, 0.544, 0.5448, 0.5475, 0.546, 0.5551, 0.5509, 0.5498, 0.5456, 0.552, 0.5481, 0.5484, 0.5512, 0.549, 0.5512, 0.5436, 0.5462, 0.5427, 0.5446, 0.5381, 0.5318, 0.5371, 0.5364, 0.5366, 0.5355, 0.5323, 0.5295, 0.531, 0.529, 0.5298, 0.5233, 0.5269, 0.523, 0.5248, 0.5214, 0.5203, 0.522, 0.5209, 0.518, 0.5204, 0.517, 0.5151, 0.5191, 0.5149, 0.5117, 0.5161, 0.515, 0.5181, 0.5098]
training accuracy when lambda=0.5
[0.14716, 0.16706, 0.17338, 0.17968, 0.18358, 0.1882, 0.19292, 0.19726, 0.20038, 0.2059, 0.21002, 0.21584, 0.21984, 0.22736, 0.23434, 0.24138, 0.24828, 0.25514, 0.26302, 0.2737, 0.28108, 0.29196, 0.29922, 0.30844, 0.31878, 0.3271, 0.33594, 0.3449, 0.3535, 0.36194, 0.36846, 0.3773, 0.38624, 0.39112, 0.39906, 0.40716, 0.41276, 0.4185, 0.42316, 0.42968, 0.43518, 0.43966, 0.44784, 0.44828, 0.4585, 0.45894, 0.46064, 0.46774, 0.47052, 0.47318]
test accuracy when lambda=0.5
[0.4948, 0.5211, 0.537, 0.5435, 0.5438, 0.5491, 0.538, 0.5471, 0.5536, 0.5498, 0.5524, 0.552, 0.547, 0.5463, 0.5485, 0.5397, 0.5418, 0.5399, 0.54, 0.5395, 0.5349, 0.5334, 0.5307, 0.5312, 0.5297, 0.5293, 0.532, 0.5263, 0.5235, 0.5271, 0.5228, 0.5207, 0.521, 0.5226, 0.5195, 0.5183, 0.5174, 0.5111, 0.5155, 0.5182, 0.509, 0.5137, 0.5162, 0.5114, 0.5115, 0.5101, 0.5132, 0.5112, 0.514, 0.5111]
training accuracy when lambda=0.55
[0.14984, 0.1666, 0.1726, 0.1791, 0.1837, 0.18934, 0.19338, 0.19952, 0.20384, 0.21, 0.21582, 0.22048, 0.22724, 0.23512, 0.24434, 0.2537, 0.2638, 0.27456, 0.28802, 0.29842, 0.31234, 0.32116, 0.33294, 0.34728, 0.3567, 0.36698, 0.38138, 0.38974, 0.39986, 0.4143, 0.41934, 0.42928, 0.43736, 0.44614, 0.45154, 0.46078, 0.46878, 0.47452, 0.48112, 0.4867, 0.49322, 0.49982, 0.50398, 0.51088, 0.51244, 0.51856, 0.52376, 0.5322, 0.53336, 0.53502]
test accuracy when lambda=0.55
[0.4962, 0.5187, 0.5416, 0.5411, 0.551, 0.5449, 0.5505, 0.5519, 0.5475, 0.5511, 0.5484, 0.5479, 0.5382, 0.5403, 0.5375, 0.5403, 0.5351, 0.528, 0.5307, 0.5285, 0.5168, 0.5291, 0.5215, 0.5131, 0.5157, 0.5061, 0.5075, 0.5046, 0.5086, 0.5083, 0.5061, 0.5027, 0.4996, 0.5002, 0.4953, 0.5037, 0.4981, 0.501, 0.4957, 0.4952, 0.4979, 0.4929, 0.4976, 0.4962, 0.4954, 0.4911, 0.4945, 0.4944, 0.499, 0.4976]
training accuracy when lambda=0.6
[0.1457, 0.16242, 0.17182, 0.17692, 0.18384, 0.18892, 0.19418, 0.19988, 0.20478, 0.2107, 0.22116, 0.22778, 0.23704, 0.24532, 0.25918, 0.26942, 0.28348, 0.2982, 0.31054, 0.32618, 0.33894, 0.35356, 0.36974, 0.38236, 0.39478, 0.40856, 0.42236, 0.43356, 0.44648, 0.45452, 0.4679, 0.47578, 0.487, 0.49462, 0.50424, 0.51156, 0.51944, 0.52412, 0.53236, 0.542, 0.5457, 0.5511, 0.55842, 0.56144, 0.56926, 0.5716, 0.5771, 0.58086, 0.58538, 0.59212]
test accuracy when lambda=0.6
[0.4855, 0.5134, 0.5282, 0.5329, 0.5489, 0.5459, 0.5496, 0.5471, 0.538, 0.543, 0.5429, 0.5333, 0.5384, 0.534, 0.529, 0.5282, 0.5147, 0.5187, 0.5158, 0.5096, 0.5073, 0.5051, 0.4964, 0.4988, 0.496, 0.4923, 0.4941, 0.493, 0.4838, 0.488, 0.4837, 0.487, 0.4821, 0.4817, 0.4826, 0.4808, 0.4777, 0.4771, 0.4827, 0.4796, 0.4787, 0.4777, 0.4828, 0.4769, 0.4784, 0.48, 0.4785, 0.4739, 0.4779, 0.4809]
training accuracy when lambda=0.65
[0.14574, 0.16494, 0.17128, 0.1777, 0.1849, 0.18994, 0.19798, 0.2034, 0.2121, 0.22064, 0.228, 0.23734, 0.24982, 0.26414, 0.27998, 0.29586, 0.31118, 0.32836, 0.3437, 0.3603, 0.38288, 0.3988, 0.41226, 0.4294, 0.44334, 0.46216, 0.47458, 0.4861, 0.49862, 0.5094, 0.5191, 0.5293, 0.54114, 0.55198, 0.5619, 0.56634, 0.57008, 0.5814, 0.58788, 0.5931, 0.60242, 0.60692, 0.61474, 0.6189, 0.62258, 0.62818, 0.63462, 0.63652, 0.6427, 0.6456]
test accuracy when lambda=0.65
[0.4717, 0.5147, 0.5343, 0.5405, 0.5448, 0.5505, 0.5378, 0.5402, 0.5454, 0.5369, 0.5336, 0.5279, 0.5217, 0.5165, 0.5132, 0.5061, 0.498, 0.4905, 0.4885, 0.4786, 0.4755, 0.4763, 0.4758, 0.4633, 0.4735, 0.4712, 0.4641, 0.4641, 0.4662, 0.4685, 0.4598, 0.4577, 0.4549, 0.4579, 0.462, 0.458, 0.4548, 0.4601, 0.4557, 0.4617, 0.4571, 0.4545, 0.4577, 0.4531, 0.4561, 0.457, 0.4573, 0.4588, 0.4498, 0.4592]
training accuracy when lambda=0.7
[0.14266, 0.1625, 0.1711, 0.17776, 0.18264, 0.19056, 0.19754, 0.20468, 0.21086, 0.22088, 0.23274, 0.24532, 0.2571, 0.27592, 0.29004, 0.30846, 0.33092, 0.34938, 0.37196, 0.39042, 0.4101, 0.42744, 0.44754, 0.46258, 0.48, 0.49874, 0.50832, 0.52298, 0.53758, 0.54912, 0.55704, 0.566, 0.57628, 0.58714, 0.5977, 0.60618, 0.61318, 0.62388, 0.62752, 0.6342, 0.6454, 0.65088, 0.65368, 0.66094, 0.6663, 0.67052, 0.67168, 0.67822, 0.68742, 0.68844]
test accuracy when lambda=0.7
[0.4583, 0.5077, 0.5186, 0.5335, 0.5374, 0.5328, 0.5467, 0.5435, 0.5354, 0.5328, 0.5201, 0.526, 0.514, 0.511, 0.5044, 0.5023, 0.5011, 0.4854, 0.48, 0.4691, 0.469, 0.4703, 0.4691, 0.457, 0.4598, 0.4539, 0.4524, 0.4558, 0.4506, 0.447, 0.457, 0.4517, 0.4487, 0.4499, 0.4458, 0.4402, 0.4419, 0.4456, 0.4492, 0.4474, 0.4408, 0.4455, 0.4455, 0.4483, 0.4376, 0.4465, 0.4431, 0.4509, 0.4438, 0.4463]
training accuracy when lambda=0.75
[0.1393, 0.16082, 0.16594, 0.17496, 0.18362, 0.18814, 0.19834, 0.2063, 0.21574, 0.22672, 0.2394, 0.25634, 0.2748, 0.29328, 0.31458, 0.33412, 0.35882, 0.3772, 0.39962, 0.42342, 0.44526, 0.46184, 0.47898, 0.49912, 0.5159, 0.53092, 0.5465, 0.56094, 0.57082, 0.58208, 0.59512, 0.60762, 0.61672, 0.62918, 0.63478, 0.64666, 0.6524, 0.65874, 0.66882, 0.6729, 0.68532, 0.68596, 0.68722, 0.69774, 0.7034, 0.70754, 0.7145, 0.71758, 0.71618, 0.72436]
test accuracy when lambda=0.75
[0.4347, 0.5015, 0.5138, 0.5298, 0.5347, 0.5423, 0.534, 0.5457, 0.5325, 0.5254, 0.5239, 0.5104, 0.501, 0.4942, 0.4859, 0.4804, 0.4741, 0.4667, 0.4474, 0.4458, 0.4425, 0.4392, 0.434, 0.4276, 0.4309, 0.4262, 0.4205, 0.4211, 0.4214, 0.4219, 0.4107, 0.4169, 0.4148, 0.4229, 0.4193, 0.4174, 0.4132, 0.4192, 0.4229, 0.4199, 0.422, 0.4143, 0.4235, 0.4223, 0.42, 0.4219, 0.4195, 0.4215, 0.4215, 0.4167]
training accuracy when lambda=0.8
[0.1382, 0.15788, 0.16426, 0.17314, 0.18072, 0.18934, 0.19426, 0.20496, 0.21758, 0.22776, 0.24404, 0.26054, 0.27872, 0.29932, 0.31886, 0.343, 0.36618, 0.39352, 0.41406, 0.43576, 0.45762, 0.47918, 0.4998, 0.51466, 0.53276, 0.55106, 0.56758, 0.58288, 0.59682, 0.60986, 0.618, 0.63176, 0.64088, 0.65426, 0.6623, 0.669, 0.67722, 0.68804, 0.69034, 0.70152, 0.7074, 0.71312, 0.72214, 0.72748, 0.73194, 0.73406, 0.73612, 0.74418, 0.74816, 0.75474]
test accuracy when lambda=0.8
[0.4288, 0.4792, 0.4975, 0.5023, 0.5272, 0.5259, 0.5197, 0.5221, 0.5082, 0.4979, 0.494, 0.4839, 0.467, 0.4511, 0.44, 0.4476, 0.4207, 0.4204, 0.4115, 0.4081, 0.3981, 0.3885, 0.3971, 0.3874, 0.389, 0.3793, 0.3818, 0.3821, 0.3833, 0.3754, 0.3741, 0.3806, 0.377, 0.3819, 0.3817, 0.3853, 0.382, 0.381, 0.381, 0.3773, 0.3782, 0.3839, 0.3852, 0.3876, 0.377, 0.3774, 0.3841, 0.3817, 0.3774, 0.3825]
training accuracy when lambda=0.85
[0.1355, 0.15218, 0.16204, 0.16984, 0.17832, 0.18528, 0.19428, 0.20494, 0.2182, 0.23292, 0.25284, 0.27028, 0.29282, 0.31796, 0.34222, 0.36858, 0.39374, 0.41908, 0.44548, 0.46798, 0.48914, 0.51156, 0.5328, 0.54862, 0.56688, 0.58796, 0.59732, 0.61496, 0.6296, 0.64516, 0.65288, 0.6644, 0.67258, 0.681, 0.69382, 0.69922, 0.7086, 0.71744, 0.72582, 0.73086, 0.73782, 0.7435, 0.74874, 0.75734, 0.75938, 0.76122, 0.77292, 0.7725, 0.77746, 0.78012]
test accuracy when lambda=0.85
[0.4086, 0.4621, 0.4868, 0.5107, 0.4985, 0.5207, 0.5105, 0.5042, 0.4939, 0.485, 0.4668, 0.454, 0.4435, 0.4111, 0.4067, 0.3902, 0.373, 0.3789, 0.3743, 0.3622, 0.3598, 0.3536, 0.3556, 0.3587, 0.3509, 0.3396, 0.3456, 0.3486, 0.3271, 0.3423, 0.348, 0.3437, 0.3366, 0.3467, 0.3417, 0.3471, 0.3443, 0.343, 0.345, 0.3478, 0.3391, 0.3414, 0.3414, 0.3435, 0.3486, 0.3459, 0.3494, 0.3539, 0.3538, 0.3454]
training accuracy when lambda=0.9
[0.12792, 0.14978, 0.15854, 0.16756, 0.17578, 0.1854, 0.19398, 0.20606, 0.2223, 0.24012, 0.258, 0.2825, 0.3035, 0.32932, 0.35248, 0.37956, 0.40414, 0.43306, 0.4557, 0.48152, 0.50536, 0.52406, 0.54552, 0.56392, 0.58274, 0.59658, 0.61862, 0.62974, 0.64524, 0.65786, 0.66942, 0.67946, 0.68528, 0.6997, 0.70892, 0.71798, 0.72666, 0.7303, 0.73388, 0.74626, 0.7544, 0.75946, 0.76534, 0.76994, 0.77454, 0.78096, 0.78664, 0.79072, 0.7945, 0.79908]
test accuracy when lambda=0.9
[0.3905, 0.4322, 0.4727, 0.4712, 0.4626, 0.4887, 0.4891, 0.4691, 0.4516, 0.4456, 0.4289, 0.401, 0.3958, 0.3758, 0.35, 0.3475, 0.3275, 0.32, 0.33, 0.314, 0.3104, 0.3029, 0.3093, 0.296, 0.3017, 0.2949, 0.2997, 0.2944, 0.295, 0.3005, 0.2976, 0.3012, 0.2998, 0.2974, 0.305, 0.2998, 0.2902, 0.2899, 0.2958, 0.2915, 0.2943, 0.2949, 0.3056, 0.299, 0.2995, 0.3, 0.2979, 0.2954, 0.3051, 0.3023]
training accuracy when lambda=0.95
[0.1236, 0.14392, 0.15366, 0.16234, 0.17082, 0.17942, 0.19116, 0.20166, 0.21958, 0.24, 0.26008, 0.2829, 0.30884, 0.33534, 0.35978, 0.38626, 0.4132, 0.4399, 0.4648, 0.48876, 0.51028, 0.53746, 0.55566, 0.57374, 0.59254, 0.6081, 0.62984, 0.63884, 0.65592, 0.66902, 0.68044, 0.6923, 0.69876, 0.70794, 0.72018, 0.7298, 0.7372, 0.74672, 0.75126, 0.75818, 0.76642, 0.7694, 0.77786, 0.78524, 0.78916, 0.79364, 0.79908, 0.80014, 0.80456, 0.81138]
test accuracy when lambda=0.95
[0.3504, 0.3985, 0.4413, 0.458, 0.4675, 0.4466, 0.4638, 0.4489, 0.4325, 0.3925, 0.3931, 0.3576, 0.3381, 0.3286, 0.3149, 0.2953, 0.2933, 0.2833, 0.2771, 0.2749, 0.2705, 0.2684, 0.2656, 0.2604, 0.2653, 0.2565, 0.2477, 0.2503, 0.251, 0.2618, 0.2496, 0.251, 0.2467, 0.2591, 0.2536, 0.2487, 0.2502, 0.2496, 0.2527, 0.2461, 0.2522, 0.2461, 0.2553, 0.2491, 0.2541, 0.2443, 0.2515, 0.2475, 0.2512, 0.2554]
