training accuracy when lambda=0.3
[0.6309898989754493, 0.740989898999532, 0.7631313131313131, 0.7752323232226902, 0.7869090908994578, 0.7949292929292929, 0.8000606060654226, 0.8039595959740455, 0.8107878787782458, 0.8154545454689951, 0.8211111111207442, 0.8237171717171717, 0.8261010101106432, 0.8311717171669006, 0.8336767676864008, 0.8372121212073047, 0.8408282828379159, 0.8419797979749815, 0.8434949495093991, 0.8450505050649547, 0.8465050505195001, 0.8502424242327912, 0.8505454545502711, 0.852, 0.8512323232226902, 0.8539191919095589, 0.8536969696969697, 0.8547272727369059, 0.8542222222174057, 0.8531313131313132, 0.8547070707070707, 0.8551515151611482, 0.8529090908946413, 0.8552525252380756, 0.8558989898989899, 0.8532727272775438, 0.8552121212024881, 0.8525858585906751, 0.8516767676815842, 0.8543030302933973, 0.8528080807936312, 0.851030303030303, 0.8480000000144496, 0.8486666666618501, 0.8500404040355874, 0.8497575757527592, 0.8454949494901329, 0.8446666666811162, 0.8442626262722593, 0.8450707070658905]
test accuracy when lambda=0.3
[0.3949, 0.3951, 0.3935, 0.4015, 0.4027, 0.4042, 0.4061, 0.4038, 0.408, 0.4055, 0.4063, 0.4044, 0.4121, 0.4099, 0.4004, 0.4035, 0.4064, 0.4033, 0.4064, 0.4042, 0.404, 0.4028, 0.402, 0.408, 0.401, 0.404, 0.4049, 0.3992, 0.3983, 0.4021, 0.4034, 0.4035, 0.4021, 0.4021, 0.4015, 0.401, 0.4014, 0.401, 0.4018, 0.4029, 0.3997, 0.4056, 0.3974, 0.399, 0.3979, 0.3978, 0.4018, 0.4074, 0.399, 0.3988]
training accuracy when lambda=0.4
[0.555434343448793, 0.6571515151659648, 0.6763030303030303, 0.6875353535449866, 0.6938585858682189, 0.7022626262770759, 0.7066464646320151, 0.7112929293025624, 0.716444444439628, 0.7186464646464646, 0.7233737373592878, 0.7253131313179478, 0.7287676767821264, 0.7302828282924614, 0.7331515151515151, 0.7358989898893569, 0.7366262626358957, 0.7370909090812761, 0.7385050504954175, 0.7401414141365976, 0.7418181818278149, 0.7397979797931633, 0.7423030303126634, 0.743616161611345, 0.7411111111111112, 0.7417171717075386, 0.7410909091053587, 0.742646464632015, 0.7392323232226902, 0.7388686868590538, 0.7380808080952577, 0.7378989899038064, 0.7395757575853906, 0.7339393939249443, 0.734929292938926, 0.7356161616017121, 0.732060606050973, 0.7342828282828283, 0.7309494949446784, 0.7315959596055926, 0.7324848484800319, 0.7268888888792558, 0.7311313131264966, 0.7265252525108029, 0.7283838383742053, 0.7305252525252526, 0.728565656551207, 0.7255353535401701, 0.7234141413996918, 0.7255555555555555]
test accuracy when lambda=0.4
[0.4, 0.4048, 0.4081, 0.4066, 0.4021, 0.4145, 0.4093, 0.4077, 0.4092, 0.4118, 0.403, 0.4077, 0.4054, 0.4039, 0.4055, 0.4076, 0.406, 0.4039, 0.403, 0.4037, 0.4014, 0.4092, 0.4055, 0.4045, 0.4011, 0.4015, 0.4002, 0.4015, 0.3966, 0.4012, 0.394, 0.3966, 0.401, 0.3905, 0.391, 0.3906, 0.3958, 0.3948, 0.4009, 0.3931, 0.3965, 0.3907, 0.3936, 0.3913, 0.3956, 0.3952, 0.3932, 0.3927, 0.3903, 0.3898]
training accuracy when lambda=0.5
[0.12894949495130115, 0.13664646464827085, 0.13907070707311533, 0.14123232323232324, 0.1431111111129173, 0.14492929293290532, 0.1483232323238344, 0.1507878787914912, 0.1540808080826143, 0.15521212121212122, 0.1591717171729213, 0.1626868686904811, 0.1678989899007961, 0.17133333334055814, 0.17610101010161217, 0.18307070707311535, 0.18860606061328541, 0.19553535353896595, 0.2040808080820122, 0.21092929292929294, 0.21905050505411747, 0.22747474748197227, 0.23664646465007705, 0.24565656565897392, 0.25444444444805686, 0.26587878787999203, 0.2731313131337214, 0.2813535353487188, 0.2885858585834503, 0.29719191918951093, 0.3031717171669006, 0.3102828282900531, 0.31525252525975006, 0.324747474749883, 0.33228282828343036, 0.3397979797955715, 0.342464646469463, 0.35070707070466245, 0.3581818181866347, 0.3618181818205901, 0.36531313131794785, 0.3731313131361297, 0.375737373739782, 0.378868686869891, 0.38389898990380644, 0.3871111111062946, 0.39438383838865493, 0.39870707072152034, 0.40022222222944703, 0.4066262626238544]
test accuracy when lambda=0.5
[0.3903, 0.4013, 0.4116, 0.4101, 0.4136, 0.4174, 0.4058, 0.4069, 0.4073, 0.4104, 0.4121, 0.4155, 0.4089, 0.4112, 0.4077, 0.413, 0.4073, 0.4112, 0.409, 0.4067, 0.4022, 0.4017, 0.4027, 0.3962, 0.4019, 0.3926, 0.3955, 0.3979, 0.3941, 0.3877, 0.388, 0.3947, 0.3916, 0.3928, 0.3907, 0.389, 0.3931, 0.3925, 0.3969, 0.3876, 0.3917, 0.3887, 0.388, 0.3894, 0.3907, 0.3929, 0.3988, 0.3916, 0.392, 0.3917]
training accuracy when lambda=0.6
[0.127171717178942, 0.13305050505291333, 0.1363232323238344, 0.13967676767797182, 0.14321212121452948, 0.14632323232684472, 0.15016161616282028, 0.15355555555796382, 0.15696969697210525, 0.1631111111120142, 0.16913131313492552, 0.17539393939514353, 0.18236363636453948, 0.1930909090909091, 0.2050909090945215, 0.214848484849689, 0.22959595959355134, 0.2424646464658506, 0.2567070707106831, 0.2744444444456486, 0.2864646464670547, 0.302525252520436, 0.31761616161616163, 0.3300808080783998, 0.34569696969456143, 0.3599191919191919, 0.3709090909042744, 0.38032323232323234, 0.3936363636387719, 0.40434343434343434, 0.4138181818181818, 0.4251313131385379, 0.4355555555531473, 0.4403232323184158, 0.4504040403968156, 0.45741414141414144, 0.468545454540638, 0.4729090909235405, 0.48141414141895794, 0.4893535353559436, 0.4928888888937054, 0.4985858585906751, 0.5077171717316213, 0.5088888888816641, 0.5105454545358215, 0.5187474747474747, 0.523696969699378, 0.5282626262554014, 0.5317777777681447, 0.5374343434343435]
test accuracy when lambda=0.6
[0.4014, 0.4047, 0.4073, 0.414, 0.418, 0.4111, 0.408, 0.4122, 0.4214, 0.4203, 0.4085, 0.4167, 0.4161, 0.4093, 0.407, 0.4074, 0.4091, 0.4051, 0.4039, 0.397, 0.4028, 0.3931, 0.3889, 0.3855, 0.385, 0.3901, 0.383, 0.3861, 0.3788, 0.3873, 0.3816, 0.3854, 0.3821, 0.3744, 0.3799, 0.3756, 0.3746, 0.3701, 0.3748, 0.3756, 0.3743, 0.3711, 0.3752, 0.3738, 0.3705, 0.3765, 0.3782, 0.3713, 0.3758, 0.3734]
training accuracy when lambda=0.7
[0.12343434343614963, 0.13339393939634767, 0.13747474747655367, 0.14369696969817383, 0.14561616161977403, 0.14943434343675172, 0.15539393939514354, 0.16228282829005308, 0.16858585858947098, 0.18032323232323233, 0.19074747474988302, 0.2053535353559436, 0.22048484848725675, 0.2383030303030303, 0.26028282828403243, 0.2790505050517092, 0.2989898989947155, 0.32048484848605263, 0.34321212120971295, 0.361959595960198, 0.3839797979846145, 0.4035555555627804, 0.42016161615679964, 0.43761616163061123, 0.4527070706926211, 0.465494949490133, 0.4790101010125093, 0.4961010100937853, 0.5062020201947954, 0.5171111111038863, 0.5284040404040404, 0.5366464646368315, 0.5506666666762997, 0.5589696969648804, 0.5682222222222222, 0.5753535353463105, 0.5833535353535354, 0.5883838383838383, 0.593575757561308, 0.6027272727417223, 0.6099393939297608, 0.6160808080952577, 0.6196161616306112, 0.6256565656565657, 0.6289292929196598, 0.6401818181866347, 0.6378989898941734, 0.6487676767724933, 0.6473131313131313, 0.6557979797931632]
test accuracy when lambda=0.7
[0.3811, 0.4041, 0.4159, 0.4215, 0.4177, 0.4275, 0.4183, 0.4206, 0.4208, 0.417, 0.4125, 0.4169, 0.3966, 0.4005, 0.387, 0.3918, 0.3821, 0.3812, 0.3703, 0.3742, 0.3623, 0.36, 0.359, 0.3527, 0.3538, 0.3526, 0.3438, 0.3502, 0.3471, 0.3504, 0.3443, 0.3426, 0.3396, 0.3521, 0.3466, 0.3519, 0.348, 0.3491, 0.3521, 0.3542, 0.3463, 0.3447, 0.3405, 0.3452, 0.3546, 0.3463, 0.3429, 0.3492, 0.3454, 0.3456]
training accuracy when lambda=0.8
[0.12206060606421847, 0.1334949494985619, 0.13907070707161018, 0.14377777778139017, 0.14955555555796382, 0.15488888889129715, 0.16086868686928893, 0.1721212121236204, 0.18367676768038008, 0.1982828282864407, 0.21705050505050505, 0.23577777778139017, 0.26161616161375334, 0.2847070707142955, 0.3118787878836044, 0.3378989898941734, 0.3635151515151515, 0.3848686868735034, 0.41408080808321635, 0.43412121212121213, 0.46036363636604466, 0.4791515151466986, 0.4949090909018661, 0.5170303030230782, 0.5361212121236204, 0.5509696969841466, 0.5658787878787879, 0.578040404040404, 0.5908888888744392, 0.6033737373785539, 0.6158383838528334, 0.6282626262770759, 0.637919191928825, 0.6463636363636364, 0.6536969697017863, 0.6644848484752154, 0.6717979797931632, 0.6768080808128973, 0.6864242424194259, 0.6921010101106432, 0.6956767676912173, 0.7043838383693888, 0.708545454540638, 0.7118585858537694, 0.7190505050601381, 0.7266060605964275, 0.7268080808177139, 0.7310707070755236, 0.7350909090764595, 0.7421818181673686]
test accuracy when lambda=0.8
[0.37, 0.4058, 0.4227, 0.4348, 0.4298, 0.432, 0.4298, 0.4319, 0.4129, 0.4145, 0.4053, 0.3897, 0.3902, 0.3702, 0.3526, 0.3514, 0.355, 0.3426, 0.3324, 0.3245, 0.3332, 0.323, 0.3264, 0.3184, 0.3141, 0.3153, 0.3122, 0.3075, 0.318, 0.3202, 0.3085, 0.3156, 0.3202, 0.3094, 0.3171, 0.3139, 0.3123, 0.3145, 0.3132, 0.3159, 0.3091, 0.3181, 0.3106, 0.3136, 0.3106, 0.3168, 0.3104, 0.3091, 0.3108, 0.313]
