training accuracy when lambda=0.3
[0.6167070707215203, 0.7261010101154597, 0.7487676767773098, 0.7634545454641786, 0.7725050505098671, 0.7775151515247846, 0.7816565656565656, 0.7895757575661245, 0.790080808071175, 0.797939393939394, 0.7986666666522171, 0.8023030303078469, 0.8056161616161616, 0.8088888888888889, 0.8102626262770759, 0.8132323232323232, 0.8152121211976716, 0.8183030303030303, 0.8179595959740456, 0.8206464646560977, 0.8228484848340353, 0.8238181818326314, 0.8251111111159276, 0.8268282828186497, 0.8304444444588941, 0.8296969696873366, 0.8311919192063688, 0.8284040403992239, 0.832484848499298, 0.832989898999532, 0.831979797989431, 0.8320808080856246, 0.8319393939538435, 0.8306464646560977, 0.8317171717268048, 0.8314141414045083, 0.8304848484848485, 0.8313535353439023, 0.8322222222366719, 0.8319595959740456, 0.831494949499766, 0.8312929292881127, 0.8305858586003082, 0.8323232323232324, 0.8297575757527592, 0.8311111111014781, 0.8298585858634024, 0.8279191919095589, 0.8285252525156195, 0.82943434343916]
test accuracy when lambda=0.3
[0.4013, 0.4199, 0.4175, 0.4206, 0.4236, 0.43, 0.4271, 0.4272, 0.4251, 0.4278, 0.4311, 0.4324, 0.4325, 0.4279, 0.432, 0.434, 0.4308, 0.4306, 0.4337, 0.4318, 0.4353, 0.431, 0.4348, 0.4343, 0.4332, 0.4288, 0.4315, 0.4365, 0.4316, 0.4351, 0.4313, 0.436, 0.4344, 0.4356, 0.4395, 0.432, 0.4351, 0.4375, 0.4314, 0.4322, 0.4319, 0.4345, 0.4355, 0.4323, 0.4331, 0.4312, 0.4381, 0.4336, 0.4326, 0.4351]
training accuracy when lambda=0.4
[0.5506666666618502, 0.6404646464550134, 0.6572121212169377, 0.6677373737277407, 0.6736161616306112, 0.678969696969697, 0.682585858571409, 0.6892121212121212, 0.692464646469463, 0.6935353535209039, 0.6965858585762255, 0.7033131313034983, 0.7029898989898989, 0.7047878787878787, 0.707454545449729, 0.7101616161712493, 0.7129090909139074, 0.7137777777777777, 0.716060606050973, 0.717898989908623, 0.7189696969552474, 0.7186262626166295, 0.7195353535401701, 0.7212525252380756, 0.7239797979846145, 0.7238383838528335, 0.7232121212217543, 0.7249898989850825, 0.7267676767821264, 0.7268888888744393, 0.7258383838528335, 0.7275959595959596, 0.726686868672419, 0.7232323232275067, 0.7277171717316213, 0.7252525252669748, 0.7288686868542372, 0.7264242424146093, 0.7283434343482509, 0.7262424242327912, 0.7280404040548536, 0.7272929292832963, 0.7278787878643382, 0.7260202020105689, 0.7264040403895908, 0.725898989908623, 0.7259393939490271, 0.7260202020105689, 0.727555555541106, 0.7267878787782457]
test accuracy when lambda=0.4
[0.412, 0.4332, 0.4367, 0.4341, 0.4413, 0.4405, 0.4442, 0.445, 0.4411, 0.4468, 0.4455, 0.4494, 0.4523, 0.4456, 0.4465, 0.4514, 0.4529, 0.4511, 0.4497, 0.4492, 0.45, 0.4498, 0.4502, 0.4466, 0.4476, 0.4475, 0.4518, 0.4435, 0.4454, 0.4473, 0.4426, 0.4461, 0.4404, 0.4443, 0.4406, 0.4373, 0.44, 0.4422, 0.4399, 0.4388, 0.4414, 0.4415, 0.4436, 0.4378, 0.4387, 0.4337, 0.4383, 0.4362, 0.4382, 0.439]
training accuracy when lambda=0.5
[0.22408080808803288, 0.24870707071429551, 0.25814141414863895, 0.2639999999975917, 0.26852525253247733, 0.2731111111159277, 0.2778585858609941, 0.28246464645982994, 0.28701010101371344, 0.2908484848533014, 0.2946464646416481, 0.2983838383790218, 0.30266666667389147, 0.30911111111592765, 0.31482828282587455, 0.3188282828355076, 0.32505050505772987, 0.33111111111111113, 0.33652525252043597, 0.3447474747426582, 0.35226262626985105, 0.35723232323713977, 0.36664646464405637, 0.3747474747474748, 0.3803636363612281, 0.38765656565656564, 0.3964242424242424, 0.4035151515055184, 0.40678787879028705, 0.4154343434295269, 0.42052525253006906, 0.4284848484920733, 0.43379797979557155, 0.4397575757527592, 0.4458181818205901, 0.4495555555531473, 0.4547676767749016, 0.46428282827801176, 0.46692929292206814, 0.4728484848436683, 0.47531313130831476, 0.47886868686146206, 0.4876161616161616, 0.489414141428591, 0.4909292929220681, 0.49591919191678363, 0.49975757575757573, 0.4984848484992981, 0.5031313131361297, 0.5072727272630942]
test accuracy when lambda=0.5
[0.4317, 0.4467, 0.4548, 0.4464, 0.4628, 0.4648, 0.468, 0.4733, 0.4712, 0.4716, 0.4741, 0.4741, 0.477, 0.4719, 0.4758, 0.478, 0.4729, 0.4841, 0.4759, 0.4725, 0.4757, 0.4712, 0.4676, 0.4669, 0.4716, 0.4702, 0.4695, 0.4666, 0.4657, 0.4633, 0.4636, 0.4606, 0.4642, 0.4594, 0.4616, 0.4615, 0.4621, 0.4614, 0.4638, 0.4598, 0.4588, 0.4584, 0.4601, 0.4611, 0.4525, 0.462, 0.46, 0.4619, 0.4594, 0.4535]
training accuracy when lambda=0.6
[0.22286868687350342, 0.257959595960198, 0.26682828283309934, 0.2745656565632483, 0.28391919191678366, 0.28832323233045715, 0.2935353535365577, 0.30032323232804886, 0.3069898989947155, 0.31521212121332537, 0.3206868686916852, 0.32624242424724076, 0.333191919199144, 0.3406666666714832, 0.3502222222258346, 0.35781818182299835, 0.36715151514669864, 0.3768080808056725, 0.388, 0.39903030303511955, 0.4083636363660446, 0.41925252525975004, 0.4291717171693089, 0.44218181817700164, 0.45414141413418935, 0.4633131313155396, 0.47060606060124405, 0.48705050504328024, 0.49622222221258916, 0.5025454545382297, 0.5115353535281287, 0.5216363636291388, 0.5242424242472408, 0.5377171717075386, 0.5448282828234663, 0.5501414141317811, 0.5568080807984477, 0.5624848484848485, 0.569454545459362, 0.5712121212024881, 0.5799797979797979, 0.5852727272871768, 0.5899595959499628, 0.5971515151466986, 0.6006262626407123, 0.5993131313131314, 0.6070505050553215, 0.6101818181962678, 0.6164040404040404, 0.6191717171813502]
test accuracy when lambda=0.6
[0.4481, 0.4596, 0.4758, 0.4891, 0.4888, 0.5003, 0.5047, 0.4995, 0.5054, 0.5121, 0.5092, 0.5101, 0.5051, 0.5085, 0.5225, 0.5059, 0.5109, 0.5061, 0.5003, 0.5041, 0.5057, 0.4972, 0.4921, 0.4927, 0.4949, 0.4929, 0.4881, 0.4815, 0.4836, 0.4807, 0.4859, 0.4793, 0.4858, 0.4743, 0.4766, 0.4758, 0.4803, 0.4807, 0.4769, 0.4747, 0.4747, 0.4779, 0.4772, 0.4732, 0.4713, 0.4739, 0.4735, 0.4711, 0.4737, 0.4713]
training accuracy when lambda=0.7
[0.22323232323412942, 0.2650707070719112, 0.27836363636363637, 0.28878787879028706, 0.2998989898989899, 0.308747474749883, 0.31701010101491756, 0.3251111111183359, 0.33195959595959595, 0.34197979798702277, 0.3525656565680648, 0.35931313130831477, 0.36949494949254125, 0.3810101010052845, 0.3918585858658107, 0.4050707070731153, 0.42052525253006906, 0.43357575757816585, 0.44543434343193516, 0.46163636364118016, 0.47862626263348745, 0.49404040405485367, 0.5056161616065286, 0.5213535353559436, 0.532464646469463, 0.5473535353439023, 0.5603434343578839, 0.5721414141414142, 0.5820202020250186, 0.5900606060654225, 0.6036161616065285, 0.613636363631547, 0.6207070706974376, 0.6287676767821264, 0.6374949494877247, 0.6432525252669749, 0.648323232337682, 0.6615151515296012, 0.6679999999855504, 0.6657777777633281, 0.6773737373641043, 0.6817777777729612, 0.6865454545310049, 0.6933535353390857, 0.696101010091377, 0.7000808080856247, 0.7050707070755237, 0.7120202020346517, 0.7162020202116532, 0.7186666666666667]
test accuracy when lambda=0.7
[0.4467, 0.4811, 0.502, 0.5255, 0.5226, 0.5321, 0.5378, 0.5343, 0.5371, 0.5426, 0.5475, 0.5441, 0.5437, 0.5426, 0.537, 0.5359, 0.5276, 0.5272, 0.5232, 0.5257, 0.5203, 0.5207, 0.5168, 0.5166, 0.5142, 0.5129, 0.5111, 0.506, 0.5051, 0.5022, 0.5001, 0.4992, 0.4997, 0.4959, 0.4889, 0.4898, 0.4878, 0.4857, 0.4872, 0.4856, 0.4902, 0.4844, 0.4872, 0.4826, 0.478, 0.4823, 0.4827, 0.4812, 0.4783, 0.4779]
training accuracy when lambda=0.8
[0.22008080808321634, 0.2650505050456885, 0.284989898989899, 0.30022222221981393, 0.3116161616161616, 0.3231515151527193, 0.33341414141414144, 0.34583838384560867, 0.35690909090668266, 0.3648282828234663, 0.3786060606036523, 0.3861010101082349, 0.3988484848533014, 0.41242424241701764, 0.4251313131361297, 0.4413131313083148, 0.45717171717894195, 0.47214141414141414, 0.49296969696969695, 0.5062222222149975, 0.5251111111159277, 0.5421010100937853, 0.5605050504954174, 0.5731717171765337, 0.588484848499298, 0.6027272727320893, 0.6192323232419563, 0.6337575757431262, 0.6438383838432004, 0.654525252520436, 0.6662020202164698, 0.6750707070755236, 0.6871515151466986, 0.6931111111207442, 0.704949494949495, 0.710525252530069, 0.7214141414237745, 0.72903030302067, 0.7322828282924614, 0.7390303030254864, 0.7455353535498032, 0.7520404040259544, 0.7566666666666667, 0.7597575757431262, 0.764080808071175, 0.7717373737373737, 0.7756161616065286, 0.7806666666570335, 0.785919191928825, 0.7865656565560235]
test accuracy when lambda=0.8
[0.462, 0.5057, 0.5233, 0.5387, 0.5571, 0.5657, 0.5742, 0.5586, 0.5646, 0.5687, 0.5669, 0.5621, 0.5664, 0.5605, 0.5553, 0.5539, 0.5446, 0.5309, 0.5264, 0.5277, 0.5174, 0.5152, 0.5078, 0.5065, 0.4961, 0.5037, 0.506, 0.4946, 0.4977, 0.4872, 0.4914, 0.4865, 0.4919, 0.4807, 0.4831, 0.4816, 0.4787, 0.4777, 0.4833, 0.4804, 0.4767, 0.4826, 0.4766, 0.4761, 0.4767, 0.4746, 0.4756, 0.4755, 0.4772, 0.4803]
