training accuracy when lambda=0.4
[0.42662, 0.51376, 0.5335, 0.54268, 0.54984, 0.555, 0.55936, 0.5647, 0.56924, 0.571, 0.57622, 0.5802, 0.58302, 0.58682, 0.5901, 0.59284, 0.595, 0.59764, 0.60056, 0.60498, 0.6073, 0.61008, 0.61104, 0.61488, 0.61838, 0.6195, 0.62266, 0.62452, 0.62738, 0.62752, 0.62892, 0.63198, 0.63228, 0.63384, 0.63548, 0.63718, 0.63904, 0.63896, 0.64208, 0.641, 0.64142, 0.64438, 0.64478, 0.64498, 0.64882, 0.64876, 0.64628, 0.65052, 0.65046, 0.65092]
test accuracy when lambda=0.4
[0.5043, 0.5299, 0.5375, 0.5381, 0.5548, 0.5519, 0.5543, 0.5492, 0.556, 0.5552, 0.5547, 0.5558, 0.5546, 0.5578, 0.5481, 0.554, 0.5514, 0.544, 0.547, 0.5471, 0.5461, 0.5448, 0.5449, 0.5414, 0.5383, 0.5412, 0.5437, 0.5372, 0.5411, 0.5388, 0.5365, 0.5369, 0.5336, 0.5348, 0.5347, 0.5275, 0.5341, 0.5319, 0.5339, 0.5299, 0.5318, 0.528, 0.5302, 0.5257, 0.5271, 0.5287, 0.5289, 0.5253, 0.5255, 0.5242]
training accuracy when lambda=0.45
[0.34724, 0.4072, 0.42018, 0.4273, 0.4324, 0.4388, 0.44366, 0.4472, 0.451, 0.45348, 0.46032, 0.46322, 0.46532, 0.47302, 0.47532, 0.48086, 0.48618, 0.49124, 0.49598, 0.50022, 0.50382, 0.50842, 0.51446, 0.5223, 0.52452, 0.52974, 0.53122, 0.53816, 0.54294, 0.54612, 0.54904, 0.5556, 0.55584, 0.55754, 0.56524, 0.5651, 0.5717, 0.56944, 0.57414, 0.57694, 0.57614, 0.58314, 0.58088, 0.58696, 0.58504, 0.58354, 0.58818, 0.5889, 0.59644, 0.59322]
test accuracy when lambda=0.45
[0.501, 0.5248, 0.5396, 0.5298, 0.5462, 0.5475, 0.5465, 0.5451, 0.5453, 0.5491, 0.5514, 0.5478, 0.543, 0.5451, 0.5472, 0.5456, 0.5391, 0.5348, 0.5406, 0.54, 0.5385, 0.5367, 0.5351, 0.5382, 0.5302, 0.5368, 0.5297, 0.5289, 0.5317, 0.5315, 0.5312, 0.5309, 0.5238, 0.5308, 0.5276, 0.5239, 0.5233, 0.5262, 0.5183, 0.5223, 0.5219, 0.518, 0.5185, 0.5195, 0.5201, 0.5203, 0.5199, 0.5138, 0.5146, 0.5171]
training accuracy when lambda=0.5
[0.14848, 0.16606, 0.1734, 0.18094, 0.18428, 0.1878, 0.19236, 0.19796, 0.20108, 0.20652, 0.21058, 0.21556, 0.2203, 0.22786, 0.23346, 0.24152, 0.25052, 0.25624, 0.26596, 0.27472, 0.28348, 0.29752, 0.30244, 0.31508, 0.32226, 0.33272, 0.3393, 0.3506, 0.35662, 0.3681, 0.3725, 0.38128, 0.38852, 0.39686, 0.40636, 0.4075, 0.41582, 0.422, 0.42758, 0.43144, 0.43656, 0.44084, 0.44496, 0.45312, 0.45492, 0.46204, 0.46634, 0.46926, 0.47572, 0.47936]
test accuracy when lambda=0.5
[0.4953, 0.5238, 0.5312, 0.5454, 0.5425, 0.544, 0.5493, 0.5523, 0.5529, 0.5486, 0.5459, 0.5533, 0.5463, 0.5434, 0.5463, 0.5442, 0.5355, 0.5427, 0.534, 0.5357, 0.5366, 0.5322, 0.5283, 0.5271, 0.5218, 0.5292, 0.5215, 0.5207, 0.5175, 0.5179, 0.5163, 0.517, 0.5199, 0.5116, 0.5124, 0.511, 0.5117, 0.5126, 0.5104, 0.5116, 0.5076, 0.5055, 0.5081, 0.5067, 0.5067, 0.5008, 0.5061, 0.506, 0.5077, 0.5084]
training accuracy when lambda=0.55
[0.14638, 0.16582, 0.175, 0.17938, 0.18516, 0.18998, 0.19332, 0.19884, 0.20362, 0.2111, 0.21624, 0.22258, 0.22946, 0.23548, 0.24518, 0.25596, 0.26596, 0.2782, 0.28642, 0.29762, 0.31188, 0.32244, 0.33604, 0.3475, 0.35706, 0.36982, 0.38146, 0.3948, 0.40156, 0.40944, 0.41932, 0.43038, 0.43812, 0.4466, 0.45362, 0.46184, 0.46952, 0.47696, 0.4812, 0.4879, 0.49506, 0.49956, 0.5032, 0.50902, 0.51528, 0.52186, 0.52418, 0.52922, 0.5321, 0.53794]
test accuracy when lambda=0.55
[0.4893, 0.5295, 0.5345, 0.547, 0.541, 0.5534, 0.5503, 0.5473, 0.5517, 0.553, 0.5463, 0.5448, 0.5468, 0.5493, 0.5399, 0.5352, 0.5353, 0.5364, 0.5295, 0.526, 0.5278, 0.5198, 0.5193, 0.5146, 0.514, 0.507, 0.5135, 0.5037, 0.5026, 0.5026, 0.502, 0.505, 0.5035, 0.5009, 0.4958, 0.4935, 0.4914, 0.499, 0.4922, 0.491, 0.4893, 0.493, 0.4912, 0.4939, 0.4899, 0.493, 0.4973, 0.4872, 0.4881, 0.4942]
training accuracy when lambda=0.6
[0.14418, 0.16416, 0.17144, 0.1776, 0.1828, 0.1872, 0.19412, 0.20094, 0.20634, 0.21218, 0.22032, 0.22876, 0.23822, 0.24754, 0.2595, 0.27178, 0.28246, 0.29898, 0.31098, 0.32888, 0.34098, 0.3548, 0.37386, 0.38402, 0.3978, 0.4126, 0.42504, 0.43344, 0.44504, 0.4573, 0.46764, 0.47402, 0.48668, 0.49304, 0.50832, 0.5094, 0.517, 0.52924, 0.53632, 0.54174, 0.54818, 0.55208, 0.55894, 0.56388, 0.56912, 0.57144, 0.57966, 0.58244, 0.58476, 0.59094]
test accuracy when lambda=0.6
[0.4781, 0.5202, 0.5304, 0.539, 0.5483, 0.5505, 0.5387, 0.5506, 0.5486, 0.5462, 0.5408, 0.5415, 0.5404, 0.539, 0.5337, 0.5289, 0.5231, 0.5174, 0.5105, 0.5184, 0.509, 0.5044, 0.5039, 0.4991, 0.4907, 0.492, 0.4912, 0.4883, 0.4859, 0.4881, 0.4808, 0.4804, 0.4872, 0.4899, 0.4823, 0.4838, 0.4847, 0.4809, 0.4825, 0.4768, 0.4833, 0.4774, 0.4751, 0.4787, 0.4808, 0.4721, 0.4771, 0.4782, 0.4767, 0.4799]
training accuracy when lambda=0.65
[0.14614, 0.16272, 0.17056, 0.17946, 0.1851, 0.19066, 0.19652, 0.2029, 0.2095, 0.21872, 0.2281, 0.23838, 0.2491, 0.26312, 0.27566, 0.2928, 0.30978, 0.326, 0.34458, 0.3611, 0.37626, 0.39544, 0.41118, 0.42536, 0.44314, 0.45984, 0.46912, 0.4819, 0.49404, 0.50812, 0.51802, 0.52844, 0.53766, 0.54392, 0.55518, 0.56618, 0.57464, 0.58158, 0.58584, 0.59324, 0.59924, 0.60828, 0.61336, 0.61724, 0.62344, 0.63132, 0.62972, 0.63518, 0.64154, 0.64282]
test accuracy when lambda=0.65
[0.4753, 0.5023, 0.5204, 0.5251, 0.5463, 0.5409, 0.5468, 0.5476, 0.5473, 0.5412, 0.5344, 0.535, 0.5314, 0.5306, 0.521, 0.5133, 0.5128, 0.5103, 0.4981, 0.4954, 0.4955, 0.4932, 0.4871, 0.4884, 0.4799, 0.4728, 0.4733, 0.4743, 0.4716, 0.4705, 0.4689, 0.4657, 0.4673, 0.4617, 0.4671, 0.4559, 0.4657, 0.4675, 0.465, 0.4662, 0.4649, 0.4685, 0.4627, 0.4653, 0.4639, 0.4633, 0.4623, 0.4587, 0.4608, 0.4637]
training accuracy when lambda=0.7
[0.14242, 0.16006, 0.17158, 0.17826, 0.1847, 0.19124, 0.19886, 0.20596, 0.2149, 0.22534, 0.23716, 0.25068, 0.26538, 0.28218, 0.30038, 0.31842, 0.3408, 0.36002, 0.37696, 0.4014, 0.41644, 0.43606, 0.45348, 0.46984, 0.484, 0.50128, 0.51896, 0.5307, 0.5398, 0.55114, 0.56466, 0.5725, 0.58326, 0.59302, 0.6044, 0.6095, 0.61636, 0.62506, 0.63124, 0.63862, 0.64352, 0.64942, 0.65874, 0.65814, 0.6691, 0.6738, 0.67698, 0.68184, 0.68574, 0.68644]
test accuracy when lambda=0.7
[0.4661, 0.5059, 0.5201, 0.539, 0.5388, 0.5405, 0.5407, 0.5473, 0.5475, 0.5383, 0.5319, 0.5226, 0.509, 0.5133, 0.5042, 0.4968, 0.4895, 0.4875, 0.4838, 0.4716, 0.4678, 0.466, 0.4642, 0.456, 0.4623, 0.4522, 0.4521, 0.4519, 0.4505, 0.4484, 0.452, 0.4433, 0.4404, 0.4477, 0.4443, 0.4401, 0.4372, 0.4389, 0.434, 0.4467, 0.4372, 0.4357, 0.4448, 0.4411, 0.4327, 0.4425, 0.4397, 0.4405, 0.44, 0.4401]
training accuracy when lambda=0.75
[0.14218, 0.16192, 0.16966, 0.1778, 0.18552, 0.19228, 0.20058, 0.2079, 0.21748, 0.23146, 0.24506, 0.26074, 0.2801, 0.29954, 0.31966, 0.3427, 0.36278, 0.3858, 0.40662, 0.43152, 0.45022, 0.47068, 0.49034, 0.50576, 0.52354, 0.54182, 0.553, 0.56908, 0.58386, 0.59388, 0.6065, 0.61294, 0.6231, 0.63554, 0.64626, 0.6523, 0.6592, 0.66768, 0.67368, 0.68082, 0.68552, 0.69124, 0.70222, 0.70526, 0.71016, 0.7104, 0.71518, 0.72268, 0.72654, 0.7307]
test accuracy when lambda=0.75
[0.4549, 0.491, 0.5177, 0.5196, 0.5374, 0.5348, 0.5335, 0.534, 0.5285, 0.524, 0.501, 0.5018, 0.495, 0.4823, 0.4835, 0.4636, 0.459, 0.4588, 0.4388, 0.4347, 0.4398, 0.4299, 0.4289, 0.4255, 0.4246, 0.4215, 0.4157, 0.4174, 0.4104, 0.4142, 0.4094, 0.4132, 0.4061, 0.4081, 0.4077, 0.4074, 0.4116, 0.4112, 0.4082, 0.4151, 0.4097, 0.4122, 0.4108, 0.4138, 0.4106, 0.4077, 0.4059, 0.4174, 0.4106, 0.4103]
training accuracy when lambda=0.8
[0.13554, 0.1582, 0.16484, 0.17216, 0.18094, 0.1891, 0.19774, 0.20786, 0.21986, 0.23066, 0.2472, 0.26608, 0.28316, 0.30782, 0.32974, 0.35436, 0.37836, 0.40136, 0.42234, 0.44488, 0.46742, 0.4918, 0.5111, 0.52748, 0.54266, 0.5613, 0.5763, 0.58934, 0.60642, 0.61704, 0.62954, 0.63944, 0.65134, 0.65964, 0.66908, 0.67772, 0.68852, 0.69228, 0.69894, 0.70758, 0.71172, 0.72126, 0.72402, 0.73486, 0.73492, 0.74356, 0.74634, 0.74888, 0.75702, 0.75986]
test accuracy when lambda=0.8
[0.4335, 0.4749, 0.4992, 0.5224, 0.5238, 0.5252, 0.5228, 0.5331, 0.5096, 0.4963, 0.4783, 0.4772, 0.4561, 0.4466, 0.4376, 0.4258, 0.4102, 0.4164, 0.3973, 0.3951, 0.3919, 0.3941, 0.386, 0.3872, 0.3751, 0.3868, 0.3787, 0.3763, 0.3766, 0.3702, 0.3684, 0.3775, 0.3723, 0.3662, 0.3676, 0.368, 0.3668, 0.371, 0.3721, 0.3685, 0.3672, 0.3738, 0.3735, 0.3711, 0.3739, 0.3739, 0.3748, 0.374, 0.3764, 0.3771]
training accuracy when lambda=0.85
[0.13516, 0.15398, 0.16144, 0.17034, 0.17744, 0.18586, 0.19508, 0.20436, 0.2179, 0.23162, 0.2491, 0.26434, 0.28892, 0.30814, 0.33316, 0.3593, 0.38386, 0.4083, 0.43016, 0.45462, 0.47856, 0.49902, 0.51556, 0.53904, 0.55304, 0.57536, 0.58904, 0.60462, 0.61938, 0.63128, 0.6471, 0.6563, 0.6683, 0.67706, 0.68926, 0.69222, 0.70252, 0.71496, 0.72046, 0.72812, 0.73484, 0.7441, 0.74744, 0.75066, 0.755, 0.76228, 0.76798, 0.7711, 0.77632, 0.78056]
test accuracy when lambda=0.85
[0.4132, 0.4585, 0.4897, 0.5066, 0.505, 0.5191, 0.5141, 0.5069, 0.5032, 0.4774, 0.4718, 0.4485, 0.4394, 0.4308, 0.4234, 0.3985, 0.4002, 0.3723, 0.3754, 0.3674, 0.3699, 0.3707, 0.3581, 0.3483, 0.3478, 0.3444, 0.3465, 0.3403, 0.3392, 0.3404, 0.3503, 0.3355, 0.3395, 0.3377, 0.3371, 0.3326, 0.3348, 0.3354, 0.3309, 0.3378, 0.3414, 0.3404, 0.341, 0.3399, 0.3418, 0.3394, 0.3378, 0.352, 0.341, 0.3479]
training accuracy when lambda=0.9
[0.13056, 0.14874, 0.15972, 0.16816, 0.17622, 0.18416, 0.19674, 0.21128, 0.22644, 0.24546, 0.26686, 0.28752, 0.31338, 0.33724, 0.3644, 0.39038, 0.41724, 0.44286, 0.46718, 0.4883, 0.51322, 0.53302, 0.55108, 0.57122, 0.59214, 0.6055, 0.6206, 0.63566, 0.65098, 0.66426, 0.67428, 0.68412, 0.69184, 0.70484, 0.7088, 0.7224, 0.7303, 0.73578, 0.7445, 0.74528, 0.7552, 0.76078, 0.76936, 0.77382, 0.77842, 0.78272, 0.79164, 0.79084, 0.79802, 0.80024]
test accuracy when lambda=0.9
[0.385, 0.4405, 0.4703, 0.4908, 0.5014, 0.4902, 0.4923, 0.4736, 0.4625, 0.4396, 0.4077, 0.398, 0.385, 0.3724, 0.3568, 0.3598, 0.3397, 0.3314, 0.3107, 0.3148, 0.309, 0.3185, 0.309, 0.3109, 0.3118, 0.3058, 0.2969, 0.3059, 0.3057, 0.3028, 0.3023, 0.3071, 0.3063, 0.3, 0.3007, 0.2972, 0.3064, 0.3091, 0.3072, 0.3039, 0.313, 0.3028, 0.3091, 0.3113, 0.3013, 0.3084, 0.3064, 0.3061, 0.3136, 0.3123]
training accuracy when lambda=0.95
[0.1245, 0.14364, 0.1546, 0.16276, 0.16834, 0.17782, 0.18916, 0.20566, 0.22194, 0.23898, 0.26326, 0.28906, 0.31168, 0.3421, 0.37086, 0.3958, 0.42092, 0.45076, 0.47556, 0.50128, 0.5251, 0.5449, 0.56946, 0.58458, 0.604, 0.62138, 0.63376, 0.65244, 0.6641, 0.67482, 0.69046, 0.69862, 0.70878, 0.71896, 0.7292, 0.73532, 0.744, 0.75388, 0.75866, 0.7674, 0.77416, 0.7783, 0.78134, 0.79082, 0.79432, 0.79824, 0.80262, 0.80818, 0.81266, 0.81488]
test accuracy when lambda=0.95
[0.3181, 0.3903, 0.4334, 0.4393, 0.4708, 0.4536, 0.448, 0.4472, 0.4238, 0.4038, 0.3684, 0.3593, 0.3353, 0.3227, 0.3165, 0.2993, 0.2964, 0.2958, 0.2858, 0.2797, 0.2735, 0.2727, 0.2703, 0.2626, 0.2594, 0.2473, 0.2646, 0.2522, 0.2553, 0.2546, 0.2522, 0.2576, 0.255, 0.248, 0.2556, 0.252, 0.2511, 0.2497, 0.2476, 0.2546, 0.2589, 0.2491, 0.245, 0.2594, 0.2501, 0.2597, 0.2558, 0.2535, 0.2527, 0.2422]
