[12349 11732 11735 ... 26882 16349 47272]
[24749 19309 19305 ...   666 10153 39175]
[30124  1914 24675 ... 29115  1807 37532]
[23095  1225 16831 ... 35880 44561  5782]
[13416 14230  1357 ... 23225 16398  6932]
[14347 48181 33739 ...  2323  4211 20357]
[28062 38107 14969 ... 48971 14612  9656]
[45033 12356 22671 ...  7730 22555 39917]
[39087 18773  1104 ... 14581   462 45934]
[ 7149 13869 30707 ... 28579 43484 39909]
[0.5615, 0.567, 0.356, 0.2675, 0.4365, 0.5115, 0.524, 0.62, 0.73, 0.5235]
[2000, 2000, 2000, 2000, 2000, 2000, 2000, 2000, 2000, 2000]
