[16523 33485 46432 ...  2409 34091 48351]
[24749 33567 33566 ...  5406 31470 25407]
[42515 13676 13573 ... 16860 30055 31660]
[44376 28392  4359 ... 34270 43003 20681]
[21730 31536 31543 ... 22959  5287 39333]
[24966 48811  7278 ... 15107 26031 25947]
[21200 11533 34006 ... 17835 28282 22224]
[44626 12731 16894 ... 28635 17003 13538]
[34747 11403 11401 ... 33368  7365 29447]
[11633 32419  6093 ...  3697 18675 35005]
[0.507, 0.521, 0.3535, 0.256, 0.4075, 0.498, 0.45, 0.571, 0.664, 0.537]
[2000, 2000, 2000, 2000, 2000, 2000, 2000, 2000, 2000, 2000]
