[ 6603  9964 47298  2650 37270 22465 25280 16254 35434 36028 14804 12844
 48978 22440 38898 40192 28574 28575 44057 47272 44170 28633 34412 44153
 12983  6501 18200 25313 47223 12963 25198 25200 41245  2698 33669  2696
 12967 47384 37235  6853 25438  7142 22177 20361 37162  7167 28391 43599
 27474 31141 15704 37147 47598 31170 34196 43473 47580 33432  7126 16290
 38920 47412 30934 22356  6905  6906 41344  7113   653  2442 38996  7049
  7074 41366 19329  2386  2455 20397 44206  2839 23116 38502 46852 19454
 34575 15865  5900  3180 11144  5916   414  3159 10228  5954  5961  5812
 13332 37497 28878   328 44899 24817 46763 44817 11109  3304 20067  5713
 23183 44795  5721 37509 37505 10303  5751 36102 24936 24937 44590 47054
 13103 18114 32812 32810 22780 15807 18110  6337 22734  6382 30642 32791
 30650 18169 10053 17034 10050 10130 17063 23004   433 24944   438 41061
 28805 46933 14644  6020 19429 11170 11174 44495 47003 44441 17072 44525
 44909  2249   742 26386 16394 15256 48160 18830 42571 26374 16402 35733
 48666 21317 27985 15277  8431 48208 19191 39551 26390 20613 31747 21415
 28052 42649 33901 33585  8276  9337  8282  9429 21372 12079 28027  1652
 11524 16621 21382 18869 21248 36623  9200  8924 36717 20930 19034 48445
  8972 20738  9165 33687  1205 32273 36671 19084  9090 32251 15448 41657
 39739 11846 48245 26022  1502 27670 31924 33824  1465 26301 39931 48304
  8666 21117 11611 21091 21053 35808  8617  9719 21421  8213 40088  7579
 21855 41519 40079 36523  7650 21810 35593 12396   816 36531  7705 18613
 34066 21897 35970 43272 16793 14958 28346 31227  7370 39158 25547 47671
 43111  2194 35561  9686  7453 14997 47720 35568 34130 21973 12361 21759
 43094  8017 21553 25788 36954 25792 41626 21519  9525 39455 31691 48033
 31699  8159 36909  8195  1726 42791  8214  7999 47936  7756 18643  9604
  7805 39345 26473 18668 21574   864 31557 31559 33563 18697 12248 12247
 28161  7883 32954  1159 19655 17682 46152 10575  3535 29590 34837 24506
 40762 17246 24628 40443 11073 24568 34773  4556 10905 46020 45463 14380
 37709  5272 14060 10401 14067  3490 17288 49259 14301  4212 40602 13680
 16126  5407 35161 24552 29340 27179 46412 19538 37811 46132 23540  4971
 17394 34762 10813 37933 11072 45940 46519 13725 35015 19808 27237 24343
 37831 24117 40461 45114 29484  4391  4731 34897 29641 46580  4259 14217
 44974 45106 29926 36254 29241 46093 45998 45656 30027 24101   115  3810
 46212 35099 34685  3467 17655  3819 46652 17864 23966 37960 49364 14124
 37629 46655 34923 10391 17333 17793 10480 10382 37724 17336 37573   263
  4266 19723 14026 30715 19674 25979 35397   316 17005 14666 44323 46561
 42452 30023 44304  6317 15784 13562 49054 19878 24253 22703  8450  8447
 35056 44244 11993 23998 30761 35517 42816   745 29199 43410 38100 25550
 21579 31275 49353 47703 25593  9546 16327 43176 27146 20491 20476 34062
 45659 45545 26575 41412 45448  7793 11551 46472 11545 10791 28538 29888
 40420 33255 28021 43750 15738  2445 36589 32677 12713  2417  2406 25881
   682   931 30752 20141 43056 16175   402 29046 32929 38466 20713 42190
  4234  5478 16202  1239 14070 46621 27702 36334 27778 13257 33801  1196
  3363  9049 33345 32999  8754 39713 13388 42056 14630 10242 44565 44364
 48528 10114 48268 32137 14654 34480 42378 26860 17952 44941  6183  3800
 30892 16653 33394  5048 14242 39069 28527   340 42254  3709 32634 23612
 38872 24721 31808 14239  7179 20265 23189 26437 18429  5904  8134 48423
 25825   904 24318 35493 11745 48947 44028 14251 12068 38516 11317 30970
 27593   645 25357 49248 41334 14900 39890  8135 17562 41383 29452 21962
 39387  6057  3557 46963 46225 37649 10177 37825 16048 30185 38402 34502
 18085  9564  6163 45681  8610 20680 25035  4250 17862 47113 26878 40856
 16423 44327 16220 43044 14184 17010 35796 15468 21632 45590 41847 46289
  3693  3541 36370 48097 25071 24411  2642 18026  7256 19085 25937 11160
 29526 31967  9189 28602 44643  7749 34940  3699 26225 42698   508 13741
 24199  4648 22200  8185 37848 18897   212 27994  3326 44675  7716 47592
 28840  6508 36022  1422  1650 20520 19690 24266 37780 11083 22936  3759
 42226  1946 21902 44895 18499 33277 13713 38579 23505 24913 12211 11727
 28276  1212 39370 19093 43077 30252 34646 28924 33166  4558 20402 13833
 17347 42057 25573 47811 34899 24844 35944 32245 17630 38692 43703 48067
 28460 40510 24295  5418 15389 11001 30071 40305 15382 14025 14314 39571
 26144  6570 48185  9990 17279 13202 31995 41207 10043 36402 38299 11975
 39946  6270  5341 32108  6588 14417 35834 13916 35836 24321 16147 15864
  3799 43196 23135 29045 12984 47217 23918  3552 38763 31125   377  8415
 34843 24261 25454 42658 37847 36906 21282 27148 42334 13058 25696  9620
 39952 44423 33852 29364 26505 31498 18602 29257  4350  9581 32301  2380
 48518 17153  1317 10513 21351 14292 36225 46362 32893 28437 15238 25359
 39532  5722 38354 37188 32983 33516  9434 16929 38474 10754 12862  5104
 25250 12907 10529 18419 22459 11104  8342 43020 10794 12261  4576 33782
 16086 15545 26074  8238 15083 27656 31746 34030  1980 39600 42894 16411
 42286  8943 25745 39552 29621   976 39348 24485 40472   658 30973 24553
 38857 30783  5112 37294 13612 37373 44381  7430 13136 49263 11158 46888
 44642 44714 44743 30300 46800 32937 27257 29040 31344 43276 23894  7681
  8600 10339 39935 39007 23708 20330 44516 18043 42295  1769 35864 17659
 16839 47812 43840 33467 34337 19961 43001 34361  6634  1510 20459 27200
  5157 31871 39947 27950  6323 21706  7369 34460  2095 47682 10265  5965
 39425 41606 19732 36956 11834 24053 15222 46002 43207 45215 34731 35645
 45904 34143 27562 45791 19263 34370 25183 35019 40851 47395 46890 24808
 42490 11406 11112 31920 46115 45066  4381 45263  9286  6555 30853 19648
 28733 10400 34851 16664 46681 37110 22121 45075 42711 43467  6058 42766
  4575 24637 31203 37007 33650 29775 20405 39920 23018 40703  4675 22040
 22417 10852 32620 36652 44536 33683 17378 28896 18833 15983  9403  5498
 26122  2907 45170 12687 27650 27679   111 33302 20151 22208 18107   404
 23364 20079 19039 10998 25473 21219 34720 24463 14040  3681 41596 41242
  5277 29009 48642 40256 38784 36019 24392 30088   736 33931 27165 22178
 28417 22890 41364 12519   666  8493 28748 45417 18887 40922 18820 13448
 43855  5650 27924 26621 40281 35011 40464 32891 44709   498 35199 11983
  7811 13529 47326 30654 41687 19215 23924 19740 40013 40014 17389 30175
 23322 38718 32239  4026 28396 24778 31208 14229 41694 48104 46411 18573
 20188 20190 13008 43160 31354 48170 28477  8117 37824 17931 24426  4681
 19541 34922 39728 19021 44654 19237 17554 23849 31664 11457 29642 41612
 30498  4913 13334 15294 42986 15769  1613 10641 48819  9440 31956 12136
  2453  9843 37856 33310 48932 35333 19980 24311 24587 38392 30130 26280
 23061 16042 20516 42578 21355  4522 41029 27999 20453 24575 34429 11029
 27660 24038  7188 43525 26726   810 16505 43348  4311 15516  7249 22446
 43395 30478  1169 24363 14980 37993 43563  2436 43413  4986 15470  7405
 11801 48152  8810 30414  5872  1967  3089 30456 34594  6777  5787  3238
 38296 44336  8477 31809 47333 43930 11762  4428 33244 20623 19132   878
 41882 16382 10432 26719 10879 49300 20076 44444 41558 39283 23964   593
 14180 17305 47115 47365 40610 18176  4485 10032 22022  8987 22550 22152
 31582  1135   898 13528 32920 42557 30078  5167 48100 14255 33364  4823
 42518 24197  4754 12182 13418 14384 18893  8464 34184 20921 34752 22526
 28014 24337 30657  6312  1325  3844 49369   190 28736  3028 21752 30227
 33776 42604 34025 44366  9925  9836 48953 13105  9967  9696 11682 48494
 25231 26664 17339 28261 33422 35207 18817  3839  7024  8575 32090 18330
 28310 40525 42246 41306 11367 14791 47965 43846  9250  3287 15161 26975
  3324 31456 38494  4604 14290 48486 45985 19568  2974 44278  3487 25081
  2520 48299 44900 11103 40642 17030 39103 22187 46530 23525 37622 41467
  9996  2619 20807 43515 46740 37044 42732 40184  2693 29808 21814  9280
 38364  4414 44856 16307 39127 15725 31998 41276 45371 18033 24108 41059
 12295 38924 42871 41611 29409 11386 22773 34147 48565 30709 47110 18421
 22689 28147 42507 24452 47012 32550 28536 40220 19628 34407 26338 16659
 10554 46966  7713 39738 47071 21012 24679  9449 39272 28583 23878 20246
 47084  4674 39327 35510 10741  4722 31653 47303 47886 33693  9839 47898
  7447 31132 32296 43859  1588 29354 15476  9485  5433 28681 20812 13825
 47286 25245 45766 33101 16991 47814 23836 18502  9823  9080 45008 24599
 23343 31625 23566 12793 30168 31693 45354 33023  1188 32345 42710 18756
 34029  7170 15674  2935 38888  2307 21013 10887 28675 39276  1197 22017
 19441 24147 41290 25520 41917 49136 28397  5589 29297 32816 28948 33992
 12083 47732 44382 28654  4475 13963 36133 42525  3657 26255 46058 25899
 34956 20746 11850 18408 15847 21542 21540 10696 26774 18061 19341 47948
 12799 46627 23406 26806 28117  7714 18044 48516 34070  9826  9417 45150
 37191 29188 35044 13588 37302  3136 38304 47307 26433 46719 27700 27780
 31865 36007 14015 16832  9197 28398 34266  9551 17553 41024 22639 22646
 44597 36983   718 32748  5931 32761 32781  9830 44866 46723   826 22820
 11436 31738 21508  8083 43849 46779 42824 43727  9102 13169 39179 18831
 25388 41447 26822 25062 15761 47769 47426 11236 49059 31401 16908 17772
  7475 34097 14688 18758 34884 42264 17428 33077 15342  8914 10992  9764
 23180 30929 47240 40798 42674 29541 48619 10953 15703 28199 43052 15147
  8406  1585 11316 20171 24634 48066 35630 16331 39923  1668  3318 30734
 35005 39874 38187  4300 15908 42208 14433 45585 47620 25456  6113  1495
 31322 34683  1655 19196 22226 13737 45654 46809 46689  9081 37402  9534
 41643 13276 10728 27355 26572 15573 37611 25953  8492  5819  2151 31105
 47528   776 42912 10863 18509 26323 36097 26216  8434  6598 22843 34289
 28065 36952 31890  6376 28740 44996 38197  9066  1740  7273 31436 10474
 35551 39441 18435  5281 40254 40193 44250  4027  4364 47834 24001  9378
 15408 24689 14639 11972 11010 45563 18944 39625 42619  8978 24669  1416
 27016  2639 10234 33826 40045 35480 48849 38057 24988 38808 48072 38339
 38881 10766 23005 42165 33677  5836 35638 44205  6535  1798 41032   937
  5698 23285  8021  4683 16027 24273 48298 21968 25218 13911 43275 49422
  6205  9319 15412 19613 14580 36134  7520  8440 45096 41773 25921 30285
 20299  6259 31933 34515 49181 17955 43911 19433  7587 40810 38911 47603
 48747 45047 24556 47302  1467 16920 43508 12897 44884 29259  1521 23473
 21601 36682 20773 18855 34393 33580 15517 33157 16203 30541 22479 14170
 26239  8639 42240 12263 11701 35072 42634 10664 26170 11055 14575 30097
 20575 48384  3945  5859 36129 45348 42206 12489 22707 48473 26017  1818
 41813 22036 38674 29692  4993 15809 17549 10853 22411 13994  4795  2579
 18503 35255 40568 39793 32038 47950 33833 31574 26047 19737 35958 47330
  4126 45062 30352 35671 10809 37278 20518 34420 45657 27356 13848 30418
 33428 41549 33996 48750 46142 19780 38438 41547 22976 16047 15708 27041
 38337 38212 38079 40750 13723 41324  8299 33241 47708 40319  2374  9779
  1371 49038  4293 19435  3063 24470  9946 29638 25106 31254 31753 39290
 35922 32751 36679 17308 31201  2205 30968 37604 15421 18016 33885 23313
 47148 12760 42510 39958 40163 46420 31395  5934  2214 14957 25534 28898
 18232 42756 49342  3850 44106  4201 40998 11830 17505  1803 17239 45205
 38553  2257 31166 35544 26768 31193  3269 42358 14065 40526 18269 39922
 40953 30277 28810 35641   595 43144 40282 38593 15866 38508  5676 21591
 48748 18105 29131 38596 35752 10628 18334 47091 38631 18307 22045 18999
 28763 37368   689 11786 19800  4799 40866 31840 46513 35492 46393 38805
  2962 19432 34622 10621 34896 14189 48474 12644 29170 25129 48353 12855
 14086 30684  7733 15902  7427 25371 39421 34358  9503 17734 30128 32732
 47891 46016 20499  2369 10406 47094 30283 41288 47982 18974 34286 31016
 28205 38671 42114 32442 46732  8362 45419 38336 24707 24107  1757  6315
 19791 15972 43245 10555   322 14109 12020    69 44890  5743 21950  2242
 16695 14876 17968 38043 43011 14003   562 14985 19629 32149  9915 24376
 47669 20092 30020  2656 27222 38254 11434 32569  2432 16576  1286 13440
  1328 43513 42843 20328 21144 30628 15953  4434 36876 35366 38767 48493
 32868  7584  1068 46596 46528 42927 19654 20606]
[46055 33714 29847 20160  7744 20173 39861 29798   929 25024 45961  6442
 45947 27020 45942 39870 29758 46244 29720 46447 33828  7697 39605 33813
 25324  3987 26991 33779 39687 29671 25287 29683 22977 12402 39961 20267
  4524 20303   542 45872 40258 23799 33400 48552 11711  4711  6405 33358
 40351 11593 40410 20618 11568 49093 49165 11804 49096  4550 12039 33539
 27446 20343 11974 11959 40121 28004 11942 20386 33491  7784  4595 31506
  4607 25394 39545 19911  3358 13712  3360 34322 38804  3361 13629 13619
 13597 38889   362 25665 13434 13406 13396 29341 19522 38746 34366 25811
 38590 19206 34431  1377 23069 38656 13827 23725 29289 19284  3260 46925
 19305 43499 38732 20645  7628 38997 33938 44433 46568  7663 19850  3747
 12779 12770 46539 19880 19887  3790 12732 49173 12726 39376  3509 12909
 19734 27932 46716 13369 30851 13343 27525 19588 34133   393 19634  3629
 29489 13116 39262 13026 27518 20662 40478 40485 24256  9272 45026 43214
  1561 48920 42301 24222 24202 32142 32138 27304 42328  5782 28271 45036
 44952 22056  9309 21830 41990 32350  9559 32335 32333 48944 32305 42087
 28095 45098  5614 44526 42202  9314  9299  9660 22163 42449 23954 44638
  1070 42887  6308 42942 42964 22624 30785 43022 23892 31719 30792 48698
 23876 42815 24193 42806 42742 30589 22247 42486  5918  8953 48662 44811
 31645 31996 22336 44794  8721 31929 24045 24008 31886 25827  5461  9680
 10861 22852 41065 21153 10738 30811 21161 24718 41126  4969  4970 21215
 41174 45547 21242 24736 21276 10889 24769  4759 20688 40533 22928 24818
 31524 11365 11349 40611 27410 11292 20882 40753 24793 11092  4883 45235
 41257 45540 28074 21562  5306 32545 41703 41707 24468 45279 32503 28163
  9755 41862 41886 32411 45261 41587 41260 48984 24517 10478 21298 30180
 41329 21371 10348 32727  7978  5153 30241  5207 41450 10227 44520 21490
 10101 34477 22770 35761 38085 34775 48129 17482  2773 18764 36182 14650
  1734   225 26094 15649 47053 16956   955  2705  1731 26123 34859   235
 44210 18065 17297 37017 35423 34694   112  2904 15900  2134 36510 48416
  1546 37054 14493 37058 43803 37548 26045 38104 18017 28800  7011 37013
 26137 37904  7454 16836 43708 18275 26258 18471 35170 47547 47458 26230
 35145 18331 35042 44021  2608 23167 47496 37596 28973 28930 29027 17407
   201 18165 28568 35261 18646 48307 35841 35249 18615 34941 23530  6900
 18559 28558 47634  7008 47630 47610  7465 29010 15006  1547  2551 14397
 47066  3072 38405 17135 19050 44095 19028 14210 28683 36009 36078    65
  3050 28696 47192 47939  3047 14276  2002 26534 44312 36890 26597  1887
 35661 16405 13986  3106  1856 19143 16373 36033 43539  6805 14051 38492
 28640 36613 35613 19094  7078 14097 26662  1565 34509  3037 48336 23595
  1398 18935 29196 16045 28500 47895 35713 18947 43979   268 28735 17565
 23694  2998 16574 16068    96 36984 34638 42359 28779 22845 21429  9759
 30198 47512  2536 33338 10649 18266   159 28619 16015 23314 20542 21289
  8046 16817 32714  6329 24355  5833 32348 37409  8049  7934 10257 42082
 36344 21538  7185 32986 40667 11005 28038 43202 20911  9491 37226  6354
 20936 11024  2291 45384 28297 40587 10697 20967 48576  9903 10254 28617
 24836  2169 45051 28881  9152 45388 16794 27063 23337 10867  4947 47029
 35871 19871 13379 29197  6267 27757 12596  8719 25338   458 18730 29649
 29376 46825 37892 22647 19002 13638 13649 34343 38279 44580 34181 46674
 27168  1331 48677 39411 18805 39424 33929 17036 12976 43596  8614 46626
 27956   233 13222 14389  6211 35967 12718 20082 20103   463 39788 12221
 19257 19112 24091 22974 39895 19126 41982   817 46912 12236 39882 22272
 36272  4519 32042 27163  8128   827   305 18557 43090 17373 31338 49291
 39810 44411 22284 35039 38436  8162 22042 21336 34437 43116 44653 38511
 46601 25814  3702 28608 34478 12894 38190 29475 34187 31789 34347 26569
 14158 21919 24463 31741 38816 34276  5008 38880  9897 48082 48989   870
 32504 35992 28455 32693 13383 13768 43224 39012 32272 45443 13441 47831
  9005 12876 43353  1539 20684 37861 20704 12455 20056 20629 18648  6005
 37282 39651  3977 11310 23622  5753 20721  1807  9124 24082 24152 30610
 27836 11928 15280 28961 42494 44098 26223 40233 24911 15053  4692 18507
 23869 30036 24973 15652 48060 36365 23983 30472 47816 29137  8515  2212
  2236 16850 40990 21079 32981 22915 48569  3817 33899 28106  2747 14684
  3854 23865  8098 16730 44186 39517 44575 28592 49478 22396 22120 24296
  8093    32 30552 16502 28250 16657 17493 17298  9354  6104  6011 27743
 42282 27734  9177 12691 21819 23823 38115  2437 48557 20663 35243 33952
   580 44218  6734  4793 44491 12914 34889 34701  7858 49204  2805 24883
  2803 18399 20042 44282 23146 23012 39795 27988 15016 25051 44284 29001
 37673 12162 37635 12057   439 32388 14643 37577 43382  3589 37883 32640
 13750 31400 21407  5097 21785 23794 41513  3208 38272 30213 17994  3456
 18984 15825 30938  3000 35324 21066 15693 14376  4900 29256 14352 44515
 19363 23089 28515 28494 33845 39592  3232 23880 13924 46900 38460 33914
 36210 29160 23965   866   867 44702 46779 29602 34204 46801 26763 22493
 22645 46537  3804 46792 12933  8966 46137 15798 30134 21204 32861 30174
 41211  2104 21990 16023  9431  5983 10289 24475  9502 32522 43222  5383
 28635 45191 32403 17673  9580 21461  5717 41006 37222 42514 49348 12010
 20340 24955 31633 28964 15302 18103  6671  2505 31286 33102 11118 20868
 27227 24838    46 24810 11423 35264 23590 44051  8054  6364 30995 23659
 23360  1559 44566 34994 18565  2646 37965 14518 14473 14370 14363 18464
  3054   311 19246 38673 19286   352 34177  3712 46564 38447 25367  2581
 15399  1684 16919 49472 16814  1777 17569 17724 49435 18279 16301 26523
  2138 28828 47715 35302 15640 26365 37341 36813 12581 31030 25137 11066
 45670 41088 48578 45497 10173 30343 32473 41810 24330 24302 32163 22106
  5808 42429 22219 42498  5981 31798 40790 11125  4949 40759 27007  4370
 25020 29931 45900 45704 24897 45785 11592 11842 40535 20861 30065 24816
 11535 48432  1586  2640 28471  5886 29409 25959 31023  3311  4065 48332
  5739  1991 47878 28750 47570 47063 44551 44417  9216 20421 12796 12841
 10104 20526 18344 22595 19556 18454  8345 39028 18663 42451 11470  7900
 13715 22267 34367 49024 31568 12593 39608 38562  7235  7495  8796 16424
 33720 16813 11723 16598 35762 33622 17886 27761 17101 23409 11772 27426
 39997 25577  3289 13563 33769  4337 25557   849 19784 46168 46182 39410
 40705 25427 46464 49086  4168  8267 12733 44978  4901 15772 37073 23102
 28778  7519 37052 15927 36925 16109 36850 30379 24198  1681 42232 48925
 47675 41733 37246 15338 14269 41173  4581  2513 38109 34815 18821 14995
 41476 10204 48721 24583 30823 10322 10470 32405 11013  5517 29985 41133
  9561 32919 33110 20172 24985 17132 36145 16681  1529 48016 17804 26885
 15532 15377 37578 35058 14926 34803 47305 18858 25946 25928 44109  4326
 33724 39513 33947 32176 20345  3495 19290 38659   303 38545 14231 38258
 34353 29437 27752 27231 48890  8482 42425 23759  6098 22784 43153 42355
 43496  7163  7368 42434 34665 33770  2933 20096 32879  3477 30695 21210
 44212 45351 35475 15849  1177  4314 18201 24674 37600 28907 22422 38086
 12335 30926 47147 25704 36014 49250 27908   324 13853 13120 11462 28845
 12501 42491 44630 41119    60 14377 20510 25460  7597 12097 48768 38363
  2341  9171 37106 37090 15494 48660 24077 15550  6837 23780 13631 31662
 39343 39417 29548 19151 34558 47098 43251 18967 15400 14367 48857   482
  8478  4185 28412 34964 12271 20183 25025 20219 29608 14621 33403 21647
 48597 36675 45332 17617 28713 48094 35497 23608 17511 17446  1693  6755
  5232 48927  9273   998 21056 17032 42273 32035 29132 30322 22190 25990
 36654 42852 26627 38981 16288 32477 19439 45715  5770 46410 16584 27877
 33857  2706 42314   755 34501 30782 27087 13974  8465 29520 23340 30737
 44976 19520 21243 21405 47862 18385 33633 41048 35567   185 23764  6645
  5182 16277 32844 22242 36405 34568 24050  7473 36303 36246 24898  5619
 20726 10729 35906 43679 23917 44132 40877  8007 13170 20564  4921   828
 34863  7529  6139 36831   918 10390 24462 41430 46325 33771  4005 32568
 14443  5416 16508 16349 25328 46039 49161   501  2563 15670 46863 47738
 31391 31509  2288  1482 16235 47560 36225  1443 16446 22822 15968  2385
 19062  2010 37330 47174 31221 18314 25917 35195  7809 27140 29463 22427
  4582 23942 28326 11660 12056 44740 40421 30053 20232 21296 33897  1308
 48847  6192  9672 30366 44563 24236 30375  8240 13377  5639 45151  6103
 42214 37712 14752  4571 15450 12151 12226  4512 47507 39927   373 19508
 37237 40196     4 44174 17725 31281 16099 45521 27290 44868 20803 28813
  6586  8882 29051 23077 48874 15508 27005  9175 31781 12618 46646 47004
 23850 47171 19183 27957  8831  2015 33442 35363 23721 39497 49002 23242
 10296 30816 26471 22824  3741 31607  7273 13124 33097 44821   119  2155
 35391 29246 40672 45518  3640  8913 42867   563 44622 46988 49366 21437
 33853 19478 13516  1128 42850 31007 30497 22529 43049  2753 25312  3378
 27774 48624  9565 41922 14726  2635 31646 10192  9088 20006 45986   726
 22144 30364 34180 36865 10318  8145  5224 24177 45454 34372  5841 30491
 13755   766  5603  9383  9416 28528  5899 38163 33058 39639 27156 44427
 29859   939 43485 29661  6456 31912  7783 47310 20123 14570  7797 47283
 46210  7651 38242  4348 39996 25442  1094   429 47117 33759  2377 40807
 15359 39769 34376 25265 17865 26382 24229 25119 43080  2025 13971 34681
 36122 20733 44648 13382  3766 42339 21885 42704  8475 29461 21068 21671
  7266 41437 10009 37566 37492 43518 20021  8595   490 28264  1382 48879
  1161 37590 32739 21589 22765 44340 18273 42612 24686 17710 41304 35272
 19766 19269 37296 13759 40826   260   146  4888 20099 46613 29252  4647
 35870 39178 18115  8952  6838 33788 48659 29813 18731 43219  5930 36348
 48967 19957 17337  4374 22085 16427 31222 16628 19840 46213 43792 36449
 47989 18797  8902 15333  5931 36363  3092 22816 23626  6668 35962 21341
 16513 25975 43976  8611  7301 32276 30258 23481 16165 31083 27029 48869
 20065 15741 13925 42068  7926 26737 37485 17767 40189 42544 26028 39342
 21596 20703 39102  8641  1464 12014 30786 41873  9737 11973 29367 31971
  5039  8144 32776  8667 14284 42871 22996 40324 23192 10698 41658 29265
 24750 47409 28802 34132 43962 21938 39032 30588  8964 18658 44583 12883
 49088 17702 21959   928 45642 40751   229 17401 22582 35193 18928 20838
 40651 30981 28350 30760  2482 18372 43235 28064 36711 40558 22583 29447
 28875 48108  7154 12549 17381 34547 23007 28047 28291 23978  8995  6621
  2069 23635  1290 29020 40197 14061 16540 25796 24803 28234 43902 19672
 20032  6295 10549 12120 20016 13673  8005 29392 38346 33999  7460 16495
  2780  1855 29054   935 36271 25066 11843 17950 14312 29069 15271 29209
 41180 16935  1090  7701 13757 37938 26516 10066 19725 43204 25153 35518
 21016  6563 28938  5105 36700  9743 32556 27411 47833 10877 27022  3442
 14039  9871 30270 34550 13729 27792 15287 47406 22240 48533 23566 11507
 16743  1129  8956 40590  7801 12791 27699 14738 31715  8367 42811 28146
 48846 42982 30431 45949 45645  8366  5055 34455 48840 31428 10221 20498
  1898 35304 16595 10126 18367 44600 26626 34167 46516 21139 16259 15913
 16880 43254 26075 38974 29759 24524 16845 42671 46391 18476 16547 30540
 19335 13724 41196 46149 30543 26350 20105 30742 14631 39085 29544 45829
 34715  3251 34691 31165 12264 30759  8543 10304 14366  5915 48150 29482
  6540 44034 20797 25045 11449 45126 12652 34448 21646 36950 13006 48635
 13478  9174   674 16356 28848 45898 23945  6488  4810 24748 16765 24140
 15873  6770 32749 16810 25962  5245 27508 18595 22551  7278 48171 46814
 12879 37710 49057 27017 25441 12499 36401 44763 34696 21237 13181 20593
 49420  6767 49471 37459  8885 33387 48742 17812 29299 41446 12435 31266
 44754 32467 42974 33465 29402 21363 35205 26814 21031  1603 15526 22740
 27091 45966 10821  8782 14915 43843  3412 40207  9339 40889 39643 15289
 15686 19514 29855   175 46799 20236  6019 43026 29220 46812 45523 38170
 25614 28093 39132 33889 22723 30060 12054 40417  7831 41096 12234 11322
 35937 34235 16234  8990 48971 48644  3248 10415  4353  3617 24613 16801
  6830 36764 19281 38580 10540 11026  4815 38438 47293 36889 47069 49235
 15387   218 43089 46842    93 27218 36305 44686]
[   34    41    48    55    74    82   108   129   152   190   193   217
   253   259   265   314   334   338   347   422   474   478   528   533
   619   645   652   722   727   794   810   882   921   950  1179  1197
  1210  1212  1273  1295  1322  1330  1335  1340  1364  1383  1416  1480
  1510  1581  1651  1661  1766  1779  1803  1826  1831  1854  1904  1911
  1940  1952  1967  2022  2052  2065  2071  2076  2129  2162  2187  2190
  2302  2360  2371  2385  2432  2439  2458  2460  2490  2495  2524  2579
  2641  2657  2681  2791  2802  2804  2845  2942  2976  2993  3067  3136
  3156  3199  3225  3249  3266  3272  3274  3338  3390  3409  3430  3445
  3457  3468  3481  3507  3533  3707  3783  3855  3898  3924  3955  3989
  4004  4029  4072  4205  4228  4236  4285  4318  4338  4354  4361  4383
  4477  4547  4661  4687  4705  4723  4797  4938  4954  5080  5084  5124
  5169  5171  5183  5240  5244  5269  5274  5275  5278  5320  5384  5390
  5418  5455  5483  5489  5490  5520  5524  5525  5535  5655  5668  5706
  5710  5784  5804  5819  5876  5911  5937  5968  6006  6045  6096  6128
  6133  6178  6205  6231  6254  6256  6259  6265  6331  6371  6399  6407
  6440  6445  6478  6489  6494  6495  6515  6549  6552  6553  6576  6590
  6627  6690  6696  6738  6741  6946  6968  6970  7058  7071  7081  7139
  7142  7190  7205  7229  7240  7291  7336  7370  7372  7375  7388  7391
  7405  7453  7464  7466  7468  7526  7595  7689  7762  7788  7850  7888
  7893  7894  7963  7964  7972  7988  8007  8012  8040  8153  8175  8181
  8204  8213  8238  8257  8383  8470  8601  8663  8682  8688  8715  8718
  8770  8786  8830  8851  8881  8920  8954  9057  9093  9099  9207  9264
  9270  9357  9382  9434  9487  9499  9504  9538  9545  9564  9566  9604
  9605  9761  9825  9835  9840  9862  9875  9931  9954  9986  9992  9996
 10054 10084 10088 10091 10109 10118 10141 10206 10288 10291 10300 10311
 10325 10353 10376 10379 10484 10491 10600 10653 10664 10688 10700 10712
 10734 10766 10830 10859 10868 10899 10909 10912 10958 11009 11096 11115
 11124 11170 11173 11174 11209 11229 11278 11420 11425 11436 11439 11487
 11508 11547 11581 11619 11648 11698 11704 11727 11762 11773 11774 11787
 11813 11823 11861 11877 11880 11932 11996 12103 12113 12173 12197 12279
 12305 12313 12352 12358 12375 12398 12400 12401 12415 12515 12550 12572
 12589 12590 12604 12645 12673 12682 12736 12761 12763 12776 12793 12817
 12822 12869 12902 12904 13018 13060 13078 13104 13142 13176 13286 13293
 13306 13362 13388 13397 13412 13430 13472 13483 13520 13546 13575 13667
 13692 13694 13723 13740 13794 13829 13846 13874 13935 13942 13994 14044
 14124 14164 14184 14186 14211 14229 14333 14350 14384 14417 14435 14446
 14447 14469 14505 14531 14626 14641 14644 14671 14691 14715 14741 14789
 14864 14885 14918 14929 14974 14976 14978 14982 15017 15109 15135 15222
 15241 15314 15319 15393 15521 15561 15566 15574 15674 15718 15726 15728
 15832 15906 15923 15984 15989 15995 15997 16024 16113 16137 16146 16185
 16191 16211 16225 16270 16276 16310 16316 16323 16335 16360 16382 16515
 16544 16548 16633 16664 16695 16704 16706 16708 16788 16844 16854 16890
 16892 16916 16942 16955 17131 17143 17145 17151 17155 17230 17268 17278
 17302 17310 17344 17391 17394 17471 17477 17488 17497 17517 17576 17588
 17593 17598 17636 17651 17661 17669 17676 17688 17769 17793 17798 17870
 17899 17968 17998 18041 18114 18176 18183 18220 18274 18457 18458 18499
 18608 18613 18659 18660 18667 18691 18692 18724 18847 18876 18940 18956
 18968 19009 19021 19038 19093 19148 19149 19160 19187 19207 19221 19228
 19263 19278 19292 19324 19412 19414 19426 19431 19436 19440 19443 19512
 19567 19568 19577 19626 19660 19664 19754 19799 19878 19912 19975 19999
 20022 20058 20193 20218 20254 20276 20280 20288 20329 20346 20354 20368
 20374 20397 20402 20413 20429 20436 20462 20514 20583 20590 20631 20680
 20697 20778 20807 20822 20922 20935 21026 21048 21117 21206 21221 21312
 21358 21379 21413 21430 21431 21524 21541 21599 21628 21679 21705 21716
 21733 21811 21860 21867 21923 21933 21937 21941 21949 21968 21975 22052
 22058 22183 22216 22229 22237 22294 22295 22303 22339 22378 22398 22492
 22494 22498 22518 22554 22561 22618 22681 22713 22729 22734 22735 22738
 22761 22787 22788 22885 22949 22988 23005 23034 23053 23131 23205 23213
 23237 23273 23278 23356 23373 23374 23416 23491 23497 23584 23588 23609
 23610 23648 23668 23691 23699 23700 23773 23815 23859 23943 23949 23994
 24044 24060 24112 24160 24164 24179 24219 24320 24348 24362 24365 24368
 24387 24395 24427 24435 24460 24470 24486 24616 24642 24705 24765 24766
 24777 24782 24786 24831 24855 24856 24862 24869 24871 24910 24929 24958
 24975 25003 25008 25013 25027 25147 25183 25192 25210 25223 25230 25254
 25289 25329 25368 25398 25440 25458 25465 25494 25504 25507 25513 25542
 25587 25594 25608 25696 25760 25788 25920 25958 25974 26005 26034 26057
 26088 26130 26154 26204 26254 26275 26277 26279 26333 26340 26359 26360
 26386 26407 26423 26426 26487 26512 26525 26548 26595 26620 26630 26655
 26683 26773 26821 26831 26864 26879 26903 27049 27065 27095 27110 27133
 27146 27160 27217 27242 27272 27346 27363 27366 27400 27445 27454 27462
 27498 27533 27538 27541 27544 27625 27627 27677 27681 27702 27747 27782
 27814 27816 27821 27835 27936 28024 28060 28121 28122 28138 28165 28168
 28179 28268 28295 28301 28327 28383 28409 28434 28443 28480 28497 28563
 28572 28602 28636 28643 28653 28709 28740 28763 28796 28857 28885 28900
 28922 28923 28949 28966 28970 29055 29056 29080 29108 29117 29119 29145
 29211 29213 29225 29241 29280 29306 29334 29349 29377 29430 29499 29525
 29716 29750 29765 29805 29810 29919 29946 29950 30028 30048 30086 30111
 30168 30211 30272 30342 30351 30365 30393 30395 30592 30660 30666 30715
 30716 30744 30763 30817 30879 30892 30916 30929 30955 30956 30965 31013
 31117 31120 31145 31166 31175 31217 31245 31274 31290 31305 31331 31333
 31367 31394 31397 31471 31478 31505 31540 31544 31586 31592 31617 31625
 31654 31676 31685 31768 31856 31895 32018 32044 32052 32053 32070 32077
 32124 32182 32188 32197 32332 32409 32478 32525 32560 32561 32610 32688
 32748 32787 32792 32794 32822 32833 32842 32843 32846 32851 32921 32927
 32983 33042 33119 33128 33141 33147 33177 33199 33221 33238 33262 33278
 33345 33396 33418 33444 33479 33481 33494 33509 33526 33578 33581 33612
 33646 33704 33712 33730 33766 33775 33820 33829 33838 33906 33984 34002
 34004 34027 34082 34152 34213 34221 34255 34267 34277 34301 34334 34344
 34414 34416 34424 34429 34441 34473 34531 34583 34604 34614 34654 34711
 34717 34737 34806 34820 34927 34986 35024 35051 35086 35112 35152 35309
 35353 35383 35397 35416 35506 35514 35521 35638 35641 35648 35749 35806
 35826 35830 35833 35854 35873 35963 35978 36008 36018 36079 36086 36121
 36139 36162 36165 36186 36190 36210 36220 36233 36253 36312 36316 36386
 36452 36492 36648 36703 36734 36819 36861 36862 36886 37000 37001 37027
 37048 37075 37203 37365 37375 37380 37481 37483 37489 37515 37517 37523
 37597 37608 37636 37680 37811 37867 37897 37942 37967 37977 38046 38073
 38078 38148 38194 38230 38297 38298 38326 38371 38504 38530 38532 38587
 38600 38606 38607 38609 38612 38653 38672 38679 38693 38758 38759 38773
 38780 38839 38854 38881 38885 38920 38944 38999 39000 39011 39020 39049
 39082 39107 39122 39141 39196 39233 39269 39290 39294 39314 39393 39533
 39536 39588 39600 39698 39763 39780 39800 39801 39817 39917 40024 40027
 40169 40187 40223 40250 40263 40289 40319 40388 40409 40470 40541 40544
 40545 40580 40616 40623 40627 40658 40748 40762 40778 40833 40840 40888
 40922 40950 40975 40999 41009 41018 41033 41052 41091 41136 41152 41181
 41261 41288 41375 41410 41412 41441 41462 41466 41471 41577 41595 41632
 41655 41684 41735 41751 41764 41776 41809 41869 41910 41957 42030 42090
 42098 42112 42147 42166 42178 42183 42213 42216 42237 42292 42297 42313
 42330 42353 42464 42505 42566 42578 42604 42611 42617 42632 42727 42843
 42907 42938 43019 43076 43097 43114 43119 43157 43293 43305 43308 43420
 43462 43511 43550 43632 43652 43674 43675 43732 43765 43776 43820 43922
 43937 43950 43951 43974 43993 44006 44054 44057 44084 44119 44297 44332
 44363 44371 44381 44423 44461 44466 44553 44561 44565 44570 44615 44628
 44691 44775 44795 44797 44853 44900 44915 44999 45011 45023 45045 45055
 45072 45153 45181 45188 45214 45217 45225 45259 45366 45426 45445 45446
 45460 45470 45485 45558 45626 45657 45658 45673 45840 45890 45957 45991
 45992 46021 46034 46058 46082 46093 46097 46102 46132 46142 46272 46292
 46323 46350 46412 46433 46434 46441 46461 46473 46474 46484 46495 46515
 46546 46626 46670 46671 46690 46738 46760 46793 46795 46829 46848 46887
 46918 46930 46960 46963 46976 46990 47012 47042 47110 47146 47164 47178
 47194 47200 47207 47227 47272 47331 47336 47344 47362 47384 47392 47404
 47417 47431 47474 47484 47616 47619 47755 47789 47863 47911 47917 47979
 47992 48024 48079 48096 48116 48125 48138 48245 48331 48350 48367 48395
 48437 48475 48482 48540 48567 48665 48734 48774 48786 48787 48913 49032
 49136 49147 49165 49172 49175 49187 49215 49217 49308 49309 49364 49495]
[ 6329 12324 33609 43479  7907 19409 33592 34770  5322 14979 25029 25041
 14901 34807 30465 38039 15076 15078 27953 27505 30461 37989  7945 45507
 30453   602 27306 38174 12369 19605 45059 38381 20847 38360 30717 49228
  5780 14683 20850 12497 14865 24800  7767  5594 45246  7820 34692 23565
 27784 38255 14778  7823 19481 12462 34616 31672 19255 40514 40517 40522
 31811 21269 43120 23207 15658  4565 15692 43041 43183   238  6808 33315
 11684 31909 42978 11625 15737  4491   228  4488 33284 23201 23492  8270
 37693 34886 48429 37898 19222  5158 30409 33515 33487  5108 28609 45639
 31724 28767 30356 33462 23449  8079 45757 43325 11970  4770  4744 45902
   257 28768  8589 31512 27793 34006 13801  6981 20063  6999 23996 28684
  6519 13128 34297 23992 31247 31019 20482  6424 13933 30986 19986  6417
  7089 28370 32557 44020 14023 13121 44679 13227 24255 20315 34089 34086
  6864 49135 31144  6748 24192 13367 39166 24204 48564  6679 20174 13331
 13656 34047 31226 24040 20406 20417 39033 13746 34252 34073  7604  6326
 14094 24513  6162 14329  6143 20727 44824 24565 43798 44904 24621  7476
 14300 44973 38506 20804 31470 43737 45024 39938 19671 30736 14500 24709
 14545 28712 14080  7470 34483 38772 14103 28321 12968 12941  6294 43960
 33854 43927 38706 23803 34485 43837 38687 14212 38684 34447 19825 43826
 14260 44762 38637 12730 31445 14198 46110 43014 28801 47448 29314 36594
  9398 36585 29302  9399 35674 42312 29282  2585  9392 18209 17103 36525
 22635 17120  2542 17138 22616 47588 22001 47601 35736 36529 41336 10719
 26520 32947 36805  3035   911  3023  8590  1648 42399 10777  2978 16815
 10756  2909 21874  2883 29400 28468 32906 36729 10736  2821 26480 29355
  2762 42392 26676 17199 26681 32802 17525 10312 10284 42173 17540 17925
 49480  2225 41661 22497 27659 47824 42108 32644 26969 48026  1897 41824
 48055 48062 32499 27039 41985 27054  1792 17962 42427 27622 36236 17244
 35772 47626 48895 17323 47636 35804 47638 35807 17349 17369  2395 35835
 36300  2353 10491  9520 28523 29161 32764 32721 32715 10342 17480 42198
 10329 18413 34100 47179 32055 37252 28564 37242 11370  8859 37216 32062
  3884 16250 46575 18662 11333 46581 25910 11303 37115 25918 29472 11298
 48291 46649 11253 21488 11414  8711  4030  1491  4401 37442  4393 31951
 18883 11565 11558 25691 46319 35184  3724 27549 23113 29943 31983 46375
  4083 42883 37336 40737 46408 37327 33224 37379 46711 27196 16410 36947
 21634 46892 41020 33053 42562  3643 41105  9244 18468 29531 10959 16635
  3146 41163 10929  3057 48238 42440 10916 18434  3424 42592 16586 11168
 21611  3635  3542  3565 26013 11211 26095 49368 11147 26102 42088 41148
 43907  1195 21052 41769 32351 41834 40941 32267 33659 41989 43829 13376
 32582 12477 49053 12510 23474 22758 33648 42263 27773 21513 21640 33953
  7056  7190 33763  8025 23501 40439 28415 11871 11421 11011 23761 41649
 12357  7867 12224  9010  7248 21836 27617 14455 16148  4167 28115 25486
 14018 34761  5632 28145 25824 15729 18492 29100 27394  3932 45831 45492
 29456 27381 38064  1706 24539 24483 46457 26465 15777 16103 17431  2752
 19852 46160  4446 35829 26457 46535 45440 20018  6783 39232 37609 24167
 24809 20214 37613 34676 38301 17116 25766  6635 27858 18569 14723 14609
 28679 26320 30518 14582  5618 18271 37546  1828 46987 27027 39065 37310
 24326 14893 29249 47464 31570 14925 29321 45304 34769 16761 21665 43166
 18448 30172  8427 28191 43195 41169 11777 30149 28859 28189 25400 15525
  8182 41095   628 45919 27601   625 25325 22725 15330 25103 34887 43412
 33263 26434 25643  7726 18972 11107  7694  2290 10326 11151  2245 21510
  7090 39594 47867 42083 32463 17657 28971 48962 42745 13204  3562  8903
 29712 21610  6915 32128 13322 41944 28661 31092 24241 34158 32574 26779
 42207  1145 12656  7635  3339 25767  2452 39945  9076 26142 35076 30750
 39909 16081 43793 12865 30776  6016  8425 10486 35863 12864 16523 22109
 10356 39817 44746 28379 41506 38613 29693  9087 22846 37534 48313 32143
 18649 27707  9182 21917  4677  5890 38503 43784  7487 24479 22586  6318
 33905 15600 32673 13108  2035 38984 31050  9875 48102 41955 39098  2159
 34612  5868 40381 21244 21241 23536 45943 31756 45441 16913 21879 40457
  4978 16783 45524 16759 45536 10668  9495  1829 42625  3044 42059  3275
 17527 17597 32706  2990  9536 32155 41297 17350 33070 17236 32806 36828
 42661 32566 25990 31723 15290 34857 34831 13979 27310  1072 40106 48770
 23619 12491 19547 11895 43795 27805 44731 12820  7389 38738  6285 31356
 27383 48623 44682 19913 39607 30819  4543  7080   994 24036  8628 29793
 20256 48727 15715 23049  1180 21573  8759 49465 44769 44601 42846 30993
 38629 45052  3471 27350 13906 32229 42754 36247 39591 20547 17590 21586
  7166 42638 33806 17485 32392 37075 35868 21515 31368 40788 10315 36488
 20129 12444 47002 39490 10948  8436 33362 15547 43297 45743 18405  5002
  5100 30408 41274 37542  8705 39456   320 44512 17062 47480 36138 24939
  4161 46975 13873 38137  7942 29383 44498 12215  2959 42356 31038 32455
  7031 44431  5443 28524  3786 46479  1534  4125 46172  3313  4477 27596
 26288  6810  4633  9328  5253  5547 43723 29162 44263 27083 19988 18786
 36994 12352 40290 21733 33797 17599 36626 16214 19869 41281   529 18888
 36865 11742 18774 18904 36135 36010 48970 20475 45342 23229 14429 16975
  1089 39781 22676 16125 48788   901 16596  7952 36584 31420 11357 24092
 18670  9151 30906  5103 21321 23873  1351 15826 34687 28451 41502 22541
 16374 17904 25251  3796 13819 47778 37328 22404 12207 24824 10060  3359
  2961 35826  7796 36447 45864 33134 48142 18825 23140 48975 29802 32097
 40714 30745 44828  8650  3195 18526 27589  4231 31963  9092  1124 24804
 16233  4427  4856 18908 20040 13028 33570 32446  9744   808 11947 34208
 17706 48084 34003  1836 12006 40222 47918 22113  9619 49407 35706 28070
 24884 26486  4600 19837  6345  1007  3122 48889  1143 30766 43682 12208
 25164 20887 45980 21431 21427 21194 45053  5807 23361 19506 37668 11793
 19496 43037 14394 43404 29408 22827  7182 49106 44760 41134 44071 29168
  7414  9264 38764 36731   104 29275 16915 36610 42268 28098 20709 21698
 30805 23781  8945 41853 16475 21614 29729 46633 20291 11157  1760 30821
 48778 38521 41525 34932 12157  8307 44410 35995 11821 31783  4876 28371
  7936 27628 45500 27000 45854 25406   688  4653 38493 44972  1543 16396
 37005  9059 27808 34350 44777 31411  6164 15698 44629 24458 45258 40008
 36973 15020 49211 12449 39901 44259 38766 38899 38645 33625 33604 38293
 13790 45469 31277 30634 30682 48551 31207 28545 11714 46148  8598  2500
    85 40242  8962 10878 48257 45804 40477 21815 45664 43293  3823 28196
 26265 16620 27070 10028 42830  3127 35288 18886 38479 12951  5708 30675
 36786 29462  2664 15817 16650  4508 44246  3128   491 11091 24009  8258
 31073 25006 17629  6466 29127 30207 11129 38696  4657 37624  8470 43579
 11344 42613  4805 12896 15179 28183   489   471 44157 39152 10062 44092
 38959  9635 28111 28151 10622 27143 49413 21877  6282 39663 18159 37576
 10975 37878 38019 45627 19182 14974 14912  4806  9252  1475 39981  1339
 37424 18815  5502  5993  4010 19670 16380 21516 15999 16464 44294  3305
  5050  5974 15397 34967 36072 45759 17699 25270 39087 38385 19868 16785
  2103 17580 45387 24979   323  2258  3867 15653 47730 46100 48349 30011
 19540  1924 16577 32565 42212 42891 43069 23500 22038 43523 40487 21784
 32440 40963 20748 41954 22195  4236 30052 25735 11604 40565 44482 15575
 15427 28133  4877 19137 25303 43389 19234 19247 24821 48657 14569 14530
  1298  4789 46450 34481  2728   497 22606 39211  8758 39187  1671 41244
 36921 26604 48014 41753 18167 27863  3394 42676 28555 36990 32472 38572
 45203 30840 20780 22495 34651 22317 43726 27806 12574 17806 10336  1541
 20980 40752 37352 30856 27234 36951  8571 11673 11707 48258 48782 40537
 19118 48793 21944  8096  5313 37382 49313 44298 14029 13225 24398  7247
 39380 34335 31476 33233 33712 14041 27559 18001 22687  7252 17539 36592
 14490 33722  5458 22600  7023 16155 12538 40358 46222 21389 38062  3536
 16714 28428 26418 37869  4694 48946 18489 19531 16543 48270  3900 37097
 27210  9011 44772 25810 28732 23079 37329 13179  4184 46248 27241 37491
  7105 30958  4756 37773 11939  1087 34678 19163 31161 10594 44886  7541
 18470 10497 35578 32602  1965 17900 30834 27020 10319 38558  2309 17751
 41937  6714 48231  2190 20715 42922 19794 33689 46144 31939 19277 39731
 37513 27371 44257  1753 35977 20653  8018 47863 23099 13371 48183 45183
 40992 48799  3316 25208 41319 35575 39021 40775 14613 42292 39856 16937
 44991 13767  5417 36260 43318 32226 30284 25349  3959 28954  8308 39464
 23132 13111 21271 43043 28225 23181 46672 28023 39535 29799 40867 35547
 46941 44226 27810 27319 23772 19758 34753  5264 33472 15025  6251 15109
 31315 48998 17269 46324 17664 22291 24298 13880 28090  3991 25808 44573
  2690  8658 37057 10706  4800 39133 32099 18339 32096 25911 16777 46862
 12974 16610 44330 18336  1499 35866 34821 26342 44006   869 45128 25848
 22537 45055  5326 18637  5537 37126 23589 35147 46572 10569 44440 20728
 43575 16619 23425 33903 33355 35050 27965  6144 48064 17613 43220 41867
 45567 21174   103 20890 38832 30414 23618  8169 38991 48300 45054 29980
  6895  3740 36730  7017 28978 41122 31264 21998 36858 17889 46365  3401
 14732 38745  4615  6649 46755  9893 13842 26264 47440 12439 34873 14317
   583 10653 26063 28724 49373  6198 34183 36873 23915 31503 34698  2628
 19169 18060 11602 11516 35227 40033 28231 24274  2224 43964 39875 12881
 45534  9587   800 37610  4294 13826 40534  4385 42048 41770 45137 16570
 18424   397 16573  9963 27448 35115 18534 37795  3913  5550  1449 45395
 27460 28496 28908 24538 19067   848 48756 38591 41442 14342  8643  1987
  3926  3744 29865 15291 41738  6324 45673 19268 20189 42458 18342 16642
 21685 48669 26270 43221 34530 34512 18346 30194 12158 44016 28793 32101
 48340 46733 41981 12447  9324 49183 42350  2179 30720 43982  9746 14430
 39396  2094 47621 19692 28121 40974  4038 12000 16370 49360 30554 42543
 44508 48344 37431 40708 14744 25555 30451  4489  5191 45938 30406  4773
 38895  8242 23454 15154 28549  1520 21655 31565  3472 42394 22789  5488
 44615 17859  2665 24268  2239 46135 41699 30775 24160 32984  9012 29473
 34134  7688 22548 11797 32030 48815  1102 25189 27458  8106 20353 27439
 23153 13551 42667 15880 28782  3261 43405 24070 24915 13336 20625 31496
 12260 22147  7609 38069  7424 43650 13419 43030 13883 31801  5778  8850
 35793  5350 25383 17145 40735  2543  7386 25977 11180 41504 21599  5109
 47908 18619  3285 46770 26387 15368 15292 23762 13548 46469 27111 40662
 36546  4798  7841 40109 42726 41841 30390 19136 12977 26289 17988  6460
 38338 47206 16403 10835 46628  6718 16186  3465  8748 24163 37285 36549
 45001  5339 29979  4388 24830 24212 26318  8499  6349 45888 39956 36011
   167 49171 48590 48928 32103 24916 37577 11165   418 24287  2680  2688
 24740 23815  7380 27053  5595 19914 32194  7187 38718 28838  7338 42332
 28790 49152  7387 45459 43484 14801 14540 39500 10577 47994  2481 27246
 45531 21857 34709 26605 48364  5217 49412   366 32956 30377 46139 39658
 39078 33183  6721 16118 28043 13205 31767 28010 16965 46959   495  3423
 25771  9465 43319 18478 41337 17264 19596 15848 14288 45624 29666 46215
 22697  7048 24507 16663  7054 31861 47538 16300 31190 44493 26573 25719
 28895  7435 41335 26739  6580 20917 36668 48817 25920  5747 19955 45462
 12044 40328 45115 49349 18171 28080 25634 21326 45248 46945 37900 12504
 15536 42492 22246 22767 25589 46824  2530  2938 12495  8339 26818 39953
 40756 15050 28815  8113 27230 16945 45934 27487 25947   803 47576  7154
  8635 30372 27264 36600 46205  4635 17274 23704 47060 24912 26815 41646
 31433 17717 10768  5548 45379 43716 35175 28362 29262 13852 18913  8066
 24437 11070  5476 40378 42182   359  9021 14522 33573 21329 17517 42910
 18846 47301 21354 37054 40681 15775 29344 47246 35822 29588  5453 18577
 45926 13839 40939 23771 22999 21668  7559 40092 24623 15978 17376 11671
 24501 22473  8047 27276 20309 34017  1894 32777 25257 34777 11241 22926
 45543 37725 41918 23964  1934 23421  3976 10908  2601 31209 32752 40272
 36599  8660 40205 47585  1125  8609 13481 10504 40808 38777 21250 36154
 13112  5625 34394 30545 13705  6982   888 12285]
[]
[44263 14260 36805 30993 14257 30986 42207  8079 15020  6635 18637  3635
 22882 49228 42212 11147 27306 29321 19137 11211 33183  2106 14212 11253
 31672 19163  3146 44412 35598 29100 47824 26013 18662 10777 31144 17900
 32956 41095 21178 47024 38360  3542 10916  6915 10959 34967  3565 33053
 16250  6810 37327 36828  2179 42198 32291 38385 36814  2688 37336 21072
 14154 44431 26142 11421 15078 30819  6294 42356  1124 19247 33284 23996
 20804 30776 40565 14029 44679 17706 28115  6190 36600 36599  2762 27415
   257 41834 44705  3823 36585 31724 43158  6326 47918 19222  1087 40704
 20890 38503 38506 27310 26520 36715 16396 20887 28801 16410 11382 32947
 44512  6424 35674  6417  2040 22832 17751 20850 14094 20847 27953  8169
 42263 14080 14103 26418 31156 41145  7795 31420 32446 37115 25810  7820
  3339 43615 21640 29408 37097 32440 23034   911 21611  9721 43415 34807
 43406 26318 37267 15699 41985 28263 31356 43396 43726 15880 38039 31445
 35386 21784 37198  2542  9872  7708 15817 32499 23079 15826 23113 27487
 43523 31512  7435 21854  9969 41937 37242 31472   848 31470 15737 46959
  3313   529 14744 25771 18815 32557 14018 41989 15687 15658 31217  3471
 14500 49171 49172 16148 23449 47002  7936 31207  7092  7090 29472 18990
 38255  9520 32906 37310 47007  7056 23492 38270 28098 23501 41148 14979
 14507 27196 18957 22001 21516  2395 35476 34770 31565 14901 34932 18001
 10329 42088 22991 38174  3424 46987  7907  7247 16103 36947   423 14540
  2356 42108 10469 27448 25691 10486 16125 48727 14545 33315  1987  7726
 42562 33722 32062 42592 36300 24709 12369  1298 27381 32055  5071 33763
  8962 45567 34253 12462 17431 34252 30207 12491 25208 42613 20174  1648
 25041  4991 12444 12497  4206 15404 34335 15427 20406  2821 40033 24617
 34297  1760 22606 40022 24040 12208 12324 33659 26064 20325 25251 18405
  2990 39945 32099 39938 45507  8589 37648 45524 13227 35863 45639 12504
  4335 17349 28564 22514 45871 42745  2938  4677 13331 27784  8705 47206
 18434  1475 45902 39133 17138 42625 19671  1491 15292  8711 25006 45943
  4600 27793 48429 24800 12747  4565 24804 13467 26779   676 26969 47179
 37613  8859 24887  2879 25029 17062 27777  4773 33872 20063 17369  8668
 39607 17199 24916 35977 15290 12730  4744 17103  4770 17323   744 48084
 25910 44828 11684 11707 28737 26095   628 24192 34047 42427 11743 36525
  3884 34447 29282 25918  1180 38684 17629 44973  1897  4494 48564 32143
  5780  1885 26089 36488 16635 34086 35232 29302  6150 40522 26104 16596
 34073  6143 27649   238 13128 42661  8303 30717 22758 28767 13108 18577
  8294 42392 42399 40477 28371  4491 40439 38637 34483 26681 45024 37442
 38774  4507  1829 30430 16785 25325 48055 35835 24458 48975 11970 17540
 30453 24483 16811 12000 16815 30406 20482 38792 29161 29757 17525 19409
 34350 30356 40180  5748 31861 42922 42440 43014 33472 45052 24316 31811
 19825 17597 30518  3044 34100 11871 20523 27054 28131 40259 28712 22473
 45137  5618  9073  3035 22273 30465 25339 35184 22497  8850 15547  7796
 35027 26102 31722 37390  3082 28191 32155 37379  9092 18209  9076  8418
 42910  2665 47000  2628 31949 15696 46975 47480  9399 15204 48382 18468
   247 36584  1281 36594  6198 20780 28070 47924 19531 46575 11419 23915
 33263 36676  1101  6452 16380 45527 20269 27596 17806 11172 11126 16931
 23761 26480 11085 16300 38772  5158 31038 16586 20315  4030 28403 29724
 40248 33489  4010 11868 40290 49346 38706 35790 33525 48026 20475 20417
  3932 13656 11756 12124  5909 24167 24163 44824 33648 28370 36546  1741
 40507 11565  3834 26464 19540  6808 40941  2408 28978 10221 34183 17120
 13336 41646  4657   473 28248 10039 34831 23260 12865 23140 32574 41735
  7665 32565 28541 12968 45980 19868 19852 18774 19758  2530 17156 49135
 46144 32806  6864 46222  6981 36884 41163 39872 10706 43996 34692 20214
 27849 41319 33806 38129 32802 30461 12606  2399 17991 33854 43837 36990
 39065  7414 47641 28958 16038 34065 48258 33905 12941 28706 39730 27350
 40029  1706 15291 35076   869 48895 32351 10319 14893 18883 14878 47613
 32667 48778 32644 28939 48782 14865 48799 47541 32455  9963 41769 32472
  9797 41855  9742   962 14511 41281  1880 13892 27809 40381 26604 11625
 11604 40517 40534 28362 14023 19234 11298  9398  2090 19130 33124 34616
 41022 32921 10624 26082 33308 27808  2907  6519 31723 23853  3724 44573
 43069  3755 46649 36633 44731 44762  3068 16623 36529  5974 24204 44671
 24298 23781  6651 37285 43365 15729  3305 35420  7971  7470  6613 25719
 43829  7087 15600 44020 31161  3549  6748 23319 30464 31783 45304 29793
 45372 30149 31963 31970  5336 35860 37513  5103  2978 30063 46268 45926
  5100 46324 49423 36260 30409 10451 16081 10568 39731 21259 27177 36238
 17076 31230 24470 32721 33903 48349 21917 25103  7823  4594 15745 31504
 47515 14778   495  7652 29005 25767   901 39473 21513 46770  5002 41134
 27028 11714 24513 13933  5890 44972 24115 11821  1195 33487 38745  5458
  4038  1828 45050  1645   228 44777 25643   372 10896 46747 45626 24730
  9619 38479 16401  5217  3796 45427 12122 19481 12357 37898  3643  8658
  2838 18667 15240 15492  9495  8590 48962 15144  8416 18526 18248  9264
 43041 43183 46995 31659 29314  4805 36248 35995 21585 30295 16178  3764
  8097 23249  3359 33279 31419 41661 24007 46535 39490 11895  8643 46518
 47915 35681 31368 41525 30085 33134 38984 29456 11168 43964 39615 44405
 23803 19169 14465 22560 27183 38493 27601 16904 31122 36716 35458 20317
 21529 26320 21510  4341 11939  3861  8778 24132 47994 22999 45954 19287
 21999 20416 39380 38764 17281 23057 13121  4427 29162 22600 48090 34089
 19338 48368 39456 34911 46375 17599 40131 15653  9087 39087 23281 40514
  6553 16696 14438 37609 17084 14300 12449  4231 36073 23762 35288 26818
 38766 19837  5550 40284 40272 44381 34582 13530  7166 18271 43404 13893
 22725 31476 23124 21634  4978 45440 28484 18569 21655 37157 11602 46894
 49192 24992 15341 19988  2961 38738  8270 47638 14599 22004  1621 19009
 39963 18374 23911 47626 12769  4678  6410  9082  1543 32051 44092  3586
 34641 35594  8983 27863 47819 49293 40487 14041 45441 32101 27070 11753
 23883 45311 44493 33233 29799 20903   320 40737  5108  6559 29186 48657
 45566  8182 12372 30965 11038 37639 31570 47601 15822 21733 34857 26259
 31247  1343 18128 45934 10027 34761 48344 18441 41699 10088 48270 22955
 37111 28549 45893 14660  2452  7476  7358  2560 21418 24821 26185 41867
  2256  3489 16167  2290  7089 12460  6162 19008 27707 28679 39091 10342
 11558 26864 12323 26434 17552 22432 11333 28657  2012 42173   906 18888
  5632 26769 37075 21610  6982  5264 39909  4756 30011  7160 14243 33136
 18167 31655 34349 40457 31951 28684 16624 12022 37668 29383 28231 20189
 48957  7248 40752 45469 27549 34505 23964 29075  7530 24251 43479 41799
 47089 24083 26671 30766  9021 28210 18790 43466 29168  1770 41898 23207
 23112 45627 48300  7190 31050 46721 49027 10908  7059 24826 41461 15274
 40788 40718  7176 39033 45830  8071 40931 10475 44292 11414 34813 18649
 47681 40681 42680 38505 25735 13225 41274 40358  9838 46438 11061 28321
 17536 28195 46757 18537 40222 21241 27806 46990 49211 12518  4488 45203
 10719  3011  7767 41020 42883 12988 46215 29249 31752 28661 35456 30882
 18575  7386  8245 30030 32608 46239 22819 25159 26265 14975 46284  3122
 20040 12974  4161 26602 48513 19266 20727 15575 43915 37592 12346 37496
   725 29865 45757 45492   684 27805  5339  5322  4490 13204 28524 19471
 17476 12710 40625   489  2423 31503 16620 18159 41291 34709 25472 29384
 10622  6318 47730 46581 44508 47398 10312 38338 14972 14160 23181 11241
 37116 18824 25594 24109 16663  6157 22146 34753  3023 21932 13842 31543
 28718  2680 41992 21194 10532 17755   181 11350 49480 23854 20547 17580
 47464 16975 21665 32246  3329 14418 44410  5102 31916 36291  8020 11151
 12495 22310  3976 12044 23049 46479 33609 25059 48815 29277  7792 29693
 15076 48500 17236 37693 37252 40621 29430 46869 41322 26815 12477 29498
  3167 14991 43946 20018 33953 13322 23421 45768 22846 47246   800 43960
 31226 21573 38142 39202 48527 33440 35772 37943 43484 11612 37216 27039
 44769 42138 45123 30750  6282 17244 45095 43325  6723 23772 30220 12338
 13551 20926 47448 15109 34400 44482  7673 29072  6349 37906 31323 15928
 31983 13335 19869 48283  3368 12951 28984  7867 24383 14324  3084 14129
 17672 15512 38895  1965 31909 11642 44449  3057 17639  5350 24255 33462
 19343 29719 30451 15169  2100 47234 28609 35565  6728 41375 43861  8106
 26486 33085 31264 22291 23425 12585 46982 31828 24398 33877  1790 12646
  2997 47850  4653 44389  3138 22254 10779 32664 30778 46921 40027 39591
  2034 40680 39929 29127 41944 41455 41055 37674 18908   670 13431 18769
 16600 13950 15051 27394 36885 16634 27101 14246 35663 35147 39211 14084
 15614 37900  1304 18671  2883  1499 48062 17529 36427 48313 15836  5953
 39658  1334   486 19728  7252  5009 46160 42584 35669   721 48059 33730
 30736  3562  8025 37825 36873 49491  9072  5361  9652 42083 39808 46711
 17130 29531 11947   708  9254 14198 27589 32764 47068 48291 35804 33597
 18392 49368 18670 36403 27383  6460 10762 39088 21269   142 35708 27234
 14683  4352 40867 22827 43405  9834  9744 40974 25409 21893 45759 19803
 46364 27590 40714 22246 22204   533 45182 46466 15154 23078 30231 10994
  9516 41649  8425 19233 10974 13639 31842 17439 19136 45804 43680  9392
 45833 13801 47636 32205 47529 39875  3630 41753  3472  8903 30257 16374
 41158 47588  6689 32602 12388 24121 22743 25100  3127 44886 34651 40698
 25062 45000 26499 40684  3165 26623 31411  8427 12808 16615 17327 28732
 12790 24183 48889  4049  2173  9095 42957 48977 47548 41760  4862  9181
 43105 12526 42888 22806 39781  3128  5703  5750 12427 45581 44093  8023
 36249   338 26676 21244 20650 44734  3372 42814 17729 41337 21332 38111
 45359 34078 37519 34479 46394 32731 37352 24676 39817 19524 38185 29917
  5910 45837 25589  5113  8804 36237 17350 30576  4849 34887 23589 19874
 48770 38301 45457 35509  7957 42754  7694  4167 10929 32128 22635  2071
 11011 42830 42162 45477 10736 12583 13819 30864 22694 24939 27000    85
 24539 16276  1119 24742 34698 35436 20798 22094 18129 29712 17889 16610
 28743 36410 26670 42846 42841 34821 24903 36124 21957   317 33543 34017
 10416 36454 13889 49106  6324 34580  6878  6879 35385 48014 32862 16945
 30242 28969 36345 14513  6226  1937 16763 25418  1143  5807 48142 45624
 28793  8759 22216 31277 22596 43617 12709 45888 31526 42364   625 31260
 46974   688 35416  9419 44101 25906  7272 24775  8173 19510   855 31120
  7712 46932  7707 39885  5274 33890  7945  9244 14347  3620 29848 16233
 36582 47712 27659 15358 39671 11235 22317 31073 18980 36247  5788 29473
  3196  4685 43033 43454  5548  9045 14882 33625 30077 43737 11777 16140
 30052 39529 46395  1102 22997 12413  5655 43873  5456 40158 38991 22109
 30834 18413 45827 25974 32050 27872 48257  2393 33006  6254 22854 33224
 37382 35807 16649 34481 25808 13009  1554 22697 42980 17650 37167   497
 30730 32923  8736  2301 35189 15237 13540 17933  3462 45772 18767 39867
 38066   304 17918 36912 47704  6154 33087   446 46633 17622 46319 40476
 23082 14218 15698 42688 38439 28119 36086 43145 13883 23815 33070 18863
  4621 35839 10878 30404 45613  7182 30559 29084 13400 30729 40592 31019
  6679 42268 26426 40432 26460  3468  7062 19986 46546 32944  3900 13877
  2752 11016 30745 49465 39136 48183 43066 36413 14899 41502  2103 16879
 32715 22358 22444 35649 20044 32765 28954 23932 38558 22988 11570  9607
 23909  7389  6039 15567  6037 33165 29690 47429 49481  3782 33837 42292
 12886 28441 32609 45673  8219 31409 22495 46457 24522 35648 11359 16046
 26205 33370 30554 43201 39290 17605  5778 27276 27475 42012 28768 15525
 37921 40537 33198 29729  6999 46952 42166 34003 39956 45069 31092  4401
 40956 32997 37916 26832 41336  5502 47709 30041 49245 18904   915 29545
  3677 12538  7590 20422 35689 49302 17013 26632 32966  1792 33266  6100
 22754 15858 19368 10594 37089 27040 13064 16925 24268  3746   276 17925
 23662 17521 27664  6989 10284  5453 38404 11615  7183 17485 24746 41105
 10712 23059 17891  6329 35882   123 35300  5772  3394 26069  2636  2419
 39257 17613  6425 33867 46611 14807 10226 48988 24979 32178   397  3347
  3469 35765 19064 25580  8660  8236  7164  8628]
[  913  2086  3343  5330  8008  8269  8403  9428 12780 14191 15095 17271
 22244 24793 25834 26275 29707 29842 31365 33149 34279 36746 36962 40106
 41284 43539 43890 44806 46452 46631 47125]
[17796 14981 35433 41311 27764 26550 23029 31340 36830 26000 12600 35427
 36835 10778 41273 29328 48979 48348  5110 21812 30563 34751 38076 27746
 45894 10722  8790  1568 39854 45272 19398 25388 12640 36788 16682   618
 41348 31686 24288  3750 12616 31973  5891  5546 41328 25986 28429 30367
 41254 15026 31959 16494 24731  2812 15113   740  5569 23068 34799 26052
  6695 29690  6700 15139 37951 45255 23072 29687 41100 29370 42875 41086
 36932 16496  6676 46745 18472 31046 12537 31709 48958 43284 36874 45028
 32916  8730 33674 42841 10891 38001  8155 36892 34774 44415 29703 19319
 12492 21743 38018 15170 10656 21890 33812 49143 29843 39626 33802 39630
 22968 41605 20570 29258  7984  2592 26643  6506 22039 12903  3903 39670
 45555 27859 47523 45952 10444 38324 22095 33842 25823 41681 34545  3990
 18231 19617 38370  6476  2522 29234  3985 20534 19598 22112 34560 42701
 42703 48196 22950 25844 18256 26637  5513 32743  8819 43908 29787 25933
 46607 16769  8807 47452 29777 18384 43909 12722  8060 12719  5139 48294
 23436  8797 28405 38140 23010 31004 46589  6539 46584  5516 12862 49109
 21995 16897 45932 12861 14774 45562 14785 29312 43397 16878 38196 12839
 14829 46571 47469 20668 34673  8048 25154 10522 15175 12410 11040  8568
 28660 33153 18811 37612 40435 43137 37585 19003 24827 21183 11461  8535
 11862 37346 33179  8523  3320 21394 11496 21192  3368 31150  8574 15571
 40370  8326  4854 33129 34955 11924 11361  5769 26345 19049  3389  7048
 16006 37300  3113 37307 33142 47127 48570 44280 45709 37316 48715 33342
 30658 40501 15716  3254  6962 45753 44224 31173 11735 48674  8420 44203
  1126  5732  5719  3247 18924 48651 31831 15791  3236  1116 40639  6925
 37520 44178 30305 45113 15660 31200 31155 27552 15663 28593 21377 21376
 11964  6899 11560 37397 47001 37532 21211 15697 18865 20053 43018 26235
 35023 21491 19065 16063 23339 19217 21619 16297 33512  7203   836   838
 20972 28511 18639  5608 40170  2956 19190 37104 15301 40188 28723 44356
 43193 23095 23094  8233 16314 40046 40057 16387   788 20895 21650  3581
 23353 42886 23347 48833 12348   799  6729 12316 44001  8228 16334 37891
 19231 15233  8229 26078  4645 33056  1357 40294 46891  4839 21528 33425
   927 30250  7112 19106 40313  1284  3058 11302 48531 18741 37683 48773
 37247 21120 11320 30615 34915 16133 21062 21054 34875  6763 37159 40206
 27374 37804 46836  8639 23317  8277 15323 21030 37186 21560 40942 35221
 37768 34896  6772 34907 40910 12107 27626 13048 41428  4513 30512 47976
 32162 22288   133 17573  6241  9695 39416 14075 32398 35838 47984 13514
 32109 14086  1841 38750  7490 41903 49276  9179  4142  7493  9943 14111
 27972 34050 42065 43504 13242 38778  6401 42176 33924 23661  6428 17635
 17200 23552 17624  2229 44619 48113 47956  7732 39418  4320 25770 17231
 32093  7876  6221  5386 17234  6225 25636  6004 18109 47971  6229  2431
 14053 28298 41919 23726 25082  5278 17343 49351 39301 29155 22367 36221
  2342 36285 36224 48042 25087 13317 35614  4221  9862 49310 44657 45377
 14283 32449  9143  4199 22382 14268 39334  4211 27050  1886  5447   255
  2382 26823 35817  4151 22444 13248  4541 43569 46265 36167 13251   171
 46331 47759  9116 41947 22435 48007 25078 47745  5399 17321  7861 14337
 33959 43563  1877 20372  4180  4548 13310 36050  6342 20165 27118 38878
 22211 28915 43692 25113 29883 39016 38926 38874 17848 36446  9455 22904
 14513 26949 26880 32069 20040 25588  2186 14535 13943 17689 32303  2084
 24534 25531  9281 13753  9393 38423  5219 17827    35  4042 25114 20027
 46095 20028 24570 26701 34230 34231    43 35985 26710 34239 43460 17834
 26940 32268 36460 46122 47865 29896 38863 28097 23810 13954 43636 13820
     9  5485 22558 23808 46399 36404 36040  4465 10207 35939 43667 42390
  6092 47943 33908 38400 38468 33911 29201 10230 31468 33904 22706 45431
 31599 43641 18150 38418 32330  2060 49230 19675 42204 26872 26910 29877
 17086 14541 19679  2320 37910 12452  7649 19243 37053 14174 25695 13357
 47285 40504 33601 31195  5838 35100 28629     7  9350 36936 42386 47359
 42524  1916 27043  2818 33242  4217 17760 45672 42512 22496 30677 17868
 40418 37292 31915 13573 40311 47142 48374 21527 26399  7727   114 22549
 25626 47806 17648 22538 29025   947 19971  3079 34117 45104  8632 11232
 27619  4248 24120  8232 43215 45776 17491 24123    37 27479 21378  5035
 17728  4821 28185 24544 40991 33344 26427 28522 33495 25334 30244 40944
 47780 45710 45841 31445 40592 41249 46322 46386 12742 16833 21958 39908
 14826 20639 28262 26622   511 22898  8992 17147 30988   491  5226  2761
  5882 23770 25945 10695 27249 38122 46357 32852  9980 41936 33694 41228
 21846 38143 32541 10029 39402 10631 10630 39802 29193 35710 44547  6618
 45494  2544 10273 24372 38341 22931  4016  1725  4044 36470 14611  6454
 14282 17026  8981 12969 45027 28347  5267 43456 17025 27122  2541  1888
 34402 27491 48797 13807 40516 18395 28604 15645  5014 28278 17912 16772
  7487 37769  6931 32211 42094 21286  9711  4733 13501 48838 20707 23435
 28546 32799 41830 20760 16032 19685  6113  9006 37657 46551 12890 44253
  1216   360  7972 36606 14773 25940 43155 27423 33933 25930 42294 44180
 37521 15486 26962 24363  7471  9596 45770 19691 32258 24935 48775 10936
 33855 25197 38667 19225 25093 47405  3620  7260 12562  3622 16455 22379
 15209 28236 23066  4739 21822 10895 42003 23749  5853 19855 23388  6633
  4207  7176 42535 11110 10827  9497 44137 18580 37645  5938 24690  8845
 23324 14303 26011 28445 48267 24720 29613 30612 11306  4609 37019 36646
 48961 33587 23062 24729 19644 47027  5730 24667 23386 18500  5270  3282
 42654 21694 27307 31622 22092 23248 29849 25851  9863 12512 15160  3947
  1526 34514 28351 39631 20548  3231 15451 27662 33041  6251 25225 30437
 29315 13507 34457 26580  8262 32864 36816 25999  5119 42597  6271 35450
 34855  2952 14965 16612 39404 41015  3672 34894 44168 32526 10334 16418
 17296 43947  2074 38446  2462 38038 18718 42257 11465 19569 36687 19886
 25120 35449 26699 16239 45349 13077 19612 44402 14252 28603 12977  6758
 29313 42341 23503  3291 41372 16181 25295 36555 15052 42789  1716 28474
 36617 46406 32818 16896 43495 32126 36912 30735 19446  6305  3805 18104
 46023 34652 24014 16042 36026 17623 17441 21088 42913 33363  8658 24691
  6197 43101 36534 32417 38915  9193 42817 30124 31530 24665 11165  4216
 12766 37470 46821  9316 44464  3752 14255 14589 40581  1901 18892 37987
 49295    12 25540  5357 33529 34355  7489 13031 29006 28883 38306 37290
  9217 41073 29945 37567 15939 44261 33798 35914  5476 47133 39067  5557
 45934 47263 14758 32447 43643 46655 14222 31528 40232  1038 40228 49347
 36206 18587 45432 33000 23480 39008 29007 20581 47727 37822 21172 25155
 30468 34168 26647 31501 23782 14521 40142 34490 12296 39333 47351 37862
 47170 12725 26508 28843  2323 26496 14355 15699  7097 19576 13833 16298
 35959 11352  8595 41280 17508 16425 25667  9814  4349  9307 17641 15837
   419 42892 26120 46492  4520 45782 36066  8858 24666 41034 18651 15946
 10654 24699 13390   676  6571 41387 19381 10715 40817 21464 19001 43339
 37325  1793 46639 24838 39365  4778 44320 41949 48162 37827 30932  6757
 43847 18055 22523 10171 13113  7131 48176  6710  8193 18561 19726 15466
  6278 22722 20269  2807 21771 42211 11328 21902 20393 33926 39619 36657
 40618 24124 32766 29072 43016 41486 25264 15662  2549 35759  7484 24448
  9353 44931 14427 49274  9792 41256 33108 22115 22900 47175 43663  6523
  7285  5333 26363  3679 44094 47877 19118  9825  1374 29956  4670  7752
  2126  3551  9187 32372 11726 11075 41850 48418 46250 29672 26129 16374
 24902  5936 43238  8300 27909 10134 21261 25527 36841 38127  6364 21417
 49051 44894 42291 40774 47124 48741  7215 38114  3766 29760 38571  8185
 32991 32673 38309  7119 45905 39088 15420 15179 27616 16359 44173 23270
 33554 23108 16889 44589 36062 33879 27392  5346 39610 29491 22729 43653
   151  2983 27974  2260 14226 10101 43290 16673  9137  2702 13845 47082
 44171 27485 44833  4076   140 36039   818 44014 43840 25824 39921 23602
 11841 31039 25016  8669 38769 45666  4530 43866 27668 39413 43347 27851
   809 25891 23647 43525  2978  8975 11175 21000 43713  8415 48342 26403
 19464 22692 31793 19856 23026 42940 43728 37314 16709 32181 46349 37224
 48933 48615  3183 38350  1570 44480 35823 26056  9478   765 34650 43387
 34817 40533 47623 45084  3914 47449 48289 15771 17415   207 22047 23054
 29318 25686 41198 19317 46579 32144 17442  3767 19587 13506 41326  5426
 10384 35681  2427  8414   125 37306 48825  5307 36465 40687 38473 19983
 21010  4438 21518 37708 19967 16118 46422 33046 42609 35095  8884 49177
  2473 43939 26905 27543 38695 19102 45392   941 32926 28890 29098 30699
 21977 26606 23914 16419 17396 28834 46392 25822 29498 44863 18922 35286
 13400  4041 26795 14949 38118 30057 45714 36322 25870  7395 37614  3341
 48711 23841 12886 20768 18827  3250 36085 26412 27019 29966 11789 31849
 10048 38577 32026 42430  7856 13862 34709 40874 48743 12765  4402 16749
  5335 18329   959 29570 47576 46254 14059 43095  1865 32990 11667 33584
 29916 15335 25134 45252 27052 34434 44724  6733  3046 46306 23486 23306
 27705 27846 39328 34805 22493 26461 44066 46820 12436 22817 19893  3516
 41528 24868 11085 49115 27352 45330 24888 33973  1666 31202 30551 31398
 39389 21433   837 28737 17713  7032 34467 32263  9811 39042 23023 12621
 34874 25376 33388 28561  6635 21667  5000 43087  7958 26960  2636 17127
 10524 17646 45473  2050 48922 48783 38731 13143  2631 45614 19450 40402
  1983 29198  2785 26789 34640  1632 33001 12387  3462 37563 34575 24350
 47109 24324 48067 27530 27821 11594 30120 29846  5929 24360  7537   655
 47480 17009 46020 30211 40989 19744 46458 32443 10183 28177 32897 21791
  8630  4359  3667 14486 12924 22342  7772 14606 12403  7521 12408 21434
 42963 35094 45192  5979  8495 46798 38751 31857 48906 17102 48046 26380
 30673  7329 13237 21109 37983 44082  2982 12858 13366 24098 49316 44555
 45911  9894  1805 30291 37829 23760  8644 15262 20118 17468 13305 23943
 21487   546 24662 35989 49239 36292 26659 49302 16289  3008 17814 40612
  7657 17081 13565 46140 32908 35679  9379 31705  3118 42834 10293 33131
 45688 43682 35407 18394 28830 28975 17654  6373 38134 40669 11590 33420
 11769 21530 20870 21889 17325  8878  4003 27153  1857 39574 36406 14619
 14400 12124 34997 15380 27266 36747 36209  9348 10568 38030 29611 16312
 28062 28984 30186 31291  6327 23220 46059 16485 10197 14340 14565 39374
 37009 28788 19175 25191 42509 30223 44435 36903 35683  6248 25269 17262
 10440 45569  9547 10518 45520 22238 37291 39634 30459 16707 28289 33670
 44368 13874 18293 23677 33197 43638  1180 49452 29482 20984  9111 28919
  7605 30521 40348 20209 39407 35141 18715  7010 11340  8613 36602 16018
 14636  3699 20673 37416   177 37425 19460 21715  1917 17959 20893 44221
 46805 26460 22322 12082 48583 20755 14208 30643 38959 10017 17187 32172
 38509 34610 28423  8950 24862 19236 35283 31460  6422 17177  3982 14140
 30828 30897 12180 38823 13992 14631 34354 40120  2751 18137  6965 31203
 46816 33003 43887 27864 18019 34394  8821  5143 21894 32674 16550 15167
  8961 47778 15117 28076 12129  4624 38834 11244 27923 22541 16076 29458
 18650 36455  5790 34305 35758 45378 20338 49342 31479 34379 32194 39386
 41970 30040  8436 18328 31229  5685   815 49192 37613 37102 28345 46623
 41027  4859 16868 37089 24841 27589 49095 29236 27428 48559 17004 43122
 36820  2811   937 33248  1171 10371 43917 26020 19285 40299 29439 48899
 20721 33477 10975 41013  3430 47955 24116 27351 15269 30237  6736 26080
 48300 24464 46769 14109 30703 14950 45015 42058 34646 27875 43933 26768
 24789 17829 28313 34238 22958 29600 47581    68 43005 36545 29537 27895
 23179 36291 37074 30059  4416  1209 31347 37231  3348 29884 33009 12035
  1279 22546 43655 14503 28770 14917  2732 13051 14834  4844 40472  9776
 33079  9651 16196 29654 12089 30447 39409 42558 22253 44091  3544 15551
 18223  3446  1493  7656 25554 36897  9708 29597 34962  9535 16202 12167
 20184 11337  9618 16167 45404 11039 11284 38508  9853 41440  7507 25947
  6042 41672  2337 13076 23862  2536 12774 49111 28240 34428 21974  5491
 16643   317  5192  5181 45824 39657 23663 14063 19469 40864  2380 41002
 23652 13586 41660 33052 19590 16208 22128 12868]
[38518 15802 48881 15722   787 15709 15634 15560 15520 36809 15515 37289
 48854 15196 15081 37432 37691 14739 14720 15297 36795 36702 48902 16780
 36084 36111 36177 48937 36205 36353 16397 36389 36396 36401 16339 36429
 16303 16175 36572 36583 16059 36674 14718 37731 37746 37863 13433 38866
 38875 13230   964 38970 38995 39057 39071 13034 39153 39198 48713 12711
 48696 12649 12624 12553 12484 13446 36060 13453 13490 37927 14431 37964
 38006 38058 38128 14137 14040 38347 13916 13875 13813 13747 38565 13609
 38654 13564 13543 13541 13457 39561 16856 17007 32783 20898 20859 20731
 20698 20630 33064 20546 20921 20506 20299 33412 33432 19942 33598 19873
 19835 19770   465 20927 32761 21043 31986 31990 32008 32139 21681 21677
 32250 21546 32297 21411 21374 21323 21256 32542 21167 21145 32599 21082
 21080 33751 19625 19530 33935 35074 17983 35128 35133 17960 35142 17928
 17924 35309 35361 17608 17555 17524 35519   667 35657 17217 17082 17077
 35002 35932 34999 34935 19340 34054 19203 34174 19159 34193 34257 19068
 34283 18998 34389 18900 18875 18737 18701 18579 34657 34726 18269 18199
 31763 12386 12289 44785  5880  5877 44876  5755  5742  5495  5465 44715
 45184  5047 45451 48271  1545  4935  4914  4816 45629 45280  6000  6279
  6312 48389 43943  6922 48387 43999  6797 44062  6771  6742 44113 44130
  6655  6640 44260  6455 44345 48353 44369 44444  4807 45754 48242 48241
 47211  2856  2797  2775 47290 47349 47505 47520 47558  2329  2257  2174
 48114 47772  2146 47794  2114  2096  1989 47065 48392  3105  3327 45928
 45953 45975 46004 46028  4255  4237  4196 46176  4119  4002 46361  3871
 46449  3708 46561  3665  3501  3392  3298 12374  7040 43654 40628 11055
 10983 10939 10910 10884 10863 40823 40588 10826 10704 10621 41000 41021
 10573 41166 41179 10358 40879 40583 11221 11450 48672 12286 39675  1047
 39696 39786 39874 39950 11795 11794 11752 40115 40181 40194 40247  1097
 11518 11489 40302 10283 41268 10239 10236 42288  8973 42580  8428  8385
 42861  8165 42992 43074  7946  7836  7779  7667 43419  1363  7422  1370
  1371 43622 42253  1386  9069  9334 41308 10219 10215 10041 10005 41500
 41522  9921 41654  9702 41790 41797 41818  9552 41905  9429  9395  9381
  9376 42086 31728  1784 22223 30951 23172 28130 23301 26650 30788    62
 28219 30738 25433 25275 26408 26402 26394 28397 29651 23576 28417 23597
 30963 49437 49456 23071 27698 31287 27753 27827 31235 31208 29283 27842
 27867 26975 22935 49254 22947 27917 26894 24835 23018 31052 27991 26792
 26314 28475 24790 25773 25753 28903   221 25663 25628 24381 25595 29035
 24438 29903 24510 29082 25360 24516 29853 25470 29817 24655 24760 29681
   191 30049 30531 30494 30433 28539 29259 23916 26084 23933 28631 27697
 25962 24126 25925 25907 24166 24187 28791 25299 24207 30113 25951   327
 29766 22282 27355 27427 22357 31624 29592 27333 27676 27360 25136 22352
 27391 24870 31673 31360 31410 24934 22550   390 12738 34659  4944 34679
 48972 45510 42912 36569 18366 48846 18414 18514 45498 36130 37620 37941
 24358  1003 18918 27979 39069 34395 32757 28879 31015 14601 32033 28274
 24339 28551 11788  4808 45623 24208 23857  4715  5148  8646 23138  2151
 23334 39519 24091 36938 12768 39735 35257 36906 21588 23970  7563 23452
 44714 28627  7513 47360 15907 28203 15555  5196 43178  6109 15180 37948
 24203 18160 21729  7315 17422  5345 45208 37213 49496 45175 31608 37123
 45157 39229 39235   626 23218  1496 32117  9462 30780 19974 44249 29109
 22775 11836   936 46437 48009 27372 29316 13584 19764 19749 46427  1900
 10170 41350 44019 46297 26269 40257 32382 13484 39994 20492 10588 20441
  6766 27580 11682 22718 20294 45839 48747  1660 20259 12287  3366   139
 46719 46702 10377 30586 16821 46249 41425  1153  2558 16350  9636 24739
 47879  9603 43936  1245 13150 11563 14307 31107 45959 47776 45884 19071
 22983 34266 26186 29202 34053 48097 41447 10022 29042 19545 38416 32887
 19511 19386 22881 36708 38355  4235  9971 29030 36364  1387 23665  1006
 44038  7161  6945  7273  7178 26113 23629 31317 32186  9653 10877 29995
  9771 14064 13963  9990  1071 29904 41365 38099 39879 24515 11981 13498
 25459 41209 40015 13365 41054  1172 29157 38982 48512   220 21906 12782
 36774  7534 48707 24022  2157  1132 25092 37180 37217  8118 37311 15172
  8246 21761 42669 42623 42620 47857 39110 42310  9129 42163 11054  6732
 24801  1467  5328  5378 18033 20743 23297  3938 33744 28148 30789 35321
 35331 47345 49246 25260 49159 35460  6009  6074  3738  5298 18178 19462
 47605  4346 47148 34131 22889 31354  4534  4554 34288  2899 46525   569
  4763 49469 18762 47184  4244 11392 45552 18588 18518 39586 33570 28143
 12648  2573 44138 16994 20443 17028 33187 48365 33178  3309 20363 26432
  6711 46538 17178 46885 48692 39377 10927 29177 12972 23065 40831  8761
 16970 44329 18531 28478 32736  8654 27848   189 47226 13896 11381 19438
 47190 33971  2051 17305 44182 26984 39613 34097 30005 49406 41651 45960
 29460 32809 16674 48679  4336 27432 19053 48503 25308 38287 22627 14487
 25282 18974 37886 45752 42953  9019 42270 31658 44250 39200 38208 33755
 43212 38486 20162 11564 11143 12639 24829 17853   184 43187 11555 43320
   243 40973 27159 25500  3848 23956 39315 43447 24068  5754 25213 48309
 15210  5228  2250 44492  6174 10763 25893  7302 30624  8108 30160 28258
 32196 32643 33296  8016 45164 31791 17150 12464 13553   933 29722 22807
 22208  4186 33734 19546 19565 33863 41164 40340 31913 13444 47130 38481
  4343 27829 11557 47032 25023  3535 46643  4105 22709  4392 43431 15879
  7448  2686 35442  7357 23484 17413 39465 49280 30676 23840 23524 19303
 43752  1121  6971 27403 11073 26414 12181 28492  6907 36377 35957 11687
 22427   350 16253 43406 12788 35262  2905 41897 41901  4570 18776 34529
 42525 14724 42549 42619  8442 44949 45416  5044 45333 35255  7822 25932
  5549 37046 29631 30893 37164 21049 45274  5431 42722 12918 12784 12683
 48612 48596 23613 29782 18479 28124  5680 44905  5817  6189 17139 18611
  6359 17046 17003 36057  6724 23616 36211 16486 44393 45739 34311 46207
 22194 22192 31769 31786 31855 21915 47804 22434 47518  2594 47302  2917
 46944 31326 46555 33687 33822 26195 30475 30616  8201 14602 25776 36524
 37737 14851 41438 25783 15082 15161 48765 43077 37122 13588 42047 10242
 43676  1380 15994 15673 15888 15881  7373 13324 41258 29845 25991 48039
 47649 46983 10056  9945  9877 41768 41785  3033 47054  2082  7086 26964
  9063 26321 48598 41032 43453 40619 11139  8152 45087 46914  5134 40763
  8766 40363  4360  8942 29244 46436 27168  4923 31715 38082 36434 35323
 17667 35469 36076 36694 15967 12433 39501 30171 37356 17986 37511 37902
 14498 38043 48077 12999 13980 38568 13452 38822 38848 24279 12307 29714
 32977 39923 29547 49236 39712 20144 20956 18631 20253 42185  8946  8804
 48275 49128  3522 37191 15469  8743 37618 38079  3096 38188  3014 41745
 38220 41637 20982 29840 31495  2327  9440 43173 33721 24141 34773 49266
 45228 35060 31001 45559 45680 35779 44446 45982 48942 36183 37082 44065
 10581  6998  1379 19302 19406 15866 46125 30328 43391 48426  7808 33788
 43991  1417 39958 40127 40211 29518 19518 26093 29509 30374 13856 24318
 16479 47401 11983 16266 48474 14760 10854 38345 16910 33861 48208 19690
  6206 46431 31247  9773 33606 20119 29245 33348 20266 28965  7212 29446
 32434 34262  3279  5233 24819 47643 15256  2177 47748 26596 29123 21798
 15193 49182   730 39458 41221 18003 18721 47981 47691  5472 22159  5505
 45253 45197  5415  5364 43296  9170 35011 15686 31061 35009 31074  4669
 43543 14206 14780 26848  4429  8722 48676 12261 29581  7364 46076 37880
 31205  6131 44793 17023  3233   898 27281 22579  2637 25539  2555 47473
 29018 21317 36411  2206 38879 28501 21786 32045 13178 10192 20815 49006
 20765 11755 12956  2984 38627  8057 31138  4372  1294 32553 42517 37304
 38166  5083 29835 11068 37501  5803 25498 39946  7459 49259 35996 17645
 38720  7113 17750 26219 48070 36532 17027 43976 10871 49269 33471 29181
 12505 46307 30128   805 36948 15769 22540 28948 36876 30867 12074 36450
 40273 31623 10716 45481 16558 47777 33353 44336 26678  9787 34555 26433
 46432 42034  9269 28887 29675 14015 12007  9101 21053 17445 37865 22557
 44088 44222 27586 11719 33538 27951 22394 41848 34025  2444 14293 30704
 48158  8864 25612 29626 16017 10816  6910 23630 40382 35400  5700 23596
 44643 24956   481 13838 47395 47385 22669 14173 38117  5366 19990 32340
 11699  3971 12093 37881 47660 27416   863 48597 39399 39345 15226 41046
 37561 37473 32140 29388 26994 47977 38686 47705 27570 31928 31956 36267
 47697 22264 16526 44125 35299 27618 35900  3746 11482 17209 48217 19402
 34116  5921   309  4533 40238 18533 26787 11460 17444 39948 14674 12885
 10971 38008 15925 39054 30006  9928 23894  8103 38543  8892 36378 43878
 10540  1204 34207 21123 24437 39047 39575 47333  5251 41541 27136 39655
 12421  9788 28638   557 47131 11405 27671 48888 48164  5429 17883 30935
 16163  9160 40380 11171 26351 44089 49163 15111 40822 41029 23807 13562
 10426 46164 35895  1110 40655 38519 45354 24495 13243 34885  8489 40185
  3422 22720  4879  4845  4680  3969 18117 42659 45461    47 46483 28840
 33653 19743  5053 40224  3732  8587 15758 14002 26506 36467  2949 38212
   771 22683 30315 17553  2017  5698 41456 13840 38452 44370 40886 38417
 42196 36557  1282 30617 16948 14183 42382 19404 24512 21236 21422 45984
 48706 19138 29215 48100 34461 40933 14986 42920 39222 42726 33586  5593
 40285 18061 46838 25682  7706 14239 25215 40086 14441  7345 33740 34840
 35515 29189 29731  1912 42682 34229  9558  2021 33110   541 40816 19213
 33782  1251 19279  3612 31342  2893 14604 21039  9102 41881 22448 16459
  6993 48310 23550 17450 43242 27999  6348 43378 28858 18078 36114 15886
 16758 20601 41765 17707 31334 18016  9573 31310 49378 37988  5287 18144
  5478 48986 41473 27645 38961 36397     4 32154 41103 21475 16838  6061
 13486 10181 36539  7217 48351 41467 46303 36653 10297 33784 48731 18480
 19477 49461 18600  8339 25813 30016 28880 19269 18823 42951  4263 39236
 34730 46876  4155  5896 39851 17078 44937 11468 27339 30998 47358 11237
 45528 25315 36796 47589 11156 16220 12712 34814  6889 43975 18869 18191
 27781 46214  1036 25536  8092 13181 24359 46628 37704 32097 11305 32828
 16223 29851  2436  9983 37793 24605 15195 10479 47240 19055 12365   710
  1385 17698 45814  3452  5312   522 20600 41827 18212 37452  3610 47061
 40689 28943 16908 25490  9724 43220 45588 14390 18430 27749  7824 27035
 13052 45855  3470 15431  6739 38996  9322 26720 38960  6888 40890  1849
 22260 34304 32275 25725  5382 43718  6108 35625 23848 36561 29424 27218
 25229 17893 17948  4370 37810  9673 15698 21191 31406 19447 39863 19842
 38307  6784 31920 29616 15983  6833  9650 39280 45693  7910 42888 17047
 40240 15718 10245 47416 45582 45126 28413 15093 30613 22381 12743 45468
 39401 46743 27536  2710 34783 49499   106 13135 35294 36435 29800   884
 43272 26424 45976  1551 47838 19572  9705 35862 12195  2367 19740 25846
 19730 25411  3144 13407 16307 25485 40896  9534 36517 44232 28513  5623
 15042 24778 10256 10147  6654 25631  2934 15217  4499 12322 25976 38247
  5404 18398  9253 15982 35633 23036  9173 37831 16653 17711 13261 31890
  5337 12541  9291 12288 47499  9285 13201 47141 32773  7962 30205 34812
 21606 42397 34908 26726  8965 45169 37629 47320 24178 16545 40297 15103
 48689 36615  5581 34121 45037 21687 42396 38369 13978 27398 26278 11583
  3490 24498  3827 41558 46165 37622 18927  4804 48759  9032 46935  4737
 30628 36381 38165 36301   219 32037  4694 16529 44155 33681 17884 39520
 13989 12854 31474  1959 21561 30289 26178 42137 17803  3800 30449  3613
 24197 36166 33167 30600 30944 46615  1494 22981 31668 44923 21212 36423
 28687 33612  6258 21343 42009 30648 16730 23755 36023 40128 26051   137
 20092 10445 43222 28113 19774  1075 14225 41828 41323  9134 23605  5223
 21160  9827  6058 26107 34426 15457 47374 28740 11559 19597 11203 41210
  2374 38302 14816 13717 24879 19881  5900 17241 38011   559 14276 38767
 29373 31607 24921 37707   548 16051 33826  6983 29986  8299  6928 10044
 46647  4931  7049 47822 25987 42849 27131 41064 36021 42151 23887 12564
 49114 26939 20142 26893 44506 10248 16608 39408 23895 40668 18520  5859
 24733 32394 38663 27179 24041 43548 47948 26065]
[ 3020 18372 21031 39350 19333  1898 28404 41533 23337  6354 23363 12610
  6361 49008 15912 35910 28395 36250 28393 21066 19323 41553  6307   612
 44504 34738 44680 17194 41450  1961  6173 38115 15879 20985 15883   589
 19349 39371 41484 17184  1932 14097 44519 12586 44507 41513 27022 30588
 21075 32513  9794  6563 44251 12677 19290 13969 26983 44241 18445 41665
 41713 41723 35686 28333 12704 12705 44208 36613 38265 32410 44212 23208
 35673 39300 38182 48030 30753 23296 39329 23292 35662  9887 44376  6464
 17159 21115 15929 30792 30798 44317  6511 44309  6517 16869 23231 23314
 19363 41427 15854 41118 28591 37852 10435 24008 23993 19439  5380  5411
 20722 36189 41186 12435 39482 39481 37903 20784 23912 18168 10355   458
 34892 24026 47719  2305  5097 41016 24137 10577  2287  5186 37817 45373
 45365 10527 45358 45351 37830 30180 37833 30183 41102 19459 24050  5280
  5511 20799 26039 20803 18247 35612 12508 36725 12516 18261 23646  5886
 27988 14216 14210 27082 15843 23595 47895 30537 32628 28471  6028  2002
 20957 19392 44159 49099 19396 30334  2155 41248 16493 10305 10304 41257
 23844  5619 49119 10277 45037 45026  2115 47817 12487 28528 47833 23715
 39433 15813 30458 44129 21224 44125 21647  9007 26603  8130 34109   970
 36469 31633  1267 22243 48724  8227  8240 22144 42929  1221 42911 22119
 32014 36384 48723 22250  8070 22311 43352 39099  9159 22460 12929 26546
  7784 48414 19126 17044 16127 43240 31494 48436  7896 42279 16136 31517
 36365 42301 43159  8311 34133 22101  1208 13090 31929 31823 34219 34218
 16242 21959 42704 31835 31853 26720  8605  8674  8670  8667 21901  1094
 19002  1093 18988 21882  8502 26843 21993 26753  8857 13043 42455 42845
  1177 31978 42803  8808 13222 42494 48577 13068 34155  8433 42785 42777
 42767 31798  8752 48675  8738 13085 32857 16310 17055 12791 41922 13779
 22906 43872 38398 35709 38405 48879 21333  7075 26918 31096 21370 43832
 39186 16023 32276 21391  1609 22875 22920 34005 43902 48150 44076 36596
 28297 26350 48914 38331 23006  1684 31007 22977 18530 13821 31018 48903
  9559 26366 22954 48198 34550  7000  1608  7103 27843 18589 22649 38536
 31300 31325 42134 42136   876 22581 43465   881 42140 16092  7616  7618
  7628  9210 36514 13534 48795 27889  7663 43560 34072 27873 21496 21407
 22837 42004 42018 28244  1573 22792 43730 22783 32235  7266 21451 13655
  1539 42064 31223 21461 36328 22690  7404 31269  9265  2313  5915 27169
  4076 24807 46257 46237 28802 35168   201 35167   204 29598 39760 39752
 40558 14959 17785 11125   218 46313 24755 12070 15016 15123 40383 15550
 35246 46464 17692 40426 15053 11267  3943 19687 27504 39804 37367 29503
 35205 27308 40480 46516 24750 17792 20411  4334 17837 20426 10934 12221
 17852  4396 40753 25796 39657 25802 25807 20452 40775 33729   294 46054
 17375  2553 20391 14941 39725 15598 11080 46149 35153 46138 17799 14920
 17804 11026 29660 29662 37477 20378 20386  4321 27545 28862 47316   139
 33435 33545  3251    45 25324  2933 25315 33552 27449 11624 40167  3337
 15477  3360 17565 37006  3397 15337 17579 37120 37030 15438 25450 40017
  3072 11783 33518 29001 47043  2995 27412  3112  2982 15450 37037 40075
 15376  3158  3206 29230    72 20021  3634 11973 11413 49409 20105  3703
 40336 36014  3705 11981 11395 29367 11377 11374 27340  3734 15145 28897
 11440 39868 46651    76 25579 46715  2864 39894  2863 49433 29271 40779
 20042 46697 11485 46692 11480 20065  3571 37230   105 33591 14800 42612
 17888 20551 24330 17981  4608 14651 16775  4873   362 10705 45616 20577
 28668 30001  4928 36831 18021 10669 24481 39645 29955 45674   318  2459
 10797 10792 35529 25864  2428 40842 24404 28708 40865 40959 29903  4719
 20503 45715  4784  2405 45811 10758 24355 29939 16554  4965 35039  4545
 30060 15712 17293  4525 17911 40976  4970 20469  5026 24488 25819 10617
 40961  2335 37082 39156 46544  7253 47311 32845 42032 38545 45720 18605
 43717  5460 37673 25955 19178 26421 43613  8482 15531  9294 21489 19887
  8733 26874 19478 20618  2778 10623 22824 30094 33856 36006 46372 41916
 12039 29482 45078 12797 17713 11292 26045 48878  3853 43772 43833 39193
 28259 15407 32280 21386 28853 46493 41986 12825 33622 13138 42662 21928
 16790  3825   866 32808 19157 43222   440 12947  7900   940 16192 19101
 31742 22324 11923 13398 13377 19094 13349 48693 22215  5261 11660 37013
 38770 21683 47192 49207 42946  8345 38788 25540  8246  8267  5245 15332
 17520  9104  1378 22621 43474   879 13077 43457 16319 37124 26856 46932
 42797 45647 13538 17257 25119 26557 31370 31969 31383  3566  3244  7704
 21308  7719 33830 26836  5338  2331 19748 46700 14448 39870  9177 22811
 29656 25794  4254 20920 10131 41756 30678 23412 41497 47969 12165 20882
  1814 44747 23089  5791 44575 12533 44411 27553 46193  5832  6595 39703
  2571   701  4624 24468 29868 16608  5775 14236 25729  4303  2578 41309
  4581 10862 10148  1910 24574 44571 24572 36637 23564 39788  6168  4649
 28779 16766  6904 38109 44726 39445   674 38105 44647 30807 32507 28820
 30472   225 38206 12732  4467 44065 24818 16373 34662 25713 36681 46333
 48165  9615 46162 16528 43184  6457 20897 23318 27922 40653 11935 30774
  4602 28719 47866 13447 20571 34387 26103 31453  7763 12933  9565 35312
 32522 11606 40946  8445 19028 25389 45392  1042 16838  5154 21994 14835
  1128 33897   403 44638 40994 30106 10100 40005 17482    16 36718  1162
 31761 29671   536 23332  4929 31611    67 35913  8138  6210  4314 34276
 24063 28749 46899 44524  8396  8820 37589 26635 19563 46280 43679 39125
 33274 12699 45142 40408  7287 10821 42042 45014  2640 36565 25650 45731
 13940 44167 41762  9612 24927 34611  3849  4643 41967 48145 29352  7497
 19206 31366 37453  7576 41339 39635 12135  3645 41587 42902 30880 33999
 49361 49024 13282   289   268 38042 35306 20404  6654 25276 40521  8946
 16427 23622 14512 15669 10523 30440 33001 38308 10648 15106 28848 24952
 12579 24793 25131 37090 35376 11662 45254 21301  2451 34585 27557 23122
 46387 49291  3964 31652 44610 47222 33143 41707 35512 48025   490 24462
   213  7932 14914 30619 23917 47287  5633 18782  1103 16598 32114 43928
  2080 25994  2616 45279 37888 42355 30307 39344  4284  6974   206  2051
  3649 33615  8115  1293  6023 37264 24673 27426 31451 23226 43506 23757
  3186 43900  5116 29447 37070 26365 36745  8559 35792 22928 13170 43893
 43933 45222 15842 28973 24033  3458 13644  6597 26027 31266 48086  7925
  7460 23190 23682 48432 34372 29653 22462 47238 37697 35447 44368 28932
 15987 46842 30325 34722 23069 35254  5225  5741 43806 30667 23109 22069
 38824 26411 38440 34618 28463 37131 22137 15305 17427  8207 22773 25852
 14228 34102 12717 16385 33358 33491 40038 10051 20037 33436 20101 26871
 10593 11723 41635 11106 19495 42504 40936 40053 48718 20383 21438 39844
 21242  9126 35975   277   772 40724 10716 21866 22163 25674 16180 26677
  3817 36091 43464 39684 48355 15003 20525 44386 46491 14987 37565 39784
  4007 17511  9452 46437 23904 34035  4868 42972 21208 14860 32752 47587
 23311   747 41223  2274 26972  7379 36540 20690  6942  9897 28381 28914
 10031  6186 30641 43345 45503  3479 26167 14946 37448 36696 36144 10070
 15328 34743 34985 27447 45540 11053 29871 20914 34800  4989 17541 34191
 11557 16595 29876 25248 28118 20999 18344 27713 23375  8476 13526 29602
  5662 15798 20303 41493 32945 39748 39447 39893 22511  3102  8719 27587
  3104 47029 38657 24282  7923 28253 17611 19211 22889 29970 22409 11483
  8990 34058  3572 16109 17631 40121 11424 13631 43512 32912 38566 11550
 47174 40367 38461  2857  9236  7222  7218 28592 20872 43876 30859 30335
 39634 41260 48077  5586  5610  8798 30781 35186 39321  3130 29505 46255
 49498 23759 21845 27063  5720   563 31866 44751 38023 35615 47864 27268
 23788  4353 47799 24919 15623  9580 31718 22947  9590 41876 25790 16628
 23123 21315 26771 48118 36088  2049 25740 17810 25814 30630 30621  4404
 21363 43850 37455 11023 17101  9138  4953 41371 38642  2884 21876 45245
 20995 28826 24770 35856 30150 13957 27311 26328  7955 30344 28750 25105
 23041  7055 27761  2191  7206 20683  5039 46270 27514 13712 48016 35441
 37950  6322  7097 45224  7412 47136  8215 42407  1277 13378 18993 45694
 42343 13184 14760 33442  9016  1013  8582 47147 37596  1106 25827  9001
 17528 13255 31663 15695 40874 21970 35046  4788 29629 16120  8944 23153
 48340 23731 40611 49285   102 16025 20161 34284 24210 39195 42580 20938
 29288 36438 41113  2006 16825 10649 26492 35849 35372 28049 10540  8758
  1892 34680 35695  5194 35916 30379 42285  4590 15988 25726 18797 40179
 30732 10860  7926 28797 42258 16927 41066 47202     4 17990 25887 20501
 22660 46186 44150 16210  6371 32292 33477 21919  7552 32531 47290  9247
 21121 21007 32603 20663  2512 34488 42806 30145 20390 34901  1589 45491
 27714 34701 45761 41590 40771 18184   928 40882 12532 29961 44108 17836
   955 24630 17449   469 12758 13386  4516 39014 49083  4252 28936 20465
  3286 23948 18837 21699 16816  6582 41357 15308 25779 42177 48171 47831
  7915 13869 37487 36833 31295  5448 41494 36837 10681  2072 29374 41199
 37725 45573 13899  1694 46569 40497 47293 29212 13646 17291 30546 15015
  1172  5616 21395 41446 47617  9137  1055  5237 44703 12549 19676 34898
  6192 31821 27468  8366 19634  3526 20911 42328 13706 12661 29216 48576
  9774 23192  5302 42522  8454 34615  5425 22174 38452 48848 15381 34874
 41765 47318 27957 17499 41629 26756 23298 41873 27494 39816 39194 42021
 23051 27992 15165 43572 46195 30671 22289 13371 20905 40321 15891 16232
 15881 12914  7646  7632  2505  5952 25854 23614 15298 47862 17519 15705
 31792 33386 47458 36348 47630 20940 33446 39683 30585 44841 31089 14571
  6095 22347  7630  7622 13343 12740 34172 22905 44748 33785 30847 48547
 10350  5500  1085  2170  5865 34141 35587 49104 44859 29220 48971 41300
 40848 11590 36379  9716 14284  5387 22323 17429 36509 26419 28607  3747
 34287 16441 32910 37073  7271  9279 37605 41593 17625 41492 14817  1604
 23268 28617 42962  2649 44977 14476 13662 46545  4433 39037  4670 12770
 22074 21076  5893 28047 12856 16379 25390  7825 42311 36137  7341 30486
 32234 11582 36179 44109  2053  8471 29577  5677  4807 23944 44034 15526
  9098 41845 28491  5182 19305 34931   958  9789 35133 39164 14812 14498
 44281 18187 14558 33938  6117 37283 33311 32477 28256 30349  3788 11201
 41386 18876 42470 29858 13571 20448 28271 24000 13956  2215 21161 37492
 39331 12132 21837 35185  3007 39376 25517 44670 20998 38932 41289 45701
 16195 23535 18333 19373  2590 44136 19419 38003 23290  3176  7363 43413
 34969 17315  3745 32056 34269 24520 15124 19453 15349 31255  3503 32032
   766 22941 15558 18718 33550 12429  1693  7408 31393 14081 20675 39855
 17265 22258 13088 25042 24294 19425  6600 14046 43459 33488 14127 13784
 43026  4958  8480 27385 41279 40531 31184 46294 45975  8465 10562  2773
 39282 46235  4495  8812 40315 13619 27877 14750 24748 34937 31639 33461
 40989 40843 36138 29283 47049 16676  8611 10178 47171 32370 26215 10092
  2177 21028  6640  7981 18533 39733 34693 47676 35721  2634  5597 18936
  9860 42486  6882 19081  8787 23765 44433 20714 46790 31107 30417 10397
 26854 35145 23325  7991  2189 21934 39001 24440 34780  6664 25967 30213
 12120 29747 20255 48431 42714 16602 40904 18486 19006 46443 35423 35661
 44457 33874 30695 25030 23510 10531 49096 45737 33011 19472 36449  2835
 15825 16320 14133     2 23186  7623 27434 21618  4951  4371 46226 12003
 15193 43936 29195 43955 23235 38868 38755 34793 19135 37259  9589 15900
  9366  3207 14917 32380 33747 42048 44526 49427 47433 14296 38095 32163
 44644 15898 12244 46632 31327 16277 22190 16304  9995 10041 31926 38732
 11553 41265 26377   269 41262  4948 36580  6944 34568 22901 31760 44426
 31506 11859 18501 11755 13632   258 10246 22140 49405 39673 49145 48883
  8256 43362 24006 11569  6609 48729 33947 23987 19427 23707  4187 48942
 44284 31910   224 48189  1436 18473 13907 32976 24443 23063 41165 25249
 45388 36855 48511  9982 21081 34039 32252 32260  8460 25647 13652 40787
 30661 13319 17645 33071  2643 24662  3436 36700   506 35635 35010 40599
 16801 25206 30927  6082  5506 15659  5833 12584 26913 47605 48863 17535
 35261  1953 37479 48119 20704 44316 40754 28816 38028 17275 17361 46713
 21563  3053 42246 25815 17299 14612 42302 34075]
[0.5765, 0.6, 0.3353333333333333, 0.272, 0, 0.458, 0.5161290322580645, 0.6275, 0.6945, 0.5145]
[2000, 2000, 1500, 2000, 0, 2000, 31, 2000, 2000, 2000]
