training accuracy when lambda=0.3
[0.6314545454400958, 0.7409494949639446, 0.7632727272679107, 0.7804848484848484, 0.7893535353535354, 0.7974747474891971, 0.8013737373737374, 0.8089696969745135, 0.814545454550271, 0.8195151515055185, 0.8218585858730355, 0.827535353530537, 0.8298383838432004, 0.8326868686868687, 0.8389494949591281, 0.8401010100961935, 0.8410909091005422, 0.8461818181866347, 0.845393939408389, 0.8512121212217543, 0.8497777777729613, 0.8539999999951835, 0.8522424242472407, 0.8525252525397021, 0.8538181818133653, 0.854686868672419, 0.8569696969648805, 0.8554343434198938, 0.8570707070851566, 0.8568484848484849, 0.8556161616065285, 0.8560404040548536, 0.8562222222125891, 0.856424242429059, 0.856020202020202, 0.8553737373592878, 0.8551717171813502, 0.8538181818326315, 0.8536161616306113, 0.8547272727320893, 0.8522424242568738, 0.8523434343338012, 0.8511717171813502, 0.8489696969648804, 0.850949494959128, 0.8514949494853165, 0.8494949494901329, 0.8500404040500371, 0.8495959595863265, 0.8485858586003082]
test accuracy when lambda=0.3
[0.3862, 0.3958, 0.3959, 0.3942, 0.3987, 0.3966, 0.3986, 0.3964, 0.3959, 0.3972, 0.3962, 0.3988, 0.3983, 0.4, 0.3969, 0.4005, 0.4052, 0.4065, 0.4006, 0.4005, 0.4011, 0.4035, 0.4026, 0.4029, 0.3988, 0.405, 0.4007, 0.3983, 0.4027, 0.4041, 0.4021, 0.404, 0.3996, 0.3971, 0.4022, 0.4002, 0.3987, 0.3972, 0.4024, 0.398, 0.3985, 0.3988, 0.4, 0.4009, 0.3979, 0.4012, 0.3959, 0.3978, 0.4009, 0.3994]
training accuracy when lambda=0.4
[0.5581010100865605, 0.659393939408389, 0.680505050500234, 0.6880808080808081, 0.6981010100961935, 0.7048888888840723, 0.7101818181962678, 0.7174545454497289, 0.7198383838432004, 0.7230303030351196, 0.7260000000048166, 0.7297777777874108, 0.733070707061074, 0.7338383838432003, 0.7372929292832963, 0.7383232323087827, 0.7393333333381499, 0.740585858571409, 0.7419797979653484, 0.7441818181962678, 0.7452929292881127, 0.7457979797931633, 0.7446464646609142, 0.7470101010149175, 0.744464646479096, 0.7466868686772357, 0.7433737373592878, 0.7422020202068368, 0.7436161616209781, 0.7427474747426582, 0.7425858585762255, 0.7418787878787879, 0.7387272727417223, 0.7436161616257947, 0.7394141414141414, 0.7364444444299948, 0.7362828282780117, 0.7354949495045826, 0.7339999999855504, 0.7343030303126634, 0.7322020202164699, 0.7355555555555555, 0.7306868687013183, 0.7299797979701649, 0.7273333333188837, 0.7279999999903669, 0.7252525252525253, 0.7278989899134395, 0.727434343429527, 0.7243838383693888]
test accuracy when lambda=0.4
[0.3855, 0.3987, 0.4003, 0.3989, 0.4063, 0.4064, 0.4064, 0.4004, 0.4024, 0.4006, 0.3984, 0.4021, 0.407, 0.4016, 0.4033, 0.4006, 0.4079, 0.4046, 0.4052, 0.4021, 0.4051, 0.4044, 0.4051, 0.3997, 0.4008, 0.4006, 0.3979, 0.4027, 0.398, 0.3981, 0.3986, 0.392, 0.3946, 0.3892, 0.3949, 0.3922, 0.3939, 0.3945, 0.3892, 0.3933, 0.3948, 0.3956, 0.3911, 0.3922, 0.3916, 0.3917, 0.3927, 0.3909, 0.3897, 0.395]
training accuracy when lambda=0.5
[0.1271111111120142, 0.13595959595959595, 0.13858585858646066, 0.14129292929413342, 0.14153535353294527, 0.14575757575998402, 0.14743434343795583, 0.14909090909211323, 0.15359595959716374, 0.15480808081048908, 0.1581818181854306, 0.16272727272847687, 0.16523232323352738, 0.1697575757527592, 0.173919191919794, 0.18141414142136622, 0.18630303030363238, 0.19444444444805684, 0.20038383838444046, 0.20870707070947897, 0.21868686868807283, 0.22428282828403243, 0.23250505050565257, 0.2426868686940935, 0.24951515151515152, 0.26133333333453745, 0.2692121212157336, 0.2762626262650345, 0.286888888890093, 0.29365656565776976, 0.2990909090921132, 0.30622222222222223, 0.3156969696969697, 0.3216565656541574, 0.3315959595959596, 0.3334343434367517, 0.34020202020683676, 0.3462020201947954, 0.35105050505050506, 0.35553535353294524, 0.3661414141438224, 0.36644444444203617, 0.375474747479564, 0.37981818181818183, 0.38349494949976604, 0.3872121212048964, 0.3902626262674428, 0.3943838383838384, 0.3971111111038863, 0.4033333333285168]
test accuracy when lambda=0.5
[0.3786, 0.3979, 0.4037, 0.4128, 0.4066, 0.4063, 0.4052, 0.4083, 0.403, 0.4, 0.4013, 0.4039, 0.401, 0.4046, 0.4011, 0.4034, 0.3997, 0.4032, 0.3964, 0.3981, 0.3946, 0.3921, 0.397, 0.3888, 0.3942, 0.3916, 0.3874, 0.3893, 0.3844, 0.3894, 0.389, 0.3866, 0.3878, 0.3852, 0.3871, 0.3855, 0.387, 0.388, 0.3821, 0.3837, 0.3863, 0.3844, 0.3819, 0.3802, 0.384, 0.382, 0.3813, 0.3773, 0.3811, 0.383]
training accuracy when lambda=0.6
[0.124888888889792, 0.1341414141438224, 0.13694949495130115, 0.14026262626322833, 0.14393939394180222, 0.14676767677128916, 0.15119191919432745, 0.15505050505532159, 0.1602020202038264, 0.1644646464658506, 0.17050505050745876, 0.17917171717532956, 0.18820202020322432, 0.19797979798040005, 0.20777777777536952, 0.2226868686904811, 0.23494949495069908, 0.24886868686387034, 0.2664444444420362, 0.2806666666678708, 0.2953737373749415, 0.30660606060726475, 0.32286868687109516, 0.336, 0.35359595959114304, 0.3615353535401701, 0.3765252525300691, 0.3887070707070707, 0.3925656565704731, 0.4067070707070707, 0.4180404040331792, 0.42652525252284423, 0.4367474747474748, 0.4411717171669006, 0.45250505049541745, 0.45856565656084003, 0.4658383838407921, 0.46828282828764484, 0.4800606060630143, 0.4857171717316213, 0.48915151514429034, 0.49038383838624666, 0.5055959595959596, 0.5047878787830623, 0.5122828282756035, 0.5161212121356618, 0.5202828282876448, 0.5243636363660447, 0.5309696969648804, 0.5327070706998459]
test accuracy when lambda=0.6
[0.3748, 0.4045, 0.4121, 0.4081, 0.4052, 0.4139, 0.4085, 0.4027, 0.4083, 0.4031, 0.4045, 0.404, 0.4035, 0.3976, 0.3984, 0.3961, 0.3923, 0.3898, 0.3855, 0.3834, 0.383, 0.3869, 0.3846, 0.3811, 0.3756, 0.3741, 0.3761, 0.3722, 0.3674, 0.3701, 0.3667, 0.3646, 0.366, 0.3641, 0.3631, 0.3646, 0.3652, 0.3606, 0.3671, 0.3609, 0.3609, 0.3647, 0.3627, 0.3656, 0.3611, 0.3571, 0.3596, 0.3608, 0.3573, 0.3645]
training accuracy when lambda=0.7
[0.12484848485209725, 0.13414141414201622, 0.13715151515512755, 0.14074747475108715, 0.1444242424266507, 0.1494141414147435, 0.1546666666678708, 0.16076767676857986, 0.16806060606783085, 0.1775757575769617, 0.18941414141534554, 0.2035757575769617, 0.2176767676839925, 0.23874747474747474, 0.2558181818205901, 0.27430303030543857, 0.2979595959620042, 0.318565656569269, 0.34072727272486447, 0.3567272727248645, 0.3785656565632483, 0.400020202020202, 0.41476767676286025, 0.4337575757551675, 0.44735353536076017, 0.46325252526697486, 0.4734141414165497, 0.4858787878739713, 0.5006666666642584, 0.5117373737421903, 0.5264040403944074, 0.5356565656589739, 0.5438383838432004, 0.5537777777729612, 0.562949494949495, 0.571474747469931, 0.5807474747426582, 0.5827272727224562, 0.5924040403992239, 0.5986060606156937, 0.6067676767724933, 0.6110707070707071, 0.6152323232226902, 0.6210101010149175, 0.6276363636411801, 0.6287878787975119, 0.6347676767532272, 0.6388888888744393, 0.6451717171861668, 0.6493939393891228]
test accuracy when lambda=0.7
[0.3946, 0.4044, 0.4115, 0.4047, 0.4177, 0.4037, 0.406, 0.414, 0.4169, 0.4148, 0.4199, 0.4017, 0.4035, 0.3925, 0.3934, 0.3838, 0.3794, 0.3749, 0.3738, 0.3632, 0.3687, 0.3655, 0.3631, 0.3571, 0.3547, 0.3541, 0.3522, 0.3541, 0.3577, 0.3446, 0.3503, 0.3513, 0.3516, 0.3473, 0.3517, 0.3481, 0.3466, 0.3484, 0.3413, 0.3503, 0.3509, 0.353, 0.3485, 0.3498, 0.3495, 0.3464, 0.3486, 0.3461, 0.3491, 0.3465]
training accuracy when lambda=0.8
[0.12175757576480056, 0.13321212121272327, 0.13779797979858185, 0.14329292929413343, 0.14874747475108716, 0.15264646464646464, 0.15935353535443844, 0.1695151515151515, 0.17929292929292928, 0.1947878787887819, 0.2108888888925013, 0.23006060606301432, 0.2546464646464646, 0.2785656565704731, 0.30080808080567256, 0.33030303030784686, 0.3518585858609941, 0.3784040404112652, 0.40048484848725674, 0.4235151515007019, 0.44741414141414143, 0.4646060606084689, 0.48672727272968097, 0.5092525252573418, 0.52056565656084, 0.5361010100961936, 0.5574343434367517, 0.5690909090860925, 0.5810909090860925, 0.5937171717219882, 0.6062020201923871, 0.6167676767628603, 0.6287676767676768, 0.6371919192015523, 0.6432929292953375, 0.6546060606205102, 0.6597373737373737, 0.6672121212121213, 0.6751717171693089, 0.6858989899038065, 0.6920606060557896, 0.6964848484944816, 0.7006060606205102, 0.7098989898941733, 0.7142222222318553, 0.714525252530069, 0.7226666666762998, 0.7298787878932375, 0.7307878787830623, 0.7366060606012441]
test accuracy when lambda=0.8
[0.3697, 0.3925, 0.4085, 0.4094, 0.4151, 0.4176, 0.4191, 0.4267, 0.4084, 0.411, 0.3929, 0.3862, 0.376, 0.3734, 0.3664, 0.3458, 0.3514, 0.336, 0.325, 0.3235, 0.3217, 0.3193, 0.3145, 0.3066, 0.3035, 0.3091, 0.2997, 0.3082, 0.309, 0.3011, 0.2956, 0.2992, 0.3003, 0.3012, 0.3047, 0.3044, 0.2985, 0.2984, 0.3083, 0.2981, 0.2983, 0.3036, 0.3026, 0.3066, 0.3054, 0.3033, 0.3064, 0.3098, 0.3102, 0.3043]
