training accuracy when lambda=0.4
[0.4289, 0.51844, 0.53854, 0.54772, 0.55668, 0.56042, 0.56592, 0.57134, 0.57444, 0.5779, 0.58144, 0.58478, 0.58912, 0.59298, 0.59438, 0.59912, 0.59906, 0.6049, 0.60546, 0.6107, 0.61256, 0.61496, 0.6175, 0.62112, 0.62252, 0.62546, 0.6263, 0.62882, 0.63198, 0.63218, 0.63384, 0.63694, 0.64028, 0.63758, 0.63932, 0.64048, 0.64212, 0.64444, 0.64674, 0.64662, 0.6466, 0.6454, 0.64934, 0.64942, 0.64988, 0.65228, 0.65316, 0.6544, 0.65438, 0.6545]
test accuracy when lambda=0.4
[0.5108, 0.5337, 0.532, 0.5457, 0.5489, 0.5386, 0.5468, 0.5465, 0.5516, 0.5497, 0.553, 0.5562, 0.5504, 0.5486, 0.5452, 0.5526, 0.548, 0.5473, 0.5462, 0.542, 0.5449, 0.5448, 0.5386, 0.5408, 0.5394, 0.5411, 0.539, 0.5387, 0.5404, 0.5357, 0.5336, 0.5325, 0.5329, 0.5326, 0.5301, 0.5306, 0.5301, 0.532, 0.5323, 0.5287, 0.532, 0.5261, 0.5255, 0.5246, 0.5249, 0.5228, 0.5236, 0.524, 0.5279, 0.5236]
training accuracy when lambda=0.45
[0.3477, 0.41224, 0.4257, 0.43198, 0.43934, 0.44192, 0.44786, 0.4516, 0.4549, 0.45854, 0.46298, 0.4667, 0.47234, 0.47428, 0.47738, 0.48452, 0.48678, 0.49356, 0.49518, 0.4988, 0.50666, 0.51158, 0.5152, 0.52006, 0.5244, 0.52762, 0.5293, 0.53652, 0.53736, 0.54608, 0.54704, 0.55042, 0.55522, 0.55984, 0.56006, 0.56504, 0.56608, 0.5692, 0.57008, 0.57354, 0.57698, 0.57832, 0.57732, 0.58224, 0.58502, 0.58636, 0.58728, 0.5844, 0.59038, 0.59212]
test accuracy when lambda=0.45
[0.5004, 0.5236, 0.5347, 0.5444, 0.5438, 0.5518, 0.5543, 0.5527, 0.5549, 0.554, 0.5565, 0.5523, 0.5582, 0.5487, 0.5539, 0.5497, 0.5524, 0.5492, 0.5416, 0.5441, 0.5434, 0.5451, 0.544, 0.5392, 0.5385, 0.5364, 0.5413, 0.5328, 0.5364, 0.5374, 0.5302, 0.5288, 0.5289, 0.5255, 0.5306, 0.5277, 0.5282, 0.5259, 0.5246, 0.5249, 0.5289, 0.5206, 0.5203, 0.5242, 0.5251, 0.5275, 0.5195, 0.522, 0.5168, 0.5234]
training accuracy when lambda=0.5
[0.15012, 0.16618, 0.17366, 0.18004, 0.18622, 0.1882, 0.19414, 0.1988, 0.20258, 0.20648, 0.21016, 0.2177, 0.22196, 0.22868, 0.23524, 0.24038, 0.2499, 0.25658, 0.2639, 0.27208, 0.28348, 0.2943, 0.3047, 0.31254, 0.3228, 0.33242, 0.33924, 0.34788, 0.35644, 0.3679, 0.3732, 0.38456, 0.3914, 0.39766, 0.4038, 0.41234, 0.4164, 0.42398, 0.4279, 0.43304, 0.43752, 0.44622, 0.44882, 0.45564, 0.45842, 0.46488, 0.4675, 0.471, 0.48038, 0.48016]
test accuracy when lambda=0.5
[0.5005, 0.5328, 0.5354, 0.5418, 0.5474, 0.549, 0.5543, 0.5482, 0.5557, 0.5571, 0.5515, 0.5523, 0.5483, 0.5475, 0.5492, 0.5406, 0.5448, 0.5406, 0.5396, 0.5388, 0.5315, 0.5367, 0.5308, 0.5314, 0.5254, 0.5302, 0.5263, 0.5296, 0.5278, 0.5236, 0.521, 0.519, 0.5222, 0.5198, 0.5206, 0.5177, 0.5178, 0.5201, 0.5151, 0.5148, 0.515, 0.5107, 0.5112, 0.5123, 0.5107, 0.5192, 0.5107, 0.5073, 0.5118, 0.5095]
training accuracy when lambda=0.55
[0.14758, 0.16616, 0.1733, 0.18044, 0.18336, 0.1881, 0.19318, 0.1968, 0.20376, 0.20932, 0.21422, 0.2217, 0.22664, 0.23662, 0.24474, 0.2541, 0.26328, 0.2727, 0.28462, 0.29654, 0.30802, 0.31832, 0.32776, 0.34158, 0.35308, 0.3635, 0.37408, 0.38812, 0.3963, 0.40436, 0.41458, 0.42404, 0.43488, 0.43624, 0.44886, 0.45832, 0.46348, 0.47, 0.4772, 0.48344, 0.48928, 0.49226, 0.50386, 0.50594, 0.51298, 0.51858, 0.52126, 0.52516, 0.5322, 0.5326]
test accuracy when lambda=0.55
[0.481, 0.5181, 0.523, 0.5426, 0.5442, 0.5551, 0.548, 0.5466, 0.5544, 0.5509, 0.5529, 0.5474, 0.5526, 0.545, 0.5444, 0.5414, 0.5379, 0.5334, 0.5364, 0.5286, 0.5278, 0.5241, 0.5217, 0.5181, 0.5148, 0.5132, 0.5164, 0.5081, 0.5057, 0.504, 0.5084, 0.5059, 0.5046, 0.508, 0.5015, 0.5081, 0.5025, 0.5051, 0.4992, 0.5, 0.5017, 0.4967, 0.5026, 0.492, 0.4947, 0.4998, 0.4989, 0.5005, 0.4962, 0.497]
training accuracy when lambda=0.6
[0.14656, 0.16406, 0.17158, 0.1777, 0.18288, 0.18894, 0.19362, 0.20014, 0.20498, 0.21204, 0.21916, 0.22504, 0.23508, 0.24336, 0.25488, 0.26758, 0.27626, 0.2921, 0.30388, 0.3193, 0.33482, 0.34508, 0.36296, 0.37472, 0.38964, 0.40312, 0.4128, 0.42548, 0.43852, 0.44932, 0.45624, 0.46962, 0.47506, 0.48382, 0.4914, 0.5051, 0.50826, 0.51528, 0.52542, 0.52976, 0.53656, 0.5416, 0.5494, 0.5555, 0.55942, 0.5693, 0.57266, 0.57424, 0.5815, 0.58186]
test accuracy when lambda=0.6
[0.4856, 0.51, 0.5293, 0.5343, 0.5397, 0.5459, 0.5445, 0.549, 0.5456, 0.5423, 0.5497, 0.5395, 0.5419, 0.5391, 0.5351, 0.5353, 0.5307, 0.5247, 0.5222, 0.5201, 0.5167, 0.5114, 0.515, 0.5081, 0.5065, 0.4962, 0.4966, 0.497, 0.4972, 0.4927, 0.4903, 0.4934, 0.491, 0.4879, 0.4871, 0.4847, 0.4856, 0.4811, 0.4844, 0.4858, 0.4853, 0.4806, 0.4805, 0.4797, 0.482, 0.4757, 0.4795, 0.4797, 0.4773, 0.4795]
training accuracy when lambda=0.65
[0.1456, 0.16418, 0.16992, 0.17754, 0.18328, 0.18952, 0.19522, 0.20084, 0.20772, 0.21546, 0.22528, 0.23566, 0.24692, 0.25976, 0.27034, 0.28882, 0.30212, 0.32162, 0.33934, 0.35686, 0.37246, 0.39336, 0.40572, 0.42038, 0.43548, 0.44904, 0.46538, 0.47846, 0.4859, 0.50154, 0.51116, 0.5215, 0.52894, 0.54116, 0.54196, 0.5583, 0.56266, 0.57214, 0.57844, 0.5858, 0.58766, 0.5998, 0.60416, 0.60918, 0.61414, 0.61904, 0.62366, 0.63014, 0.63478, 0.6358]
test accuracy when lambda=0.65
[0.4881, 0.5081, 0.5223, 0.529, 0.5418, 0.5451, 0.5423, 0.5474, 0.5431, 0.5415, 0.5421, 0.5292, 0.534, 0.5256, 0.5211, 0.5166, 0.5253, 0.5049, 0.5032, 0.5018, 0.4983, 0.4948, 0.4913, 0.4908, 0.4878, 0.486, 0.4788, 0.4827, 0.476, 0.4775, 0.4832, 0.4828, 0.4796, 0.4758, 0.4715, 0.4709, 0.476, 0.4747, 0.4732, 0.4707, 0.4672, 0.4625, 0.4661, 0.4646, 0.4691, 0.4697, 0.4783, 0.4747, 0.4748, 0.4789]
training accuracy when lambda=0.7
[0.14388, 0.16234, 0.16968, 0.17664, 0.18296, 0.18904, 0.19664, 0.20224, 0.21356, 0.2215, 0.2321, 0.24324, 0.25606, 0.27402, 0.29076, 0.31198, 0.32828, 0.34686, 0.36718, 0.38704, 0.40572, 0.42446, 0.44244, 0.4611, 0.47528, 0.49028, 0.50846, 0.52074, 0.53092, 0.5407, 0.55758, 0.56568, 0.57604, 0.58804, 0.59602, 0.604, 0.6117, 0.61954, 0.62396, 0.63222, 0.63678, 0.63958, 0.65406, 0.65842, 0.66104, 0.67024, 0.67304, 0.6768, 0.68404, 0.68556]
test accuracy when lambda=0.7
[0.4409, 0.4868, 0.5243, 0.5281, 0.541, 0.539, 0.5357, 0.5383, 0.5331, 0.5329, 0.5273, 0.5279, 0.5307, 0.5154, 0.5023, 0.4885, 0.4888, 0.483, 0.4789, 0.4777, 0.4633, 0.4657, 0.4649, 0.4549, 0.4566, 0.4587, 0.4554, 0.4466, 0.4526, 0.4534, 0.4553, 0.4489, 0.4491, 0.4492, 0.4422, 0.4441, 0.4461, 0.4423, 0.4455, 0.4434, 0.4465, 0.444, 0.4508, 0.4524, 0.4431, 0.4489, 0.4505, 0.4458, 0.4449, 0.4407]
training accuracy when lambda=0.75
[0.14042, 0.16022, 0.16898, 0.17282, 0.18186, 0.1894, 0.1985, 0.20672, 0.2173, 0.23056, 0.24272, 0.25812, 0.27668, 0.29418, 0.3141, 0.33606, 0.35856, 0.38064, 0.39764, 0.42294, 0.44196, 0.46092, 0.4805, 0.49682, 0.51458, 0.53264, 0.54756, 0.5627, 0.57044, 0.58552, 0.59316, 0.6076, 0.61704, 0.6293, 0.63514, 0.64242, 0.65244, 0.6603, 0.6642, 0.6712, 0.67968, 0.68878, 0.6936, 0.69696, 0.70232, 0.70926, 0.71426, 0.71606, 0.72114, 0.72384]
test accuracy when lambda=0.75
[0.4298, 0.4901, 0.5206, 0.526, 0.5372, 0.5374, 0.5417, 0.5342, 0.5338, 0.527, 0.5163, 0.5081, 0.4982, 0.4918, 0.4846, 0.4657, 0.4633, 0.4587, 0.449, 0.4444, 0.4366, 0.4329, 0.4343, 0.4263, 0.4211, 0.4174, 0.411, 0.4129, 0.4189, 0.4134, 0.4147, 0.4166, 0.411, 0.4178, 0.4137, 0.4181, 0.4168, 0.4201, 0.416, 0.42, 0.4153, 0.4145, 0.4175, 0.42, 0.4173, 0.4144, 0.4203, 0.4166, 0.42, 0.4229]
training accuracy when lambda=0.8
[0.13642, 0.15808, 0.1668, 0.1756, 0.18228, 0.19034, 0.19642, 0.21002, 0.2182, 0.2351, 0.24892, 0.26742, 0.28854, 0.3114, 0.33358, 0.35672, 0.38232, 0.40396, 0.42846, 0.45186, 0.47108, 0.49462, 0.51218, 0.5279, 0.54858, 0.56354, 0.57994, 0.59324, 0.60654, 0.61782, 0.63144, 0.64418, 0.65126, 0.66252, 0.67124, 0.67868, 0.68882, 0.6948, 0.70156, 0.71308, 0.71412, 0.72216, 0.72874, 0.72968, 0.73612, 0.7442, 0.74584, 0.75278, 0.75752, 0.76072]
test accuracy when lambda=0.8
[0.4247, 0.48, 0.509, 0.5217, 0.5258, 0.5299, 0.523, 0.524, 0.5119, 0.5082, 0.4984, 0.4816, 0.4617, 0.4544, 0.4448, 0.4299, 0.4307, 0.4143, 0.41, 0.4155, 0.404, 0.4014, 0.3858, 0.3788, 0.3886, 0.3779, 0.3802, 0.3857, 0.3851, 0.3746, 0.3841, 0.3796, 0.3724, 0.3792, 0.3753, 0.3738, 0.3719, 0.3716, 0.3678, 0.3709, 0.3811, 0.3771, 0.3711, 0.3752, 0.3865, 0.3746, 0.3717, 0.3722, 0.3745, 0.3759]
training accuracy when lambda=0.85
[0.13258, 0.15256, 0.16416, 0.17062, 0.18042, 0.18782, 0.19888, 0.21046, 0.22442, 0.23876, 0.26064, 0.28162, 0.30386, 0.32928, 0.35388, 0.38364, 0.4064, 0.43478, 0.46008, 0.48148, 0.50212, 0.52652, 0.54422, 0.56364, 0.58152, 0.59632, 0.61358, 0.62264, 0.6411, 0.6497, 0.66264, 0.67056, 0.68284, 0.69256, 0.69974, 0.71026, 0.71868, 0.7195, 0.73044, 0.73624, 0.74678, 0.7482, 0.75778, 0.76212, 0.7657, 0.77028, 0.77614, 0.77718, 0.78228, 0.78672]
test accuracy when lambda=0.85
[0.4132, 0.4676, 0.48, 0.5041, 0.5077, 0.5158, 0.5066, 0.4905, 0.4893, 0.4718, 0.4654, 0.4469, 0.431, 0.4091, 0.4145, 0.3946, 0.3814, 0.376, 0.3696, 0.3668, 0.3589, 0.3582, 0.3526, 0.3563, 0.3519, 0.356, 0.3521, 0.3421, 0.3412, 0.3459, 0.3477, 0.3417, 0.3466, 0.3418, 0.3529, 0.3521, 0.3447, 0.3484, 0.3447, 0.345, 0.3448, 0.3481, 0.35, 0.3519, 0.3529, 0.3503, 0.3564, 0.3496, 0.3528, 0.3486]
training accuracy when lambda=0.9
[0.13038, 0.14914, 0.1593, 0.1656, 0.17306, 0.18156, 0.19162, 0.20318, 0.21896, 0.23408, 0.25444, 0.27588, 0.29962, 0.32314, 0.34862, 0.37272, 0.39924, 0.42436, 0.4503, 0.4757, 0.49718, 0.52052, 0.54112, 0.55752, 0.5782, 0.59618, 0.6116, 0.63056, 0.64028, 0.65222, 0.66418, 0.67472, 0.68762, 0.69792, 0.70866, 0.71694, 0.72436, 0.73228, 0.7389, 0.74332, 0.75498, 0.75706, 0.76746, 0.77166, 0.7738, 0.78546, 0.78644, 0.79356, 0.79198, 0.79876]
test accuracy when lambda=0.9
[0.3809, 0.4362, 0.4606, 0.479, 0.4885, 0.4925, 0.4798, 0.4777, 0.4588, 0.449, 0.4452, 0.4233, 0.3906, 0.374, 0.3588, 0.3586, 0.3327, 0.3245, 0.315, 0.3212, 0.3182, 0.3016, 0.314, 0.3097, 0.3056, 0.2986, 0.2989, 0.2976, 0.2904, 0.3001, 0.298, 0.2901, 0.2943, 0.2891, 0.3016, 0.2938, 0.2872, 0.2971, 0.2937, 0.301, 0.3018, 0.3024, 0.2959, 0.3012, 0.2914, 0.3063, 0.2974, 0.2962, 0.2967, 0.3028]
training accuracy when lambda=0.95
[0.12674, 0.14528, 0.15164, 0.16084, 0.16978, 0.17782, 0.1915, 0.20092, 0.21718, 0.23594, 0.25474, 0.28022, 0.30532, 0.33198, 0.35872, 0.38824, 0.41302, 0.4403, 0.46858, 0.49142, 0.51796, 0.53842, 0.55898, 0.57918, 0.593, 0.61266, 0.63112, 0.6428, 0.65848, 0.66972, 0.67932, 0.69684, 0.70442, 0.7144, 0.72538, 0.7336, 0.73826, 0.74626, 0.7502, 0.75842, 0.76522, 0.7702, 0.77968, 0.78388, 0.78794, 0.79382, 0.80012, 0.80232, 0.80576, 0.8122]
test accuracy when lambda=0.95
[0.3464, 0.4075, 0.4479, 0.4501, 0.4613, 0.4656, 0.4633, 0.4481, 0.425, 0.4166, 0.3797, 0.366, 0.3402, 0.3221, 0.3111, 0.3023, 0.2878, 0.2953, 0.2792, 0.2754, 0.2707, 0.2628, 0.2604, 0.2569, 0.2544, 0.2576, 0.2511, 0.2549, 0.2456, 0.2468, 0.2519, 0.2453, 0.2486, 0.2458, 0.2437, 0.2485, 0.2446, 0.2534, 0.2424, 0.251, 0.2507, 0.2433, 0.2443, 0.2476, 0.2456, 0.2465, 0.2444, 0.2511, 0.2471, 0.2503]
