training accuracy when lambda=0.3
[0.6578181818037322, 0.753939393949027, 0.7716969697017863, 0.7826262626214461, 0.7925858585762255, 0.8009494949543114, 0.8066868686916853, 0.8106868686772356, 0.8154545454449124, 0.8188888888888889, 0.821373737388187, 0.826929292929293, 0.8322222222174057, 0.8327272727224562, 0.8344040403992239, 0.8363636363636363, 0.8425454545454546, 0.8415151515055185, 0.8450303030351196, 0.8460808080808081, 0.8474747474699309, 0.8491111111014781, 0.8502828282780117, 0.8508484848533013, 0.8515757575902072, 0.8517171717123552, 0.852424242429059, 0.8524848484992981, 0.8507878787926954, 0.8530101010052845, 0.8526464646464647, 0.8537171717027221, 0.8515151515296011, 0.8532727272679107, 0.8532121212024881, 0.8499393939442105, 0.8527474747522913, 0.8509696969648805, 0.8492121212121212, 0.8519191919336415, 0.8475353535498031, 0.8491919191919192, 0.8484646464501968, 0.8489090909139074, 0.8472121212169378, 0.8495555555459224, 0.8461818181962678, 0.8443232323135993, 0.8449292929341095, 0.8455353535498031]
test accuracy when lambda=0.3
[0.388, 0.396, 0.3943, 0.4021, 0.4038, 0.3988, 0.4033, 0.4019, 0.3985, 0.4006, 0.4046, 0.4064, 0.407, 0.4065, 0.4021, 0.4042, 0.4009, 0.4056, 0.4045, 0.4024, 0.3993, 0.4008, 0.4036, 0.4014, 0.4027, 0.4, 0.398, 0.399, 0.3995, 0.3997, 0.4012, 0.4043, 0.4066, 0.4008, 0.4012, 0.4027, 0.4045, 0.3991, 0.3998, 0.402, 0.4028, 0.4018, 0.3984, 0.3999, 0.3995, 0.3997, 0.4001, 0.3981, 0.3991, 0.4015]
training accuracy when lambda=0.4
[0.5764040403944073, 0.6595757575805741, 0.6769494949446784, 0.6838989898941734, 0.6925454545454546, 0.6957575757527592, 0.7029696969793301, 0.7068282828138333, 0.7101818181914512, 0.7140606060557895, 0.7161818181721851, 0.7187272727417223, 0.7205858585762255, 0.724343434357884, 0.7242020201923871, 0.7260606060702391, 0.7280404040355875, 0.7301414141558638, 0.7314141414093249, 0.732383838398288, 0.7331111111062946, 0.7346868686724191, 0.7340404040259544, 0.7336969697066028, 0.7346464646464647, 0.7346262626166296, 0.734929292938926, 0.7369292929244764, 0.7367878787830623, 0.7354747474843806, 0.7368686868686869, 0.7341616161616161, 0.7351313131457627, 0.7319999999951835, 0.7331111111207442, 0.7312121212121212, 0.7324040403992239, 0.7306464646416481, 0.7320808080759915, 0.7308888888744393, 0.7291313131313132, 0.7264848484703988, 0.727636363631547, 0.729070707061074, 0.7287474747474747, 0.7267878787734292, 0.7255151515296011, 0.7207070707215203, 0.7255757575902072, 0.7223030303174799]
test accuracy when lambda=0.4
[0.3868, 0.3975, 0.4035, 0.3995, 0.4069, 0.4005, 0.4056, 0.4036, 0.4051, 0.4031, 0.4058, 0.4034, 0.4043, 0.4035, 0.402, 0.4047, 0.4044, 0.4017, 0.4023, 0.4016, 0.4019, 0.4001, 0.4003, 0.3981, 0.4016, 0.4019, 0.3972, 0.4029, 0.4026, 0.4013, 0.3969, 0.404, 0.3989, 0.3975, 0.3959, 0.3979, 0.3961, 0.3972, 0.3951, 0.3948, 0.397, 0.3951, 0.392, 0.394, 0.3984, 0.3922, 0.3953, 0.3978, 0.3956, 0.391]
training accuracy when lambda=0.5
[0.13058585858766478, 0.1371313131337214, 0.14098989899110312, 0.14355555555796382, 0.14541414141654968, 0.146808080809887, 0.1494343434349455, 0.1511919191955316, 0.15349494949555156, 0.1555353535377618, 0.158606060609673, 0.16256565656806485, 0.16567676767917594, 0.1694949494967557, 0.17343434343554756, 0.17909090909813388, 0.18585858585858586, 0.18882828283189523, 0.19660606060726474, 0.2043030303030303, 0.21303030303150716, 0.2203636363648405, 0.2297777777813902, 0.24127272727272728, 0.24985858586099413, 0.2580606060654226, 0.26505050505050504, 0.2733737373737374, 0.2837979798015922, 0.28791919191678367, 0.3011919191919192, 0.3073939393939394, 0.31492929292688465, 0.32452525252645664, 0.3287676767652685, 0.3403232323256406, 0.3428686868662786, 0.35038383838865494, 0.3543232323232323, 0.36250505050023396, 0.36511111111833594, 0.37113131312890485, 0.376262626260218, 0.3817575757527592, 0.3822020201972037, 0.38771717171476344, 0.39212121211880385, 0.39842424243146723, 0.4027474747426582, 0.4045858585858586]
test accuracy when lambda=0.5
[0.3799, 0.3986, 0.4107, 0.4079, 0.4085, 0.4137, 0.4097, 0.4103, 0.4087, 0.4105, 0.4032, 0.4067, 0.4066, 0.4035, 0.4048, 0.3989, 0.4039, 0.406, 0.4046, 0.4015, 0.4006, 0.3983, 0.4007, 0.3997, 0.3985, 0.3926, 0.3971, 0.3927, 0.3896, 0.3936, 0.3935, 0.3952, 0.3901, 0.389, 0.3893, 0.387, 0.3911, 0.3841, 0.3845, 0.3894, 0.3904, 0.3877, 0.3826, 0.3813, 0.3879, 0.3826, 0.3813, 0.3867, 0.3896, 0.3806]
training accuracy when lambda=0.6
[0.12771717172078412, 0.13513131313311932, 0.13802020202381443, 0.1400202020208041, 0.14404040404130714, 0.1461010101019132, 0.14779797979858186, 0.15276767677128916, 0.1574141414177538, 0.16145454545635166, 0.16664646465007704, 0.17115151515151514, 0.17987878788240028, 0.19022222222463048, 0.19941414141534555, 0.2109090909163157, 0.2251717171729213, 0.23701010101250927, 0.25197979797738973, 0.2684040404052445, 0.28311111111171317, 0.29870707070225416, 0.3105454545478628, 0.3271111111062946, 0.339979797979798, 0.3541616161640244, 0.36565656565776977, 0.38145454544732066, 0.3903838383693888, 0.40238383838624664, 0.41339393938912283, 0.4205656565560235, 0.43191919192160017, 0.4394949494949495, 0.4461818181866347, 0.45543434342471034, 0.46674747474747474, 0.4745050505195001, 0.47844444444444445, 0.4834545454569537, 0.4919797979749814, 0.4972525252669749, 0.5033939393867146, 0.5097777777801861, 0.5122020201875706, 0.5183232323232323, 0.5231717171741255, 0.531555555560372, 0.5347070707118873, 0.537313131327581]
test accuracy when lambda=0.6
[0.3893, 0.4048, 0.4082, 0.4137, 0.4166, 0.4179, 0.4167, 0.4133, 0.4108, 0.4192, 0.4116, 0.4194, 0.4166, 0.407, 0.4032, 0.4086, 0.4022, 0.4047, 0.4002, 0.3986, 0.3957, 0.3888, 0.393, 0.389, 0.3897, 0.389, 0.3883, 0.3856, 0.3824, 0.3791, 0.3829, 0.3777, 0.3804, 0.3781, 0.3748, 0.377, 0.3782, 0.3772, 0.3735, 0.3766, 0.3801, 0.3777, 0.3777, 0.3754, 0.3775, 0.3743, 0.3737, 0.3771, 0.3722, 0.3741]
training accuracy when lambda=0.7
[0.12480808080868287, 0.1355353535359556, 0.14022222222312533, 0.14169696969757176, 0.14567676767736976, 0.15044444444625066, 0.1554949494958526, 0.1597979798015922, 0.1663636363648405, 0.17640404040524454, 0.18597979798341038, 0.1993939393939394, 0.21341414142136622, 0.23042424242785484, 0.24884848485570965, 0.27101010101010103, 0.29171717170994693, 0.31206060606783087, 0.33200000000481655, 0.3549494949446784, 0.3730303030230782, 0.39571717171958, 0.41147474746993096, 0.4258585858561776, 0.4464444444396279, 0.462383838398288, 0.47692929293410946, 0.4897373737277407, 0.5015353535257204, 0.5136767676791759, 0.528464646469463, 0.5371515151539235, 0.5457575757527592, 0.5552323232347315, 0.5679191919336415, 0.5743030302982137, 0.5836161616306113, 0.5882020202044285, 0.5927474747426582, 0.6025454545310049, 0.6054141414093249, 0.6115757575685328, 0.6206262626310791, 0.6242020202164699, 0.6358181818133652, 0.6350707070658905, 0.6425454545550876, 0.6455959596007761, 0.6515353535353535, 0.6539797979846145]
test accuracy when lambda=0.7
[0.3894, 0.4063, 0.4066, 0.4081, 0.4262, 0.4187, 0.4172, 0.4242, 0.4251, 0.4179, 0.4135, 0.4074, 0.4001, 0.4003, 0.4029, 0.3973, 0.3844, 0.3845, 0.3788, 0.3765, 0.3714, 0.3638, 0.3629, 0.367, 0.3595, 0.3638, 0.354, 0.3526, 0.3542, 0.3534, 0.3507, 0.3535, 0.3478, 0.3477, 0.3521, 0.3482, 0.345, 0.3488, 0.3499, 0.3483, 0.3452, 0.3452, 0.351, 0.3499, 0.3488, 0.3492, 0.3486, 0.3511, 0.3532, 0.3507]
training accuracy when lambda=0.8
[0.12375757575847886, 0.13335353535443845, 0.13967676767676768, 0.14373737373917994, 0.14943434343614964, 0.1537373737379758, 0.16284848485089312, 0.1707070707106831, 0.18280808081169322, 0.2001010101028163, 0.21923232323593564, 0.24030303030062203, 0.262505050500234, 0.29246464645982995, 0.31468686868446044, 0.3444646464622382, 0.37208080808321636, 0.39274747475229127, 0.41868686868686866, 0.44046464645742167, 0.46115151515874, 0.48240404040163215, 0.4991919191943275, 0.5224242424146094, 0.535757575750351, 0.5507878787782458, 0.5653333333285168, 0.5770303030447527, 0.5888888889033385, 0.6042626262650346, 0.6141010101010101, 0.6229494949422701, 0.6342828282972779, 0.6441616161664327, 0.6534949494853164, 0.661575757570941, 0.6691313131216801, 0.6779595959644125, 0.6764848484848485, 0.6888080808177138, 0.6954747474795641, 0.701050505040872, 0.7079797979797979, 0.7134949494949495, 0.7150101010149176, 0.7212525252573417, 0.7248282828234663, 0.729555555541106, 0.7344444444348114, 0.7389292929292929]
test accuracy when lambda=0.8
[0.3722, 0.4044, 0.4059, 0.4171, 0.414, 0.4266, 0.4186, 0.4189, 0.4142, 0.405, 0.3848, 0.3917, 0.3656, 0.3627, 0.3466, 0.338, 0.33, 0.3243, 0.3235, 0.32, 0.3125, 0.3141, 0.3083, 0.3107, 0.3125, 0.3073, 0.3027, 0.312, 0.3099, 0.3049, 0.2983, 0.3043, 0.3065, 0.2957, 0.3045, 0.2991, 0.3006, 0.3055, 0.3013, 0.2983, 0.3092, 0.3044, 0.3051, 0.3042, 0.3046, 0.3088, 0.3052, 0.3051, 0.3059, 0.3072]
