[array([   20,   131,   260,   567,   627,   718,   758,   826,  1055,
        1201,  1255,  1301,  1340,  1501,  1514,  1682,  1766,  1771,
        1803,  1842,  1907,  2022,  2031,  2112,  2160,  2352,  2500,
        2670,  2733,  2761,  2809,  2873,  2875,  2912,  2979,  3025,
        3045,  3083,  3136,  3341,  3387,  3491,  3641,  3647,  3657,
        3719,  3789,  3801,  3810,  3844,  4081,  4163,  4252,  4268,
        4354,  4665,  4782,  4850,  5095,  5171,  5193,  5220,  5543,
        5588,  5645,  5669,  5687,  5707,  5771,  5849,  6115,  6137,
        6152,  6518,  6541,  6576,  6619,  6708,  6819,  7034,  7124,
        7515,  7521,  7568,  7805,  7964,  7986,  8090,  8114,  8153,
        8238,  8334,  8413,  8501,  8505,  8614,  8652,  8661,  8688,
        8715,  8731,  8760,  8800,  8861,  8955,  8979,  9125,  9149,
        9192,  9220,  9270,  9592,  9658,  9754,  9805,  9979, 10091,
       10113, 10130, 10134, 10137, 10153, 10197, 10249, 10335, 10337,
       10349, 10351, 10510, 10554, 10578, 10786, 10811, 10831, 10848,
       10976, 10996, 11136, 11375, 11490, 11580, 11751, 11805, 11882,
       11915, 12095, 12100, 12148, 12225, 12246, 12263, 12368, 12445,
       12529, 12650, 12835, 12844, 13107, 13159, 13186, 13194, 13290,
       13297, 13354, 13436, 13602, 13807, 13829, 13920, 13951, 14037,
       14115, 14223, 14230, 14343, 14452, 14637, 14639, 14765, 14864,
       14963, 14978, 15241, 15281, 15360, 15371, 15495, 15516, 15562,
       15651, 15707, 15769, 15804, 15865, 16014, 16063, 16161, 16291,
       16293, 16326, 16386, 16483, 16544, 16548, 16686, 16708, 16721,
       16725, 16812, 16861, 16878, 17081, 17104, 17105, 17125, 17179,
       17228, 17245, 17452, 17564, 17585, 17610, 17662, 17802, 17859,
       18054, 18114, 18147, 18253, 18529, 18817, 18915, 19060, 19233,
       19326, 19387, 19412, 19426, 19451, 19473, 19483, 19528, 19539,
       19710, 19830, 19949, 19999, 20045, 20148, 20216, 20227, 20376,
       20397, 20431, 20440, 20571, 20694, 20703, 20829, 21088, 21331,
       21772, 21811, 21824, 21883, 21890, 22003, 22011, 22142, 22362,
       22475, 22729, 23000, 23091, 23135, 23184, 23188, 23265, 23295,
       23336, 23601, 23671, 23835, 23836, 23870, 23921, 24046, 24053,
       24111, 24201, 24410, 24466, 24637, 24689, 24805, 24846, 24993,
       25000, 25147, 25154, 25163, 25224, 25230, 25347, 25611, 25795,
       25822, 25949, 26005, 26130, 26152, 26154, 26365, 26443, 26477,
       26542, 26562, 26620, 26666, 26740, 26743, 26806, 26821, 26860,
       26955, 26959, 27050, 27088, 27160, 27201, 27380, 27405, 27419,
       27480, 27506, 27572, 27607, 27677, 27772, 27838, 27850, 27881,
       27931, 28122, 28208, 28223, 28311, 28368, 28430, 28546, 28587,
       28602, 28613, 28682, 28721, 28804, 28833, 28889, 29055, 29088,
       29257, 29311, 29362, 29365, 29580, 29583, 29619, 29680, 29892,
       30048, 30102, 30200, 30269, 30485, 30511, 30688, 30703, 30744,
       30757, 30784, 30817, 31042, 31047, 31057, 31305, 31448, 31721,
       31776, 32038, 32121, 32123, 32126, 32304, 32393, 32453, 32657,
       32700, 32735, 32840, 32842, 32901, 32926, 33213, 33243, 33356,
       33373, 33380, 33802, 33838, 33952, 33990, 34103, 34143, 34144,
       34416, 34570, 34644, 34754, 34976, 35517, 35857, 36121, 36296,
       36338, 36343, 36388, 36598, 36619, 36744, 36746, 36867, 36964,
       37002, 37029, 37200, 37287, 37351, 37409, 37438, 37489, 37586,
       37607, 37681, 37709, 37753, 37762, 37771, 37845, 37857, 37923,
       38097, 38134, 38232, 38499, 38502, 38588, 38725, 38839, 38927,
       38956, 39104, 39149, 39154, 39158, 39169, 39199, 39295, 39305,
       39459, 39480, 39503, 39551, 39601, 39749, 39843, 39846, 39924,
       39974, 40089, 40153, 40235, 40262, 40264, 40371, 40373, 40431,
       40484, 40543, 40566, 40580, 40696, 40729, 40840, 40914, 40949,
       41003, 41061, 41066, 41076, 41152, 41231, 41251, 41288, 41413,
       41415, 41524, 41660, 41678, 41682, 41714, 41816, 41925, 41991,
       42003, 42069, 42102, 42205, 42479, 42519, 42540, 42606, 42795,
       42984, 42989, 43021, 43029, 43057, 43063, 43098, 43149, 43192,
       43305, 43360, 43377, 43397, 43505, 43587, 43632, 43709, 43898,
       44178, 44308, 44338, 44450, 44674, 44808, 44895, 44929, 44936,
       44999, 45008, 45011, 45090, 45105, 45122, 45172, 45216, 45364,
       45656, 45703, 45706, 45724, 45783, 46036, 46037, 46116, 46204,
       46225, 46253, 46312, 46362, 46423, 46458, 46481, 46529, 46542,
       46665, 46685, 46696, 46880, 46948, 47034, 47135, 47400, 47699,
       47759, 47827, 47843, 47886, 47905, 47926, 47942, 48138, 48345,
       48385, 48482, 48715, 48730, 48921, 49205, 49333]), array([   20,   131,   567,  1255,  1301,  1771,  1842,  1907,  2160,
        2761,  2873,  2912,  3083,  3136,  3387,  3455,  3491,  3641,
        3647,  4575,  4665,  4782,  5095,  5171,  5193,  5645,  5669,
        5737,  5771,  6473,  6518,  6541,  6576,  6619,  6708,  6819,
        7034,  7124,  7521,  7986,  8084,  8238,  8334,  8355,  8413,
        8501,  8556,  8688,  8861,  8979,  9205,  9220,  9592,  9805,
        9979, 10091, 10113, 10130, 10134, 10153, 10335, 10351, 10510,
       10578, 10786, 10831, 10996, 11136, 11375, 11490, 11751, 11882,
       11963, 12100, 12148, 12263, 12529, 13159, 13186, 13194, 13297,
       13354, 13508, 13763, 13944, 13951, 13999, 14037, 14115, 14211,
       14230, 14343, 14452, 14963, 15281, 15360, 15495, 15516, 15562,
       15651, 15707, 15865, 16014, 16063, 16088, 16161, 16708, 16861,
       17081, 17179, 17245, 17425, 17662, 17859, 18054, 18253, 18529,
       18817, 19326, 19412, 19473, 19528, 19710, 20045, 20227, 20376,
       20431, 20440, 20571, 20694, 21331, 21772, 21883, 22011, 22057,
       22777, 23000, 23091, 23135, 23188, 23265, 23295, 23336, 23663,
       23671, 23835, 23921, 24046, 24410, 24637, 24846, 25154, 25223,
       25230, 25611, 25949, 26005, 26130, 26154, 26562, 26620, 26666,
       26743, 26806, 26955, 27201, 27380, 27405, 27506, 27607, 27677,
       27772, 27838, 27881, 27931, 28122, 28208, 28587, 28682, 28804,
       28833, 28889, 29055, 29257, 29580, 29680, 30048, 30411, 30688,
       30817, 31047, 31057, 31540, 31721, 32304, 32393, 32453, 32533,
       32735, 32840, 32842, 33213, 33373, 33838, 33919, 33952, 34422,
       34570, 35495, 35517, 36121, 36288, 36296, 36338, 36343, 36388,
       36598, 37002, 37287, 37351, 37586, 37845, 37857, 38499, 38502,
       38725, 38927, 38956, 39104, 39154, 39199, 39295, 39359, 39459,
       39480, 39503, 39690, 39749, 39789, 39974, 40089, 40235, 40373,
       40394, 40431, 40484, 40580, 40729, 40840, 41076, 41152, 41251,
       41288, 41524, 41678, 41682, 41925, 42069, 42205, 42479, 42606,
       42795, 42984, 42989, 43098, 43149, 43192, 43377, 43709, 44450,
       44808, 44895, 44999, 45105, 45122, 45172, 45364, 45631, 45783,
       46204, 46481, 46542, 46685, 46775, 46948, 47034, 47135, 47616,
       47827, 47886, 47942, 48385, 48921]), array([   20,   131,  1301,  1771,  1842,  1907,  2031,  2128,  2742,
        2761,  2873,  2912,  3136,  3369,  3387,  3455,  3641,  3647,
        4575,  4665,  4782,  5095,  5171,  5645,  5669,  5771,  6518,
        6541,  6576,  6619,  6708,  7034,  7521,  7986,  8090,  8213,
        8334,  8355,  8413,  8688,  8861,  8979, 10091, 10113, 10153,
       10335, 10510, 10554, 10578, 10786, 10831, 10996, 11375, 11490,
       11882, 12079, 12100, 12104, 12148, 12263, 12368, 13100, 13194,
       13354, 13436, 13944, 13999, 14115, 14230, 14343, 14639, 14864,
       15136, 15360, 15516, 15635, 15651, 15707, 15804, 15865, 16014,
       16063, 16293, 16708, 16721, 16861, 17081, 17125, 17179, 17245,
       17585, 17859, 18253, 18929, 19060, 19473, 19568, 19710, 20376,
       20431, 20440, 20694, 21331, 21617, 21772, 21811, 21812, 21883,
       22011, 23000, 23091, 23188, 23265, 23295, 23336, 23663, 23835,
       23836, 23921, 24046, 24637, 24846, 25154, 25223, 25230, 25949,
       26130, 26152, 26154, 26562, 26620, 26666, 26955, 27160, 27201,
       27380, 27405, 27607, 27677, 27772, 27838, 27881, 27931, 28587,
       28613, 28682, 28804, 28833, 28889, 29055, 29257, 29580, 29680,
       30048, 30304, 30411, 30688, 30817, 31047, 31057, 31721, 32304,
       32393, 32453, 32735, 32840, 32842, 32850, 33373, 33838, 33919,
       33952, 34416, 34422, 34570, 34644, 35517, 35708, 36121, 36338,
       36388, 36598, 36765, 37287, 37326, 37845, 37857, 38499, 38502,
       38725, 38956, 39104, 39154, 39264, 39359, 39459, 39503, 39551,
       39749, 39789, 39980, 40235, 40373, 40431, 40484, 40580, 40729,
       41076, 41152, 41251, 41288, 41678, 41925, 42069, 42205, 42479,
       42606, 42795, 42984, 42989, 43098, 43360, 44450, 44808, 44895,
       45122, 45172, 45631, 45783, 46184, 46204, 46542, 46685, 46835,
       46948, 47135, 47827, 47886, 47942, 48385, 48514, 48921]), array([   20,  1842,  1907,  2031,  2873,  3455,  3647,  4665,  4782,
        5095,  5669,  5771,  6541,  7034,  7521,  7986,  8413,  8688,
        8979, 10091, 10113, 10130, 10153, 10335, 10786, 10831, 11490,
       11882, 12079, 12100, 12148, 12263, 13194, 13354, 13999, 14115,
       14230, 15651, 15865, 16014, 16063, 16293, 16721, 16861, 17081,
       17245, 17859, 18253, 19473, 19710, 20376, 20431, 20694, 21883,
       22011, 22057, 23188, 23295, 23921, 24046, 24846, 25230, 25949,
       26152, 26154, 26620, 26666, 27201, 27380, 27405, 27607, 27677,
       27772, 27881, 27931, 28368, 28510, 28889, 29055, 29580, 29583,
       30048, 30304, 30817, 31057, 31721, 32453, 32840, 32842, 32850,
       33838, 33952, 34416, 34570, 36121, 36388, 36598, 37287, 37326,
       37845, 37857, 38499, 38725, 39104, 39459, 39749, 39789, 39974,
       40431, 40484, 40729, 41076, 41152, 41288, 41678, 41682, 41925,
       42069, 42479, 42795, 42984, 42989, 43098, 44450, 44808, 45122,
       45364, 46542, 46948, 47135, 47827, 47886, 47942, 48385, 48921]), array([   20,  1301,  1771,  1842,  1907,  2031,  2160,  2873,  2912,
        3455,  3647,  4665,  4782,  5669,  5737,  5771,  6541,  7034,
        7521,  7986,  8213,  8413, 10091, 10113, 10153, 10786, 11469,
       11490, 11882, 12148, 13100, 13194, 13999, 14230, 15651, 16014,
       16708, 16861, 17179, 17245, 17859, 18253, 19710, 20376, 20431,
       20694, 21617, 21772, 22011, 23188, 23295, 23336, 23921, 24046,
       24846, 25230, 25949, 26154, 26562, 26666, 27380, 27405, 27677,
       27772, 27931, 28804, 28889, 29055, 29583, 30048, 30304, 30817,
       31057, 31721, 32453, 32840, 32842, 33838, 33919, 33952, 34416,
       36121, 36388, 36598, 36765, 37287, 37845, 38499, 38725, 38956,
       39104, 39154, 39503, 39789, 40484, 40729, 41076, 41152, 41288,
       41925, 42069, 42795, 42984, 42989, 43098, 44450, 44808, 45122,
       45631, 46542, 48921]), array([   20,   131,   932,  1043,  1255,  1301,  1771,  1842,  1907,
        2031,  2091,  2160,  2496,  2761,  2837,  2873,  2875,  2912,
        2924,  3136,  3387,  3455,  3511,  3641,  3647,  4081,  4163,
        4268,  4665,  4751,  4782,  5095,  5171,  5397,  5580,  5645,
        5669,  5737,  5771,  6152,  6541,  6576,  7034,  7521,  7986,
        8090,  8195,  8213,  8334,  8355,  8413,  8688,  8979,  9220,
        9592,  9979, 10091, 10113, 10130, 10153, 10335, 10513, 10554,
       10570, 10786, 10831, 10996, 11130, 11136, 11469, 11490, 11882,
       12079, 12095, 12100, 12104, 12148, 12368, 12907, 13100, 13194,
       13215, 13436, 13581, 13829, 13951, 13999, 14115, 14124, 14230,
       14343, 14864, 14963, 15136, 15495, 15562, 15651, 15707, 15804,
       15865, 16014, 16063, 16548, 16708, 16721, 16861, 17081, 17125,
       17179, 17245, 17454, 17585, 17859, 18253, 18286, 18915, 18929,
       19114, 19233, 19412, 19426, 19473, 19710, 19797, 20376, 20431,
       20440, 20450, 20456, 20571, 20694, 20904, 21617, 21772, 21811,
       21883, 22011, 22057, 22075, 23000, 23091, 23188, 23295, 23336,
       23663, 23835, 23921, 24046, 24846, 25154, 25223, 25230, 25949,
       26152, 26154, 26538, 26562, 26620, 26666, 26955, 27160, 27201,
       27380, 27405, 27419, 27480, 27506, 27607, 27677, 27772, 27931,
       27944, 28011, 28100, 28368, 28587, 28613, 28622, 28804, 28889,
       28896, 29055, 29166, 29257, 29334, 29405, 29580, 29583, 30048,
       30304, 30411, 30757, 30817, 31047, 31057, 31721, 32049, 32123,
       32304, 32393, 32453, 32840, 32842, 32846, 32850, 33040, 33373,
       33838, 33919, 33952, 33990, 34416, 34570, 34644, 35517, 35652,
       35708, 36121, 36296, 36338, 36388, 36598, 36765, 36862, 37287,
       37326, 37351, 37553, 37845, 37857, 38499, 38502, 38725, 38927,
       38937, 38956, 39104, 39154, 39158, 39305, 39459, 39480, 39503,
       39551, 39690, 39789, 39980, 40083, 40431, 40484, 40580, 40729,
       41076, 41152, 41251, 41288, 41524, 41678, 41682, 41858, 41925,
       41991, 42069, 42090, 42479, 42795, 42984, 42989, 43029, 43098,
       43192, 43709, 44052, 44153, 44450, 44789, 44808, 45105, 45122,
       45172, 45348, 45364, 45430, 45631, 45783, 45929, 46184, 46225,
       46458, 46481, 46542, 46665, 46685, 46752, 46835, 46948, 47135,
       47203, 47308, 47413, 47616, 47827, 47886, 48385, 48482, 48514,
       48921, 48992]), array([   20,   131,  1301,  1766,  1771,  1842,  1907,  2031,  2091,
        2160,  2496,  2809,  2837,  2873,  2875,  2912,  2924,  3136,
        3455,  3647,  4081,  4163,  4252,  4665,  4751,  4782,  5095,
        5171,  5580,  5645,  5669,  5737,  5761,  5771,  6541,  6576,
        6708,  7034,  7521,  7986,  8090,  8213,  8334,  8355,  8364,
        8413,  8688,  8979,  9192,  9220,  9564,  9592,  9805,  9979,
       10091, 10113, 10153, 10335, 10513, 10554, 10570, 10786, 10831,
       11136, 11469, 11490, 11882, 12079, 12095, 12100, 12104, 12148,
       12368, 12907, 13100, 13194, 13215, 13436, 13581, 13829, 13999,
       14115, 14124, 14230, 14343, 14864, 15136, 15495, 15562, 15651,
       15707, 15804, 15865, 16014, 16063, 16548, 16708, 16721, 16861,
       17081, 17179, 17245, 17454, 17859, 18253, 18929, 19114, 19233,
       19412, 19426, 19710, 19797, 20376, 20431, 20440, 20450, 20456,
       20694, 21617, 21772, 21811, 21883, 22011, 22075, 22782, 23000,
       23091, 23188, 23265, 23295, 23336, 23584, 23663, 23835, 23921,
       24046, 24846, 25154, 25230, 25862, 25949, 26152, 26154, 26562,
       26620, 26666, 26740, 26955, 27201, 27380, 27405, 27419, 27480,
       27506, 27607, 27677, 27772, 27931, 28011, 28100, 28368, 28510,
       28587, 28613, 28804, 28889, 29055, 29166, 29257, 29334, 29580,
       29583, 30048, 30304, 30411, 30663, 30688, 30757, 30817, 31047,
       31057, 31117, 31721, 32123, 32393, 32453, 32657, 32840, 32842,
       32846, 32850, 33373, 33838, 33919, 33952, 33990, 34416, 34570,
       34644, 35517, 35652, 35708, 36121, 36296, 36338, 36388, 36598,
       36765, 37287, 37326, 37351, 37553, 37845, 37857, 37975, 38016,
       38499, 38725, 38927, 38937, 38956, 39104, 39154, 39305, 39459,
       39503, 39551, 39690, 39789, 39980, 40083, 40235, 40373, 40394,
       40431, 40484, 40580, 40729, 41076, 41152, 41251, 41288, 41524,
       41678, 41682, 41858, 41925, 41991, 42069, 42205, 42479, 42795,
       42984, 42989, 43098, 43709, 44052, 44153, 44450, 44789, 44808,
       45122, 45172, 45348, 45364, 45631, 45783, 45929, 46184, 46194,
       46542, 46665, 46685, 46752, 46835, 46948, 47135, 47616, 47827,
       47886, 48385, 48482, 48514, 48921, 48992]), array([   20,   131,  1111,  1255,  1301,  1766,  1771,  1842,  1907,
        2031,  2091,  2160,  2496,  2809,  2837,  2873,  2875,  2912,
        3083,  3136,  3387,  3455,  3641,  3647,  4081,  4163,  4252,
        4575,  4665,  4751,  4782,  5003,  5095,  5171,  5397,  5580,
        5645,  5669,  5737,  5761,  5771,  5804,  6541,  6576,  7034,
        7521,  7986,  8090,  8195,  8213,  8334,  8413,  8688,  8979,
        9592,  9805,  9979, 10091, 10113, 10153, 10335, 10513, 10554,
       10754, 10786, 10831, 10996, 11136, 11469, 11490, 11882, 12079,
       12095, 12100, 12148, 12246, 12368, 12907, 13100, 13194, 13215,
       13436, 13581, 13829, 13999, 14115, 14124, 14230, 14343, 14864,
       15484, 15495, 15562, 15651, 15707, 15865, 16014, 16063, 16548,
       16708, 16721, 16861, 17081, 17125, 17179, 17245, 17454, 17859,
       18253, 18929, 19114, 19233, 19412, 19426, 19710, 19797, 20376,
       20431, 20440, 20450, 20694, 20904, 21617, 21772, 21811, 21883,
       22011, 22075, 22348, 22782, 23000, 23091, 23188, 23295, 23336,
       23663, 23835, 23921, 24046, 24221, 24846, 25154, 25223, 25230,
       25949, 26152, 26154, 26538, 26562, 26620, 26666, 26740, 26955,
       27088, 27160, 27201, 27380, 27405, 27419, 27480, 27506, 27677,
       27772, 27931, 28011, 28368, 28587, 28613, 28804, 28889, 28896,
       29055, 29166, 29257, 29365, 29580, 29583, 29925, 30048, 30163,
       30304, 30411, 30757, 30817, 31047, 31057, 31117, 31721, 32123,
       32304, 32393, 32453, 32570, 32840, 32842, 32846, 32850, 33373,
       33838, 33919, 33952, 33990, 34416, 34570, 34644, 35517, 35652,
       36121, 36296, 36338, 36349, 36388, 36598, 36765, 36862, 37287,
       37326, 37351, 37553, 37845, 37857, 37975, 38016, 38499, 38725,
       38927, 38937, 38956, 39104, 39154, 39169, 39264, 39305, 39459,
       39480, 39503, 39551, 39690, 39789, 40083, 40235, 40394, 40431,
       40484, 40580, 40729, 41076, 41152, 41251, 41288, 41524, 41678,
       41682, 41858, 41925, 41991, 42069, 42090, 42205, 42479, 42795,
       42984, 42989, 43098, 43360, 43709, 44052, 44153, 44450, 44529,
       44789, 44808, 44999, 45105, 45122, 45172, 45348, 45364, 45631,
       45783, 45929, 46225, 46542, 46665, 46685, 46752, 46835, 46948,
       47413, 47616, 47827, 47886, 48385, 48482, 48514, 48921, 48992,
       49462]), array([   20,   131,  1301,  1771,  1842,  1907,  2031,  2160,  2837,
        2873,  2875,  2912,  2924,  3387,  3455,  3641,  3647,  4081,
        4163,  4665,  4751,  4782,  5095,  5171,  5580,  5645,  5669,
        5737,  5771,  6024,  6541,  6576,  7034,  7521,  7986,  8090,
        8195,  8213,  8334,  8413,  8688,  8979,  9220,  9592,  9805,
        9979, 10091, 10113, 10153, 10335, 10349, 10513, 10554, 10754,
       10786, 10831, 11130, 11136, 11469, 11490, 11882, 12079, 12095,
       12100, 12148, 12368, 12557, 12907, 13100, 13194, 13215, 13436,
       13829, 13999, 14115, 14124, 14230, 14343, 14864, 15495, 15562,
       15651, 15707, 15865, 16014, 16063, 16548, 16708, 16721, 16861,
       17179, 17245, 17454, 17859, 18253, 18929, 19114, 19412, 19426,
       19710, 19712, 19797, 20376, 20431, 20450, 20456, 20694, 20904,
       21617, 21772, 21811, 21883, 22011, 22075, 22782, 23000, 23091,
       23188, 23295, 23336, 23663, 23835, 23921, 24046, 24846, 25154,
       25223, 25230, 25862, 25949, 26152, 26154, 26538, 26562, 26620,
       26666, 26740, 27088, 27160, 27201, 27288, 27380, 27405, 27419,
       27506, 27677, 27772, 27931, 28011, 28587, 28613, 28804, 28889,
       28896, 29055, 29166, 29257, 29334, 29580, 29583, 29925, 30048,
       30304, 30411, 30817, 31047, 31057, 31117, 31721, 32049, 32123,
       32393, 32453, 32840, 32842, 32846, 32850, 33838, 33919, 33952,
       33990, 34416, 34570, 34644, 35517, 35652, 35708, 36121, 36296,
       36338, 36388, 36598, 36765, 37287, 37326, 37351, 37553, 37845,
       38016, 38097, 38499, 38502, 38725, 38927, 38937, 38956, 39104,
       39154, 39480, 39503, 39551, 39601, 39690, 39789, 39980, 40373,
       40394, 40431, 40450, 40484, 40580, 40729, 41076, 41152, 41251,
       41288, 41524, 41678, 41682, 41858, 41925, 41991, 42069, 42205,
       42479, 42795, 42984, 42989, 43098, 43192, 43360, 43709, 44052,
       44153, 44450, 44789, 44808, 44999, 45105, 45122, 45172, 45348,
       45364, 45631, 45783, 45929, 46184, 46225, 46542, 46655, 46665,
       46685, 46752, 46835, 46948, 47616, 47827, 47886, 48385, 48482,
       48514, 48921, 48992]), array([   20,   131,   492,   616,  1255,  1301,  1771,  1842,  1907,
        2031,  2091,  2160,  2837,  2873,  2875,  2912,  3136,  3455,
        3511,  3641,  3647,  4081,  4163,  4361,  4665,  4751,  4782,
        5095,  5171,  5397,  5580,  5645,  5669,  5737,  5771,  6541,
        7034,  7521,  7986,  8090,  8195,  8213,  8334,  8364,  8413,
        8688,  8979,  9220,  9564,  9805,  9979, 10091, 10113, 10153,
       10513, 10554, 10570, 10786, 10831, 11136, 11469, 11490, 11882,
       12079, 12095, 12100, 12104, 12148, 12246, 12368, 12557, 12907,
       13100, 13194, 13215, 13436, 13581, 13829, 13999, 14115, 14124,
       14230, 14452, 14864, 15495, 15562, 15651, 15707, 15865, 16014,
       16063, 16548, 16708, 16721, 16725, 16861, 17179, 17245, 17454,
       17859, 18253, 18286, 18613, 18915, 18929, 19114, 19233, 19412,
       19426, 19710, 19712, 19797, 20376, 20431, 20440, 20450, 20456,
       20694, 20904, 21617, 21772, 21811, 21883, 22011, 22057, 22075,
       22782, 23000, 23091, 23188, 23295, 23336, 23430, 23663, 23835,
       23921, 24046, 24846, 25154, 25230, 25949, 26130, 26152, 26154,
       26538, 26562, 26620, 26666, 26740, 27088, 27160, 27201, 27380,
       27405, 27419, 27677, 27772, 27931, 28011, 28510, 28547, 28587,
       28613, 28804, 28889, 28896, 29055, 29166, 29257, 29334, 29580,
       29583, 30048, 30163, 30304, 30411, 30817, 31037, 31047, 31057,
       31117, 31721, 32049, 32123, 32453, 32840, 32842, 32846, 32850,
       33838, 33919, 33952, 34416, 34570, 34644, 35517, 35708, 36121,
       36296, 36338, 36388, 36598, 36765, 37287, 37326, 37351, 37553,
       37845, 37857, 38016, 38499, 38502, 38725, 38927, 38956, 39104,
       39154, 39264, 39459, 39503, 39551, 39690, 39789, 40083, 40431,
       40484, 40729, 41076, 41152, 41251, 41288, 41524, 41678, 41682,
       41925, 42069, 42205, 42479, 42695, 42795, 42984, 42989, 43098,
       43360, 43709, 44153, 44318, 44450, 44789, 44808, 44999, 45122,
       45172, 45348, 45364, 45483, 45631, 45783, 46225, 46542, 46589,
       46665, 46685, 46752, 46835, 46948, 47616, 47827, 47886, 48385,
       48482, 48514, 48682, 48921, 48992])]
