[array([    4,    96,   112,   154,   225,   235,   303,   352,   429,
         458,   542,   580,   817,   827,   866,   929,   955,   998,
        1070,  1331,  1377,  1398,  1443,  1546,  1547,  1681,  1734,
        1856,  1991,  2015,  2134,  2138,  2169,  2236,  2364,  2377,
        2536,  2608,  2705,  2747,  2773,  2803,  2904,  2998,  3072,
        3106,  3248,  3260,  3289,  3311,  3358,  3361,  3456,  3495,
        3629,  3712,  3747,  3790,  3977,  3987,  4050,  4065,  4168,
        4403,  4524,  4550,  4595,  4597,  4711,  4883,  4901,  4947,
        4969,  4970,  5153,  5207,  5306,  5461,  5603,  5614,  5639,
        5717,  5753,  5808,  5833,  5918,  5930,  5931,  5983,  6104,
        6168,  6211,  6405,  6442,  6805,  6837,  6900,  6998,  7008,
        7078,  7163,  7185,  7374,  7394,  7465,  7663,  7784,  7797,
        7934,  8007,  8029,  8046,  8049,  8092,  8267,  8478,  8515,
        8543,  8721,  8796,  8953,  8956,  9005,  9124,  9216,  9272,
        9273,  9299,  9309,  9314,  9431,  9491,  9660,  9680,  9755,
        9759,  9993, 10104, 10227, 10289, 10318, 10348, 10470, 10738,
       10867, 10877, 10889, 10977, 11310, 11349, 11365, 11470, 11535,
       11568, 11593, 11711, 11772, 11804, 11942, 11959, 11974, 12039,
       12057, 12097, 12162, 12236, 12596, 12691, 12726, 12732, 12770,
       12779, 12791, 12876, 12933, 12976, 13026, 13116, 13120, 13343,
       13375, 13379, 13382, 13383, 13396, 13597, 13629, 13638, 13712,
       13827, 13986, 14040, 14051, 14061, 14210, 14276, 14376, 14397,
       14493, 14621, 14643, 14684, 14995, 15006, 15016, 15271, 15289,
       15494, 15649, 15652, 15693, 15772, 15825, 15927, 16015, 16045,
       16068, 16301, 16405, 16424, 16502, 16540, 16574, 16628, 16657,
       16681, 16730, 16794, 16817, 16836, 16850, 16956, 17135, 17136,
       17297, 17298, 17337, 17407, 17482, 17617, 17673, 17767, 17886,
       17994, 18115, 18165, 18266, 18275, 18331, 18344, 18464, 18557,
       18559, 18565, 18615, 18646, 18648, 18734, 18764, 18935, 18947,
       18984, 19002, 19050, 19094, 19112, 19143, 19151, 19206, 19284,
       19305, 19522, 19887, 19911, 20042, 20096, 20173, 20192, 20219,
       20267, 20343, 20498, 20542, 20564, 20618, 20629, 20645, 20662,
       20684, 20687, 20688, 20704, 20861, 20936, 20967, 21161, 21204,
       21215, 21276, 21371, 21490, 21538, 21562, 21623, 21647, 21919,
       21990, 22120, 22163, 22247, 22267, 22272, 22284, 22427, 22624,
       22770, 22784, 22845, 22852, 22928, 22977, 23012, 23167, 23242,
       23277, 23314, 23481, 23595, 23622, 23659, 23694, 23725, 23794,
       23799, 23892, 23942, 23954, 24045, 24082, 24091, 24152, 24202,
       24222, 24293, 24463, 24468, 24517, 24674, 24686, 24736, 24769,
       24810, 24955, 25051, 25265, 25287, 25324, 25394, 25665, 25704,
       25928, 25962, 26045, 26123, 26137, 26258, 26523, 26534, 26569,
       26597, 26662, 26737, 26753, 26763, 26983, 26991, 27022, 27163,
       27233, 27446, 27518, 27757, 27792, 27932, 27956, 28004, 28074,
       28095, 28163, 28494, 28500, 28568, 28592, 28608, 28635, 28640,
       28696, 28735, 28800, 28875, 28876, 28881, 28907, 28961, 28973,
       29027, 29086, 29137, 29196, 29463, 29489, 29520, 29649, 29671,
       29720, 29798, 29931, 30089, 30134, 30198, 30213, 30241, 30494,
       30785, 30792, 30811, 30851, 31023, 31221, 31400, 31524, 31645,
       31719, 31886, 31996, 32042, 32138, 32272, 32348, 32350, 32388,
       32411, 32503, 32640, 32861, 33102, 33400, 33622, 33633, 33720,
       33813, 33828, 33845, 33899, 33929, 33938, 34181, 34187, 34276,
       34322, 34343, 34347, 34366, 34367, 34420, 34431, 34448, 34665,
       34691, 34694, 34803, 34815, 34859, 34964, 35039, 35042, 35145,
       35249, 35302, 35391, 35423, 35761, 35841, 35871, 35962, 36009,
       36033, 36046, 36078, 36145, 36169, 36225, 36272, 36401, 36510,
       36613, 36724, 36831, 36925, 37058, 37226, 37548, 37577, 37590,
       37635, 37673, 37710, 37892, 37904, 38085, 38115, 38163, 38190,
       38272, 38279, 38363, 38405, 38460, 38492, 38656, 38732, 38816,
       38889, 38974, 39032, 39102, 39376, 39411, 39424, 39545, 39592,
       39651, 39788, 39810, 39861, 39870, 39895, 39997, 40121, 40196,
       40258, 40351, 40410, 40417, 40478, 40611, 40753, 40990, 41048,
       41065, 41119, 41126, 41173, 41174, 41211, 41260, 41329, 41430,
       41886, 41982, 42087, 42202, 42282, 42301, 42328, 42359, 42449,
       42486, 42498, 42806, 42887, 42942, 43022, 43153, 43214, 43222,
       43224, 43382, 43518, 43596, 43696, 43792, 43962, 43979, 44095,
       44098, 44210, 44218, 44282, 44284, 44312, 44411, 44433, 44468,
       44515, 44526, 44551, 44563, 44566, 44569, 44575, 44600, 44638,
       44794, 44811, 44952, 45026, 45036, 45051, 45098, 45151, 45191,
       45235, 45261, 45322, 45332, 45388, 45443, 45547, 45572, 45839,
       45872, 45942, 45947, 45961, 46055, 46149, 46244, 46447, 46568,
       46601, 46716, 46743, 46799, 46801, 46825, 46912, 46925, 47029,
       47053, 47083, 47117, 47174, 47283, 47305, 47496, 47547, 47570,
       47674, 47696, 47715, 47816, 47895, 47939, 48060, 48082, 48129,
       48164, 48416, 48496, 48557, 48576, 48597, 48662, 48698, 48840,
       48857, 48918, 48920, 48927, 48943, 48944, 48989, 49093, 49096,
       49165, 49250]), array([    4,    19,    93,    96,   112,   154,   225,   235,   249,
         268,   303,   352,   373,   429,   458,   463,   482,   542,
         580,   817,   827,   866,   870,   929,   955,  1070,  1331,
        1377,  1398,  1443,  1546,  1547,  1559,  1565,  1681,  1734,
        1856,  1887,  1991,  2134,  2138,  2169,  2212,  2236,  2291,
        2364,  2377,  2536,  2551,  2608,  2705,  2709,  2747,  2773,
        2803,  2805,  2860,  2904,  2998,  3072,  3106,  3208,  3248,
        3289,  3311,  3358,  3442,  3456,  3477,  3495,  3617,  3629,
        3747,  3790,  3804,  3977,  4065,  4168,  4370,  4524,  4550,
        4571,  4582,  4595,  4597,  4711,  4759,  4883,  4898,  4901,
        4947,  4969,  4970,  5008,  5055,  5153,  5207,  5232,  5306,
        5461,  5561,  5603,  5614,  5639,  5717,  5753,  5782,  5808,
        5833,  5845,  5886,  5915,  5918,  5930,  5931,  5983,  6011,
        6098,  6104,  6168,  6179,  6211,  6267,  6308,  6405,  6442,
        6488,  6568,  6671,  6734,  6755,  6767,  6805,  6837,  6900,
        6978,  6998,  7008,  7027,  7078,  7163,  7185,  7323,  7374,
        7394,  7454,  7465,  7495,  7663,  7697,  7784,  7797,  7829,
        7934,  7978,  8007,  8029,  8046,  8049,  8093,  8098,  8267,
        8345,  8478,  8515,  8537,  8543,  8587,  8719,  8721,  8723,
        8796,  8953,  8956,  9005,  9124,  9152,  9175,  9216,  9234,
        9272,  9273,  9299,  9309,  9314,  9354,  9431,  9491,  9559,
        9660,  9672,  9680,  9755,  9759,  9993, 10104, 10227, 10289,
       10296, 10318, 10322, 10348, 10378, 10478, 10729, 10738, 10867,
       10877, 10889, 10977, 11005, 11013, 11092, 11292, 11310, 11349,
       11365, 11470, 11507, 11535, 11568, 11592, 11593, 11597, 11711,
       11772, 11804, 11825, 11942, 11959, 11974, 12039, 12057, 12097,
       12119, 12162, 12166, 12221, 12236, 12402, 12455, 12593, 12596,
       12691, 12726, 12732, 12770, 12779, 12791, 12876, 12909, 12914,
       12933, 12955, 12976, 13026, 13068, 13116, 13120, 13343, 13375,
       13379, 13383, 13396, 13434, 13597, 13607, 13629, 13638, 13662,
       13712, 13729, 13827, 13924, 13986, 14051, 14061, 14200, 14210,
       14231, 14276, 14363, 14376, 14389, 14396, 14397, 14443, 14512,
       14621, 14643, 14684, 14964, 14995, 15006, 15016, 15271, 15280,
       15289, 15302, 15333, 15338, 15400, 15494, 15532, 15649, 15652,
       15693, 15772, 15825, 15900, 15927, 16015, 16045, 16068, 16120,
       16277, 16301, 16405, 16424, 16502, 16508, 16574, 16628, 16657,
       16681, 16730, 16794, 16817, 16836, 16850, 16919, 16935, 16956,
       17136, 17297, 17298, 17337, 17373, 17381, 17407, 17482, 17493,
       17617, 17673, 17883, 17886, 17994, 17995, 18165, 18266, 18273,
       18275, 18331, 18344, 18464, 18471, 18557, 18559, 18565, 18615,
       18646, 18648, 18663, 18730, 18734, 18764, 18935, 18947, 18984,
       19002, 19050, 19094, 19112, 19143, 19151, 19206, 19246, 19284,
       19305, 19508, 19522, 19588, 19725, 19850, 19871, 19880, 19887,
       19911, 20016, 20042, 20056, 20082, 20096, 20103, 20160, 20173,
       20192, 20219, 20267, 20343, 20387, 20407, 20498, 20526, 20542,
       20593, 20618, 20629, 20645, 20662, 20684, 20687, 20688, 20704,
       20720, 20875, 20882, 20936, 20967, 21068, 21153, 21161, 21204,
       21215, 21242, 21276, 21289, 21298, 21336, 21371, 21429, 21490,
       21538, 21562, 21596, 21623, 21647, 21919, 21990, 22037, 22042,
       22120, 22163, 22247, 22267, 22272, 22284, 22427, 22493, 22624,
       22766, 22770, 22784, 22845, 22852, 22928, 22977, 23012, 23069,
       23102, 23167, 23192, 23242, 23277, 23314, 23337, 23340, 23481,
       23530, 23566, 23595, 23608, 23622, 23659, 23694, 23718, 23725,
       23729, 23794, 23799, 23880, 23892, 23942, 23954, 24045, 24082,
       24091, 24152, 24169, 24193, 24202, 24222, 24236, 24296, 24302,
       24330, 24389, 24463, 24468, 24517, 24583, 24674, 24682, 24686,
       24718, 24736, 24769, 24810, 24818, 24836, 24955, 25051, 25265,
       25287, 25324, 25328, 25351, 25394, 25460, 25577, 25665, 25704,
       25796, 25811, 25917, 25928, 25959, 26045, 26067, 26123, 26137,
       26223, 26258, 26307, 26365, 26523, 26534, 26569, 26597, 26662,
       26737, 26753, 26763, 26983, 26991, 27022, 27029, 27163, 27227,
       27231, 27233, 27290, 27304, 27359, 27426, 27446, 27518, 27752,
       27757, 27792, 27908, 27932, 27956, 28004, 28026, 28038, 28064,
       28074, 28095, 28163, 28291, 28297, 28494, 28500, 28515, 28528,
       28568, 28592, 28608, 28615, 28635, 28640, 28683, 28696, 28713,
       28735, 28800, 28823, 28875, 28876, 28881, 28907, 28961, 28973,
       29027, 29054, 29086, 29137, 29160, 29196, 29209, 29341, 29374,
       29392, 29463, 29489, 29548, 29608, 29649, 29671, 29683, 29720,
       29731, 29758, 29798, 29859, 29876, 29920, 29931, 30065, 30089,
       30134, 30180, 30198, 30213, 30241, 30361, 30387, 30491, 30494,
       30589, 30610, 30695, 30737, 30785, 30786, 30792, 30811, 30823,
       30851, 30995, 31007, 31023, 31028, 31030, 31165, 31400, 31524,
       31645, 31665, 31719, 31886, 31912, 31996, 32042, 32138, 32272,
       32305, 32348, 32350, 32388, 32411, 32503, 32545, 32640, 32693,
       32714, 32727, 32861, 32986, 33051, 33058, 33102, 33105, 33329,
       33400, 33403, 33539, 33559, 33622, 33633, 33720, 33724, 33779,
       33813, 33828, 33845, 33853, 33859, 33889, 33899, 33914, 33929,
       33938, 34181, 34187, 34276, 34322, 34343, 34347, 34366, 34367,
       34420, 34431, 34448, 34501, 34665, 34691, 34694, 34701, 34775,
       34783, 34803, 34815, 34859, 34941, 34964, 35039, 35042, 35058,
       35091, 35145, 35230, 35249, 35261, 35302, 35391, 35444, 35497,
       35567, 35661, 35662, 35761, 35841, 35871, 35962, 36009, 36033,
       36036, 36078, 36122, 36169, 36225, 36272, 36449, 36510, 36613,
       36653, 36654, 36724, 36813, 36831, 36865, 37013, 37058, 37226,
       37236, 37237, 37246, 37282, 37548, 37577, 37590, 37596, 37635,
       37673, 37710, 37861, 37892, 37904, 38085, 38113, 38115, 38163,
       38190, 38272, 38279, 38363, 38405, 38436, 38460, 38492, 38511,
       38590, 38656, 38659, 38732, 38733, 38746, 38816, 38889, 38974,
       38997, 39032, 39102, 39262, 39373, 39376, 39411, 39417, 39424,
       39449, 39469, 39513, 39545, 39592, 39608, 39639, 39651, 39687,
       39788, 39810, 39861, 39870, 39895, 39961, 39997, 40056, 40121,
       40196, 40258, 40351, 40410, 40417, 40485, 40535, 40611, 40651,
       40667, 40720, 40751, 40753, 40759, 40877, 40990, 41048, 41065,
       41126, 41173, 41174, 41211, 41260, 41321, 41329, 41335, 41430,
       41476, 41550, 41587, 41703, 41810, 41860, 41886, 41982, 41990,
       42068, 42087, 42202, 42214, 42301, 42328, 42359, 42449, 42451,
       42486, 42491, 42494, 42498, 42785, 42806, 42811, 42871, 42887,
       42942, 42964, 43022, 43116, 43153, 43191, 43202, 43214, 43222,
       43224, 43254, 43382, 43496, 43518, 43596, 43696, 43745, 43792,
       43962, 43976, 43979, 44021, 44051, 44095, 44098, 44186, 44210,
       44218, 44282, 44284, 44312, 44340, 44411, 44433, 44468, 44515,
       44526, 44551, 44563, 44566, 44575, 44583, 44600, 44622, 44638,
       44648, 44763, 44794, 44811, 44952, 45026, 45036, 45051, 45098,
       45151, 45191, 45235, 45261, 45322, 45323, 45332, 45384, 45388,
       45443, 45497, 45547, 45595, 45829, 45839, 45872, 45897, 45942,
       45947, 45961, 46039, 46055, 46137, 46149, 46244, 46410, 46447,
       46537, 46539, 46568, 46601, 46651, 46716, 46743, 46799, 46801,
       46825, 46900, 46911, 46912, 46925, 46988, 47029, 47053, 47066,
       47083, 47117, 47174, 47235, 47305, 47496, 47547, 47570, 47630,
       47674, 47696, 47698, 47715, 47801, 47816, 47878, 47895, 47939,
       48060, 48082, 48129, 48164, 48416, 48496, 48557, 48576, 48578,
       48597, 48662, 48677, 48698, 48840, 48857, 48874, 48918, 48920,
       48927, 48943, 48944, 48989, 49016, 49057, 49093, 49096, 49161,
       49165, 49250, 49348, 49366]), array([    4,    19,    46,    93,    96,   112,   225,   235,   249,
         268,   303,   305,   310,   352,   373,   429,   458,   463,
         501,   542,   580,   817,   827,   866,   870,   918,   929,
         955,   998,  1070,  1128,  1129,  1331,  1377,  1398,  1443,
        1546,  1547,  1559,  1565,  1681,  1734,  1856,  1887,  1943,
        1991,  2015,  2134,  2138,  2169,  2212,  2236,  2291,  2364,
        2377,  2385,  2438,  2536,  2551,  2608,  2705,  2709,  2747,
        2773,  2803,  2805,  2904,  2998,  3072,  3106,  3208,  3248,
        3260,  3289,  3311,  3358,  3361,  3442,  3456,  3477,  3495,
        3589,  3617,  3629,  3747,  3790,  3804,  3977,  3987,  4065,
        4168,  4370,  4519,  4524,  4550,  4571,  4582,  4595,  4597,
        4711,  4759,  4883,  4898,  4901,  4947,  4969,  4970,  5008,
        5055,  5153,  5182,  5207,  5232,  5247,  5306,  5383,  5461,
        5561,  5603,  5614,  5639,  5717,  5753,  5782,  5808,  5833,
        5845,  5886,  5918,  5930,  5931,  5983,  6098,  6104,  6168,
        6179,  6211,  6267,  6308,  6405,  6442,  6488,  6568,  6671,
        6734,  6755,  6767,  6805,  6837,  6900,  6978,  6998,  7008,
        7027,  7078,  7163,  7185,  7216,  7278,  7323,  7374,  7394,
        7454,  7465,  7512,  7581,  7633,  7651,  7663,  7697,  7784,
        7797,  7829,  7900,  7934,  7978,  8007,  8029,  8046,  8049,
        8093,  8144,  8249,  8267,  8313,  8345,  8475,  8478,  8515,
        8537,  8543,  8587,  8719,  8721,  8723,  8796,  8953,  8956,
        8966,  8995,  9005,  9124,  9152,  9175,  9216,  9234,  9272,
        9273,  9309,  9314,  9354,  9431,  9491,  9559,  9580,  9660,
        9672,  9680,  9755,  9759,  9992,  9993, 10104, 10227, 10289,
       10296, 10318, 10322, 10348, 10378, 10415, 10478, 10729, 10738,
       10867, 10877, 10889, 10977, 11005, 11013, 11024, 11092, 11292,
       11310, 11349, 11365, 11423, 11470, 11507, 11535, 11568, 11592,
       11593, 11597, 11711, 11772, 11804, 11825, 11942, 11959, 11974,
       12039, 12057, 12097, 12119, 12162, 12166, 12221, 12236, 12402,
       12455, 12501, 12593, 12596, 12691, 12726, 12732, 12733, 12770,
       12779, 12791, 12823, 12841, 12876, 12909, 12914, 12933, 12955,
       12976, 13026, 13068, 13116, 13120, 13271, 13343, 13375, 13379,
       13383, 13396, 13434, 13597, 13607, 13629, 13638, 13662, 13712,
       13729, 13768, 13827, 13924, 13986, 14051, 14061, 14210, 14231,
       14276, 14363, 14376, 14389, 14396, 14397, 14443, 14463, 14512,
       14518, 14621, 14643, 14684, 14945, 14964, 14995, 15006, 15016,
       15271, 15280, 15289, 15302, 15338, 15400, 15494, 15532, 15582,
       15649, 15652, 15693, 15772, 15825, 15900, 15927, 16015, 16045,
       16068, 16120, 16244, 16259, 16277, 16301, 16405, 16424, 16502,
       16508, 16574, 16628, 16657, 16681, 16683, 16730, 16753, 16794,
       16817, 16836, 16850, 16919, 16935, 16956, 17136, 17297, 17298,
       17337, 17373, 17381, 17407, 17482, 17493, 17565, 17617, 17673,
       17883, 17886, 17994, 17995, 18013, 18065, 18115, 18165, 18266,
       18273, 18275, 18331, 18344, 18367, 18464, 18471, 18557, 18559,
       18565, 18615, 18646, 18648, 18730, 18734, 18764, 18928, 18935,
       18947, 18984, 19002, 19050, 19062, 19094, 19112, 19143, 19151,
       19206, 19246, 19264, 19284, 19286, 19305, 19508, 19522, 19588,
       19725, 19850, 19871, 19880, 19887, 19911, 20016, 20042, 20082,
       20096, 20103, 20173, 20183, 20192, 20219, 20267, 20343, 20386,
       20387, 20407, 20498, 20526, 20542, 20564, 20618, 20629, 20645,
       20662, 20684, 20687, 20688, 20704, 20720, 20733, 20875, 20882,
       20936, 20967, 21068, 21153, 21161, 21204, 21215, 21276, 21289,
       21298, 21336, 21371, 21429, 21490, 21538, 21562, 21589, 21596,
       21623, 21647, 21819, 21919, 21990, 22037, 22042, 22120, 22163,
       22247, 22267, 22272, 22284, 22389, 22427, 22463, 22493, 22624,
       22766, 22770, 22784, 22845, 22852, 22928, 22977, 23012, 23069,
       23102, 23167, 23192, 23242, 23277, 23314, 23337, 23340, 23490,
       23530, 23566, 23590, 23595, 23608, 23622, 23659, 23694, 23718,
       23725, 23729, 23794, 23799, 23880, 23892, 23942, 23954, 24045,
       24082, 24091, 24140, 24152, 24169, 24193, 24202, 24222, 24236,
       24296, 24302, 24330, 24367, 24389, 24463, 24475, 24517, 24674,
       24682, 24686, 24718, 24736, 24769, 24810, 24818, 24836, 24955,
       25025, 25051, 25066, 25130, 25153, 25265, 25287, 25324, 25351,
       25394, 25460, 25577, 25665, 25704, 25796, 25811, 25814, 25827,
       25917, 25928, 25959, 26045, 26067, 26094, 26123, 26137, 26223,
       26258, 26307, 26523, 26534, 26569, 26597, 26627, 26662, 26737,
       26750, 26753, 26763, 26918, 26983, 26991, 27007, 27029, 27163,
       27168, 27227, 27231, 27290, 27304, 27359, 27411, 27426, 27446,
       27518, 27743, 27752, 27757, 27792, 27908, 27932, 27956, 28004,
       28026, 28038, 28064, 28074, 28095, 28146, 28163, 28291, 28297,
       28494, 28500, 28515, 28528, 28568, 28571, 28592, 28608, 28615,
       28619, 28624, 28635, 28640, 28683, 28696, 28713, 28735, 28800,
       28823, 28875, 28876, 28881, 28907, 28961, 28973, 29027, 29054,
       29086, 29137, 29160, 29196, 29197, 29341, 29374, 29392, 29463,
       29489, 29520, 29548, 29608, 29649, 29671, 29683, 29720, 29758,
       29759, 29798, 29859, 29876, 29931, 29937, 30065, 30089, 30134,
       30180, 30198, 30213, 30241, 30270, 30361, 30387, 30491, 30494,
       30552, 30589, 30610, 30695, 30737, 30760, 30772, 30785, 30786,
       30792, 30811, 30823, 30851, 30926, 30995, 31023, 31028, 31030,
       31083, 31165, 31400, 31474, 31509, 31524, 31568, 31607, 31645,
       31665, 31719, 31886, 31912, 31971, 31996, 32042, 32138, 32272,
       32305, 32333, 32348, 32350, 32388, 32411, 32473, 32503, 32545,
       32640, 32693, 32714, 32727, 32861, 32986, 33051, 33058, 33102,
       33329, 33358, 33400, 33403, 33539, 33559, 33622, 33633, 33714,
       33720, 33724, 33779, 33813, 33828, 33845, 33853, 33857, 33859,
       33889, 33899, 33914, 33929, 33938, 34181, 34187, 34276, 34322,
       34343, 34347, 34366, 34367, 34420, 34431, 34448, 34501, 34509,
       34665, 34691, 34694, 34701, 34775, 34783, 34803, 34815, 34859,
       34941, 34964, 35039, 35042, 35058, 35091, 35145, 35230, 35249,
       35261, 35302, 35391, 35423, 35444, 35497, 35567, 35661, 35761,
       35762, 35841, 35871, 35962, 35967, 36009, 36033, 36036, 36046,
       36078, 36122, 36169, 36225, 36246, 36272, 36367, 36378, 36449,
       36481, 36510, 36613, 36653, 36654, 36724, 36813, 36865, 36984,
       37013, 37058, 37125, 37226, 37236, 37237, 37246, 37282, 37296,
       37409, 37548, 37577, 37590, 37596, 37635, 37673, 37710, 37779,
       37861, 37892, 37904, 38085, 38113, 38115, 38163, 38190, 38200,
       38271, 38272, 38279, 38346, 38363, 38405, 38436, 38460, 38492,
       38511, 38590, 38593, 38656, 38659, 38732, 38733, 38746, 38816,
       38889, 38974, 38997, 39032, 39102, 39115, 39262, 39373, 39376,
       39411, 39417, 39424, 39449, 39469, 39513, 39545, 39592, 39608,
       39639, 39651, 39687, 39788, 39810, 39861, 39870, 39895, 39961,
       39997, 40056, 40103, 40121, 40189, 40196, 40233, 40258, 40351,
       40410, 40417, 40478, 40485, 40535, 40611, 40651, 40667, 40720,
       40751, 40753, 40759, 40815, 40877, 40990, 41048, 41065, 41126,
       41173, 41211, 41260, 41304, 41321, 41329, 41335, 41476, 41550,
       41587, 41703, 41733, 41787, 41810, 41860, 41886, 41982, 41990,
       42053, 42068, 42087, 42189, 42202, 42214, 42273, 42297, 42301,
       42328, 42359, 42449, 42451, 42486, 42491, 42494, 42498, 42806,
       42815, 42871, 42887, 42942, 42964, 43022, 43049, 43116, 43153,
       43191, 43202, 43214, 43222, 43224, 43254, 43382, 43485, 43499,
       43518, 43596, 43696, 43745, 43792, 43962, 43976, 43979, 44021,
       44051, 44095, 44098, 44186, 44210, 44218, 44282, 44284, 44312,
       44337, 44340, 44411, 44433, 44468, 44515, 44526, 44551, 44563,
       44566, 44575, 44583, 44600, 44622, 44638, 44648, 44763, 44794,
       44811, 44922, 44952, 45026, 45036, 45051, 45098, 45191, 45235,
       45261, 45323, 45332, 45354, 45384, 45388, 45443, 45497, 45547,
       45572, 45595, 45829, 45839, 45866, 45872, 45897, 45900, 45942,
       45947, 45961, 45984, 46039, 46055, 46137, 46149, 46244, 46410,
       46447, 46539, 46568, 46601, 46613, 46651, 46686, 46716, 46743,
       46799, 46801, 46825, 46900, 46911, 46912, 46925, 46988, 47029,
       47053, 47066, 47083, 47117, 47174, 47235, 47305, 47496, 47547,
       47570, 47630, 47664, 47674, 47696, 47698, 47715, 47747, 47816,
       47878, 47895, 47939, 48060, 48082, 48097, 48129, 48164, 48307,
       48416, 48496, 48557, 48576, 48578, 48597, 48662, 48698, 48840,
       48847, 48857, 48874, 48918, 48920, 48927, 48943, 48944, 48989,
       49016, 49057, 49093, 49096, 49161, 49165, 49173, 49250, 49289,
       49348, 49366, 49478]), array([    4,    19,    46,    65,    93,    96,   112,   154,   225,
         235,   249,   268,   303,   305,   311,   352,   373,   429,
         458,   463,   482,   542,   580,   817,   827,   866,   870,
         918,   929,   955,  1128,  1331,  1377,  1398,  1443,  1546,
        1547,  1559,  1565,  1681,  1686,  1731,  1734,  1807,  1856,
        1887,  1943,  1991,  2015,  2134,  2138,  2169,  2212,  2236,
        2364,  2377,  2438,  2536,  2551,  2608,  2705,  2709,  2747,
        2773,  2803,  2805,  2904,  2998,  3072,  3106,  3208,  3248,
        3260,  3289,  3311,  3358,  3361,  3442,  3456,  3477,  3495,
        3617,  3629,  3702,  3747,  3790,  3804,  3977,  4065,  4168,
        4326,  4512,  4519,  4524,  4550,  4571,  4582,  4595,  4597,
        4607,  4711,  4759,  4815,  4883,  4898,  4900,  4901,  4947,
        4969,  4970,  5008,  5055,  5153,  5207,  5232,  5247,  5306,
        5383,  5461,  5561,  5603,  5614,  5639,  5717,  5753,  5782,
        5808,  5833,  5845,  5886,  5918,  5930,  5931,  5983,  6098,
        6104,  6168,  6179,  6211,  6267,  6295,  6308,  6405,  6442,
        6568,  6671,  6734,  6755,  6767,  6805,  6837,  6900,  6978,
        7008,  7027,  7078,  7163,  7185,  7216,  7278,  7374,  7394,
        7454,  7465,  7495,  7512,  7633,  7651,  7663,  7697,  7784,
        7797,  7829,  7900,  7934,  7978,  8007,  8029,  8046,  8049,
        8093,  8249,  8267,  8313,  8345,  8465,  8475,  8478,  8515,
        8537,  8543,  8587,  8719,  8721,  8723,  8953,  8966,  8995,
        9005,  9124,  9152,  9175,  9216,  9234,  9272,  9273,  9309,
        9314,  9354,  9431,  9491,  9559,  9580,  9660,  9672,  9680,
        9755,  9759,  9992,  9993, 10104, 10227, 10289, 10296, 10318,
       10322, 10348, 10378, 10415, 10478, 10729, 10738, 10867, 10877,
       10889, 10977, 11005, 11013, 11024, 11092, 11292, 11310, 11349,
       11365, 11423, 11470, 11507, 11535, 11568, 11592, 11593, 11597,
       11711, 11772, 11804, 11825, 11942, 11959, 11974, 12039, 12057,
       12097, 12119, 12162, 12166, 12221, 12236, 12402, 12455, 12501,
       12593, 12596, 12691, 12726, 12732, 12770, 12779, 12791, 12823,
       12841, 12876, 12909, 12914, 12933, 12955, 12976, 13026, 13068,
       13116, 13120, 13271, 13298, 13343, 13375, 13379, 13383, 13396,
       13434, 13597, 13607, 13629, 13638, 13712, 13729, 13768, 13827,
       13924, 13986, 14039, 14051, 14061, 14210, 14231, 14276, 14376,
       14389, 14396, 14397, 14443, 14512, 14518, 14621, 14643, 14650,
       14684, 14945, 14964, 14995, 15006, 15016, 15271, 15280, 15289,
       15302, 15338, 15400, 15494, 15532, 15582, 15649, 15652, 15693,
       15772, 15825, 15900, 15927, 16015, 16068, 16120, 16244, 16277,
       16301, 16405, 16424, 16502, 16508, 16540, 16574, 16628, 16657,
       16681, 16683, 16730, 16753, 16794, 16817, 16836, 16850, 16919,
       16935, 16956, 17136, 17297, 17298, 17337, 17373, 17381, 17407,
       17482, 17493, 17511, 17565, 17617, 17673, 17883, 17886, 17994,
       17995, 18013, 18115, 18165, 18266, 18273, 18275, 18331, 18344,
       18464, 18471, 18557, 18559, 18615, 18646, 18648, 18663, 18730,
       18734, 18764, 18928, 18935, 18947, 18984, 19002, 19050, 19062,
       19094, 19112, 19143, 19151, 19206, 19246, 19257, 19264, 19284,
       19305, 19508, 19522, 19588, 19725, 19766, 19850, 19871, 19880,
       19887, 19911, 20016, 20042, 20056, 20082, 20096, 20103, 20160,
       20173, 20183, 20192, 20219, 20267, 20343, 20386, 20387, 20407,
       20498, 20526, 20542, 20618, 20629, 20645, 20662, 20684, 20687,
       20688, 20704, 20720, 20875, 20882, 20936, 20967, 21068, 21153,
       21161, 21204, 21215, 21242, 21276, 21289, 21298, 21336, 21371,
       21429, 21490, 21538, 21562, 21589, 21596, 21623, 21646, 21647,
       21919, 21990, 22037, 22042, 22120, 22163, 22247, 22267, 22272,
       22284, 22389, 22427, 22463, 22493, 22624, 22647, 22770, 22784,
       22845, 22852, 22928, 22977, 23012, 23069, 23102, 23167, 23192,
       23242, 23277, 23314, 23337, 23340, 23490, 23530, 23566, 23590,
       23595, 23608, 23622, 23659, 23694, 23725, 23729, 23794, 23799,
       23880, 23892, 23942, 23954, 24008, 24045, 24082, 24091, 24140,
       24152, 24169, 24193, 24202, 24222, 24236, 24296, 24302, 24330,
       24355, 24367, 24389, 24463, 24475, 24517, 24674, 24682, 24686,
       24718, 24736, 24769, 24810, 24818, 24836, 24955, 25025, 25051,
       25066, 25265, 25287, 25324, 25328, 25346, 25351, 25394, 25460,
       25577, 25665, 25704, 25746, 25796, 25811, 25814, 25827, 25917,
       25928, 25959, 26045, 26067, 26094, 26123, 26137, 26223, 26258,
       26307, 26523, 26534, 26569, 26597, 26627, 26662, 26737, 26750,
       26753, 26763, 26918, 26983, 26991, 27007, 27029, 27163, 27168,
       27227, 27231, 27233, 27290, 27304, 27359, 27410, 27411, 27426,
       27446, 27518, 27743, 27752, 27757, 27792, 27908, 27932, 27956,
       28004, 28026, 28038, 28064, 28074, 28095, 28146, 28163, 28291,
       28297, 28494, 28500, 28515, 28528, 28568, 28571, 28592, 28608,
       28615, 28619, 28635, 28640, 28683, 28696, 28713, 28735, 28800,
       28823, 28845, 28875, 28876, 28881, 28907, 28961, 28973, 29027,
       29054, 29086, 29137, 29160, 29196, 29197, 29341, 29374, 29392,
       29463, 29489, 29520, 29548, 29608, 29649, 29671, 29683, 29720,
       29758, 29759, 29798, 29859, 29876, 29931, 29937, 30065, 30089,
       30134, 30180, 30198, 30213, 30241, 30270, 30361, 30387, 30491,
       30494, 30552, 30589, 30610, 30695, 30737, 30760, 30772, 30785,
       30786, 30792, 30811, 30823, 30851, 30926, 30995, 31023, 31028,
       31030, 31083, 31165, 31400, 31508, 31509, 31524, 31568, 31645,
       31665, 31719, 31798, 31886, 31912, 31971, 31996, 32042, 32138,
       32272, 32305, 32333, 32348, 32350, 32388, 32411, 32473, 32503,
       32545, 32640, 32693, 32714, 32727, 32861, 32986, 33051, 33058,
       33102, 33329, 33358, 33400, 33403, 33539, 33559, 33622, 33633,
       33714, 33720, 33724, 33779, 33813, 33828, 33845, 33857, 33859,
       33889, 33899, 33914, 33929, 33938, 34043, 34181, 34187, 34276,
       34322, 34343, 34347, 34366, 34367, 34420, 34431, 34448, 34501,
       34509, 34665, 34691, 34694, 34701, 34775, 34783, 34803, 34815,
       34859, 34941, 34964, 35039, 35042, 35058, 35091, 35145, 35230,
       35249, 35261, 35391, 35423, 35444, 35497, 35567, 35661, 35761,
       35762, 35841, 35871, 35962, 35967, 36009, 36033, 36078, 36122,
       36169, 36225, 36246, 36272, 36344, 36367, 36449, 36481, 36510,
       36613, 36653, 36654, 36724, 36813, 36831, 36865, 36984, 37013,
       37033, 37058, 37125, 37226, 37236, 37237, 37246, 37282, 37296,
       37409, 37548, 37577, 37590, 37596, 37635, 37673, 37710, 37779,
       37861, 37892, 37904, 37965, 38085, 38113, 38115, 38163, 38190,
       38200, 38271, 38272, 38279, 38346, 38363, 38405, 38436, 38460,
       38492, 38511, 38590, 38593, 38656, 38659, 38732, 38733, 38746,
       38816, 38889, 38974, 38997, 39032, 39085, 39102, 39115, 39262,
       39373, 39376, 39411, 39417, 39424, 39449, 39469, 39513, 39545,
       39592, 39608, 39639, 39651, 39687, 39721, 39788, 39810, 39861,
       39870, 39880, 39895, 39961, 39997, 40056, 40103, 40121, 40189,
       40196, 40233, 40258, 40351, 40410, 40417, 40478, 40485, 40535,
       40611, 40651, 40667, 40720, 40751, 40753, 40759, 40815, 40877,
       40990, 41048, 41065, 41126, 41173, 41211, 41260, 41304, 41321,
       41329, 41430, 41476, 41550, 41587, 41703, 41733, 41787, 41810,
       41860, 41886, 41982, 41990, 42053, 42068, 42087, 42189, 42202,
       42214, 42273, 42282, 42297, 42301, 42309, 42314, 42328, 42339,
       42359, 42449, 42451, 42486, 42491, 42494, 42498, 42806, 42815,
       42871, 42887, 42942, 42964, 43022, 43116, 43153, 43191, 43202,
       43214, 43222, 43224, 43254, 43382, 43455, 43485, 43499, 43518,
       43596, 43696, 43745, 43792, 43962, 43976, 43979, 44021, 44051,
       44095, 44098, 44186, 44210, 44218, 44282, 44284, 44312, 44337,
       44340, 44411, 44433, 44468, 44515, 44526, 44551, 44563, 44566,
       44575, 44583, 44600, 44622, 44638, 44648, 44754, 44763, 44794,
       44811, 44952, 45026, 45036, 45051, 45098, 45133, 45191, 45235,
       45261, 45323, 45332, 45384, 45388, 45443, 45497, 45547, 45572,
       45595, 45829, 45839, 45866, 45872, 45897, 45900, 45942, 45947,
       45961, 46055, 46137, 46149, 46244, 46410, 46447, 46537, 46539,
       46568, 46601, 46613, 46626, 46651, 46716, 46743, 46799, 46801,
       46825, 46900, 46911, 46912, 46925, 46988, 47029, 47053, 47066,
       47083, 47117, 47174, 47235, 47305, 47310, 47496, 47547, 47570,
       47630, 47664, 47674, 47696, 47698, 47715, 47816, 47878, 47895,
       47939, 48060, 48082, 48097, 48129, 48164, 48307, 48336, 48416,
       48432, 48496, 48557, 48576, 48578, 48597, 48662, 48677, 48698,
       48840, 48847, 48857, 48874, 48918, 48920, 48927, 48943, 48944,
       48967, 48989, 49016, 49057, 49093, 49096, 49161, 49165, 49173,
       49250, 49289, 49348, 49366, 49478]), array([    4,    19,    46,    65,    93,    96,   112,   225,   235,
         249,   268,   303,   305,   311,   352,   373,   429,   458,
         463,   482,   542,   580,   817,   827,   866,   870,   918,
         929,   955,  1070,  1128,  1129,  1331,  1377,  1398,  1443,
        1546,  1547,  1559,  1565,  1681,  1686,  1731,  1734,  1807,
        1856,  1887,  1943,  1991,  2015,  2134,  2138,  2169,  2212,
        2236,  2364,  2377,  2438,  2536,  2551,  2608,  2705,  2709,
        2747,  2773,  2803,  2805,  2904,  2998,  3072,  3106,  3208,
        3248,  3260,  3289,  3311,  3358,  3361,  3442,  3456,  3477,
        3495,  3589,  3617,  3629,  3702,  3747,  3790,  3804,  3977,
        3987,  4065,  4168,  4326,  4512,  4519,  4524,  4550,  4571,
        4582,  4595,  4597,  4607,  4711,  4759,  4815,  4883,  4898,
        4901,  4947,  4969,  4970,  5008,  5055,  5153,  5182,  5207,
        5232,  5247,  5306,  5383,  5461,  5561,  5603,  5614,  5639,
        5717,  5753,  5782,  5808,  5833,  5845,  5886,  5918,  5922,
        5930,  5931,  5983,  6081,  6098,  6104,  6168,  6175,  6179,
        6211,  6267,  6295,  6308,  6405,  6442,  6456,  6568,  6671,
        6734,  6755,  6767,  6805,  6837,  6838,  6900,  6978,  6998,
        7008,  7011,  7027,  7078,  7163,  7185,  7216,  7278,  7279,
        7323,  7368,  7374,  7394,  7400,  7454,  7465,  7495,  7512,
        7581,  7633,  7651,  7663,  7697,  7784,  7797,  7829,  7900,
        7934,  7978,  8007,  8029,  8046,  8049,  8093,  8098,  8144,
        8249,  8267,  8313,  8345,  8465,  8475,  8478,  8515,  8537,
        8543,  8587,  8719,  8721,  8723,  8796,  8952,  8953,  8956,
        8966,  8995,  9005,  9124,  9152,  9175,  9216,  9234,  9272,
        9273,  9309,  9314,  9354,  9431,  9491,  9559,  9580,  9660,
        9672,  9680,  9755,  9759,  9992,  9993, 10104, 10227, 10289,
       10296, 10318, 10322, 10348, 10378, 10415, 10478, 10729, 10738,
       10867, 10889, 10977, 11005, 11013, 11024, 11066, 11092, 11292,
       11310, 11349, 11365, 11423, 11470, 11507, 11535, 11568, 11592,
       11593, 11597, 11711, 11772, 11804, 11825, 11942, 11959, 11974,
       12039, 12057, 12097, 12119, 12162, 12166, 12221, 12236, 12402,
       12455, 12501, 12522, 12593, 12596, 12691, 12726, 12732, 12733,
       12770, 12779, 12791, 12823, 12841, 12876, 12909, 12914, 12933,
       12955, 12976, 13026, 13068, 13116, 13120, 13271, 13298, 13343,
       13375, 13379, 13383, 13396, 13434, 13597, 13607, 13629, 13638,
       13712, 13729, 13768, 13827, 13924, 13986, 14039, 14051, 14061,
       14210, 14231, 14276, 14349, 14363, 14370, 14376, 14389, 14396,
       14397, 14443, 14512, 14518, 14561, 14621, 14643, 14650, 14684,
       14945, 14964, 14995, 15006, 15016, 15271, 15280, 15289, 15302,
       15338, 15400, 15494, 15532, 15582, 15649, 15652, 15693, 15772,
       15825, 15900, 15927, 16015, 16068, 16120, 16277, 16405, 16424,
       16502, 16508, 16540, 16574, 16628, 16657, 16681, 16683, 16730,
       16753, 16794, 16817, 16836, 16850, 16919, 16956, 17136, 17297,
       17298, 17337, 17373, 17381, 17407, 17482, 17493, 17617, 17673,
       17725, 17883, 17886, 17939, 17994, 17995, 18013, 18065, 18115,
       18165, 18266, 18273, 18275, 18331, 18344, 18464, 18471, 18557,
       18559, 18565, 18615, 18646, 18648, 18663, 18730, 18734, 18764,
       18928, 18935, 18947, 18984, 19002, 19050, 19062, 19094, 19112,
       19143, 19151, 19206, 19246, 19257, 19264, 19284, 19286, 19305,
       19494, 19508, 19522, 19588, 19725, 19766, 19850, 19871, 19880,
       19887, 19911, 20016, 20042, 20056, 20082, 20096, 20103, 20160,
       20173, 20192, 20219, 20267, 20343, 20386, 20387, 20407, 20498,
       20526, 20542, 20564, 20618, 20629, 20645, 20662, 20684, 20687,
       20688, 20720, 20733, 20861, 20868, 20875, 20882, 20936, 20967,
       21068, 21153, 21161, 21204, 21215, 21242, 21276, 21289, 21298,
       21336, 21371, 21429, 21490, 21538, 21562, 21589, 21596, 21623,
       21646, 21647, 21819, 21919, 21990, 22037, 22042, 22106, 22120,
       22163, 22247, 22267, 22272, 22284, 22389, 22427, 22463, 22493,
       22624, 22647, 22766, 22770, 22784, 22845, 22852, 22928, 22977,
       23012, 23069, 23102, 23167, 23192, 23242, 23277, 23314, 23337,
       23340, 23407, 23530, 23566, 23590, 23595, 23608, 23622, 23659,
       23694, 23718, 23725, 23729, 23794, 23799, 23880, 23892, 23942,
       23954, 24008, 24045, 24077, 24082, 24091, 24133, 24140, 24152,
       24169, 24193, 24202, 24222, 24236, 24296, 24302, 24330, 24355,
       24367, 24389, 24463, 24475, 24517, 24583, 24674, 24682, 24686,
       24718, 24736, 24769, 24810, 24816, 24818, 24836, 24955, 25025,
       25051, 25066, 25130, 25265, 25287, 25324, 25328, 25346, 25351,
       25394, 25460, 25557, 25577, 25665, 25746, 25796, 25811, 25814,
       25827, 25917, 25928, 25959, 26045, 26067, 26094, 26123, 26137,
       26223, 26258, 26307, 26523, 26534, 26569, 26597, 26627, 26662,
       26737, 26750, 26753, 26763, 26918, 26983, 26991, 27007, 27029,
       27163, 27168, 27227, 27231, 27290, 27304, 27359, 27410, 27426,
       27446, 27518, 27699, 27743, 27752, 27757, 27792, 27908, 27932,
       27956, 28004, 28026, 28038, 28064, 28074, 28095, 28146, 28163,
       28264, 28291, 28297, 28494, 28500, 28515, 28528, 28558, 28568,
       28571, 28608, 28615, 28619, 28635, 28640, 28683, 28696, 28713,
       28735, 28800, 28823, 28845, 28875, 28876, 28881, 28907, 28961,
       28973, 29027, 29054, 29086, 29137, 29160, 29196, 29197, 29256,
       29341, 29374, 29392, 29463, 29489, 29520, 29548, 29591, 29608,
       29649, 29671, 29683, 29720, 29758, 29759, 29798, 29859, 29876,
       29931, 29937, 30065, 30089, 30134, 30180, 30198, 30213, 30241,
       30270, 30361, 30366, 30387, 30491, 30494, 30552, 30589, 30610,
       30695, 30737, 30760, 30772, 30785, 30786, 30792, 30811, 30823,
       30851, 30926, 30995, 31007, 31023, 31028, 31030, 31083, 31165,
       31219, 31400, 31509, 31524, 31568, 31607, 31645, 31665, 31719,
       31798, 31886, 31912, 31971, 31996, 32042, 32138, 32272, 32305,
       32333, 32348, 32350, 32388, 32411, 32473, 32503, 32545, 32568,
       32640, 32693, 32714, 32727, 32861, 32879, 32986, 33004, 33051,
       33058, 33102, 33329, 33358, 33400, 33403, 33539, 33559, 33622,
       33633, 33714, 33720, 33724, 33748, 33759, 33779, 33813, 33828,
       33845, 33853, 33857, 33859, 33889, 33899, 33914, 33929, 33938,
       34043, 34177, 34181, 34187, 34276, 34322, 34343, 34347, 34366,
       34367, 34420, 34431, 34448, 34501, 34509, 34572, 34665, 34691,
       34694, 34701, 34775, 34783, 34803, 34815, 34859, 34941, 34964,
       35039, 35042, 35058, 35091, 35145, 35230, 35249, 35261, 35302,
       35391, 35423, 35444, 35497, 35567, 35626, 35661, 35662, 35761,
       35841, 35871, 35962, 35966, 35967, 36009, 36033, 36078, 36122,
       36169, 36225, 36246, 36272, 36367, 36378, 36449, 36510, 36613,
       36653, 36654, 36724, 36813, 36865, 36984, 37013, 37033, 37058,
       37125, 37226, 37236, 37237, 37246, 37282, 37296, 37409, 37548,
       37577, 37590, 37596, 37635, 37673, 37710, 37779, 37861, 37892,
       37904, 37982, 38085, 38113, 38115, 38163, 38190, 38200, 38271,
       38272, 38279, 38346, 38363, 38405, 38436, 38460, 38492, 38511,
       38590, 38593, 38656, 38659, 38732, 38733, 38746, 38816, 38889,
       38974, 38993, 38997, 39032, 39085, 39102, 39115, 39262, 39373,
       39376, 39411, 39417, 39424, 39449, 39469, 39513, 39545, 39592,
       39608, 39639, 39651, 39687, 39721, 39788, 39795, 39810, 39861,
       39870, 39880, 39895, 39961, 39997, 40056, 40103, 40121, 40189,
       40196, 40258, 40351, 40410, 40417, 40478, 40485, 40535, 40611,
       40651, 40667, 40720, 40751, 40753, 40759, 40790, 40815, 40877,
       40990, 41048, 41065, 41126, 41173, 41211, 41260, 41304, 41321,
       41329, 41430, 41476, 41550, 41587, 41703, 41733, 41787, 41810,
       41860, 41886, 41982, 41990, 42053, 42068, 42087, 42189, 42202,
       42214, 42273, 42282, 42297, 42301, 42309, 42314, 42328, 42339,
       42359, 42449, 42451, 42486, 42491, 42494, 42498, 42806, 42815,
       42871, 42887, 42942, 42964, 43022, 43116, 43153, 43191, 43202,
       43214, 43222, 43224, 43254, 43382, 43455, 43485, 43499, 43518,
       43596, 43696, 43745, 43792, 43962, 43976, 43979, 44021, 44051,
       44095, 44098, 44166, 44186, 44210, 44218, 44282, 44284, 44312,
       44337, 44340, 44411, 44433, 44468, 44515, 44526, 44551, 44563,
       44566, 44575, 44583, 44600, 44622, 44638, 44648, 44754, 44763,
       44794, 44811, 44922, 44952, 45026, 45036, 45051, 45098, 45133,
       45191, 45235, 45261, 45323, 45332, 45354, 45384, 45388, 45443,
       45497, 45547, 45595, 45677, 45829, 45839, 45866, 45872, 45897,
       45900, 45942, 45947, 45961, 46039, 46055, 46127, 46137, 46149,
       46244, 46410, 46447, 46467, 46537, 46539, 46568, 46601, 46613,
       46626, 46651, 46716, 46743, 46799, 46801, 46825, 46900, 46911,
       46912, 46925, 46988, 47029, 47053, 47066, 47083, 47117, 47174,
       47235, 47305, 47310, 47496, 47547, 47570, 47610, 47630, 47664,
       47674, 47696, 47698, 47715, 47801, 47816, 47878, 47895, 47939,
       48060, 48082, 48129, 48164, 48336, 48416, 48432, 48496, 48557,
       48576, 48578, 48597, 48662, 48677, 48698, 48733, 48840, 48847,
       48857, 48874, 48918, 48920, 48927, 48943, 48944, 48967, 48989,
       49016, 49057, 49093, 49096, 49161, 49165, 49250, 49289, 49348,
       49366, 49478]), array([    4,    19,    46,    65,    93,    96,   112,   225,   235,
         249,   268,   303,   305,   310,   311,   352,   373,   393,
         429,   458,   463,   482,   542,   580,   817,   827,   866,
         870,   918,   929,   955,  1070,  1128,  1129,  1331,  1377,
        1398,  1443,  1546,  1547,  1559,  1565,  1681,  1731,  1734,
        1807,  1856,  1887,  1943,  1991,  2015,  2134,  2138,  2169,
        2212,  2236,  2291,  2364,  2377,  2438,  2536,  2551,  2581,
        2608,  2705,  2709,  2747,  2773,  2803,  2805,  2860,  2904,
        2998,  3072,  3106,  3208,  3248,  3260,  3289,  3311,  3358,
        3361,  3442,  3456,  3477,  3495,  3589,  3617,  3629,  3702,
        3747,  3790,  3804,  3977,  3987,  4065,  4168,  4326,  4512,
        4519,  4524,  4550,  4571,  4582,  4595,  4597,  4607,  4711,
        4759,  4815,  4883,  4888,  4898,  4900,  4901,  4947,  4969,
        4970,  5008,  5055,  5096,  5153,  5182,  5207,  5232,  5247,
        5306,  5383,  5461,  5561,  5603,  5614,  5639,  5717,  5739,
        5753,  5782,  5808,  5833,  5845,  5886,  5918,  5922,  5930,
        5931,  5981,  5983,  6081,  6098,  6104,  6168,  6175,  6179,
        6211,  6267,  6295,  6308,  6405,  6442,  6456,  6488,  6568,
        6671,  6734,  6755,  6767,  6805,  6837,  6838,  6900,  6978,
        7008,  7011,  7027,  7078,  7163,  7185,  7216,  7278,  7279,
        7323,  7368,  7374,  7394,  7400,  7454,  7465,  7495,  7512,
        7581,  7633,  7651,  7663,  7697,  7784,  7797,  7829,  7900,
        7934,  7978,  8007,  8029,  8046,  8049,  8093,  8098,  8144,
        8249,  8267,  8313,  8345,  8465,  8475,  8478,  8515,  8537,
        8543,  8587,  8719,  8721,  8723,  8796,  8953,  8956,  8966,
        8995,  9005,  9124,  9152,  9175,  9216,  9234,  9272,  9273,
        9309,  9314,  9354,  9431,  9491,  9559,  9580,  9660,  9672,
        9680,  9755,  9759,  9992,  9993, 10089, 10104, 10227, 10289,
       10296, 10318, 10322, 10348, 10378, 10415, 10470, 10478, 10738,
       10867, 10877, 10889, 10977, 11005, 11013, 11024, 11066, 11092,
       11137, 11292, 11310, 11349, 11365, 11423, 11470, 11507, 11535,
       11568, 11592, 11593, 11597, 11711, 11772, 11804, 11825, 11942,
       11959, 11974, 12039, 12057, 12097, 12119, 12162, 12166, 12189,
       12221, 12236, 12291, 12402, 12455, 12501, 12522, 12593, 12596,
       12691, 12726, 12732, 12733, 12770, 12779, 12791, 12823, 12841,
       12876, 12909, 12914, 12933, 12955, 12976, 13026, 13068, 13116,
       13120, 13271, 13298, 13343, 13375, 13379, 13383, 13396, 13434,
       13597, 13607, 13629, 13638, 13662, 13712, 13729, 13768, 13827,
       13924, 13929, 13986, 14039, 14051, 14061, 14200, 14210, 14231,
       14276, 14370, 14376, 14389, 14396, 14397, 14443, 14493, 14512,
       14518, 14561, 14621, 14643, 14684, 14692, 14738, 14945, 14964,
       14995, 15006, 15016, 15271, 15280, 15289, 15302, 15338, 15400,
       15494, 15532, 15582, 15649, 15652, 15693, 15772, 15825, 15900,
       15927, 16015, 16045, 16068, 16120, 16244, 16259, 16277, 16301,
       16405, 16424, 16502, 16508, 16540, 16574, 16628, 16657, 16681,
       16730, 16753, 16760, 16794, 16817, 16836, 16850, 16919, 16935,
       16956, 17136, 17297, 17298, 17337, 17373, 17381, 17407, 17482,
       17493, 17617, 17673, 17725, 17883, 17886, 17939, 17994, 17995,
       18013, 18115, 18165, 18266, 18273, 18275, 18331, 18344, 18464,
       18471, 18557, 18559, 18565, 18615, 18646, 18648, 18663, 18730,
       18734, 18764, 18928, 18935, 18947, 18984, 19002, 19050, 19062,
       19094, 19112, 19143, 19151, 19206, 19246, 19257, 19264, 19284,
       19286, 19305, 19494, 19508, 19522, 19588, 19725, 19766, 19850,
       19871, 19880, 19887, 19911, 20016, 20042, 20056, 20082, 20096,
       20103, 20160, 20173, 20183, 20192, 20219, 20267, 20343, 20386,
       20387, 20407, 20498, 20526, 20542, 20564, 20618, 20629, 20645,
       20662, 20684, 20687, 20688, 20704, 20720, 20726, 20733, 20861,
       20868, 20875, 20882, 20936, 20967, 21068, 21153, 21161, 21204,
       21215, 21242, 21276, 21289, 21298, 21336, 21371, 21429, 21490,
       21538, 21562, 21589, 21596, 21623, 21647, 21723, 21819, 21919,
       21990, 22037, 22042, 22106, 22120, 22163, 22247, 22267, 22272,
       22284, 22389, 22422, 22427, 22463, 22493, 22624, 22647, 22770,
       22784, 22845, 22852, 22915, 22928, 22996, 23012, 23069, 23102,
       23167, 23192, 23242, 23277, 23314, 23337, 23340, 23407, 23490,
       23530, 23566, 23590, 23595, 23608, 23622, 23659, 23694, 23718,
       23725, 23729, 23794, 23799, 23880, 23892, 23942, 23954, 24045,
       24082, 24091, 24133, 24140, 24152, 24169, 24193, 24202, 24222,
       24236, 24296, 24302, 24330, 24355, 24367, 24389, 24463, 24475,
       24488, 24517, 24674, 24682, 24686, 24718, 24736, 24769, 24810,
       24816, 24818, 24836, 24955, 25025, 25051, 25066, 25130, 25265,
       25287, 25324, 25346, 25351, 25394, 25460, 25557, 25577, 25665,
       25704, 25746, 25796, 25811, 25814, 25827, 25917, 25928, 25959,
       26045, 26067, 26094, 26123, 26137, 26223, 26258, 26307, 26523,
       26534, 26569, 26597, 26627, 26662, 26737, 26750, 26753, 26763,
       26918, 26983, 26991, 27007, 27029, 27163, 27168, 27227, 27231,
       27233, 27290, 27304, 27359, 27410, 27411, 27426, 27446, 27518,
       27743, 27752, 27757, 27792, 27908, 27932, 27956, 28004, 28026,
       28038, 28064, 28074, 28095, 28146, 28163, 28264, 28291, 28494,
       28500, 28515, 28528, 28558, 28568, 28571, 28608, 28615, 28617,
       28619, 28624, 28635, 28640, 28683, 28696, 28713, 28735, 28800,
       28823, 28845, 28875, 28876, 28881, 28907, 28961, 28973, 29010,
       29027, 29054, 29086, 29137, 29160, 29196, 29197, 29209, 29223,
       29256, 29265, 29341, 29374, 29392, 29461, 29463, 29489, 29520,
       29548, 29608, 29649, 29671, 29683, 29720, 29758, 29759, 29798,
       29859, 29876, 29931, 29937, 30065, 30089, 30134, 30180, 30198,
       30213, 30218, 30241, 30270, 30361, 30387, 30491, 30494, 30552,
       30589, 30610, 30695, 30737, 30760, 30772, 30782, 30785, 30786,
       30792, 30811, 30823, 30851, 30926, 30938, 30995, 31007, 31023,
       31028, 31030, 31083, 31165, 31219, 31221, 31400, 31509, 31524,
       31568, 31645, 31665, 31719, 31798, 31886, 31912, 31971, 31996,
       32042, 32138, 32272, 32305, 32333, 32348, 32350, 32388, 32411,
       32473, 32503, 32545, 32640, 32693, 32714, 32727, 32861, 32986,
       33004, 33051, 33058, 33102, 33329, 33358, 33400, 33403, 33463,
       33539, 33559, 33622, 33633, 33714, 33720, 33724, 33779, 33813,
       33828, 33845, 33857, 33859, 33889, 33899, 33914, 33929, 33938,
       34043, 34177, 34181, 34187, 34245, 34276, 34322, 34343, 34347,
       34366, 34367, 34420, 34431, 34448, 34509, 34572, 34665, 34691,
       34694, 34701, 34775, 34783, 34803, 34815, 34859, 34941, 34964,
       35039, 35042, 35058, 35091, 35145, 35170, 35230, 35249, 35261,
       35302, 35391, 35423, 35444, 35497, 35567, 35626, 35661, 35662,
       35761, 35841, 35871, 35962, 35966, 35967, 36009, 36033, 36036,
       36078, 36122, 36169, 36225, 36246, 36272, 36344, 36367, 36378,
       36449, 36481, 36510, 36613, 36653, 36654, 36724, 36813, 36865,
       36984, 37013, 37017, 37033, 37058, 37125, 37226, 37236, 37237,
       37246, 37282, 37296, 37409, 37548, 37577, 37590, 37596, 37635,
       37673, 37710, 37779, 37861, 37892, 37904, 37965, 38085, 38104,
       38113, 38115, 38163, 38190, 38200, 38271, 38272, 38279, 38346,
       38363, 38405, 38436, 38460, 38492, 38511, 38590, 38593, 38656,
       38659, 38732, 38733, 38746, 38816, 38887, 38889, 38903, 38974,
       38993, 38997, 39032, 39085, 39102, 39115, 39262, 39373, 39376,
       39411, 39417, 39424, 39449, 39469, 39513, 39545, 39592, 39608,
       39639, 39651, 39687, 39721, 39788, 39810, 39861, 39870, 39880,
       39895, 39961, 39997, 40056, 40103, 40121, 40189, 40196, 40233,
       40258, 40351, 40410, 40417, 40478, 40485, 40535, 40611, 40651,
       40667, 40720, 40751, 40753, 40759, 40790, 40815, 40877, 40990,
       41048, 41065, 41126, 41173, 41211, 41260, 41304, 41321, 41329,
       41335, 41430, 41476, 41550, 41587, 41703, 41733, 41787, 41810,
       41860, 41886, 41982, 41990, 42018, 42053, 42068, 42087, 42189,
       42202, 42214, 42273, 42282, 42297, 42301, 42309, 42314, 42328,
       42339, 42359, 42449, 42451, 42486, 42491, 42494, 42498, 42806,
       42815, 42871, 42887, 42942, 42964, 43022, 43049, 43116, 43153,
       43191, 43202, 43214, 43222, 43224, 43254, 43382, 43485, 43496,
       43499, 43518, 43596, 43696, 43745, 43792, 43962, 43976, 43979,
       44021, 44051, 44095, 44098, 44166, 44186, 44210, 44218, 44282,
       44284, 44312, 44337, 44340, 44411, 44433, 44468, 44515, 44526,
       44551, 44563, 44566, 44575, 44583, 44600, 44622, 44638, 44648,
       44763, 44794, 44811, 44922, 44952, 44976, 45026, 45036, 45051,
       45098, 45119, 45133, 45191, 45235, 45261, 45323, 45332, 45354,
       45384, 45388, 45443, 45497, 45547, 45572, 45595, 45801, 45829,
       45839, 45866, 45872, 45897, 45900, 45942, 45947, 45961, 46055,
       46127, 46137, 46149, 46244, 46410, 46447, 46467, 46537, 46539,
       46568, 46601, 46613, 46626, 46651, 46674, 46686, 46716, 46743,
       46799, 46801, 46825, 46900, 46911, 46912, 46925, 46958, 46988,
       47029, 47053, 47066, 47083, 47117, 47174, 47235, 47305, 47310,
       47496, 47547, 47570, 47610, 47630, 47639, 47664, 47674, 47696,
       47698, 47715, 47816, 47878, 47895, 47939, 48060, 48082, 48129,
       48164, 48304, 48307, 48336, 48416, 48432, 48496, 48557, 48576,
       48578, 48597, 48662, 48677, 48698, 48840, 48847, 48857, 48874,
       48918, 48920, 48927, 48943, 48944, 48967, 48989, 49016, 49057,
       49086, 49093, 49096, 49161, 49165, 49173, 49250, 49289, 49348,
       49366, 49478]), array([    4,    19,    46,    65,    93,    96,   112,   225,   235,
         249,   268,   303,   305,   310,   311,   352,   373,   393,
         429,   458,   463,   482,   542,   580,   817,   827,   866,
         870,   918,   929,   955,  1070,  1128,  1129,  1331,  1377,
        1398,  1443,  1546,  1547,  1559,  1565,  1681,  1686,  1731,
        1734,  1807,  1856,  1887,  1991,  2015,  2134,  2138,  2169,
        2212,  2236,  2291,  2364,  2377,  2385,  2438,  2536,  2551,
        2608,  2705,  2709,  2747,  2773,  2803,  2805,  2860,  2904,
        2998,  3000,  3072,  3106,  3208,  3248,  3260,  3289,  3311,
        3358,  3361,  3442,  3456,  3477,  3495,  3509,  3589,  3617,
        3629,  3702,  3712,  3747,  3790,  3804,  3977,  3987,  4065,
        4168,  4326,  4512,  4519,  4524,  4550,  4571,  4582,  4595,
        4597,  4607,  4711,  4759,  4815,  4883,  4898,  4900,  4901,
        4947,  4969,  4970,  5008,  5055,  5096,  5153,  5182,  5207,
        5232,  5247,  5306,  5383,  5461,  5561,  5603,  5614,  5639,
        5717,  5753,  5782,  5808,  5833,  5845,  5886,  5918,  5922,
        5930,  5931,  5981,  5983,  6081,  6098,  6104,  6168,  6175,
        6179,  6211,  6267,  6295,  6308,  6405,  6442,  6456,  6488,
        6568,  6671,  6734,  6755,  6767,  6805,  6837,  6900,  6978,
        7008,  7011,  7027,  7078,  7163,  7185,  7216,  7278,  7279,
        7323,  7368,  7374,  7394,  7400,  7454,  7465,  7495,  7512,
        7581,  7597,  7633,  7651,  7663,  7697,  7701,  7784,  7797,
        7829,  7900,  7934,  7978,  8007,  8029,  8046,  8049,  8093,
        8098,  8144,  8249,  8267,  8313,  8345,  8349,  8465,  8475,
        8478,  8515,  8537,  8543,  8587,  8719,  8721,  8723,  8796,
        8952,  8953,  8956,  8966,  8990,  8995,  9005,  9124,  9152,
        9175,  9216,  9234,  9272,  9273,  9309,  9314,  9354,  9431,
        9491,  9559,  9580,  9660,  9672,  9680,  9755,  9759,  9992,
        9993, 10089, 10104, 10221, 10227, 10289, 10296, 10318, 10322,
       10348, 10378, 10415, 10471, 10478, 10729, 10738, 10867, 10877,
       10889, 10977, 11005, 11013, 11024, 11066, 11092, 11137, 11292,
       11310, 11349, 11365, 11423, 11470, 11507, 11535, 11568, 11592,
       11593, 11597, 11711, 11772, 11804, 11825, 11942, 11959, 11974,
       12014, 12039, 12057, 12072, 12097, 12119, 12162, 12166, 12189,
       12221, 12236, 12291, 12402, 12455, 12501, 12522, 12593, 12596,
       12691, 12718, 12726, 12732, 12733, 12770, 12779, 12791, 12823,
       12841, 12876, 12894, 12909, 12914, 12933, 12955, 12976, 13026,
       13068, 13116, 13120, 13271, 13298, 13343, 13375, 13379, 13383,
       13396, 13434, 13597, 13607, 13629, 13638, 13648, 13708, 13712,
       13729, 13768, 13827, 13924, 13929, 13986, 14039, 14051, 14061,
       14200, 14210, 14231, 14276, 14363, 14370, 14376, 14389, 14396,
       14397, 14443, 14463, 14493, 14512, 14518, 14621, 14643, 14650,
       14684, 14692, 14738, 14945, 14964, 14995, 15006, 15016, 15271,
       15280, 15289, 15302, 15338, 15400, 15494, 15532, 15582, 15649,
       15652, 15693, 15772, 15825, 15900, 15927, 15968, 16015, 16045,
       16068, 16120, 16244, 16259, 16277, 16301, 16405, 16424, 16502,
       16508, 16540, 16574, 16628, 16657, 16681, 16683, 16730, 16753,
       16794, 16817, 16836, 16850, 16919, 16935, 16956, 17135, 17136,
       17297, 17298, 17337, 17373, 17381, 17407, 17482, 17493, 17565,
       17617, 17621, 17673, 17725, 17883, 17886, 17939, 17994, 17995,
       18013, 18065, 18115, 18165, 18266, 18273, 18275, 18331, 18344,
       18464, 18471, 18557, 18559, 18565, 18615, 18646, 18648, 18663,
       18730, 18734, 18764, 18858, 18928, 18935, 18947, 18984, 19002,
       19050, 19062, 19094, 19112, 19143, 19151, 19206, 19246, 19257,
       19264, 19284, 19286, 19305, 19335, 19494, 19508, 19522, 19588,
       19725, 19766, 19850, 19871, 19880, 19887, 19911, 20016, 20042,
       20056, 20082, 20096, 20103, 20160, 20173, 20192, 20219, 20267,
       20343, 20386, 20387, 20407, 20498, 20526, 20542, 20564, 20618,
       20629, 20645, 20662, 20684, 20687, 20688, 20704, 20720, 20726,
       20733, 20861, 20868, 20875, 20882, 20936, 20967, 21068, 21153,
       21161, 21204, 21215, 21242, 21276, 21289, 21298, 21336, 21371,
       21392, 21429, 21490, 21538, 21562, 21589, 21596, 21623, 21647,
       21723, 21819, 21919, 21990, 22037, 22042, 22106, 22120, 22163,
       22247, 22267, 22272, 22284, 22389, 22422, 22427, 22463, 22493,
       22624, 22647, 22770, 22784, 22822, 22845, 22852, 22928, 22974,
       22977, 22996, 23012, 23069, 23102, 23167, 23192, 23242, 23277,
       23314, 23337, 23340, 23407, 23490, 23530, 23566, 23590, 23595,
       23604, 23608, 23622, 23659, 23694, 23718, 23725, 23729, 23794,
       23799, 23880, 23892, 23942, 23954, 24008, 24045, 24082, 24091,
       24133, 24140, 24152, 24169, 24190, 24193, 24202, 24222, 24236,
       24296, 24302, 24330, 24355, 24367, 24389, 24463, 24475, 24488,
       24517, 24674, 24682, 24686, 24718, 24736, 24769, 24810, 24816,
       24818, 24836, 24955, 25025, 25051, 25066, 25265, 25287, 25324,
       25328, 25346, 25351, 25394, 25460, 25557, 25577, 25665, 25704,
       25746, 25796, 25811, 25814, 25827, 25917, 25928, 25959, 26045,
       26067, 26094, 26123, 26137, 26223, 26258, 26307, 26365, 26523,
       26534, 26569, 26597, 26627, 26662, 26737, 26750, 26753, 26763,
       26918, 26983, 26991, 27007, 27029, 27163, 27168, 27227, 27231,
       27290, 27304, 27359, 27410, 27411, 27426, 27446, 27518, 27525,
       27743, 27752, 27757, 27792, 27908, 27932, 27956, 28004, 28026,
       28038, 28064, 28074, 28095, 28106, 28146, 28163, 28291, 28297,
       28309, 28494, 28500, 28515, 28528, 28558, 28568, 28571, 28608,
       28615, 28617, 28619, 28624, 28635, 28640, 28683, 28696, 28713,
       28735, 28800, 28823, 28845, 28875, 28876, 28881, 28907, 28961,
       28973, 29010, 29027, 29054, 29086, 29137, 29160, 29175, 29196,
       29197, 29223, 29256, 29319, 29341, 29374, 29392, 29461, 29463,
       29489, 29520, 29548, 29608, 29649, 29671, 29683, 29720, 29758,
       29759, 29798, 29859, 29876, 29931, 29937, 30053, 30065, 30089,
       30134, 30180, 30198, 30213, 30218, 30241, 30270, 30361, 30366,
       30387, 30491, 30494, 30552, 30589, 30610, 30695, 30737, 30760,
       30772, 30782, 30785, 30786, 30792, 30811, 30823, 30851, 30926,
       30938, 30995, 31007, 31023, 31028, 31030, 31083, 31165, 31219,
       31400, 31509, 31524, 31568, 31645, 31665, 31719, 31798, 31886,
       31912, 31971, 31996, 32042, 32138, 32272, 32305, 32333, 32348,
       32350, 32388, 32411, 32473, 32503, 32545, 32640, 32693, 32714,
       32727, 32861, 32879, 32986, 33051, 33058, 33102, 33329, 33358,
       33400, 33403, 33539, 33559, 33622, 33633, 33714, 33720, 33724,
       33748, 33759, 33779, 33813, 33828, 33845, 33857, 33859, 33889,
       33899, 33914, 33929, 33938, 34043, 34177, 34181, 34187, 34276,
       34322, 34343, 34347, 34366, 34367, 34420, 34431, 34448, 34509,
       34572, 34665, 34691, 34694, 34701, 34775, 34783, 34803, 34815,
       34859, 34941, 34964, 35039, 35042, 35058, 35091, 35145, 35170,
       35230, 35249, 35261, 35302, 35391, 35423, 35444, 35497, 35548,
       35567, 35626, 35661, 35662, 35761, 35762, 35841, 35871, 35962,
       35967, 36009, 36033, 36078, 36115, 36122, 36169, 36225, 36246,
       36272, 36344, 36367, 36378, 36401, 36405, 36449, 36481, 36510,
       36613, 36653, 36654, 36724, 36813, 36831, 36865, 36984, 37013,
       37017, 37033, 37058, 37226, 37236, 37237, 37246, 37282, 37296,
       37409, 37548, 37577, 37590, 37596, 37635, 37673, 37710, 37779,
       37861, 37892, 37904, 37982, 38085, 38104, 38113, 38115, 38163,
       38190, 38200, 38271, 38272, 38279, 38346, 38363, 38405, 38436,
       38460, 38492, 38511, 38590, 38593, 38656, 38659, 38732, 38733,
       38746, 38816, 38887, 38889, 38974, 38993, 38997, 39032, 39085,
       39102, 39115, 39262, 39373, 39376, 39411, 39417, 39424, 39449,
       39469, 39513, 39545, 39592, 39608, 39639, 39651, 39687, 39721,
       39788, 39795, 39810, 39861, 39870, 39880, 39895, 39961, 39997,
       40056, 40103, 40121, 40189, 40196, 40233, 40258, 40351, 40410,
       40417, 40478, 40485, 40535, 40611, 40651, 40667, 40720, 40751,
       40753, 40759, 40790, 40815, 40877, 40905, 40990, 41048, 41065,
       41126, 41173, 41174, 41180, 41211, 41260, 41304, 41321, 41329,
       41335, 41430, 41476, 41550, 41587, 41703, 41733, 41787, 41810,
       41860, 41886, 41982, 41990, 42018, 42053, 42068, 42087, 42189,
       42202, 42214, 42273, 42282, 42297, 42301, 42309, 42328, 42339,
       42359, 42449, 42451, 42486, 42491, 42494, 42498, 42806, 42815,
       42871, 42887, 42942, 42964, 43022, 43049, 43116, 43153, 43191,
       43202, 43214, 43222, 43224, 43254, 43382, 43485, 43499, 43518,
       43596, 43696, 43745, 43792, 43833, 43962, 43976, 43979, 44021,
       44051, 44095, 44098, 44122, 44166, 44186, 44210, 44218, 44282,
       44284, 44312, 44337, 44340, 44411, 44433, 44468, 44515, 44526,
       44551, 44563, 44566, 44575, 44583, 44600, 44622, 44638, 44648,
       44754, 44763, 44794, 44811, 44922, 44952, 44976, 45026, 45036,
       45051, 45098, 45133, 45191, 45235, 45261, 45323, 45332, 45354,
       45384, 45388, 45443, 45497, 45547, 45572, 45595, 45677, 45829,
       45839, 45866, 45872, 45897, 45900, 45942, 45947, 45961, 46039,
       46055, 46127, 46137, 46149, 46244, 46410, 46447, 46467, 46537,
       46539, 46568, 46601, 46613, 46626, 46651, 46674, 46686, 46716,
       46743, 46799, 46801, 46825, 46900, 46911, 46912, 46925, 46958,
       46988, 47029, 47053, 47066, 47083, 47117, 47174, 47235, 47305,
       47409, 47496, 47547, 47570, 47610, 47630, 47664, 47674, 47696,
       47698, 47715, 47747, 47801, 47816, 47862, 47878, 47895, 47939,
       48060, 48082, 48129, 48164, 48304, 48307, 48336, 48416, 48432,
       48496, 48557, 48576, 48578, 48597, 48662, 48698, 48733, 48840,
       48847, 48857, 48874, 48918, 48920, 48927, 48943, 48944, 48967,
       48989, 49016, 49057, 49086, 49093, 49096, 49161, 49165, 49250,
       49289, 49348, 49366, 49478]), array([    4,    19,    46,    65,    93,    96,   112,   154,   175,
         225,   235,   249,   268,   303,   310,   311,   352,   373,
         393,   429,   458,   463,   482,   542,   580,   817,   827,
         866,   870,   918,   929,   955,  1070,  1128,  1129,  1331,
        1377,  1398,  1443,  1546,  1547,  1559,  1565,  1681,  1731,
        1734,  1807,  1856,  1887,  1943,  1991,  2015,  2134,  2138,
        2169,  2212,  2236,  2291,  2364,  2377,  2438,  2536,  2551,
        2608,  2705,  2709,  2747,  2773,  2803,  2805,  2904,  2998,
        3000,  3072,  3106,  3208,  3248,  3260,  3289,  3311,  3358,
        3361,  3442,  3456,  3477,  3495,  3509,  3589,  3617,  3629,
        3702,  3747,  3790,  3804,  3977,  3987,  4065,  4168,  4326,
        4476,  4512,  4519,  4524,  4550,  4571,  4582,  4595,  4597,
        4607,  4711,  4759,  4815,  4883,  4898,  4900,  4901,  4947,
        4969,  4970,  5008,  5055,  5096,  5153,  5182,  5207,  5232,
        5247,  5306,  5383,  5461,  5561,  5603,  5614,  5639,  5717,
        5753,  5782,  5808,  5833,  5845,  5886,  5918,  5922,  5930,
        5931,  5981,  5983,  6011,  6081,  6098,  6104,  6168,  6175,
        6179,  6211,  6267,  6295,  6308,  6405,  6442,  6488,  6568,
        6671,  6734,  6755,  6767,  6805,  6837,  6838,  6900,  6978,
        7008,  7011,  7027,  7078,  7163,  7185,  7216,  7278,  7279,
        7323,  7368,  7374,  7394,  7400,  7454,  7465,  7495,  7512,
        7581,  7597,  7633,  7651,  7663,  7697,  7784,  7797,  7829,
        7900,  7934,  7978,  8007,  8029,  8046,  8049,  8093,  8098,
        8144,  8249,  8267,  8313,  8345,  8349,  8465,  8475,  8478,
        8515,  8537,  8543,  8587,  8719,  8721,  8723,  8796,  8952,
        8953,  8956,  8966,  8990,  8995,  9005,  9124,  9152,  9175,
        9216,  9234,  9272,  9273,  9299,  9309,  9314,  9354,  9431,
        9491,  9559,  9580,  9660,  9672,  9680,  9755,  9759,  9992,
        9993, 10089, 10104, 10221, 10227, 10289, 10296, 10318, 10322,
       10348, 10378, 10415, 10470, 10471, 10478, 10729, 10738, 10767,
       10867, 10877, 10889, 10977, 11005, 11013, 11024, 11066, 11092,
       11137, 11292, 11310, 11349, 11365, 11423, 11470, 11507, 11535,
       11568, 11592, 11593, 11597, 11660, 11711, 11772, 11804, 11825,
       11942, 11959, 11974, 12014, 12039, 12057, 12097, 12119, 12162,
       12166, 12189, 12221, 12236, 12291, 12402, 12455, 12501, 12522,
       12593, 12596, 12691, 12718, 12726, 12732, 12733, 12770, 12779,
       12791, 12823, 12841, 12876, 12909, 12914, 12933, 12955, 12976,
       13026, 13068, 13116, 13120, 13271, 13298, 13343, 13375, 13379,
       13383, 13396, 13434, 13597, 13607, 13629, 13638, 13648, 13662,
       13708, 13712, 13729, 13768, 13827, 13924, 13929, 13986, 14039,
       14051, 14061, 14200, 14210, 14231, 14276, 14349, 14370, 14376,
       14389, 14396, 14397, 14443, 14493, 14512, 14518, 14561, 14621,
       14643, 14684, 14692, 14726, 14738, 14945, 14964, 14995, 15006,
       15016, 15271, 15280, 15289, 15302, 15333, 15338, 15400, 15494,
       15532, 15582, 15649, 15652, 15693, 15772, 15825, 15900, 15927,
       15968, 16015, 16045, 16068, 16120, 16244, 16259, 16277, 16301,
       16405, 16424, 16502, 16508, 16540, 16574, 16628, 16657, 16681,
       16683, 16730, 16753, 16794, 16817, 16836, 16850, 16919, 16935,
       16956, 17132, 17135, 17136, 17297, 17298, 17337, 17373, 17381,
       17407, 17482, 17493, 17565, 17617, 17621, 17673, 17725, 17767,
       17883, 17886, 17939, 17994, 17995, 18013, 18065, 18115, 18165,
       18266, 18273, 18275, 18331, 18344, 18464, 18471, 18557, 18559,
       18565, 18615, 18646, 18648, 18663, 18730, 18734, 18764, 18858,
       18928, 18935, 18947, 18984, 19002, 19050, 19062, 19094, 19112,
       19143, 19151, 19206, 19246, 19257, 19264, 19284, 19286, 19305,
       19494, 19508, 19522, 19588, 19725, 19766, 19784, 19850, 19871,
       19880, 19887, 19911, 20016, 20042, 20056, 20082, 20096, 20103,
       20160, 20173, 20192, 20219, 20267, 20343, 20386, 20387, 20407,
       20498, 20526, 20542, 20564, 20618, 20629, 20645, 20662, 20684,
       20687, 20688, 20704, 20720, 20726, 20733, 20861, 20868, 20875,
       20882, 20936, 20967, 21068, 21153, 21161, 21204, 21215, 21242,
       21276, 21289, 21298, 21336, 21371, 21392, 21429, 21490, 21538,
       21562, 21589, 21596, 21623, 21647, 21723, 21819, 21830, 21919,
       21990, 22037, 22042, 22106, 22120, 22163, 22247, 22267, 22272,
       22284, 22313, 22389, 22422, 22427, 22448, 22463, 22493, 22624,
       22647, 22723, 22770, 22784, 22822, 22845, 22852, 22928, 22974,
       23012, 23069, 23102, 23167, 23192, 23242, 23277, 23314, 23337,
       23340, 23379, 23407, 23426, 23490, 23530, 23566, 23590, 23595,
       23604, 23608, 23622, 23659, 23694, 23718, 23721, 23725, 23729,
       23794, 23799, 23880, 23892, 23942, 23945, 23954, 24008, 24045,
       24077, 24082, 24091, 24133, 24140, 24152, 24169, 24193, 24202,
       24222, 24236, 24296, 24302, 24317, 24330, 24355, 24367, 24389,
       24463, 24468, 24475, 24488, 24517, 24674, 24682, 24686, 24718,
       24736, 24769, 24810, 24816, 24818, 24836, 24955, 24985, 25025,
       25051, 25066, 25265, 25287, 25324, 25328, 25346, 25351, 25394,
       25460, 25557, 25577, 25665, 25704, 25746, 25796, 25811, 25827,
       25917, 25928, 25959, 26045, 26067, 26094, 26123, 26137, 26223,
       26258, 26307, 26365, 26441, 26471, 26523, 26534, 26569, 26597,
       26627, 26662, 26737, 26750, 26753, 26763, 26918, 26983, 26991,
       27007, 27022, 27029, 27163, 27168, 27227, 27231, 27233, 27290,
       27304, 27359, 27410, 27426, 27446, 27518, 27525, 27699, 27743,
       27752, 27757, 27792, 27908, 27932, 27956, 28004, 28026, 28038,
       28064, 28074, 28095, 28106, 28146, 28163, 28264, 28291, 28297,
       28309, 28494, 28500, 28515, 28528, 28558, 28568, 28571, 28608,
       28615, 28617, 28619, 28624, 28635, 28640, 28683, 28696, 28713,
       28735, 28800, 28823, 28845, 28875, 28876, 28881, 28907, 28961,
       28973, 29010, 29027, 29054, 29086, 29137, 29160, 29175, 29196,
       29197, 29209, 29223, 29256, 29341, 29374, 29392, 29461, 29463,
       29489, 29520, 29548, 29591, 29608, 29649, 29671, 29683, 29720,
       29758, 29759, 29788, 29798, 29859, 29876, 29931, 29937, 30053,
       30065, 30089, 30134, 30198, 30213, 30218, 30241, 30270, 30361,
       30387, 30491, 30494, 30552, 30589, 30610, 30695, 30737, 30772,
       30782, 30785, 30786, 30792, 30811, 30823, 30851, 30926, 30938,
       30995, 31007, 31023, 31028, 31030, 31083, 31165, 31219, 31221,
       31400, 31509, 31524, 31568, 31607, 31645, 31665, 31719, 31798,
       31886, 31912, 31971, 31996, 32042, 32138, 32272, 32305, 32333,
       32348, 32350, 32388, 32411, 32473, 32503, 32545, 32640, 32693,
       32714, 32727, 32861, 32879, 32986, 33004, 33051, 33058, 33102,
       33329, 33358, 33400, 33403, 33539, 33559, 33622, 33633, 33714,
       33720, 33724, 33748, 33779, 33813, 33828, 33845, 33857, 33859,
       33889, 33899, 33914, 33929, 33938, 34043, 34177, 34181, 34187,
       34276, 34322, 34343, 34347, 34366, 34367, 34420, 34431, 34448,
       34509, 34572, 34665, 34691, 34694, 34701, 34775, 34783, 34803,
       34815, 34859, 34941, 34964, 35039, 35042, 35058, 35091, 35145,
       35170, 35230, 35249, 35261, 35302, 35324, 35391, 35423, 35444,
       35497, 35548, 35567, 35613, 35626, 35661, 35662, 35761, 35762,
       35841, 35871, 35962, 35966, 35967, 36009, 36033, 36036, 36078,
       36122, 36169, 36225, 36246, 36272, 36344, 36367, 36378, 36449,
       36481, 36510, 36613, 36653, 36654, 36724, 36813, 36831, 36850,
       36865, 36984, 37013, 37017, 37033, 37058, 37106, 37226, 37236,
       37237, 37246, 37282, 37296, 37409, 37548, 37577, 37590, 37596,
       37635, 37660, 37673, 37710, 37779, 37861, 37892, 37904, 37919,
       37982, 38085, 38113, 38115, 38163, 38190, 38200, 38271, 38272,
       38279, 38346, 38363, 38405, 38436, 38460, 38492, 38511, 38590,
       38593, 38656, 38659, 38732, 38733, 38746, 38816, 38887, 38889,
       38974, 38993, 38997, 39032, 39085, 39102, 39115, 39262, 39373,
       39376, 39411, 39417, 39424, 39449, 39469, 39513, 39545, 39592,
       39608, 39639, 39651, 39687, 39721, 39788, 39795, 39810, 39861,
       39870, 39880, 39895, 39961, 39997, 40056, 40103, 40121, 40189,
       40196, 40233, 40258, 40344, 40351, 40410, 40417, 40478, 40485,
       40535, 40611, 40651, 40667, 40720, 40751, 40753, 40759, 40790,
       40815, 40877, 40990, 41048, 41065, 41126, 41173, 41174, 41180,
       41211, 41260, 41304, 41321, 41329, 41335, 41430, 41476, 41550,
       41587, 41703, 41733, 41787, 41810, 41860, 41886, 41982, 41990,
       42018, 42053, 42068, 42087, 42189, 42202, 42214, 42273, 42282,
       42297, 42301, 42309, 42314, 42328, 42339, 42359, 42449, 42451,
       42486, 42491, 42494, 42498, 42785, 42806, 42815, 42871, 42887,
       42942, 42964, 43022, 43116, 43153, 43191, 43202, 43214, 43222,
       43224, 43254, 43382, 43485, 43496, 43499, 43518, 43596, 43696,
       43745, 43779, 43792, 43962, 43976, 43979, 44021, 44051, 44095,
       44098, 44166, 44186, 44210, 44218, 44282, 44284, 44312, 44337,
       44340, 44411, 44433, 44468, 44515, 44526, 44551, 44563, 44566,
       44575, 44583, 44600, 44622, 44638, 44648, 44754, 44763, 44794,
       44811, 44922, 44952, 44976, 45026, 45036, 45051, 45098, 45133,
       45191, 45235, 45261, 45323, 45332, 45354, 45384, 45388, 45443,
       45521, 45547, 45572, 45595, 45677, 45801, 45829, 45839, 45866,
       45872, 45897, 45900, 45921, 45942, 45947, 45961, 46039, 46055,
       46127, 46137, 46149, 46244, 46410, 46447, 46467, 46537, 46539,
       46568, 46601, 46613, 46626, 46651, 46674, 46686, 46716, 46743,
       46799, 46801, 46825, 46900, 46911, 46912, 46925, 46958, 46988,
       47029, 47053, 47066, 47083, 47117, 47174, 47235, 47305, 47310,
       47496, 47547, 47570, 47610, 47630, 47664, 47674, 47696, 47698,
       47715, 47747, 47801, 47816, 47878, 47895, 47939, 48060, 48082,
       48129, 48164, 48307, 48336, 48416, 48432, 48496, 48557, 48576,
       48578, 48597, 48662, 48698, 48733, 48840, 48847, 48857, 48874,
       48918, 48920, 48927, 48943, 48944, 48967, 48989, 49016, 49057,
       49086, 49093, 49096, 49161, 49165, 49173, 49204, 49250, 49289,
       49348, 49366, 49478]), array([    4,    19,    46,    65,    93,    96,   112,   154,   175,
         225,   235,   249,   268,   303,   305,   310,   311,   352,
         373,   393,   429,   458,   463,   482,   542,   580,   817,
         827,   866,   870,   918,   929,   955,  1070,  1128,  1129,
        1331,  1377,  1398,  1443,  1546,  1547,  1559,  1565,  1681,
        1731,  1734,  1807,  1856,  1887,  1943,  1991,  2015,  2134,
        2138,  2169,  2212,  2236,  2291,  2364,  2377,  2385,  2438,
        2536,  2551,  2608,  2705,  2709,  2747,  2773,  2803,  2805,
        2904,  2998,  3072,  3106,  3208,  3248,  3260,  3289,  3311,
        3358,  3361,  3442,  3456,  3477,  3495,  3509,  3589,  3617,
        3629,  3702,  3747,  3790,  3804,  3977,  3987,  4065,  4168,
        4326,  4476,  4512,  4519,  4524,  4550,  4571,  4582,  4595,
        4597,  4607,  4711,  4759,  4815,  4883,  4898,  4900,  4901,
        4947,  4969,  4970,  5008,  5055,  5096,  5153,  5182,  5207,
        5232,  5247,  5306,  5383,  5461,  5561,  5603,  5614,  5639,
        5717,  5739,  5753,  5782,  5808,  5833,  5845,  5886,  5918,
        5922,  5930,  5931,  5983,  6011,  6081,  6098,  6104,  6168,
        6175,  6179,  6211,  6267,  6295,  6308,  6405,  6442,  6456,
        6488,  6568,  6671,  6734,  6755,  6767,  6805,  6837,  6838,
        6900,  6978,  7008,  7011,  7027,  7078,  7163,  7185,  7216,
        7278,  7279,  7323,  7368,  7374,  7394,  7400,  7454,  7465,
        7495,  7512,  7581,  7597,  7651,  7663,  7697,  7784,  7797,
        7829,  7900,  7934,  7978,  8007,  8026,  8029,  8046,  8049,
        8093,  8098,  8144,  8249,  8267,  8313,  8345,  8465,  8475,
        8478,  8515,  8537,  8543,  8587,  8719,  8721,  8723,  8796,
        8952,  8953,  8956,  8966,  8990,  9005,  9124,  9152,  9175,
        9216,  9234,  9272,  9273,  9309,  9314,  9354,  9431,  9491,
        9559,  9580,  9660,  9672,  9680,  9755,  9759,  9992,  9993,
       10104, 10221, 10227, 10289, 10296, 10318, 10322, 10348, 10378,
       10415, 10470, 10478, 10729, 10738, 10767, 10867, 10877, 10889,
       10977, 11005, 11013, 11024, 11066, 11092, 11137, 11292, 11310,
       11349, 11365, 11423, 11470, 11507, 11535, 11568, 11592, 11593,
       11597, 11711, 11772, 11804, 11825, 11942, 11959, 11974, 12014,
       12039, 12057, 12072, 12097, 12119, 12162, 12166, 12189, 12221,
       12236, 12291, 12402, 12455, 12501, 12522, 12593, 12596, 12691,
       12718, 12726, 12732, 12733, 12770, 12779, 12791, 12823, 12841,
       12876, 12909, 12914, 12933, 12955, 12976, 13026, 13068, 13116,
       13120, 13271, 13298, 13343, 13375, 13379, 13383, 13396, 13434,
       13597, 13607, 13629, 13638, 13648, 13662, 13708, 13712, 13729,
       13768, 13827, 13924, 13929, 13986, 14039, 14051, 14061, 14200,
       14210, 14231, 14276, 14370, 14376, 14389, 14396, 14397, 14443,
       14493, 14512, 14518, 14561, 14621, 14643, 14684, 14692, 14726,
       14945, 14964, 14995, 15006, 15016, 15271, 15280, 15289, 15302,
       15338, 15400, 15494, 15532, 15582, 15649, 15652, 15693, 15772,
       15825, 15900, 15927, 15968, 16015, 16045, 16068, 16120, 16244,
       16259, 16277, 16301, 16405, 16424, 16502, 16508, 16540, 16574,
       16628, 16657, 16681, 16730, 16753, 16760, 16794, 16817, 16836,
       16850, 16919, 16935, 16956, 17132, 17135, 17136, 17297, 17298,
       17337, 17373, 17381, 17407, 17482, 17493, 17617, 17621, 17673,
       17725, 17883, 17886, 17939, 17994, 17995, 18013, 18065, 18115,
       18165, 18266, 18273, 18275, 18331, 18344, 18464, 18471, 18485,
       18557, 18559, 18565, 18615, 18646, 18648, 18663, 18730, 18734,
       18764, 18858, 18928, 18935, 18947, 18984, 19002, 19050, 19062,
       19094, 19112, 19143, 19151, 19206, 19246, 19257, 19264, 19284,
       19286, 19305, 19494, 19508, 19522, 19588, 19725, 19766, 19850,
       19871, 19880, 19887, 19911, 20016, 20042, 20056, 20082, 20096,
       20103, 20160, 20173, 20192, 20219, 20267, 20343, 20386, 20387,
       20407, 20498, 20526, 20542, 20564, 20593, 20618, 20629, 20645,
       20662, 20684, 20687, 20688, 20704, 20720, 20726, 20733, 20861,
       20868, 20875, 20882, 20936, 20967, 21068, 21153, 21161, 21204,
       21215, 21242, 21276, 21289, 21298, 21336, 21371, 21429, 21490,
       21538, 21562, 21589, 21596, 21623, 21647, 21723, 21819, 21919,
       21990, 22037, 22042, 22056, 22120, 22163, 22247, 22267, 22272,
       22284, 22368, 22389, 22422, 22427, 22448, 22463, 22484, 22493,
       22624, 22647, 22723, 22770, 22784, 22822, 22845, 22852, 22928,
       23012, 23069, 23102, 23167, 23192, 23242, 23277, 23314, 23337,
       23340, 23379, 23407, 23426, 23490, 23530, 23566, 23590, 23595,
       23604, 23608, 23622, 23659, 23694, 23718, 23725, 23729, 23794,
       23799, 23880, 23892, 23942, 23954, 24008, 24045, 24077, 24082,
       24091, 24133, 24140, 24152, 24169, 24193, 24202, 24222, 24236,
       24296, 24302, 24317, 24330, 24355, 24367, 24389, 24463, 24468,
       24475, 24488, 24517, 24583, 24674, 24682, 24686, 24718, 24736,
       24769, 24810, 24816, 24818, 24836, 24955, 24985, 25025, 25051,
       25066, 25130, 25265, 25287, 25324, 25346, 25351, 25394, 25460,
       25557, 25577, 25665, 25704, 25746, 25796, 25811, 25814, 25827,
       25917, 25928, 25959, 26045, 26067, 26094, 26123, 26137, 26223,
       26258, 26307, 26365, 26471, 26523, 26534, 26569, 26597, 26627,
       26662, 26737, 26750, 26753, 26763, 26918, 26983, 26991, 27007,
       27029, 27163, 27168, 27227, 27231, 27233, 27290, 27304, 27359,
       27410, 27411, 27426, 27446, 27518, 27669, 27699, 27743, 27752,
       27757, 27792, 27908, 27932, 27956, 28004, 28026, 28038, 28064,
       28074, 28095, 28106, 28146, 28163, 28291, 28297, 28309, 28494,
       28500, 28515, 28528, 28558, 28568, 28571, 28608, 28615, 28617,
       28619, 28624, 28635, 28640, 28683, 28696, 28713, 28735, 28800,
       28823, 28845, 28875, 28876, 28881, 28907, 28961, 28973, 29010,
       29027, 29054, 29086, 29137, 29160, 29196, 29197, 29223, 29256,
       29341, 29374, 29392, 29402, 29461, 29463, 29489, 29520, 29548,
       29608, 29649, 29671, 29683, 29720, 29758, 29759, 29798, 29859,
       29876, 29931, 29937, 30053, 30065, 30089, 30134, 30180, 30198,
       30213, 30218, 30241, 30270, 30361, 30387, 30491, 30494, 30552,
       30589, 30610, 30695, 30737, 30760, 30772, 30782, 30785, 30786,
       30792, 30811, 30823, 30851, 30926, 30938, 30995, 31007, 31023,
       31028, 31030, 31083, 31165, 31219, 31221, 31400, 31509, 31524,
       31568, 31607, 31645, 31664, 31665, 31719, 31798, 31886, 31912,
       31971, 31996, 32042, 32138, 32272, 32305, 32333, 32348, 32350,
       32388, 32411, 32473, 32503, 32545, 32640, 32693, 32714, 32727,
       32861, 32879, 32986, 33051, 33058, 33102, 33329, 33358, 33400,
       33403, 33539, 33559, 33622, 33633, 33714, 33720, 33724, 33748,
       33779, 33813, 33828, 33845, 33857, 33859, 33889, 33899, 33914,
       33929, 33938, 34043, 34181, 34187, 34225, 34245, 34276, 34322,
       34343, 34347, 34366, 34367, 34420, 34431, 34448, 34509, 34572,
       34665, 34691, 34694, 34701, 34775, 34783, 34803, 34815, 34859,
       34941, 34964, 34994, 35039, 35042, 35058, 35091, 35145, 35170,
       35230, 35249, 35261, 35302, 35324, 35391, 35423, 35444, 35497,
       35548, 35567, 35626, 35661, 35662, 35761, 35762, 35841, 35871,
       35962, 35966, 35967, 36009, 36033, 36078, 36115, 36122, 36169,
       36225, 36246, 36272, 36344, 36367, 36378, 36449, 36481, 36510,
       36613, 36653, 36654, 36724, 36813, 36831, 36865, 36984, 37013,
       37017, 37033, 37058, 37106, 37226, 37236, 37237, 37246, 37282,
       37296, 37409, 37548, 37577, 37590, 37596, 37635, 37673, 37710,
       37779, 37861, 37892, 37904, 37919, 37965, 37982, 38085, 38104,
       38113, 38115, 38163, 38190, 38200, 38271, 38272, 38279, 38346,
       38363, 38405, 38436, 38460, 38492, 38511, 38590, 38593, 38656,
       38659, 38732, 38733, 38746, 38816, 38889, 38974, 38993, 38997,
       39032, 39085, 39102, 39115, 39262, 39373, 39376, 39411, 39417,
       39424, 39449, 39469, 39513, 39545, 39592, 39608, 39639, 39651,
       39687, 39721, 39788, 39795, 39810, 39861, 39870, 39880, 39895,
       39961, 39997, 40056, 40103, 40121, 40189, 40196, 40233, 40258,
       40351, 40410, 40417, 40478, 40485, 40535, 40611, 40651, 40667,
       40720, 40751, 40753, 40759, 40790, 40815, 40877, 40990, 41048,
       41065, 41126, 41173, 41174, 41211, 41260, 41304, 41321, 41329,
       41335, 41430, 41476, 41550, 41587, 41703, 41733, 41787, 41810,
       41860, 41886, 41982, 41990, 42018, 42053, 42068, 42087, 42189,
       42202, 42214, 42273, 42282, 42301, 42309, 42314, 42328, 42339,
       42359, 42449, 42451, 42486, 42491, 42494, 42498, 42621, 42806,
       42815, 42871, 42887, 42942, 42964, 43022, 43049, 43116, 43153,
       43191, 43202, 43214, 43222, 43224, 43254, 43382, 43485, 43496,
       43499, 43518, 43596, 43696, 43745, 43779, 43792, 43962, 43976,
       43979, 44021, 44051, 44095, 44098, 44122, 44166, 44186, 44210,
       44218, 44282, 44284, 44312, 44337, 44340, 44411, 44427, 44433,
       44468, 44515, 44526, 44551, 44563, 44566, 44575, 44583, 44600,
       44622, 44638, 44648, 44754, 44763, 44794, 44811, 44868, 44922,
       44952, 44976, 45026, 45036, 45051, 45098, 45119, 45133, 45191,
       45235, 45261, 45323, 45332, 45384, 45388, 45443, 45497, 45521,
       45547, 45572, 45595, 45829, 45839, 45866, 45872, 45897, 45900,
       45921, 45942, 45947, 45961, 46039, 46055, 46127, 46137, 46149,
       46244, 46410, 46447, 46467, 46507, 46537, 46539, 46568, 46601,
       46613, 46626, 46651, 46674, 46686, 46716, 46743, 46799, 46801,
       46825, 46900, 46911, 46912, 46925, 46958, 46988, 47029, 47053,
       47066, 47083, 47117, 47174, 47235, 47305, 47310, 47496, 47547,
       47570, 47610, 47630, 47664, 47674, 47696, 47698, 47715, 47747,
       47816, 47862, 47878, 47895, 47939, 48060, 48082, 48097, 48129,
       48164, 48304, 48307, 48336, 48416, 48432, 48496, 48557, 48569,
       48576, 48578, 48597, 48662, 48677, 48698, 48733, 48840, 48847,
       48857, 48874, 48918, 48920, 48927, 48943, 48944, 48967, 48989,
       49016, 49057, 49086, 49093, 49096, 49161, 49165, 49204, 49250,
       49289, 49348, 49366, 49478]), array([    4,    19,    46,    65,    93,    96,   112,   154,   175,
         225,   235,   249,   268,   303,   305,   310,   311,   352,
         373,   393,   429,   458,   463,   482,   542,   580,   817,
         827,   866,   870,   918,   929,   955,  1070,  1128,  1129,
        1331,  1377,  1398,  1443,  1530,  1546,  1547,  1559,  1565,
        1681,  1686,  1731,  1734,  1807,  1856,  1887,  1943,  1991,
        2015,  2134,  2138,  2169,  2212,  2236,  2291,  2364,  2377,
        2438,  2536,  2551,  2563,  2608,  2705,  2709,  2747,  2773,
        2803,  2805,  2860,  2904,  2998,  3000,  3037,  3072,  3106,
        3208,  3248,  3260,  3289,  3311,  3358,  3361,  3442,  3456,
        3477,  3495,  3509,  3589,  3617,  3629,  3640,  3702,  3712,
        3747,  3790,  3804,  3977,  3987,  4065,  4168,  4326,  4348,
        4370,  4476,  4512,  4519,  4524,  4550,  4571,  4582,  4595,
        4597,  4607,  4711,  4759,  4815,  4883,  4898,  4901,  4947,
        4969,  4970,  5008,  5055,  5096,  5153,  5182,  5207,  5232,
        5247,  5306,  5383,  5461,  5561,  5603,  5614,  5639,  5717,
        5739,  5753,  5782,  5808,  5833,  5845,  5886,  5918,  5922,
        5930,  5931,  5983,  6011,  6081,  6098,  6104,  6168,  6175,
        6179,  6211,  6267,  6295,  6308,  6405,  6442,  6456,  6488,
        6568,  6621,  6671,  6734,  6755,  6767,  6805,  6837,  6838,
        6900,  6937,  6978,  6998,  7008,  7011,  7027,  7078,  7163,
        7185,  7216,  7278,  7279,  7286,  7323,  7368,  7374,  7394,
        7400,  7454,  7465,  7472,  7495,  7512,  7581,  7597,  7651,
        7663,  7697,  7744,  7784,  7797,  7829,  7900,  7934,  7978,
        8007,  8029,  8046,  8049,  8093,  8098,  8144,  8249,  8267,
        8313,  8345,  8349,  8465,  8475,  8478,  8515,  8537,  8543,
        8587,  8719,  8721,  8723,  8796,  8952,  8953,  8956,  8964,
        8966,  8990,  9005,  9124,  9152,  9175,  9216,  9234,  9272,
        9273,  9309,  9314,  9354,  9431,  9491,  9517,  9559,  9580,
        9660,  9672,  9680,  9755,  9759,  9992,  9993, 10104, 10221,
       10227, 10289, 10296, 10318, 10322, 10348, 10378, 10478, 10729,
       10738, 10767, 10867, 10877, 10889, 10977, 11005, 11013, 11024,
       11066, 11092, 11137, 11292, 11310, 11349, 11365, 11423, 11470,
       11507, 11535, 11568, 11592, 11593, 11597, 11660, 11711, 11772,
       11804, 11825, 11942, 11959, 11974, 12014, 12039, 12056, 12057,
       12072, 12097, 12119, 12162, 12166, 12189, 12221, 12236, 12291,
       12402, 12455, 12501, 12522, 12593, 12596, 12691, 12718, 12726,
       12732, 12733, 12770, 12779, 12791, 12823, 12841, 12876, 12909,
       12914, 12933, 12955, 12976, 13026, 13058, 13068, 13116, 13120,
       13271, 13298, 13343, 13375, 13379, 13383, 13396, 13434, 13597,
       13607, 13629, 13638, 13648, 13662, 13708, 13712, 13729, 13768,
       13827, 13924, 13929, 13986, 14039, 14051, 14061, 14200, 14210,
       14231, 14276, 14349, 14363, 14370, 14376, 14389, 14396, 14397,
       14443, 14463, 14493, 14512, 14518, 14561, 14621, 14643, 14650,
       14684, 14692, 14945, 14964, 14995, 15006, 15016, 15271, 15280,
       15289, 15302, 15338, 15400, 15494, 15532, 15582, 15649, 15652,
       15693, 15772, 15825, 15900, 15927, 16015, 16045, 16068, 16120,
       16244, 16259, 16277, 16301, 16405, 16424, 16502, 16508, 16540,
       16574, 16628, 16657, 16681, 16683, 16730, 16753, 16760, 16792,
       16794, 16817, 16836, 16850, 16919, 16935, 16956, 17132, 17135,
       17136, 17297, 17298, 17337, 17373, 17381, 17407, 17482, 17493,
       17511, 17617, 17621, 17673, 17725, 17883, 17886, 17939, 17994,
       17995, 18013, 18065, 18115, 18165, 18266, 18273, 18275, 18331,
       18344, 18464, 18471, 18485, 18557, 18559, 18565, 18615, 18646,
       18648, 18663, 18730, 18734, 18764, 18858, 18882, 18928, 18935,
       18947, 18984, 19002, 19050, 19062, 19094, 19112, 19143, 19151,
       19206, 19246, 19257, 19264, 19284, 19286, 19305, 19494, 19508,
       19522, 19588, 19725, 19766, 19784, 19850, 19871, 19880, 19887,
       19911, 20016, 20042, 20056, 20082, 20096, 20103, 20160, 20173,
       20192, 20219, 20267, 20343, 20386, 20387, 20407, 20498, 20506,
       20526, 20542, 20564, 20618, 20629, 20645, 20662, 20684, 20687,
       20688, 20704, 20720, 20726, 20733, 20861, 20868, 20875, 20882,
       20936, 20967, 21068, 21153, 21161, 21204, 21215, 21276, 21289,
       21298, 21336, 21371, 21392, 21429, 21490, 21538, 21562, 21589,
       21596, 21623, 21647, 21723, 21819, 21830, 21919, 21990, 22037,
       22042, 22056, 22120, 22163, 22242, 22247, 22267, 22272, 22284,
       22368, 22389, 22422, 22427, 22463, 22484, 22493, 22624, 22647,
       22723, 22770, 22784, 22822, 22845, 22852, 22915, 22928, 22977,
       22996, 23012, 23069, 23102, 23167, 23192, 23242, 23277, 23314,
       23337, 23340, 23379, 23407, 23426, 23490, 23530, 23566, 23590,
       23595, 23604, 23608, 23622, 23659, 23694, 23718, 23721, 23725,
       23729, 23794, 23799, 23880, 23892, 23942, 23945, 23954, 24008,
       24045, 24077, 24082, 24091, 24133, 24140, 24152, 24169, 24193,
       24202, 24222, 24236, 24296, 24302, 24317, 24330, 24355, 24367,
       24389, 24463, 24475, 24517, 24583, 24674, 24682, 24686, 24718,
       24736, 24769, 24810, 24816, 24818, 24836, 24955, 24985, 25025,
       25045, 25051, 25066, 25130, 25265, 25287, 25324, 25328, 25346,
       25351, 25394, 25460, 25557, 25577, 25665, 25704, 25746, 25796,
       25811, 25814, 25827, 25917, 25928, 25959, 26045, 26067, 26094,
       26105, 26123, 26137, 26223, 26258, 26307, 26365, 26382, 26441,
       26471, 26523, 26534, 26569, 26597, 26627, 26662, 26737, 26750,
       26753, 26763, 26918, 26983, 26991, 27007, 27029, 27163, 27168,
       27227, 27231, 27233, 27290, 27304, 27359, 27410, 27426, 27446,
       27518, 27525, 27669, 27699, 27743, 27752, 27757, 27792, 27908,
       27932, 27956, 28004, 28026, 28038, 28064, 28074, 28095, 28106,
       28146, 28163, 28264, 28291, 28297, 28309, 28494, 28500, 28515,
       28528, 28558, 28568, 28571, 28608, 28615, 28617, 28619, 28624,
       28635, 28640, 28683, 28696, 28713, 28735, 28800, 28823, 28845,
       28875, 28876, 28881, 28907, 28961, 28973, 29010, 29027, 29054,
       29086, 29137, 29160, 29175, 29196, 29197, 29256, 29319, 29341,
       29374, 29392, 29461, 29463, 29489, 29520, 29548, 29591, 29608,
       29649, 29661, 29671, 29683, 29720, 29758, 29759, 29788, 29798,
       29859, 29876, 29931, 29937, 30053, 30065, 30089, 30134, 30180,
       30198, 30213, 30218, 30241, 30270, 30361, 30387, 30491, 30494,
       30552, 30589, 30610, 30695, 30737, 30760, 30772, 30782, 30785,
       30786, 30792, 30811, 30823, 30851, 30926, 30938, 30995, 31007,
       31023, 31028, 31030, 31083, 31165, 31219, 31221, 31400, 31509,
       31524, 31568, 31607, 31645, 31664, 31665, 31719, 31798, 31886,
       31912, 31971, 31996, 32042, 32138, 32272, 32305, 32333, 32339,
       32348, 32350, 32388, 32411, 32473, 32503, 32545, 32640, 32693,
       32714, 32727, 32861, 32879, 32986, 33004, 33051, 33058, 33102,
       33329, 33358, 33400, 33403, 33539, 33559, 33622, 33633, 33714,
       33720, 33724, 33748, 33759, 33779, 33813, 33828, 33845, 33857,
       33859, 33889, 33899, 33914, 33929, 33938, 34043, 34177, 34181,
       34187, 34245, 34276, 34322, 34343, 34347, 34366, 34367, 34420,
       34431, 34448, 34509, 34572, 34665, 34691, 34694, 34701, 34775,
       34783, 34803, 34815, 34859, 34941, 34964, 35039, 35042, 35058,
       35091, 35145, 35170, 35230, 35249, 35261, 35302, 35324, 35391,
       35423, 35444, 35497, 35548, 35567, 35626, 35661, 35662, 35761,
       35762, 35841, 35871, 35962, 35966, 35967, 36009, 36033, 36078,
       36122, 36169, 36225, 36246, 36272, 36344, 36367, 36378, 36449,
       36481, 36510, 36613, 36653, 36654, 36724, 36813, 36831, 36865,
       36984, 37013, 37017, 37033, 37058, 37125, 37226, 37236, 37237,
       37246, 37282, 37296, 37409, 37472, 37548, 37577, 37590, 37596,
       37635, 37673, 37710, 37779, 37861, 37892, 37904, 38085, 38104,
       38113, 38115, 38163, 38190, 38200, 38271, 38272, 38279, 38284,
       38346, 38363, 38405, 38436, 38460, 38492, 38511, 38590, 38593,
       38656, 38659, 38732, 38733, 38746, 38816, 38887, 38889, 38974,
       38993, 38997, 39032, 39085, 39102, 39115, 39262, 39373, 39376,
       39411, 39417, 39424, 39449, 39469, 39513, 39545, 39592, 39608,
       39639, 39651, 39687, 39721, 39788, 39795, 39810, 39861, 39870,
       39880, 39895, 39961, 39997, 40056, 40103, 40121, 40189, 40196,
       40197, 40233, 40258, 40351, 40410, 40417, 40478, 40485, 40535,
       40611, 40651, 40667, 40720, 40751, 40753, 40759, 40790, 40815,
       40877, 40905, 40990, 41048, 41065, 41126, 41173, 41174, 41180,
       41211, 41260, 41304, 41321, 41329, 41335, 41430, 41476, 41550,
       41587, 41703, 41733, 41787, 41810, 41860, 41886, 41982, 41990,
       42018, 42053, 42068, 42087, 42202, 42214, 42273, 42282, 42297,
       42301, 42309, 42314, 42328, 42339, 42359, 42449, 42451, 42486,
       42491, 42494, 42498, 42785, 42806, 42815, 42871, 42887, 42942,
       42964, 43022, 43049, 43116, 43153, 43191, 43202, 43214, 43222,
       43224, 43254, 43382, 43485, 43496, 43499, 43518, 43596, 43696,
       43745, 43779, 43792, 43962, 43976, 43979, 44021, 44051, 44095,
       44098, 44122, 44166, 44186, 44210, 44218, 44282, 44284, 44312,
       44337, 44340, 44411, 44427, 44433, 44468, 44515, 44526, 44551,
       44563, 44566, 44575, 44583, 44600, 44622, 44638, 44648, 44754,
       44763, 44794, 44811, 44868, 44922, 44952, 44976, 45026, 45036,
       45051, 45098, 45119, 45133, 45191, 45235, 45261, 45323, 45332,
       45354, 45384, 45388, 45443, 45497, 45521, 45547, 45572, 45595,
       45677, 45829, 45839, 45866, 45872, 45897, 45900, 45942, 45947,
       45961, 46039, 46055, 46127, 46137, 46149, 46244, 46410, 46447,
       46467, 46537, 46539, 46568, 46601, 46613, 46626, 46651, 46674,
       46686, 46716, 46743, 46799, 46801, 46825, 46900, 46911, 46912,
       46925, 46958, 46988, 47029, 47053, 47066, 47083, 47117, 47174,
       47235, 47305, 47310, 47496, 47547, 47570, 47610, 47630, 47639,
       47640, 47664, 47674, 47696, 47698, 47715, 47738, 47747, 47801,
       47816, 47862, 47878, 47895, 47939, 48060, 48082, 48129, 48164,
       48304, 48307, 48336, 48416, 48432, 48496, 48557, 48576, 48578,
       48597, 48662, 48698, 48733, 48840, 48847, 48857, 48874, 48918,
       48920, 48927, 48943, 48944, 48967, 48989, 49016, 49057, 49086,
       49093, 49096, 49161, 49165, 49173, 49204, 49250, 49289, 49348,
       49366, 49478])]
