training accuracy when lambda=0.4
[0.47722, 0.57864, 0.6026, 0.6159, 0.6258, 0.6302, 0.63488, 0.64126, 0.64668, 0.65116, 0.65522, 0.6576, 0.66298, 0.6657, 0.66918, 0.67352, 0.67544, 0.67816, 0.68172, 0.68428, 0.68794, 0.68972, 0.69356, 0.69542, 0.69728, 0.70008, 0.7021, 0.70288, 0.7043, 0.70754, 0.7089, 0.71186, 0.71036, 0.71062, 0.7153, 0.71584, 0.71478, 0.71744, 0.71718, 0.71858, 0.72254, 0.7212, 0.72262, 0.72372, 0.72184, 0.72552, 0.72356, 0.7253, 0.7237, 0.72438]
test accuracy when lambda=0.4
[0.5221, 0.5482, 0.5593, 0.5698, 0.5763, 0.5807, 0.5767, 0.58, 0.5874, 0.5904, 0.5894, 0.5865, 0.5912, 0.5871, 0.5925, 0.5907, 0.5894, 0.5917, 0.5933, 0.5894, 0.5904, 0.5829, 0.586, 0.5873, 0.5899, 0.587, 0.5868, 0.5841, 0.5847, 0.5818, 0.5773, 0.5801, 0.5827, 0.5786, 0.5813, 0.5818, 0.5825, 0.5772, 0.5777, 0.5759, 0.5741, 0.5759, 0.5774, 0.5764, 0.5719, 0.5748, 0.5768, 0.5756, 0.5766, 0.5748]
training accuracy when lambda=0.45
[0.41856, 0.50178, 0.52196, 0.53428, 0.5426, 0.54908, 0.55382, 0.56038, 0.56448, 0.56788, 0.57234, 0.57778, 0.58168, 0.58602, 0.5886, 0.5948, 0.59734, 0.60422, 0.60656, 0.6121, 0.6129, 0.61726, 0.6222, 0.62394, 0.6314, 0.63014, 0.63658, 0.64008, 0.64394, 0.64608, 0.64794, 0.6527, 0.65736, 0.65664, 0.65954, 0.66054, 0.66584, 0.66526, 0.66556, 0.67074, 0.67356, 0.67406, 0.67742, 0.6781, 0.6799, 0.682, 0.68248, 0.68226, 0.68396, 0.68704]
test accuracy when lambda=0.45
[0.5131, 0.5551, 0.5692, 0.5828, 0.5856, 0.5847, 0.5863, 0.5868, 0.5976, 0.5916, 0.5986, 0.5973, 0.5946, 0.6005, 0.5968, 0.6, 0.601, 0.5961, 0.5933, 0.5946, 0.5937, 0.5931, 0.5913, 0.597, 0.5924, 0.5929, 0.5935, 0.5889, 0.59, 0.5879, 0.5863, 0.5845, 0.5875, 0.5815, 0.5845, 0.5871, 0.5826, 0.5859, 0.5836, 0.5784, 0.5783, 0.5751, 0.5823, 0.5858, 0.5827, 0.577, 0.5798, 0.5785, 0.5752, 0.5785]
training accuracy when lambda=0.5
[0.25974, 0.30664, 0.3261, 0.33504, 0.34504, 0.3515, 0.35756, 0.36338, 0.36884, 0.37292, 0.37944, 0.38248, 0.38814, 0.39498, 0.39918, 0.40648, 0.41048, 0.41634, 0.42344, 0.42882, 0.4375, 0.44158, 0.44852, 0.4539, 0.46412, 0.4687, 0.47512, 0.4831, 0.48756, 0.49602, 0.50298, 0.50806, 0.51156, 0.51792, 0.5246, 0.5311, 0.53256, 0.53948, 0.54402, 0.55068, 0.55556, 0.55656, 0.56158, 0.56572, 0.56984, 0.57564, 0.57712, 0.57826, 0.58292, 0.58704]
test accuracy when lambda=0.5
[0.5131, 0.546, 0.5648, 0.5736, 0.5809, 0.5894, 0.5906, 0.5791, 0.6004, 0.6022, 0.601, 0.5995, 0.6044, 0.6, 0.603, 0.5937, 0.6031, 0.605, 0.5905, 0.5941, 0.5928, 0.5935, 0.5915, 0.5917, 0.5918, 0.5886, 0.5902, 0.5837, 0.5909, 0.5843, 0.5815, 0.5901, 0.5892, 0.5848, 0.5783, 0.5798, 0.5809, 0.5845, 0.5769, 0.5805, 0.5776, 0.5782, 0.5769, 0.5776, 0.5782, 0.5828, 0.5745, 0.5766, 0.5775, 0.5751]
training accuracy when lambda=0.55
[0.25148, 0.3058, 0.32348, 0.33556, 0.34348, 0.35122, 0.3584, 0.36492, 0.37128, 0.37774, 0.38468, 0.38856, 0.39474, 0.4021, 0.40858, 0.41378, 0.42064, 0.42884, 0.43766, 0.44672, 0.45214, 0.45982, 0.46994, 0.47634, 0.48646, 0.4933, 0.5024, 0.50988, 0.5172, 0.52802, 0.53154, 0.54098, 0.54874, 0.55818, 0.56178, 0.56762, 0.57318, 0.58206, 0.58508, 0.58892, 0.59222, 0.60072, 0.60338, 0.61054, 0.61144, 0.61758, 0.61964, 0.6272, 0.62748, 0.6321]
test accuracy when lambda=0.55
[0.5136, 0.549, 0.5777, 0.5894, 0.5935, 0.594, 0.6082, 0.6003, 0.6072, 0.6101, 0.6122, 0.6061, 0.613, 0.6124, 0.5997, 0.6083, 0.6033, 0.6137, 0.604, 0.5991, 0.5927, 0.5965, 0.597, 0.5912, 0.5931, 0.5899, 0.5851, 0.5882, 0.5837, 0.5796, 0.5784, 0.5828, 0.5781, 0.5739, 0.5783, 0.5759, 0.5798, 0.5713, 0.5749, 0.5724, 0.5694, 0.5752, 0.5677, 0.5717, 0.5754, 0.5692, 0.5721, 0.5711, 0.5731, 0.5697]
training accuracy when lambda=0.6
[0.24796, 0.29926, 0.31908, 0.33212, 0.34438, 0.35178, 0.36268, 0.36642, 0.3742, 0.3822, 0.38716, 0.39784, 0.40136, 0.41028, 0.4188, 0.42358, 0.43486, 0.44296, 0.45164, 0.46, 0.47344, 0.47974, 0.49156, 0.50198, 0.51038, 0.51978, 0.5298, 0.54042, 0.54666, 0.55438, 0.56614, 0.57668, 0.58072, 0.58762, 0.59526, 0.60464, 0.60916, 0.61488, 0.62234, 0.62416, 0.63272, 0.6362, 0.64394, 0.64322, 0.64888, 0.65226, 0.6598, 0.66082, 0.66864, 0.67202]
test accuracy when lambda=0.6
[0.5026, 0.5574, 0.5678, 0.586, 0.5903, 0.6013, 0.6036, 0.6029, 0.6144, 0.611, 0.6151, 0.6124, 0.6105, 0.613, 0.6095, 0.6127, 0.6084, 0.6038, 0.6088, 0.6, 0.5983, 0.5913, 0.5962, 0.5915, 0.5896, 0.5842, 0.5889, 0.5855, 0.5824, 0.5809, 0.5809, 0.5794, 0.5782, 0.5817, 0.5821, 0.5797, 0.5801, 0.5716, 0.5736, 0.5723, 0.5704, 0.5686, 0.5722, 0.5695, 0.5727, 0.5665, 0.573, 0.5649, 0.572, 0.5702]
training accuracy when lambda=0.65
[0.2484, 0.30344, 0.3239, 0.33934, 0.3495, 0.3588, 0.36718, 0.37398, 0.38312, 0.39016, 0.39708, 0.40646, 0.41288, 0.425, 0.43382, 0.44282, 0.4515, 0.46372, 0.4734, 0.48434, 0.49524, 0.50972, 0.51914, 0.53354, 0.54414, 0.55312, 0.5627, 0.578, 0.58392, 0.59164, 0.60376, 0.61148, 0.61912, 0.62858, 0.63526, 0.64122, 0.64724, 0.65696, 0.6635, 0.66318, 0.6704, 0.6786, 0.68118, 0.6877, 0.69118, 0.69734, 0.70074, 0.70488, 0.70968, 0.71168]
test accuracy when lambda=0.65
[0.5107, 0.547, 0.5857, 0.5884, 0.5937, 0.6081, 0.6126, 0.6129, 0.6198, 0.6132, 0.614, 0.6129, 0.6194, 0.6122, 0.6085, 0.6166, 0.6105, 0.6042, 0.6069, 0.6031, 0.5997, 0.602, 0.5968, 0.5829, 0.5873, 0.5913, 0.585, 0.5838, 0.5841, 0.5782, 0.5768, 0.5801, 0.5788, 0.5684, 0.576, 0.5729, 0.5775, 0.57, 0.5724, 0.5657, 0.5674, 0.5671, 0.5695, 0.5638, 0.5722, 0.5684, 0.5691, 0.5685, 0.5642, 0.5632]
training accuracy when lambda=0.7
[0.24342, 0.2993, 0.3228, 0.33928, 0.34936, 0.36078, 0.3696, 0.3774, 0.38634, 0.39554, 0.40456, 0.41084, 0.42086, 0.42888, 0.4387, 0.4511, 0.46164, 0.47428, 0.48444, 0.49978, 0.5101, 0.52414, 0.5388, 0.55378, 0.5614, 0.57376, 0.58784, 0.59872, 0.61252, 0.62126, 0.62848, 0.63814, 0.64868, 0.65446, 0.66458, 0.67142, 0.67714, 0.68832, 0.69412, 0.69498, 0.70348, 0.70938, 0.7156, 0.72034, 0.7245, 0.72868, 0.73676, 0.73838, 0.73956, 0.74514]
test accuracy when lambda=0.7
[0.5017, 0.5461, 0.5695, 0.5838, 0.6029, 0.6078, 0.6002, 0.6179, 0.6133, 0.6076, 0.6212, 0.618, 0.6172, 0.6163, 0.6147, 0.6128, 0.6025, 0.6022, 0.6026, 0.5973, 0.5911, 0.5895, 0.5955, 0.5778, 0.5855, 0.579, 0.5734, 0.577, 0.5767, 0.5741, 0.5786, 0.5747, 0.5706, 0.5686, 0.5648, 0.5715, 0.5676, 0.5654, 0.5653, 0.5659, 0.5668, 0.5646, 0.5648, 0.5649, 0.5631, 0.5626, 0.5654, 0.5684, 0.5657, 0.5559]
training accuracy when lambda=0.75
[0.24024, 0.29694, 0.32392, 0.3424, 0.35246, 0.36444, 0.37298, 0.38206, 0.38898, 0.39832, 0.40826, 0.41976, 0.428, 0.43718, 0.44856, 0.45756, 0.47096, 0.48556, 0.50046, 0.5125, 0.52762, 0.54372, 0.55682, 0.56962, 0.58422, 0.5975, 0.61064, 0.61702, 0.6337, 0.6424, 0.65288, 0.6625, 0.6722, 0.68342, 0.6908, 0.70018, 0.70612, 0.71242, 0.71966, 0.72712, 0.73244, 0.73792, 0.73912, 0.74886, 0.75544, 0.76262, 0.7582, 0.76534, 0.77336, 0.77372]
test accuracy when lambda=0.75
[0.5105, 0.5497, 0.5829, 0.5966, 0.6158, 0.6196, 0.6311, 0.6235, 0.6289, 0.6249, 0.6312, 0.6314, 0.623, 0.621, 0.6193, 0.6165, 0.6086, 0.6124, 0.6019, 0.596, 0.5907, 0.594, 0.587, 0.5848, 0.5787, 0.5746, 0.579, 0.5707, 0.5733, 0.571, 0.5584, 0.5675, 0.5646, 0.5652, 0.561, 0.559, 0.5615, 0.5627, 0.5629, 0.5602, 0.5565, 0.557, 0.5607, 0.5628, 0.5566, 0.5623, 0.5564, 0.5583, 0.5588, 0.5605]
training accuracy when lambda=0.8
[0.23614, 0.29804, 0.32212, 0.33642, 0.35494, 0.36418, 0.37462, 0.38354, 0.3921, 0.40186, 0.41264, 0.42104, 0.43472, 0.44322, 0.4574, 0.47142, 0.48452, 0.50134, 0.51506, 0.53034, 0.5437, 0.56156, 0.57526, 0.59104, 0.6055, 0.62294, 0.63578, 0.64728, 0.65588, 0.67282, 0.68178, 0.6913, 0.70072, 0.70674, 0.71784, 0.72624, 0.73386, 0.74018, 0.74672, 0.75386, 0.75856, 0.76154, 0.77212, 0.77506, 0.77824, 0.7842, 0.78894, 0.79136, 0.80018, 0.80066]
test accuracy when lambda=0.8
[0.4838, 0.5359, 0.5602, 0.5929, 0.6033, 0.6169, 0.6156, 0.6272, 0.6236, 0.6262, 0.6124, 0.6114, 0.6211, 0.6118, 0.6048, 0.5947, 0.5952, 0.5931, 0.5857, 0.5731, 0.5733, 0.5725, 0.5678, 0.5625, 0.5525, 0.5581, 0.5542, 0.5514, 0.5446, 0.5414, 0.5399, 0.5391, 0.5411, 0.5425, 0.5471, 0.5381, 0.5445, 0.5443, 0.5422, 0.5376, 0.5337, 0.5398, 0.5392, 0.5349, 0.5379, 0.5303, 0.5323, 0.5352, 0.5357, 0.5364]
training accuracy when lambda=0.85
[0.23224, 0.29532, 0.32438, 0.34302, 0.3556, 0.36782, 0.38022, 0.38914, 0.39712, 0.40864, 0.42082, 0.43206, 0.4426, 0.45564, 0.46908, 0.48448, 0.49986, 0.51784, 0.53512, 0.55124, 0.56516, 0.58394, 0.59876, 0.61508, 0.63114, 0.64322, 0.6556, 0.66792, 0.6846, 0.69372, 0.70524, 0.71574, 0.7257, 0.7305, 0.74268, 0.7511, 0.75614, 0.76328, 0.77444, 0.77794, 0.7838, 0.7911, 0.79312, 0.80008, 0.80264, 0.80898, 0.8131, 0.81644, 0.82112, 0.82404]
test accuracy when lambda=0.85
[0.4962, 0.5488, 0.5791, 0.5995, 0.608, 0.6196, 0.6096, 0.6181, 0.6196, 0.6202, 0.6135, 0.6018, 0.6084, 0.6002, 0.5933, 0.5829, 0.5787, 0.5743, 0.557, 0.5648, 0.5558, 0.5531, 0.5468, 0.5479, 0.5429, 0.5436, 0.5354, 0.5355, 0.5232, 0.5297, 0.5293, 0.5275, 0.5303, 0.5265, 0.529, 0.522, 0.5238, 0.5193, 0.5179, 0.5255, 0.5219, 0.5253, 0.5167, 0.5227, 0.5203, 0.5271, 0.5253, 0.5237, 0.5223, 0.5238]
training accuracy when lambda=0.9
[0.22766, 0.28924, 0.3135, 0.33378, 0.35204, 0.3653, 0.3757, 0.38546, 0.39774, 0.4081, 0.4169, 0.42864, 0.4406, 0.45636, 0.46634, 0.48272, 0.49786, 0.51342, 0.53348, 0.54748, 0.56712, 0.5815, 0.60234, 0.61354, 0.63316, 0.64618, 0.6604, 0.67644, 0.68862, 0.69782, 0.71326, 0.72168, 0.73114, 0.73942, 0.7503, 0.75958, 0.76634, 0.77266, 0.77838, 0.78612, 0.79382, 0.79832, 0.8082, 0.80986, 0.81588, 0.82128, 0.82716, 0.82576, 0.83332, 0.83462]
test accuracy when lambda=0.9
[0.4702, 0.5313, 0.5628, 0.5942, 0.5959, 0.6178, 0.6239, 0.619, 0.624, 0.6167, 0.6127, 0.6002, 0.6, 0.5978, 0.5889, 0.5835, 0.5756, 0.5565, 0.5594, 0.5478, 0.5484, 0.5338, 0.5314, 0.5255, 0.5365, 0.5203, 0.5122, 0.5202, 0.5159, 0.514, 0.5071, 0.506, 0.5036, 0.5145, 0.5041, 0.5045, 0.509, 0.506, 0.5059, 0.5077, 0.4965, 0.5005, 0.5013, 0.502, 0.5074, 0.5038, 0.4991, 0.5021, 0.5064, 0.5108]
training accuracy when lambda=0.95
[0.225, 0.28276, 0.31266, 0.33592, 0.35116, 0.36312, 0.37516, 0.386, 0.39934, 0.40968, 0.42236, 0.43494, 0.452, 0.4652, 0.48224, 0.49832, 0.5184, 0.53608, 0.55286, 0.57044, 0.58908, 0.60988, 0.62672, 0.64036, 0.65536, 0.67082, 0.68754, 0.69754, 0.71042, 0.72394, 0.73568, 0.74488, 0.75318, 0.76218, 0.76908, 0.77836, 0.7872, 0.79354, 0.7975, 0.80472, 0.81262, 0.81908, 0.81964, 0.82906, 0.82764, 0.83312, 0.83966, 0.84176, 0.84606, 0.8486]
test accuracy when lambda=0.95
[0.459, 0.5109, 0.5511, 0.5812, 0.6034, 0.608, 0.6141, 0.6131, 0.6055, 0.6103, 0.6044, 0.598, 0.5903, 0.5771, 0.5556, 0.5647, 0.5628, 0.5459, 0.5374, 0.5246, 0.5318, 0.5296, 0.518, 0.5083, 0.5068, 0.4963, 0.5061, 0.4999, 0.4934, 0.4919, 0.4889, 0.4934, 0.4894, 0.4897, 0.4851, 0.4833, 0.4844, 0.4839, 0.484, 0.4756, 0.4903, 0.4858, 0.486, 0.4855, 0.4794, 0.4806, 0.4825, 0.4898, 0.4856, 0.4907]
