[ 3759 48362  5916 ... 39531  9503 23345]
[39895 29489 17565 ... 48733 47560  3360]
[36095  7095 23034 ... 17332 10409 11425]
[38506 14177  1829 ... 38137 32097 32080]
[17851 20437 34045 ... 42949 39632 25516]
[24887 12372 10451 ... 46069 46319 11347]
[ 2352 26342 26343 ... 14898  2630 49126]
[23435 34490 47903 ... 34394 38858 33009]
[38166 10181 10192 ... 24751  8195 28517]
[19211 48198 29955 ... 36094 39293 16398]
[0.6055, 0.6225, 0.414, 0.2845, 0.3995, 0.467, 0.54, 0.6285, 0.6875, 0.543]
[2000, 2000, 2000, 2000, 2000, 2000, 2000, 2000, 2000, 2000]
