training accuracy when lambda=0.6
[0.24992, 0.30578, 0.32492, 0.33844, 0.34888, 0.35494, 0.36164, 0.3703, 0.37678, 0.3808, 0.3885, 0.39586, 0.40258, 0.40848, 0.41918, 0.42528, 0.43222, 0.44162, 0.44986, 0.45956, 0.469, 0.47802, 0.48828, 0.5002, 0.50756, 0.5189, 0.52804, 0.53868, 0.54836, 0.55538, 0.56232, 0.57142, 0.58044, 0.58842, 0.59386, 0.60516, 0.6092, 0.6202, 0.62048, 0.6248, 0.63084, 0.63924, 0.6433, 0.6491, 0.6529, 0.65704, 0.6613, 0.66602, 0.67108, 0.6732]
test accuracy when lambda=0.6
[0.5052, 0.5402, 0.577, 0.5857, 0.5956, 0.5963, 0.5878, 0.5924, 0.6074, 0.6108, 0.6092, 0.6076, 0.6108, 0.6158, 0.6026, 0.6069, 0.602, 0.6045, 0.6028, 0.5947, 0.5921, 0.5956, 0.5886, 0.5961, 0.5877, 0.5891, 0.5839, 0.581, 0.5798, 0.5781, 0.5777, 0.5784, 0.5766, 0.5769, 0.5804, 0.5731, 0.5711, 0.5719, 0.5737, 0.5739, 0.5698, 0.5709, 0.5694, 0.5671, 0.5618, 0.5639, 0.5674, 0.5653, 0.5666, 0.565]
training accuracy when lambda=0.65
[0.24972, 0.30646, 0.32606, 0.3382, 0.34888, 0.35814, 0.36676, 0.37446, 0.38204, 0.38918, 0.39786, 0.40414, 0.41312, 0.4201, 0.4303, 0.43956, 0.44954, 0.4599, 0.46814, 0.48236, 0.49088, 0.50326, 0.513, 0.52434, 0.53658, 0.54946, 0.5605, 0.56688, 0.58144, 0.58942, 0.59978, 0.60738, 0.6145, 0.62518, 0.632, 0.6387, 0.64848, 0.65412, 0.65662, 0.66804, 0.67196, 0.67606, 0.68054, 0.68926, 0.69086, 0.69636, 0.69978, 0.70608, 0.70856, 0.7146]
test accuracy when lambda=0.65
[0.5168, 0.554, 0.5775, 0.5921, 0.6049, 0.6079, 0.6126, 0.6205, 0.6087, 0.6165, 0.6223, 0.6195, 0.6186, 0.6143, 0.6135, 0.6152, 0.6064, 0.6152, 0.6029, 0.608, 0.6044, 0.6032, 0.5979, 0.5965, 0.5929, 0.5934, 0.5865, 0.5875, 0.5805, 0.5851, 0.5835, 0.5781, 0.5828, 0.5712, 0.5802, 0.5772, 0.5776, 0.5727, 0.5718, 0.5702, 0.5678, 0.5722, 0.5702, 0.5688, 0.5685, 0.5662, 0.5678, 0.5692, 0.5642, 0.565]
training accuracy when lambda=0.7
[0.24942, 0.30452, 0.32608, 0.34126, 0.35446, 0.36148, 0.37292, 0.38014, 0.38866, 0.39746, 0.40654, 0.41374, 0.4227, 0.4326, 0.44308, 0.45324, 0.46438, 0.4761, 0.4895, 0.50128, 0.51508, 0.52688, 0.54178, 0.55396, 0.56644, 0.57934, 0.59024, 0.60074, 0.61292, 0.6232, 0.6354, 0.6425, 0.65174, 0.66154, 0.66664, 0.67614, 0.68256, 0.69146, 0.69454, 0.6988, 0.7061, 0.71306, 0.71918, 0.72552, 0.7278, 0.73062, 0.73814, 0.74262, 0.7466, 0.74772]
test accuracy when lambda=0.7
[0.5098, 0.5545, 0.5828, 0.5942, 0.6095, 0.6077, 0.61, 0.6205, 0.6215, 0.6236, 0.6239, 0.6176, 0.6189, 0.6185, 0.6114, 0.6056, 0.6101, 0.6013, 0.5994, 0.5943, 0.5952, 0.5875, 0.5842, 0.5846, 0.5824, 0.5826, 0.579, 0.5824, 0.5795, 0.5796, 0.5809, 0.5677, 0.5708, 0.5611, 0.5652, 0.5709, 0.5666, 0.5645, 0.5623, 0.5613, 0.5592, 0.5638, 0.5598, 0.5641, 0.5617, 0.5615, 0.5613, 0.5602, 0.5583, 0.5551]
training accuracy when lambda=0.75
[0.24098, 0.29738, 0.32192, 0.33802, 0.35312, 0.36254, 0.37104, 0.38128, 0.38944, 0.40088, 0.40894, 0.41946, 0.428, 0.43788, 0.44768, 0.46306, 0.47258, 0.48736, 0.50254, 0.51722, 0.5274, 0.54418, 0.55534, 0.57452, 0.58322, 0.59942, 0.61016, 0.62492, 0.63436, 0.64522, 0.65666, 0.66788, 0.67638, 0.68636, 0.69228, 0.70122, 0.70876, 0.71428, 0.7239, 0.727, 0.73508, 0.74, 0.74774, 0.75136, 0.75308, 0.76072, 0.76656, 0.76878, 0.77662, 0.7797]
test accuracy when lambda=0.75
[0.4869, 0.5454, 0.5656, 0.5913, 0.6079, 0.6053, 0.6216, 0.6219, 0.6256, 0.6232, 0.6209, 0.6284, 0.6213, 0.616, 0.6094, 0.6048, 0.5979, 0.5966, 0.5948, 0.591, 0.5822, 0.5826, 0.5764, 0.5765, 0.5723, 0.5664, 0.5635, 0.5597, 0.5664, 0.5575, 0.5567, 0.5526, 0.5571, 0.554, 0.5488, 0.5516, 0.5544, 0.5527, 0.549, 0.5502, 0.5485, 0.5447, 0.5403, 0.5503, 0.5441, 0.5454, 0.5442, 0.5474, 0.5454, 0.5478]
training accuracy when lambda=0.8
[0.2417, 0.2996, 0.32708, 0.34186, 0.35606, 0.36642, 0.37716, 0.38454, 0.39342, 0.40404, 0.41072, 0.42354, 0.43416, 0.44224, 0.45582, 0.46844, 0.48216, 0.4942, 0.51058, 0.5273, 0.54334, 0.55926, 0.57108, 0.58682, 0.60204, 0.61682, 0.6299, 0.64484, 0.65704, 0.66932, 0.67756, 0.6915, 0.69772, 0.70982, 0.71718, 0.72796, 0.73482, 0.73742, 0.74788, 0.75472, 0.7639, 0.77002, 0.77338, 0.77566, 0.78318, 0.78734, 0.79138, 0.79708, 0.80398, 0.804]
test accuracy when lambda=0.8
[0.4962, 0.5571, 0.5874, 0.6029, 0.6048, 0.6258, 0.6181, 0.6321, 0.6316, 0.6261, 0.6302, 0.6259, 0.6182, 0.615, 0.6145, 0.604, 0.61, 0.6063, 0.5919, 0.5851, 0.5794, 0.5801, 0.5729, 0.5656, 0.566, 0.5608, 0.5539, 0.5591, 0.5534, 0.5497, 0.5504, 0.5427, 0.5462, 0.5366, 0.5416, 0.5451, 0.5481, 0.5426, 0.5443, 0.5432, 0.5381, 0.5414, 0.5431, 0.5379, 0.5418, 0.5371, 0.5398, 0.5398, 0.5375, 0.537]
training accuracy when lambda=0.85
[0.23224, 0.29368, 0.3201, 0.33936, 0.35224, 0.36602, 0.37698, 0.38486, 0.39438, 0.40578, 0.41572, 0.42708, 0.43678, 0.45188, 0.46442, 0.4765, 0.49494, 0.50688, 0.52392, 0.5406, 0.5563, 0.57332, 0.58964, 0.6069, 0.6228, 0.63784, 0.65088, 0.66626, 0.67694, 0.69204, 0.70288, 0.71016, 0.72226, 0.73168, 0.73648, 0.75074, 0.75508, 0.76314, 0.7686, 0.77698, 0.78552, 0.78954, 0.79406, 0.79958, 0.80542, 0.8081, 0.81356, 0.8162, 0.82192, 0.82802]
test accuracy when lambda=0.85
[0.489, 0.5384, 0.5696, 0.5894, 0.601, 0.6135, 0.6213, 0.6218, 0.6193, 0.6098, 0.618, 0.6038, 0.5996, 0.6026, 0.5968, 0.596, 0.587, 0.5798, 0.5701, 0.5568, 0.563, 0.5553, 0.558, 0.5506, 0.5508, 0.5427, 0.5346, 0.5421, 0.5334, 0.527, 0.5304, 0.5289, 0.5291, 0.5262, 0.5278, 0.5306, 0.5233, 0.5288, 0.5283, 0.5224, 0.5237, 0.5149, 0.5279, 0.5196, 0.523, 0.5243, 0.529, 0.5236, 0.5311, 0.5236]
training accuracy when lambda=0.9
[0.22904, 0.29148, 0.3168, 0.337, 0.35076, 0.3662, 0.37814, 0.38924, 0.3993, 0.41086, 0.42104, 0.43482, 0.44776, 0.46058, 0.47444, 0.49152, 0.5062, 0.52456, 0.54276, 0.56086, 0.57744, 0.59252, 0.61042, 0.62724, 0.64206, 0.65786, 0.67292, 0.68572, 0.69954, 0.71184, 0.72018, 0.73174, 0.74186, 0.75024, 0.759, 0.76758, 0.77524, 0.78082, 0.78786, 0.7958, 0.8035, 0.80496, 0.8142, 0.8139, 0.821, 0.82386, 0.82844, 0.83146, 0.83678, 0.84142]
test accuracy when lambda=0.9
[0.498, 0.5392, 0.5865, 0.5924, 0.6106, 0.6109, 0.6174, 0.6204, 0.623, 0.6164, 0.6207, 0.6122, 0.5976, 0.5909, 0.5929, 0.575, 0.5706, 0.5681, 0.5591, 0.5489, 0.5427, 0.5392, 0.5391, 0.5349, 0.5309, 0.5198, 0.5221, 0.5192, 0.5163, 0.5168, 0.5139, 0.5072, 0.5138, 0.5083, 0.5045, 0.5042, 0.509, 0.5041, 0.5075, 0.4997, 0.5104, 0.5076, 0.5033, 0.5067, 0.5015, 0.4991, 0.5037, 0.5104, 0.5061, 0.5009]
training accuracy when lambda=0.95
[0.22596, 0.29042, 0.31996, 0.33944, 0.3557, 0.36932, 0.3761, 0.39068, 0.39946, 0.411, 0.42126, 0.43172, 0.4455, 0.45976, 0.47328, 0.48698, 0.5022, 0.5213, 0.53694, 0.55222, 0.57152, 0.58792, 0.60888, 0.62182, 0.63922, 0.6547, 0.66462, 0.6805, 0.69556, 0.7075, 0.7177, 0.72786, 0.73882, 0.74866, 0.75412, 0.7657, 0.77596, 0.7849, 0.79074, 0.79598, 0.80324, 0.8059, 0.81352, 0.82204, 0.82448, 0.82806, 0.83398, 0.83658, 0.8432, 0.84498]
test accuracy when lambda=0.95
[0.477, 0.5411, 0.5676, 0.585, 0.6182, 0.6021, 0.631, 0.6258, 0.6284, 0.6191, 0.6081, 0.6065, 0.6065, 0.6026, 0.5917, 0.577, 0.5714, 0.564, 0.5532, 0.535, 0.5313, 0.5397, 0.5222, 0.5228, 0.5227, 0.5185, 0.5134, 0.5147, 0.5083, 0.5031, 0.4963, 0.4936, 0.4872, 0.4898, 0.4923, 0.4878, 0.4914, 0.4863, 0.4911, 0.4906, 0.4838, 0.4829, 0.4918, 0.4923, 0.486, 0.4893, 0.4968, 0.4804, 0.4857, 0.4856]
