training accuracy when lambda=0.2
[0.5777979797931633, 0.742909090909091, 0.7732525252573418, 0.787070707061074, 0.7966868686916853, 0.8049292929437425, 0.8114141414045083, 0.8187272727128231, 0.8227676767676768, 0.8283636363684529, 0.8313333333381498, 0.8358383838335673, 0.8376767676671346, 0.8406464646416482, 0.8440808080856246, 0.8462020202020202, 0.849878787888421, 0.8516363636267306, 0.8530909090860925, 0.8560808080952577, 0.8587676767580437, 0.859010101010101, 0.8597979798076129, 0.8620606060461564, 0.863979797979798, 0.864525252520436, 0.8677373737325572, 0.866969696969697, 0.8697575757672088, 0.8722020202164699, 0.8740000000096331, 0.8755959596055927, 0.8771111110966615, 0.8764646464501968, 0.8771919191822861, 0.877494949490133, 0.8800404040452205, 0.8815151515007019, 0.882505050500234, 0.8832525252573418, 0.8848686868735034, 0.8844444444348114, 0.8847474747330252, 0.884585858581042, 0.8863838383693887, 0.887414141428591, 0.8872323232275067, 0.8873131313275809, 0.8893737373737374, 0.88743434343916]
test accuracy when lambda=0.2
[0.3794, 0.3943, 0.3835, 0.3896, 0.3939, 0.3943, 0.3967, 0.3966, 0.3933, 0.3923, 0.3889, 0.394, 0.3904, 0.3999, 0.3981, 0.3975, 0.3991, 0.4, 0.3984, 0.3955, 0.399, 0.3981, 0.3939, 0.3972, 0.3957, 0.397, 0.3948, 0.4033, 0.4016, 0.3985, 0.3986, 0.4011, 0.3962, 0.3982, 0.4031, 0.4027, 0.3941, 0.402, 0.4021, 0.4035, 0.4065, 0.4022, 0.3997, 0.4042, 0.3957, 0.4022, 0.4046, 0.4045, 0.402, 0.4051]
training accuracy when lambda=0.3
[0.5787878788023284, 0.7266262626166295, 0.7535757575805742, 0.7696767676864007, 0.7797575757720253, 0.7853333333237003, 0.7908686868831365, 0.7963434343434344, 0.8004646464646464, 0.8047474747378417, 0.8080606060702391, 0.8130303030447527, 0.8142222222366718, 0.8175151515296011, 0.8176565656517492, 0.8217777777681448, 0.823373737388187, 0.8251919191822861, 0.8289494949639445, 0.8284444444348114, 0.8320808080856246, 0.8320404040452206, 0.8345858585954916, 0.8358585858730355, 0.8381616161664327, 0.8412525252428922, 0.8412727272775438, 0.8434545454449124, 0.8413737373785539, 0.8434545454593619, 0.8458383838287508, 0.8445050505195001, 0.8465252525348856, 0.8453535353390857, 0.8479595959740456, 0.8498181818181818, 0.85086868687832, 0.8493333333237003, 0.8508484848629344, 0.8510303030447527, 0.8506666666714832, 0.8497171717027221, 0.852161616151983, 0.8531919192063688, 0.8534141413996919, 0.8528484848629344, 0.8524646464501968, 0.8536161616209782, 0.8519797979846145, 0.8525050504906009]
test accuracy when lambda=0.3
[0.3832, 0.393, 0.3995, 0.4076, 0.3968, 0.4025, 0.41, 0.4116, 0.4107, 0.411, 0.4136, 0.4155, 0.4055, 0.4093, 0.4122, 0.4087, 0.418, 0.4155, 0.4159, 0.4129, 0.4093, 0.4153, 0.4168, 0.4163, 0.4145, 0.4164, 0.4151, 0.4091, 0.4213, 0.4203, 0.4209, 0.421, 0.4202, 0.4197, 0.4126, 0.4194, 0.4191, 0.4161, 0.4179, 0.4177, 0.4222, 0.4181, 0.4198, 0.414, 0.4145, 0.4149, 0.4163, 0.418, 0.4217, 0.4208]
training accuracy when lambda=0.4
[0.5367676767700851, 0.6580808080952577, 0.6791919192015523, 0.6903838383838384, 0.6975959595911431, 0.7052121212121212, 0.7072929293073789, 0.7136565656661987, 0.7154545454689951, 0.7185050504906009, 0.7213939393891229, 0.7256767676815842, 0.726343434357884, 0.7278181818278149, 0.7300404040259544, 0.7328484848436683, 0.733070707061074, 0.733919191919192, 0.7377373737373737, 0.7381010101106432, 0.7395151515247846, 0.7388282828379159, 0.7443838383790219, 0.742989898989899, 0.7427272727369058, 0.747111111101478, 0.7463434343482509, 0.7485656565752896, 0.7474747474891971, 0.7488484848484849, 0.7499393939297608, 0.7508282828427324, 0.749373737388187, 0.751414141428591, 0.7503030302933972, 0.751959595969229, 0.75303030302067, 0.75313131312168, 0.7523636363540033, 0.7522424242520573, 0.7536767676623181, 0.7525858585810421, 0.753333333347783, 0.7535353535353535, 0.7528888888840723, 0.7535555555651886, 0.7544646464550134, 0.7542222222125892, 0.7533939393843063, 0.7539393939538436]
test accuracy when lambda=0.4
[0.3981, 0.4117, 0.4176, 0.4188, 0.4222, 0.4193, 0.4151, 0.4301, 0.4322, 0.4321, 0.4187, 0.4377, 0.4338, 0.434, 0.4342, 0.4337, 0.4368, 0.4306, 0.4404, 0.4318, 0.4334, 0.4311, 0.4325, 0.4379, 0.4314, 0.4397, 0.4364, 0.4349, 0.431, 0.4375, 0.4308, 0.4409, 0.4346, 0.4392, 0.4343, 0.437, 0.4307, 0.4374, 0.4329, 0.4381, 0.4395, 0.438, 0.4409, 0.442, 0.4413, 0.441, 0.4372, 0.4367, 0.4406, 0.4351]
training accuracy when lambda=0.5
[0.20753535353535355, 0.23674747474747473, 0.245878787879992, 0.24882828282828282, 0.25266666666907495, 0.2551515151527193, 0.2588888888937054, 0.26250505050745876, 0.2660000000036124, 0.268989898989899, 0.2709696969709011, 0.2741010100986018, 0.2767474747426582, 0.27917171717292133, 0.2793333333357416, 0.2825858585930834, 0.2860606060630143, 0.28739393939153113, 0.28953535354257837, 0.29264646464646465, 0.2939191919216002, 0.2950505050553216, 0.2988484848533014, 0.30092929293410947, 0.30440404040524455, 0.30559595959355135, 0.307696969699378, 0.3119191919264167, 0.3130909090909091, 0.3165050505026422, 0.31933333333333336, 0.3224646464574217, 0.3270505050480968, 0.32953535354017005, 0.33052525253247733, 0.3347878787878788, 0.3376767676791759, 0.3415757575805741, 0.34230303030543857, 0.3454141414141414, 0.3475555555603721, 0.3497777777753695, 0.3550101010245506, 0.35888888888407233, 0.3595959596007761, 0.3613333333381499, 0.3648080808080808, 0.3696969697041945, 0.3710707070658905, 0.3750505050456885]
test accuracy when lambda=0.5
[0.4008, 0.4162, 0.4307, 0.4326, 0.4428, 0.4454, 0.4542, 0.4451, 0.4478, 0.4535, 0.4556, 0.4508, 0.4545, 0.4548, 0.4583, 0.4493, 0.4543, 0.46, 0.4576, 0.4624, 0.4624, 0.4563, 0.469, 0.4647, 0.4598, 0.4645, 0.4611, 0.451, 0.4628, 0.4649, 0.4576, 0.465, 0.462, 0.4605, 0.4568, 0.4579, 0.4533, 0.4595, 0.4547, 0.4525, 0.454, 0.4575, 0.4603, 0.4515, 0.4497, 0.4561, 0.4548, 0.4556, 0.4552, 0.4497]
training accuracy when lambda=0.6
[0.2048080808080808, 0.24204040404040403, 0.25230303030543855, 0.259595959599572, 0.2662222222270388, 0.2691717171765337, 0.27464646464887293, 0.2774949495021743, 0.28135353536076013, 0.28612121212602865, 0.28999999999518344, 0.29379797979316324, 0.2981212121236204, 0.3001818181770016, 0.3039999999927752, 0.3071919191943275, 0.31210101010221425, 0.3130303030254865, 0.31931313131072303, 0.3212121212121212, 0.32854545455267936, 0.33056565656565656, 0.335232323229915, 0.33884848485089314, 0.3427272727248645, 0.3475151515151515, 0.35212121212602865, 0.3571515151563317, 0.36202020202501856, 0.3670505050480968, 0.37107070707311535, 0.37773737373496546, 0.38151515151515153, 0.3864242424146094, 0.3919797979822062, 0.3954343434295269, 0.3978585858513611, 0.4022626262650345, 0.41054545454304625, 0.4145050505050505, 0.41818181818663475, 0.4210505050553216, 0.4275353535401701, 0.4299393939345774, 0.4330505050553216, 0.43935353534390226, 0.4440000000144496, 0.44626262626262625, 0.4522424242424242, 0.45686868687109516]
test accuracy when lambda=0.6
[0.4186, 0.4311, 0.4482, 0.4576, 0.4547, 0.4656, 0.4689, 0.4834, 0.4823, 0.4825, 0.4801, 0.4834, 0.49, 0.4904, 0.481, 0.4902, 0.4869, 0.4958, 0.4843, 0.4918, 0.4885, 0.4957, 0.4993, 0.4864, 0.4909, 0.491, 0.4874, 0.4889, 0.4903, 0.4873, 0.487, 0.491, 0.4864, 0.4898, 0.484, 0.4818, 0.4785, 0.4811, 0.4802, 0.4824, 0.4766, 0.4788, 0.4733, 0.4749, 0.4776, 0.4716, 0.4732, 0.4726, 0.468, 0.4663]
training accuracy when lambda=0.7
[0.20537373737373738, 0.2398383838389859, 0.2567676767724933, 0.26820202020683676, 0.27604040404522057, 0.2816363636339554, 0.2897979797991839, 0.29563636363395535, 0.2997979797979798, 0.3058585858561776, 0.3116565656589739, 0.317010101010101, 0.3201818181866347, 0.3263636363564116, 0.33381818182299833, 0.33854545454545454, 0.3428686868686869, 0.34816161616161617, 0.3534141414069166, 0.3584444444396279, 0.3682424242376077, 0.3746868687013183, 0.37739393939875593, 0.38618181818302233, 0.38975757575757575, 0.3976565656493409, 0.4043232323232323, 0.4123030302958055, 0.417979797979798, 0.42541414141895795, 0.43086868687109514, 0.43802020202261027, 0.44533333334055814, 0.4509090909042744, 0.45585858585858585, 0.46321212120971295, 0.4710101010125093, 0.4751515151539234, 0.4793535353439023, 0.4889696969709011, 0.4915151515296011, 0.49888888888407235, 0.5032525252525253, 0.5077575757720254, 0.5113535353535353, 0.5166262626286708, 0.5247676767676768, 0.5289494949446785, 0.5312727272630942, 0.534686868689277]
test accuracy when lambda=0.7
[0.4092, 0.4389, 0.4521, 0.4803, 0.4862, 0.4938, 0.5018, 0.5144, 0.4991, 0.512, 0.5221, 0.519, 0.5267, 0.5288, 0.531, 0.5256, 0.5255, 0.5272, 0.5304, 0.5231, 0.522, 0.5266, 0.5188, 0.518, 0.5206, 0.5196, 0.5199, 0.519, 0.5155, 0.5094, 0.5101, 0.5101, 0.5114, 0.5081, 0.5087, 0.4998, 0.5016, 0.4978, 0.4973, 0.5025, 0.4989, 0.4946, 0.4987, 0.4938, 0.493, 0.4933, 0.489, 0.4868, 0.4886, 0.4885]
training accuracy when lambda=0.8
[0.20359595959836788, 0.2496767676779718, 0.26486868686387033, 0.27800000000060204, 0.2881414141486389, 0.29640404040163215, 0.3068484848460766, 0.3139393939418022, 0.3197575757587799, 0.3278383838335673, 0.3357575757623923, 0.3417575757623923, 0.34802020201538547, 0.35416161615439135, 0.3609898989826742, 0.36680808081530564, 0.37414141413900587, 0.3828282828355076, 0.38771717171837583, 0.3957777777825943, 0.40222222222703874, 0.40787878787397136, 0.4157979797883467, 0.4254949494877247, 0.43226262625540146, 0.43941414141895796, 0.45074747475229127, 0.45492929293410944, 0.465030303030303, 0.4736767676912173, 0.4777777777922274, 0.48886868686868684, 0.4952727272679107, 0.5017777777729613, 0.511010101010101, 0.5167070707118873, 0.5273939393867146, 0.5329090909090909, 0.5381818181818182, 0.5492727272679108, 0.5554141414045083, 0.5564242424242424, 0.5640808080808081, 0.5699595959644125, 0.5748282828330994, 0.580484848499298, 0.5897979797883467, 0.5935353535401701, 0.6009090909042744, 0.6047070706974377]
test accuracy when lambda=0.8
[0.4203, 0.4662, 0.4904, 0.5021, 0.5273, 0.5326, 0.5391, 0.5477, 0.5515, 0.5604, 0.5603, 0.561, 0.5575, 0.5659, 0.5648, 0.5627, 0.5635, 0.5573, 0.5577, 0.5568, 0.5445, 0.5496, 0.5482, 0.5411, 0.5395, 0.5344, 0.539, 0.5362, 0.5313, 0.5316, 0.5255, 0.5177, 0.5182, 0.5204, 0.5134, 0.516, 0.5077, 0.5121, 0.5028, 0.5001, 0.499, 0.5035, 0.5, 0.4958, 0.5001, 0.4986, 0.497, 0.4894, 0.4942, 0.4865]
