[  111   115   212   263   316   328   340   377   402   404   414   433
   438   508   593   645   653   658   666   682   736   742   745   810
   816   864   904   931   976  1135  1159  1196  1205  1212  1239  1317
  1325  1422  1465  1502  1510  1613  1650  1652  1726  1946  1967  1980
  2095  2194  2249  2380  2386  2406  2417  2436  2442  2445  2453  2455
  2619  2642  2650  2696  2698  2839  2907  3028  3089  3159  3180  3238
  3287  3304  3324  3326  3363  3467  3490  3535  3541  3552  3557  3693
  3699  3709  3759  3799  3800  3810  3819  3839  4026  4212  4234  4250
  4259  4266  4311  4350  4391  4556  4558  4575  4576  4648  4675  4681
  4731  4754  4913  4971  4986  5048  5104  5112  5157  5272  5277  5341
  5407  5418  5478  5498  5713  5721  5751  5812  5900  5904  5916  5954
  5961  5965  6020  6057  6058  6163  6183  6270  6317  6323  6337  6382
  6501  6508  6555  6570  6588  6603  6634  6853  6905  6906  7049  7074
  7113  7126  7142  7167  7179  7249  7369  7370  7430  7453  7579  7650
  7681  7705  7716  7749  7756  7793  7805  7811  7883  7999  8017  8134
  8135  8159  8185  8195  8213  8214  8238  8276  8282  8342  8415  8431
  8447  8450  8464  8477  8493  8610  8617  8666  8754  8810  8924  8943
  8972  8987  9049  9090  9165  9189  9200  9250  9337  9403  9429  9434
  9440  9525  9546  9564  9581  9604  9620  9686  9696  9719  9925  9964
  9990 10043 10050 10053 10114 10130 10177 10228 10242 10265 10303 10339
 10382 10391 10400 10401 10432 10480 10513 10529 10554 10575 10741 10754
 10791 10794 10813 10852 10905 11001 11029 11072 11073 11083 11104 11109
 11112 11144 11158 11160 11170 11174 11317 11367 11406 11436 11457 11524
 11545 11551 11611 11682 11727 11745 11762 11801 11834 11846 11975 11983
 11993 12068 12079 12182 12211 12247 12248 12261 12361 12396 12519 12687
 12713 12844 12862 12907 12963 12967 12983 12984 13058 13103 13202 13257
 13332 13334 13388 13448 13562 13612 13680 13713 13725 13741 13833 13916
 14025 14026 14040 14060 14067 14070 14124 14184 14217 14239 14242 14251
 14301 14314 14380 14417 14630 14644 14654 14666 14791 14804 14900 14958
 14980 14997 15083 15238 15256 15277 15294 15382 15389 15448 15468 15545
 15703 15704 15738 15769 15784 15807 15864 15865 15983 16042 16048 16086
 16126 16147 16175 16202 16220 16254 16290 16327 16394 16402 16411 16423
 16505 16621 16653 16664 16793 16832 16839 16929 17005 17010 17034 17063
 17072 17153 17246 17279 17288 17305 17333 17336 17347 17378 17389 17394
 17554 17562 17630 17655 17659 17682 17793 17862 17864 17931 17952 18026
 18085 18110 18114 18169 18200 18419 18429 18499 18573 18602 18613 18643
 18668 18697 18817 18830 18833 18869 18887 18893 18897 19034 19039 19084
 19085 19093 19132 19191 19215 19237 19263 19329 19429 19454 19538 19541
 19648 19655 19674 19690 19723 19732 19740 19808 19878 19961 20067 20076
 20079 20141 20151 20188 20190 20265 20330 20361 20397 20402 20405 20459
 20476 20491 20516 20520 20613 20680 20713 20738 20921 20930 21053 21091
 21117 21219 21248 21282 21317 21351 21372 21382 21415 21421 21519 21553
 21574 21579 21632 21706 21759 21810 21855 21897 21902 21962 21973 22121
 22177 22178 22200 22208 22356 22417 22440 22446 22459 22465 22526 22689
 22703 22734 22780 22820 22890 22936 23004 23116 23135 23183 23189 23364
 23505 23540 23612 23708 23849 23894 23918 23924 23966 23998 24038 24053
 24101 24117 24197 24199 24253 24261 24266 24295 24311 24318 24321 24343
 24363 24392 24411 24426 24463 24485 24506 24552 24553 24568 24628 24637
 24721 24778 24808 24817 24844 24913 24936 24937 24944 25035 25071 25183
 25198 25200 25250 25280 25313 25357 25359 25438 25454 25473 25520 25547
 25550 25573 25593 25696 25745 25788 25792 25825 25881 25937 25979 26022
 26074 26122 26144 26225 26280 26301 26374 26386 26390 26437 26473 26505
 26572 26575 26860 26878 27146 27179 27200 27237 27257 27474 27562 27593
 27650 27656 27660 27670 27679 27702 27778 27924 27950 27985 27994 28014
 28021 28027 28052 28161 28261 28276 28346 28391 28396 28417 28460 28477
 28527 28536 28538 28574 28575 28602 28633 28733 28748 28805 28840 28878
 28896 28924 29040 29045 29046 29199 29241 29257 29340 29364 29452 29484
 29526 29590 29621 29641 29642 29775 29888 29926 30023 30027 30071 30088
 30130 30168 30175 30185 30252 30300 30456 30478 30642 30650 30654 30657
 30709 30715 30752 30761 30783 30853 30892 30934 30970 30973 31125 31141
 31170 31208 31227 31275 31322 31344 31354 31498 31557 31559 31664 31691
 31699 31746 31747 31808 31809 31871 31920 31924 31967 31995 32108 32137
 32239 32245 32251 32273 32301 32345 32634 32677 32791 32810 32812 32893
 32920 32929 32937 32954 32983 32999 33101 33166 33244 33255 33277 33302
 33310 33345 33394 33432 33467 33516 33563 33585 33650 33669 33683 33687
 33782 33801 33824 33852 33901 33931 34030 34062 34066 34130 34143 34196
 34337 34361 34370 34412 34460 34480 34502 34575 34646 34685 34720 34731
 34752 34762 34773 34837 34851 34897 34899 34922 34923 34940 35011 35015
 35019 35056 35099 35161 35199 35333 35397 35434 35493 35517 35561 35568
 35593 35645 35733 35796 35808 35834 35836 35864 35944 35970 36007 36019
 36022 36028 36102 36225 36254 36334 36370 36402 36523 36531 36589 36623
 36671 36717 36906 36909 36954 36956 37007 37044 37110 37147 37162 37188
 37191 37235 37270 37373 37497 37505 37509 37573 37629 37649 37709 37724
 37780 37811 37824 37825 37831 37847 37848 37933 37960 38100 38299 38354
 38392 38402 38466 38474 38502 38516 38579 38692 38763 38784 38857 38872
 38888 38898 38920 38924 38996 39007 39069 39158 39327 39345 39348 39370
 39455 39532 39551 39552 39571 39600 39713 39728 39739 39890 39920 39931
 39935 39946 39947 39952 40013 40079 40088 40192 40256 40281 40305 40420
 40443 40461 40464 40472 40510 40525 40602 40610 40703 40762 40856 40922
 41059 41061 41207 41242 41245 41276 41334 41344 41364 41366 41383 41412
 41519 41558 41596 41606 41612 41626 41657 41687 41847 42056 42057 42190
 42226 42246 42254 42286 42295 42334 42378 42452 42571 42604 42649 42658
 42674 42698 42711 42766 42791 42816 42871 42894 42986 43001 43020 43044
 43056 43077 43094 43111 43176 43196 43207 43272 43276 43348 43410 43413
 43467 43473 43563 43599 43703 43750 43840 43846 43855 43930 44028 44057
 44153 44170 44205 44206 44244 44278 44304 44323 44327 44364 44381 44423
 44441 44495 44516 44525 44536 44565 44590 44642 44643 44654 44675 44709
 44714 44743 44795 44817 44856 44895 44899 44900 44909 44941 44974 45075
 45106 45114 45170 45263 45417 45448 45463 45545 45590 45656 45659 45681
 45791 45904 45940 45998 46002 46020 46093 46115 46132 46152 46212 46225
 46289 46362 46412 46472 46519 46561 46580 46621 46652 46655 46723 46763
 46800 46852 46888 46890 46933 46963 47003 47054 47113 47217 47223 47272
 47298 47303 47326 47333 47384 47395 47412 47580 47592 47598 47671 47682
 47703 47720 47811 47812 47936 47965 48033 48067 48097 48104 48152 48160
 48185 48208 48245 48268 48304 48423 48445 48494 48518 48528 48642 48666
 48947 48978 49054 49248 49259 49263 49300 49353 49364]
[   32    46    60    65    96   112   119   159   175   201   225   233
   235   268   303   305   311   324   352   362   373   393   429   439
   458   463   482   501   542   563   580   755   766   817   827   828
   849   866   867   870   929   935   955   998  1070  1177  1308  1331
  1377  1382  1398  1443  1482  1529  1539  1546  1547  1559  1561  1565
  1586  1681  1684  1693  1731  1734  1777  1807  1856  1887  1991  2002
  2010  2025  2104  2134  2138  2169  2212  2236  2288  2291  2377  2385
  2437  2482  2505  2513  2536  2551  2581  2608  2640  2646  2705  2706
  2747  2753  2773  2780  2803  2805  2904  2933  2998  3000  3037  3047
  3050  3054  3072  3092  3106  3208  3232  3260  3289  3311  3358  3360
  3361  3378  3456  3477  3495  3509  3589  3617  3629  3640  3702  3712
  3741  3747  3790  3804  3817  3854  3977  3987  4005  4065  4168  4185
  4314  4326  4337  4348  4370  4512  4519  4524  4550  4571  4581  4582
  4595  4607  4692  4711  4759  4793  4883  4888  4900  4901  4921  4947
  4949  4969  4970  5008  5097  5153  5182  5207  5232  5306  5383  5461
  5517  5603  5614  5619  5639  5717  5739  5753  5770  5782  5808  5833
  5841  5886  5918  5930  5931  5981  5983  6005  6011  6098  6103  6104
  6139  6211  6267  6295  6308  6329  6354  6364  6405  6442  6456  6488
  6586  6621  6645  6671  6734  6755  6805  6837  6838  6900  7008  7011
  7078  7163  7185  7235  7266  7278  7368  7454  7465  7473  7495  7519
  7529  7597  7628  7651  7663  7697  7744  7783  7784  7797  7801  7858
  7900  7934  7978  8007  8046  8049  8054  8093  8098  8128  8145  8162
  8267  8345  8465  8475  8478  8482  8515  8595  8614  8641  8719  8721
  8723  8796  8831  8902  8913  8952  8953  8956  8966  8995  9005  9088
  9124  9152  9171  9174  9175  9177  9216  9272  9273  9299  9309  9314
  9354  9383  9416  9431  9491  9502  9559  9561  9565  9580  9660  9672
  9680  9755  9759  9871  9897  9903 10066 10101 10104 10173 10204 10221
 10227 10254 10257 10289 10322 10348 10390 10470 10478 10649 10697 10738
 10861 10867 10889 11005 11013 11024 11066 11092 11118 11125 11292 11310
 11322 11349 11365 11423 11462 11470 11535 11568 11592 11593 11711 11723
 11772 11804 11842 11843 11928 11942 11959 11974 12010 12039 12056 12057
 12097 12119 12120 12162 12221 12226 12236 12271 12335 12402 12455 12501
 12581 12593 12596 12618 12691 12718 12726 12732 12733 12770 12779 12796
 12841 12876 12879 12894 12909 12914 12933 12976 13026 13116 13120 13170
 13222 13343 13369 13377 13379 13382 13383 13396 13406 13434 13441 13478
 13516 13563 13597 13619 13629 13631 13638 13649 13712 13715 13750 13757
 13759 13768 13827 13853 13924 13925 13974 13986 14039 14051 14097 14158
 14210 14231 14269 14276 14352 14363 14367 14370 14376 14377 14389 14397
 14443 14473 14493 14518 14643 14650 14684 14738 14752 14926 14995 15006
 15016 15053 15280 15287 15302 15338 15359 15377 15399 15400 15450 15494
 15508 15532 15550 15640 15649 15652 15670 15693 15772 15798 15825 15849
 15900 15927 16015 16023 16045 16068 16109 16235 16277 16288 16301 16349
 16373 16405 16424 16446 16502 16508 16513 16540 16574 16584 16598 16657
 16681 16730 16794 16813 16814 16817 16836 16850 16919 16935 16956 17032
 17036 17101 17135 17297 17298 17373 17401 17407 17446 17482 17493 17565
 17569 17673 17724 17725 17758 17804 17886 17994 18017 18065 18103 18165
 18201 18266 18275 18279 18331 18344 18385 18399 18454 18464 18471 18507
 18557 18559 18565 18595 18615 18646 18648 18663 18730 18731 18764 18805
 18821 18858 18935 18947 18967 18984 19002 19028 19050 19062 19094 19112
 19126 19143 19151 19183 19206 19246 19257 19269 19284 19286 19290 19305
 19335 19363 19439 19478 19522 19556 19588 19634 19672 19734 19784 19850
 19871 19880 19887 19911 19957 20006 20042 20056 20082 20096 20099 20103
 20123 20160 20172 20173 20183 20219 20232 20267 20303 20340 20343 20345
 20386 20421 20510 20526 20542 20564 20618 20629 20645 20662 20663 20684
 20688 20704 20721 20726 20733 20803 20838 20861 20868 20882 20911 20936
 20967 21016 21056 21066 21068 21079 21153 21161 21204 21210 21215 21242
 21276 21289 21296 21298 21336 21341 21371 21405 21407 21429 21437 21461
 21490 21538 21562 21589 21646 21647 21671 21785 21819 21830 21885 21919
 21938 21990 22042 22056 22106 22120 22163 22190 22219 22240 22242 22247
 22267 22272 22284 22336 22396 22422 22427 22493 22529 22583 22595 22624
 22645 22647 22765 22770 22784 22822 22845 22852 22915 22928 22974 22977
 23007 23012 23069 23077 23089 23102 23146 23167 23242 23314 23337 23340
 23360 23409 23530 23578 23590 23595 23608 23622 23635 23659 23694 23721
 23725 23759 23764 23780 23794 23799 23823 23865 23869 23876 23880 23892
 23917 23954 23965 23983 24008 24045 24050 24077 24082 24091 24152 24193
 24198 24202 24222 24229 24236 24256 24296 24302 24330 24355 24462 24463
 24468 24475 24517 24524 24583 24613 24674 24682 24718 24736 24769 24793
 24797 24803 24810 24816 24818 24836 24838 24883 24897 24898 24911 24955
 24973 24985 25020 25024 25025 25051 25119 25137 25153 25265 25287 25324
 25328 25338 25367 25394 25427 25460 25557 25577 25665 25704 25811 25814
 25827 25917 25928 25946 25959 25990 26045 26094 26123 26137 26223 26230
 26258 26365 26382 26471 26516 26523 26534 26569 26597 26627 26662 26763
 26885 26991 27007 27020 27029 27063 27087 27156 27163 27168 27227 27231
 27290 27304 27410 27426 27446 27518 27525 27699 27734 27743 27752 27757
 27761 27774 27836 27877 27908 27932 27956 27957 27988 28004 28038 28064
 28074 28095 28106 28146 28163 28250 28264 28271 28291 28297 28412 28455
 28471 28494 28500 28515 28558 28568 28592 28608 28617 28619 28635 28640
 28683 28696 28713 28735 28750 28778 28779 28800 28813 28828 28845 28875
 28881 28907 28926 28930 28961 28964 28973 29001 29010 29027 29051 29054
 29132 29137 29160 29196 29197 29209 29246 29256 29289 29338 29341 29376
 29409 29437 29461 29475 29489 29520 29548 29602 29608 29649 29661 29671
 29683 29720 29758 29759 29798 29847 29859 29931 29937 29985 30036 30053
 30065 30134 30174 30180 30198 30213 30241 30322 30343 30364 30366 30375
 30379 30431 30472 30491 30497 30540 30552 30589 30610 30737 30782 30785
 30786 30792 30811 30816 30823 30851 30926 30938 30981 30995 31023 31030
 31221 31222 31281 31286 31338 31400 31428 31506 31509 31524 31568 31607
 31633 31645 31662 31719 31741 31781 31789 31798 31886 31912 31929 31971
 31996 32035 32042 32138 32142 32163 32176 32272 32305 32333 32335 32348
 32350 32388 32403 32405 32411 32473 32477 32503 32504 32545 32568 32640
 32693 32714 32727 32844 32861 32879 32919 32981 32986 33091 33102 33110
 33338 33358 33400 33403 33442 33491 33539 33622 33633 33714 33720 33724
 33759 33769 33770 33771 33779 33788 33813 33828 33845 33853 33857 33889
 33897 33899 33914 33929 33938 33947 33952 34132 34133 34177 34180 34181
 34187 34204 34276 34322 34343 34347 34353 34366 34367 34431 34437 34477
 34478 34501 34509 34558 34568 34638 34665 34681 34691 34694 34701 34775
 34803 34815 34859 34863 34889 34941 34964 34994 35039 35042 35058 35145
 35170 35193 35195 35243 35249 35261 35264 35272 35302 35324 35391 35423
 35475 35497 35518 35567 35613 35661 35713 35761 35762 35841 35870 35871
 35906 35937 35962 35967 35992 36009 36014 36033 36078 36122 36145 36182
 36210 36225 36246 36271 36272 36303 36344 36365 36367 36449 36510 36613
 36654 36675 36813 36850 36865 36890 36925 36984 37013 37017 37052 37054
 37058 37073 37090 37106 37222 37226 37237 37246 37282 37296 37330 37341
 37409 37485 37548 37566 37577 37578 37590 37596 37600 37635 37673 37710
 37712 37742 37861 37883 37892 37904 37965 38085 38086 38104 38115 38163
 38190 38242 38258 38272 38279 38346 38363 38405 38436 38447 38460 38492
 38511 38545 38562 38590 38656 38659 38673 38732 38746 38804 38816 38880
 38889 38981 38997 39012 39028 39085 39102 39132 39178 39262 39342 39343
 39376 39410 39411 39417 39424 39497 39513 39517 39545 39592 39605 39608
 39639 39651 39687 39788 39795 39810 39861 39870 39882 39895 39927 39961
 39996 39997 40121 40189 40233 40258 40351 40410 40421 40478 40485 40533
 40535 40587 40611 40667 40705 40753 40759 40781 40790 40807 40826 40877
 40990 41006 41048 41065 41088 41119 41126 41129 41133 41173 41174 41211
 41257 41260 41329 41430 41437 41450 41476 41513 41587 41703 41707 41733
 41810 41862 41886 41922 41982 41990 42068 42082 42087 42202 42214 42273
 42282 42301 42314 42328 42359 42425 42429 42434 42449 42451 42486 42491
 42494 42498 42514 42742 42806 42815 42850 42852 42867 42887 42942 42964
 42974 43022 43049 43090 43116 43153 43202 43214 43219 43222 43224 43251
 43353 43382 43496 43499 43518 43539 43596 43708 43803 43976 43979 44021
 44051 44095 44098 44109 44174 44186 44210 44212 44218 44282 44284 44312
 44411 44417 44427 44433 44491 44515 44520 44526 44551 44563 44566 44575
 44580 44583 44600 44630 44638 44648 44653 44702 44740 44763 44794 44811
 44821 44952 44976 44978 45026 45036 45051 45098 45133 45151 45191 45235
 45261 45279 45332 45351 45384 45388 45443 45454 45497 45518 45521 45540
 45547 45670 45704 45785 45829 45872 45900 45942 45947 45961 46039 46055
 46137 46168 46182 46213 46244 46325 46410 46447 46464 46537 46539 46564
 46568 46601 46613 46626 46646 46674 46716 46779 46792 46799 46801 46812
 46814 46825 46863 46900 46912 46925 46988 47004 47029 47053 47063 47066
 47098 47117 47147 47171 47192 47406 47458 47496 47507 47512 47547 47560
 47570 47610 47630 47634 47675 47715 47801 47816 47831 47862 47878 47895
 47939 48016 48060 48082 48094 48108 48129 48307 48332 48336 48416 48432
 48552 48557 48569 48576 48578 48597 48624 48660 48662 48677 48698 48721
 48768 48840 48857 48869 48874 48890 48920 48925 48927 48944 48967 48984
 48989 49002 49024 49057 49086 49093 49096 49161 49165 49173 49204 49250
 49291 49348 49366 49435 49471 49472 49478]
[   41    48   190   192   193   338   347   478   528   619   645   722
   810   950  1179  1197  1364  1383  1416  1510  1581  1651  1661  1779
  1803  1854  1904  1952  2022  2052  2065  2076  2190  2360  2371  2432
  2458  2460  2490  2641  2657  2791  2802  2845  2873  2942  2993  3067
  3136  3199  3249  3266  3457  3481  3507  3533  3783  3855  3924  3955
  4004  4072  4285  4338  4354  4361  4661  4705  4723  4795  4797  4938
  5124  5169  5171  5183  5240  5244  5274  5275  5320  5384  5418  5483
  5520  5524  5525  5535  5655  5668  5706  5804  5819  5876  6006  6096
  6133  6205  6231  6254  6259  6331  6399  6445  6494  6549  6552  6590
  6696  6738  6741  6970  7058  7190  7240  7291  7336  7375  7391  7468
  7526  7595  7695  7850  7893  7894  7963  7988  8175  8213  8257  8272
  8383  8601  8663  8688  8718  8786  8851  8881  8920  9093  9207  9434
  9487  9564  9604  9605  9761  9825  9840  9862  9931  9986 10088 10091
 10288 10311 10376 10379 10700 10734 10766 10868 10899 10909 11170 11173
 11174 11425 11436 11487 11581 11698 11704 11727 11813 11861 11932 11996
 12103 12113 12173 12358 12375 12401 12415 12572 12682 12736 12761 12763
 12793 12817 12844 12904 13018 13293 13306 13388 13397 13483 13520 13546
 13575 13667 13692 13723 13794 13829 14124 14184 14186 14333 14350 14384
 14435 14446 14447 14469 14505 14691 14715 14741 14789 14976 15109 15222
 15241 15479 15521 15566 15574 15718 15726 15832 15906 15923 15995 16024
 16185 16191 16211 16270 16310 16316 16360 16382 16515 16544 16633 16664
 16695 16704 16706 16708 16844 16892 16916 16942 17006 17131 17151 17155
 17268 17278 17310 17391 17394 17477 17488 17497 17576 17588 17598 17769
 17793 17798 17870 17968 18114 18499 18608 18613 18659 18660 18691 18724
 18847 18940 18956 19038 19093 19148 19263 19278 19292 19324 19414 19426
 19436 19443 19512 19577 19660 19664 19878 20058 20193 20218 20254 20276
 20280 20397 20402 20429 20436 20514 20583 20631 20680 20778 20807 21026
 21045 21048 21117 21413 21599 21628 21679 21716 21811 21937 21968 22052
 22183 22237 22303 22378 22492 22494 22518 22554 22561 22618 22734 22761
 22788 22949 23053 23131 23213 23273 23356 23416 23497 23610 23648 23700
 23815 23859 23949 24044 24160 24164 24179 24219 24320 24368 24387 24427
 24435 24460 24616 24777 24786 24831 24855 24856 24910 24958 25003 25027
 25147 25183 25192 25210 25230 25254 25368 25440 25465 25504 25587 25594
 25608 25788 25974 26005 26034 26057 26088 26254 26333 26340 26359 26386
 26407 26426 26512 26548 26595 26620 26655 26773 26821 26864 26879 26903
 26908 27146 27160 27217 27242 27272 27380 27400 27445 27498 27538 27544
 27627 27677 27702 27782 27814 27835 28060 28121 28165 28168 28179 28268
 28295 28301 28327 28383 28409 28434 28497 28563 28572 28653 28709 28740
 28763 28796 28900 28966 28970 29145 29213 29241 29306 29349 29377 29750
 29950 30086 30168 30211 30393 30715 30744 30817 30892 30916 30929 30955
 31117 31120 31145 31166 31175 31217 31274 31290 31367 31394 31540 31544
 31625 31676 31685 31768 31856 32052 32182 32525 32610 32748 32792 32794
 32822 32833 32842 32846 32851 32983 33128 33141 33147 33199 33262 33278
 33444 33479 33481 33509 33578 33581 33612 33646 33704 33730 33766 33775
 33829 33838 33906 34002 34004 34027 34082 34147 34221 34255 34267 34334
 34344 34424 34473 34531 34820 35051 35086 35152 35309 35383 35397 35506
 35514 35638 35641 35795 35806 36008 36253 36316 36648 36703 36819 36862
 37001 37048 37075 37365 37375 37489 37515 37517 37627 37636 37811 37867
 37897 37977 38073 38230 38297 38326 38530 38532 38600 38606 38607 38653
 38693 38759 38773 38780 38854 38881 38885 38920 39011 39049 39107 39196
 39393 39533 39536 39588 39600 39763 39780 39800 39801 39817 39917 40263
 40319 40388 40470 40541 40545 40627 40658 40748 40762 40778 40840 40888
 40922 40950 40999 41009 41181 41261 41288 41410 41412 41595 41632 41735
 41751 41764 41776 41809 41869 41957 42166 42178 42216 42292 42313 42353
 42464 42566 42578 42938 43114 43119 43157 43308 43420 43462 43511 43550
 43632 43674 43765 43820 43922 43951 43974 43993 44057 44084 44297 44332
 44363 44371 44388 44691 44743 44795 44797 44853 44900 45023 45055 45072
 45188 45225 45259 45366 45446 45460 45485 45558 45626 45890 46058 46081
 46093 46097 46132 46142 46323 46350 46412 46433 46434 46473 46474 46495
 46515 46546 46671 46738 46795 46829 46848 46930 46963 46976 47012 47042
 47110 47146 47178 47200 47227 47272 47336 47344 47384 47392 47431 47474
 47484 47616 47755 47789 47863 47911 47917 47979 48079 48125 48138 48367
 48395 48437 48665 48734 48786 49175 49215 49308 49309 49364 49495]
[   38   228   238   257   323   471   529   602   625   628   803   901
   911   994  1007  1072  1089  1143  1145  1195  1339  1351  1475  1491
  1534  1541  1543  1648  1671  1706  1792  1828  1829  1836  1897  1965
  2035  2094  2159  2179  2224  2225  2227  2290  2353  2395  2452  2542
  2585  2690  2752  2762  2821  2883  2909  2959  2961  2990  3023  3035
  3057  3127  3128  3146  3275  3313  3339  3359  3424  3471  3472  3542
  3565  3635  3643  3724  3786  3796  3884  3900  3932  4030  4040  4083
  4125  4167  4184  4231  4388  4393  4401  4427  4446  4477  4488  4491
  4508  4539  4543  4565  4633  4653  4657  4677  4694  4744  4756  4770
  4771  4800  4805  4806  4876  4877  5002  5100  5103  5108  5158  5253
  5322  5326  5443  5458  5488  5502  5547  5594  5595  5618  5780  5807
  5868  5890  5993  6143  6162  6164  6285  6294  6318  6326  6329  6345
  6417  6424  6460  6519  6635  6679  6714  6748  6783  6808  6810  6864
  6895  6915  6981  6989  6999  7017  7031  7046  7056  7080  7087  7089
  7090  7166  7182  7190  7248  7269  7386  7389  7424  7470  7476  7541
  7604  7609  7635  7688  7694  7726  7767  7796  7820  7823  7867  7907
  7936  7942  7945  7952  8025  8079  8096  8242  8270  8339  8425  8427
  8589  8590  8628  8711  8748  8759  8859  8903  9010  9059  9076  9087
  9151  9244  9252  9328  9392  9398  9399  9495  9520  9536  9635  9734
  9744  9875 10028 10284 10312 10315 10319 10326 10329 10336 10342 10491
 10497 10569 10622 10668 10719 10736 10756 10777 10878 10916 10929 10959
 11011 11056 11091 11107 11129 11147 11151 11157 11168 11211 11253 11298
 11333 11357 11370 11414 11421 11558 11565 11604 11625 11673 11684 11707
 11714 11742 11777 11793 11821 11871 11895 11947 11970 12207 12215 12224
 12260 12324 12352 12357 12369 12444 12462 12477 12491 12497 12510 12538
 12656 12730 12820 12864 12941 12968 13028 13108 13121 13128 13135 13204
 13227 13322 13331 13367 13376 13630 13656 13746 13767 13790 13801 13819
 13839 13842 13906 13933 13979 14018 14023 14080 14094 14103 14198 14212
 14260 14300 14317 14329 14342 14394 14429 14430 14455 14500 14545 14582
 14609 14613 14683 14723 14778 14865 14901 14925 14979 15025 15050 15076
 15078 15290 15330 15368 15525 15575 15600 15658 15692 15698 15715 15737
 15777 15954 15978 16081 16103 16125 16148 16155 16186 16233 16250 16374
 16380 16396 16410 16464 16475 16523 16570 16577 16586 16610 16632 16635
 16724 16759 16761 16777 16783 16785 16815 16913 16915 16945 16975 17062
 17103 17116 17120 17138 17199 17244 17323 17369 17431 17480 17485 17525
 17527 17540 17580 17597 17657 17699 17706 17889 17900 17925 17962 18167
 18209 18271 18336 18413 18424 18434 18448 18468 18470 18489 18492 18526
 18534 18569 18649 18662 18670 18774 18825 18883 18886 18888 18904 18972
 19137 19222 19255 19409 19481 19496 19506 19547 19596 19605 19671 19825
 19852 19868 19986 19988 20018 20063 20129 20174 20189 20197 20214 20256
 20291 20315 20353 20406 20417 20475 20482 20547 20727 20728 20748 20780
 20804 20847 20850 20887 20980 21052 21194 21244 21269 21321 21427 21431
 21488 21500 21510 21513 21515 21573 21586 21610 21634 21640 21665 21698
 21733 21836 21874 21877 21879 21917 21944 22001 22109 22195 22399 22537
 22541 22548 22586 22616 22635 22676 22725 22758 22827 22846 22999 23049
 23113 23132 23201 23207 23229 23449 23474 23492 23500 23501 23536 23565
 23704 23761 23762 23772 23803 23873 23992 23996 24009 24036 24040 24070
 24092 24167 24192 24204 24241 24255 24274 24298 24326 24398 24479 24513
 24565 24621 24672 24709 24800 24804 24809 24824 24884 24939 24979 25006
 25029 25041 25103 25208 25251 25270 25325 25349 25400 25406 25422 25486
 25555 25601 25643 25691 25766 25767 25810 25824 25848 25910 25911 25918
 25990 26013 26095 26102 26142 26265 26303 26320 26434 26457 26465 26480
 26520 26604 26676 26681 26779 26969 27000 27027 27039 27054 27070 27083
 27196 27235 27241 27310 27350 27381 27383 27394 27448 27450 27505 27549
 27601 27617 27622 27628 27659 27707 27773 27784 27793 27805 27858 27946
 27953 27965 28023 28080 28115 28133 28145 28189 28191 28231 28321 28370
 28371 28379 28415 28428 28451 28468 28496 28523 28524 28545 28555 28564
 28609 28661 28679 28684 28712 28768 28790 28801 28859 28954 28971 29100
 29161 29162 29249 29268 29275 29282 29302 29314 29321 29355 29383 29400
 29408 29456 29472 29531 29693 29694 29712 29729 29802 29943 29980 30011
 30149 30172 30194 30284 30356 30408 30409 30453 30461 30465 30518 30554
 30634 30675 30717 30736 30750 30775 30776 30805 30819 30830 30834 30840
 30986 30993 31019 31038 31073 31144 31209 31226 31247 31277 31368 31409
 31411 31420 31445 31470 31476 31512 31570 31672 31723 31724 31756 31801
 31811 31909 31923 31939 31951 31983 32030 32055 32062 32097 32155 32229
 32267 32351 32392 32455 32463 32472 32499 32557 32566 32574 32582 32644
 32673 32715 32721 32764 32767 32802 32906 32947 33053 33070 33224 33263
 33284 33315 33362 33462 33472 33487 33515 33570 33592 33604 33609 33625
 33648 33659 33763 33806 33854 33905 33953 34003 34006 34047 34073 34086
 34100 34158 34252 34297 34350 34447 34483 34485 34512 34530 34612 34616
 34651 34676 34687 34692 34753 34761 34769 34770 34807 34831 34857 34886
 34887 34967 35076 35184 35552 35575 35674 35706 35736 35772 35804 35807
 35829 35835 35866 35868 36010 36135 36138 36236 36260 36300 36488 36525
 36529 36546 36584 36585 36592 36594 36610 36626 36729 36731 36805 36828
 36865 36947 36951 36990 36994 37005 37075 37115 37216 37242 37252 37310
 37327 37328 37336 37352 37379 37424 37442 37491 37534 37542 37546 37609
 37613 37632 37693 37773 37898 37932 37989 38039 38062 38064 38174 38255
 38293 38301 38360 38381 38385 38479 38493 38506 38521 38572 38613 38629
 38637 38684 38687 38696 38706 38738 38764 38772 38984 38985 38991 39021
 39033 39065 39098 39152 39166 39187 39232 39396 39456 39490 39500 39591
 39594 39607 39781 39817 39909 39938 39945 39956 39981 40008 40092 40106
 40222 40242 40290 40358 40378 40381 40439 40457 40487 40514 40517 40522
 40537 40709 40714 40737 40788 40867 40963 41020 41095 41105 41122 41134
 41148 41163 41169 41244 41274 41281 41297 41319 41336 41337 41504 41646
 41649 41661 41753 41770 41824 41834 41853 41867 41944 41954 41955 41985
 41989 42059 42083 42088 42108 42173 42198 42207 42263 42312 42392 42399
 42427 42440 42562 42592 42625 42638 42661 42676 42745 42754 42846 42883
 42891 42922 42978 43014 43037 43041 43120 43166 43183 43195 43220 43293
 43297 43318 43325 43404 43405 43412 43479 43484 43579 43716 43723 43737
 43784 43793 43795 43798 43826 43829 43837 43907 43927 43938 43960 44020
 44071 44092 44226 44246 44259 44263 44298 44330 44410 44498 44512 44629
 44679 44682 44731 44746 44760 44762 44769 44772 44824 44828 44904 44973
 44991 45024 45052 45053 45054 45059 45128 45246 45304 45440 45441 45469
 45492 45500 45507 45531 45534 45536 45567 45627 45639 45664 45743 45757
 45804 45831 45854 45888 45902 45919 46100 46110 46135 46160 46172 46319
 46375 46408 46457 46479 46535 46575 46581 46628 46633 46649 46711 46770
 46862 46892 46975 46987 47002 47179 47414 47440 47448 47464 47548 47574
 47585 47588 47601 47636 47638 47824 47867 47918 47994 48026 48055 48062
 48084 48102 48142 48238 48258 48291 48313 48344 48429 48546 48551 48564
 48623 48727 48770 48778 48782 48799 48817 48889 48895 48962 48970 48998
 49053 49135 49211 49228 49349 49368 49407 49412 49413 49465 49480]
[   84   123   131   203   292   436   616   627   826   952  1034  1043
  1197  1205  1396  1511  1515  1579  1666  1694  1720  1771  1816  1817
  1842  1913  2016  2022  2031  2037  2121  2160  2207  2241  2384  2417
  2467  2496  2521  2626  2652  2761  2837  2869  2873  2924  2926  2979
  3025  3045  3266  3326  3390  3455  3503  3620  3658  3693  3736  3810
  3844  3859  3933  3955  4252  4268  4354  4425  4433  4467  4572  4591
  4665  4667  4722  4782  4850  5003  5032  5095  5112  5125  5171  5179
  5225  5394  5399  5467  5566  5580  5669  5707  5737  5758  5761  5794
  5819  5849  5996  6024  6087  6096  6140  6226  6276  6389  6399  6431
  6518  6576  6663  6703  6734  6754  6848  6898  6905  6941  6967  7016
  7034  7071  7075  7210  7341  7351  7428  7447  7520  7521  7645  7805
  7964  8019  8084  8090  8135  8213  8221  8262  8274  8296  8334  8364
  8373  8459  8495  8501  8510  8605  8626  8688  8692  8701  8724  8731
  8735  8797  8800  8884  8933  8972  9008  9122  9125  9191  9192  9255
  9347  9362  9507  9525  9540  9546  9564  9572  9579  9592  9610  9754
  9756  9783  9996 10003 10052 10113 10134 10153 10177 10183 10197 10200
 10217 10270 10339 10382 10544 10554 10570 10578 10754 10760 10810 10942
 11136 11189 11229 11236 11490 11512 11520 11620 11811 11815 11818 11820
 11835 11846 11850 11882 12019 12064 12095 12113 12133 12148 12199 12246
 12248 12254 12410 12445 12450 12496 12552 12630 12633 12650 12746 12835
 12844 12963 13022 13051 13081 13159 13194 13215 13436 13570 13602 13615
 13722 13731 13770 13807 13815 13854 13903 13920 13944 13951 13987 14101
 14124 14160 14169 14223 14230 14238 14433 14450 14594 14639 14688 14690
 14715 14764 14785 14864 14899 14900 14963 14978 14981 15079 15162 15170
 15263 15408 15417 15439 15447 15461 15484 15571 15576 15616 15674 15707
 15804 15807 16014 16063 16291 16307 16386 16387 16548 16576 16686 16688
 16704 16721 16752 16766 16812 16861 16878 16978 16998 16999 17081 17123
 17245 17312 17328 17399 17452 17454 17588 17669 17733 17833 17860 17909
 17982 18016 18029 18067 18068 18176 18281 18378 18450 18499 18668 18691
 18817 18850 18929 18938 19008 19017 19093 19119 19164 19168 19229 19312
 19325 19326 19568 19571 19580 19699 19770 19777 19782 19791 19797 19824
 19830 19999 20078 20149 20220 20238 20257 20376 20397 20416 20446 20450
 20461 20502 20520 20657 20694 20703 20787 20894 21067 21088 21220 21355
 21369 21435 21620 21628 21688 21772 21790 21811 21821 21883 21890 21982
 22011 22022 22076 22139 22142 22178 22209 22248 22269 22295 22349 22362
 22391 22443 22469 22533 22559 22569 22592 22639 22668 22692 22729 22761
 22782 22976 23000 23039 23133 23195 23202 23265 23415 23466 23498 23544
 23555 23601 23663 23806 23835 23839 23889 23909 23921 23953 24046 24053
 24244 24276 24319 24324 24393 24435 24551 24552 24575 24606 24667 24689
 24765 24839 24846 24854 24856 24874 24941 25000 25007 25062 25154 25163
 25177 25195 25226 25230 25332 25359 25415 25440 25468 25483 25576 25627
 25692 25694 25822 25851 25862 25942 26152 26213 26315 26417 26462 26538
 26542 26546 26574 26609 26620 26654 26666 26680 26743 26806 26817 26821
 26833 26860 26955 26981 26992 27113 27146 27201 27242 27294 27380 27405
 27419 27439 27480 27506 27523 27555 27677 27679 27772 27782 27798 27838
 27874 27931 27949 28100 28138 28214 28300 28318 28368 28474 28528 28547
 28570 28599 28613 28626 28721 28763 28833 28894 28968 29103 29150 29164
 29173 29257 29264 29277 29362 29365 29455 29526 29542 29574 29580 29621
 29767 29777 29867 29892 29981 30048 30091 30125 30163 30226 30300 30301
 30304 30477 30566 30572 30574 30659 30757 30817 30892 31047 31117 31118
 31173 31197 31244 31398 31540 31650 31707 31750 31774 31776 31796 31979
 32086 32126 32153 32276 32283 32304 32325 32537 32550 32657 32814 32840
 32983 33076 33131 33161 33195 33304 33310 33345 33375 33390 33509 33602
 33715 33730 33764 33802 33838 33918 33942 33952 33990 34022 34055 34059
 34111 34143 34168 34265 34393 34519 34568 34636 34797 34806 34883 34912
 34994 35123 35149 35266 35286 35495 35517 35603 35652 35701 35766 35774
 35845 35878 35979 36050 36121 36148 36157 36268 36298 36299 36338 36349
 36388 36395 36448 36598 36634 36663 36710 36744 36765 36781 36821 36832
 36838 36854 36867 36910 36918 37029 37080 37135 37200 37287 37585 37607
 37753 37845 37908 37955 37975 37978 37979 38016 38020 38094 38167 38231
 38375 38424 38499 38588 38607 38631 38725 38881 38973 39089 39109 39136
 39148 39158 39295 39415 39418 39459 39480 39503 39551 39601 39638 39676
 39690 39714 39718 39831 39837 39843 39845 39910 39959 40047 40063 40099
 40153 40186 40235 40319 40329 40373 40394 40431 40437 40450 40484 40536
 40580 40657 40686 40729 40732 40809 40840 40949 40968 41003 41066 41076
 41113 41152 41231 41288 41340 41429 41451 41524 41586 41617 41660 41678
 41729 41816 41858 41910 41925 42003 42033 42069 42102 42112 42143 42147
 42236 42519 42523 42603 42604 42730 42767 42775 42795 43016 43057 43097
 43148 43149 43323 43377 43397 43498 43525 43542 43609 43611 43731 43838
 43840 43895 43898 43922 43934 44024 44101 44178 44213 44227 44287 44323
 44456 44674 44698 44756 44790 44791 44795 44895 44897 44918 44936 44999
 45062 45090 45105 45122 45172 45348 45362 45477 45585 45615 45631 45656
 45724 45892 45915 45924 45976 46016 46217 46225 46253 46312 46458 46735
 46745 46752 46775 46805 46867 46948 47032 47034 47091 47116 47308 47332
 47381 47391 47413 47422 47470 47485 47529 47603 47619 47652 47689 47727
 47734 47759 47798 47827 47872 47886 47926 47931 48096 48254 48298 48482
 48528 48545 48682 48754 48872 48951 48956 48978 49044 49051 49107 49181
 49325 49333 49342 49391 49399 49415 49462]
[   85   181   228   238   247   257   320   338   372   423   446   473
   489   495   497   529   533   628   676   684   721   744   800   848
   869   901   906   911   962  1087  1101  1119  1124  1180  1195  1281
  1298  1304  1343  1475  1491  1543  1621  1645  1648  1706  1741  1760
  1790  1828  1829  1880  1885  1897  1965  1987  2034  2040  2090  2100
  2106  2179  2256  2290  2301  2356  2395  2399  2408  2423  2452  2530
  2542  2560  2628  2665  2680  2688  2762  2821  2838  2879  2883  2907
  2938  2961  2978  2990  3011  3023  3035  3044  3068  3082  3084  3122
  3128  3146  3167  3305  3313  3329  3339  3359  3368  3424  3471  3489
  3542  3549  3562  3565  3586  3635  3643  3724  3755  3764  3796  3823
  3834  3861  3884  3932  3976  4010  4030  4038  4161  4206  4231  4335
  4352  4427  4488  4490  4491  4494  4507  4565  4594  4600  4657  4677
  4678  4744  4770  4773  4805  4978  4991  5002  5009  5071  5100  5102
  5103  5108  5113  5158  5217  5264  5336  5339  5350  5458  5550  5618
  5632  5748  5750  5772  5780  5890  5909  5974  6037  6143  6150  6157
  6162  6190  6198  6282  6294  6318  6324  6326  6349  6410  6417  6424
  6452  6519  6553  6559  6613  6635  6651  6689  6723  6728  6748  6808
  6810  6864  6915  6981  6982  7056  7059  7087  7089  7090  7092  7160
  7166  7190  7247  7252  7358  7414  7435  7470  7476  7530  7652  7665
  7673  7694  7708  7726  7767  7792  7795  7796  7820  7823  7867  7907
  7936  7971  8020  8023  8071  8079  8097  8106  8169  8182  8236  8245
  8270  8294  8303  8416  8418  8589  8590  8643  8658  8668  8705  8711
  8759  8778  8804  8850  8859  8962  8983  9021  9072  9073  9076  9082
  9087  9092  9264  9392  9398  9399  9495  9516  9520  9619  9652  9721
  9742  9744  9797  9838  9872  9963  9969 10027 10039 10088 10221 10319
 10329 10342 10451 10469 10475 10486 10532 10568 10622 10624 10660 10706
 10719 10736 10777 10779 10896 10908 10916 10959 10974 10994 11038 11085
 11126 11147 11151 11168 11172 11211 11235 11241 11253 11298 11333 11350
 11382 11414 11419 11421 11565 11602 11604 11612 11625 11642 11684 11707
 11714 11743 11753 11756 11821 11868 11871 11895 11939 11970 12000 12022
 12044 12122 12124 12208 12323 12324 12338 12357 12369 12372 12444 12449
 12460 12462 12477 12491 12497 12504 12518 12526 12585 12606 12710 12730
 12747 12769 12865 12941 12968 12974 12988 13108 13121 13128 13204 13225
 13227 13331 13336 13467 13530 13551 13639 13656 13801 13883 13892 13893
 13933 14018 14023 14029 14041 14080 14094 14103 14154 14198 14212 14218
 14243 14257 14260 14300 14418 14438 14465 14500 14507 14511 14540 14545
 14599 14744 14865 14878 14893 14901 14972 14975 14979 15020 15076 15078
 15109 15144 15169 15204 15237 15240 15274 15290 15291 15292 15341 15404
 15427 15492 15512 15547 15600 15653 15658 15687 15696 15699 15729 15737
 15745 15817 15822 15826 15836 15880 16038 16081 16103 16125 16148 16167
 16178 16250 16300 16374 16380 16396 16401 16410 16586 16596 16615 16623
 16624 16635 16663 16696 16785 16811 16815 16904 16931 16975 17013 17062
 17076 17084 17103 17120 17138 17156 17199 17236 17244 17281 17323 17327
 17349 17369 17431 17476 17525 17529 17536 17540 17552 17597 17599 17614
 17629 17639 17706 17751 17755 17806 17900 17991 18001 18128 18129 18159
 18167 18209 18248 18271 18374 18392 18405 18434 18441 18468 18526 18537
 18569 18575 18577 18637 18649 18662 18667 18774 18790 18815 18824 18883
 18888 18957 18990 19009 19130 19137 19163 19169 19222 19233 19234 19247
 19266 19287 19338 19343 19409 19481 19510 19524 19531 19540 19671 19758
 19803 19825 19837 19852 19868 19869 19988 20018 20040 20063 20174 20189
 20214 20269 20315 20317 20325 20406 20416 20417 20475 20482 20523 20547
 20780 20804 20847 20850 20887 20890 20926 21072 21178 21194 21241 21259
 21269 21418 21516 21529 21573 21585 21610 21611 21634 21640 21655 21665
 21733 21784 21854 21917 21932 21999 22001 22004 22094 22146 22246 22254
 22273 22310 22317 22432 22473 22497 22514 22560 22600 22606 22725 22743
 22758 22806 22819 22827 22832 22846 22882 22955 22991 22999 23034 23057
 23078 23079 23113 23140 23181 23207 23249 23260 23281 23319 23421 23425
 23449 23492 23501 23761 23762 23781 23803 23853 23854 23883 23911 23915
 23964 23996 24007 24040 24083 24109 24115 24132 24163 24167 24183 24192
 24204 24251 24255 24298 24316 24383 24458 24470 24483 24513 24617 24709
 24730 24742 24800 24804 24821 24826 24887 24916 24992 25006 25029 25041
 25103 25208 25251 25325 25339 25409 25472 25589 25594 25643 25691 25719
 25735 25767 25771 25810 25906 25910 25918 25974 26013 26064 26082 26089
 26095 26102 26104 26142 26185 26259 26265 26318 26320 26418 26434 26464
 26480 26486 26520 26602 26604 26671 26681 26769 26779 26815 26818 26864
 26969 27028 27039 27054 27070 27177 27183 27196 27276 27306 27310 27350
 27381 27383 27394 27415 27448 27487 27589 27590 27596 27601 27649 27707
 27777 27784 27793 27805 27806 27808 27809 27849 27863 27953 28070 28098
 28115 28131 28191 28195 28210 28231 28248 28263 28321 28362 28370 28371
 28403 28484 28524 28541 28549 28564 28609 28657 28661 28679 28684 28706
 28712 28718 28732 28737 28743 28767 28801 28939 28958 28978 29005 29072
 29075 29100 29127 29161 29162 29168 29186 29249 29282 29302 29314 29321
 29383 29384 29408 29430 29456 29472 29545 29724 29757 29793 29799 29865
 29917 30011 30063 30085 30149 30207 30231 30295 30356 30406 30409 30430
 30451 30453 30461 30464 30465 30518 30717 30745 30766 30776 30819 30834
 30864 30965 30986 30993 31038 31050 31122 31144 31156 31161 31207 31217
 31226 31230 31247 31264 31323 31356 31368 31419 31420 31445 31470 31472
 31476 31503 31504 31512 31543 31565 31570 31655 31659 31672 31722 31723
 31724 31783 31811 31828 31861 31909 31916 31949 31951 31963 31970 31983
 32051 32055 32062 32099 32143 32155 32205 32246 32291 32351 32440 32446
 32455 32472 32499 32557 32565 32574 32602 32608 32644 32664 32667 32721
 32764 32802 32806 32906 32921 32947 32956 33053 33085 33124 33134 33136
 33183 33233 33263 33266 33279 33284 33308 33315 33440 33472 33487 33489
 33525 33597 33609 33648 33659 33722 33730 33763 33806 33837 33854 33872
 33877 33903 33905 34017 34047 34065 34073 34086 34089 34100 34183 34252
 34253 34297 34335 34349 34350 34400 34447 34483 34580 34582 34616 34641
 34692 34709 34761 34770 34807 34813 34831 34857 34911 34932 34967 35027
 35076 35147 35184 35232 35288 35385 35386 35420 35456 35458 35476 35509
 35565 35594 35598 35663 35669 35674 35681 35772 35790 35835 35860 35863
 35977 35995 36073 36238 36248 36260 36291 36300 36403 36410 36454 36488
 36525 36529 36546 36584 36585 36594 36599 36600 36633 36676 36715 36716
 36805 36814 36828 36884 36885 36947 36990 37075 37097 37111 37115 37116
 37157 37198 37242 37267 37285 37310 37327 37336 37379 37390 37442 37496
 37513 37519 37592 37609 37613 37639 37648 37668 37693 37898 37906 37943
 38039 38111 38129 38142 38174 38255 38270 38360 38385 38479 38493 38501
 38503 38505 38506 38558 38637 38684 38706 38738 38745 38764 38766 38772
 38774 38792 38895 38984 39033 39065 39087 39091 39133 39202 39380 39456
 39473 39490 39591 39607 39615 39671 39730 39731 39808 39867 39872 39875
 39909 39938 39945 39963 40022 40029 40033 40131 40158 40180 40222 40248
 40259 40272 40284 40290 40358 40381 40439 40457 40476 40477 40487 40507
 40514 40517 40522 40534 40565 40621 40625 40680 40681 40684 40698 40704
 40737 40752 40788 40931 40941 40974 41020 41022 41095 41134 41145 41148
 41158 41163 41274 41281 41291 41319 41322 41375 41455 41525 41646 41661
 41699 41735 41769 41799 41834 41855 41867 41937 41985 41989 41992 42088
 42108 42173 42198 42207 42212 42263 42356 42364 42392 42399 42427 42440
 42537 42562 42584 42592 42613 42625 42661 42680 42745 42830 42846 42883
 42888 42910 42922 42980 43014 43041 43069 43105 43158 43183 43325 43365
 43396 43404 43406 43415 43466 43479 43523 43615 43680 43726 43829 43837
 43861 43873 43915 43946 43964 43996 44020 44092 44101 44263 44292 44381
 44389 44405 44410 44412 44431 44482 44493 44508 44512 44573 44671 44679
 44705 44731 44762 44769 44777 44824 44828 44886 44972 44973 45024 45050
 45052 45095 45123 45137 45182 45203 45304 45311 45372 45427 45440 45441
 45469 45507 45524 45527 45566 45567 45626 45627 45639 45768 45871 45893
 45902 45926 45934 45943 45954 45980 46144 46215 46222 46239 46268 46284
 46324 46375 46438 46466 46479 46518 46535 46575 46581 46649 46721 46747
 46757 46770 46869 46894 46921 46959 46975 46982 46987 46995 47000 47002
 47007 47024 47089 47179 47206 47246 47398 47464 47480 47515 47541 47548
 47588 47613 47626 47638 47641 47681 47819 47824 47850 47918 47924 47994
 48026 48055 48059 48062 48084 48090 48142 48258 48270 48283 48291 48300
 48313 48344 48349 48368 48382 48429 48500 48564 48657 48727 48778 48782
 48799 48815 48895 48957 48962 48975 49027 49135 49171 49172 49192 49211
 49228 49293 49346 49368 49423]
[   19    51    99   146   185   201   260   349   582   583   614   620
   646   716   737   807   830   859   871   888   913  1008  1018  1023
  1064  1137  1167  1230  1238  1249  1270  1372  1414  1472  1504  1571
  1615  1624  1629  1689  1728  1748  1968  1975  2039  2069  2086  2097
  2113  2153  2211  2293  2324  2340  2354  2394  2422  2552  2585  2593
  2611  2705  2707  2715  2717  2763  2885  3066  3080  3097  3143  3261
  3343  3360  3388  3412  3443  3502  3528  3540  3563  3651  3690  3793
  3801  3822  3857  3879  3988  3992  4001  4005  4018  4149  4158  4231
  4242  4287  4337  4409  4523  4529  4531  4610  4634  4724  4826  4831
  4866  4902  4940  5040  5041  5072  5268  5279  5313  5330  5331  5371
  5408  5532  5642  5646  5688  5826  6052  6117  6136  6186  6239  6243
  6285  6388  6474  6475  6530  6546  6593  6602  6649  6720  6740  6770
  6815  6821  6822  6859  6896  6976  7081  7130  7162  7236  7264  7274
  7411  7516  7553  7589  7613  7664  7677  7748  7770  7812  7880  7898
  7913  7914  7986  7989  7997  8008  8047  8122  8123  8220  8269  8285
  8327  8352  8359  8363  8403  8472  8496  8594  8614  8733  8740  8758
  8775  8834  8889  8939  8961  8969  9067  9183  9346  9351  9364  9388
  9414  9428  9569  9613  9638  9654  9739  9753  9873  9875  9924 10007
 10030 10229 10247 10346 10434 10489 10505 10618 10646 10647 10649 10694
 10796 10818 10963 11046 11108 11111 11165 11166 11225 11285 11330 11402
 11444 11525 11562 11580 11596 11626 11723 11800 11856 11913 11915 11945
 11954 11961 12101 12150 12159 12188 12265 12318 12447 12470 12483 12503
 12520 12642 12656 12780 12900 12943 12978 13000 13004 13207 13409 13489
 13579 13603 13623 13785 13955 14123 14128 14191 14203 14294 14311 14317
 14395 14403 14455 14557 14575 14633 14698 14732 14847 14881 14921 14992
 15003 15055 15095 15115 15174 15194 15648 15796 15831 15873 15901 15905
 15916 16076 16230 16234 16255 16547 16590 16642 16933 17035 17036 17054
 17070 17104 17154 17249 17269 17271 17284 17356 17398 17400 17417 17418
 17461 17496 17501 17542 17543 17657 17753 17774 17816 17846 17915 17954
 17962 17988 18036 18057 18073 18121 18136 18155 18184 18205 18358 18400
 18409 18415 18463 18487 18547 18599 18749 18816 18858 18912 18913 18920
 18949 19121 19122 19219 19311 19370 19483 19503 19677 19713 19720 19896
 19899 19995 20026 20032 20069 20102 20125 20295 20303 20352 20365 20421
 20487 20496 20500 20527 20589 20715 20723 20761 20797 20851 20891 20911
 20942 21009 21060 21174 21240 21329 21366 21492 21622 21671 21713 21735
 21738 21745 21778 21787 21851 21856 22065 22173 22180 22244 22310 22323
 22377 22396 22529 22615 22620 22710 22716 22759 22848 22869 22875 22967
 23064 23107 23164 23214 23223 23280 23287 23340 23368 23480 23506 23523
 23573 23600 23639 23701 23979 24059 24074 24111 24127 24249 24283 24369
 24423 24478 24572 24582 24621 24668 24700 24793 24898 24946 24969 24993
 24995 25045 25068 25161 25185 25191 25234 25312 25347 25369 25406 25423
 25425 25442 25559 25584 25617 25715 25728 25834 25948 25968 25982 26066
 26087 26135 26248 26342 26436 26448 26565 26570 26597 26599 26686 26713
 26900 26906 26985 26996 27175 27395 27503 27512 27604 27712 27940 28157
 28166 28204 28277 28299 28308 28317 28335 28402 28516 28600 28641 28782
 28809 28986 29085 29087 29092 29129 29242 29248 29353 29391 29449 29543
 29544 29583 29584 29707 29769 29776 29784 29807 29842 30058 30182 30229
 30245 30282 30396 30595 30609 30634 30728 30794 30826 30835 30849 30860
 30895 30917 30920 30937 30985 30996 31025 31070 31090 31095 31215 31240
 31311 31328 31338 31365 31403 31432 31538 31539 31572 31577 31584 31590
 31591 31740 31851 31979 32027 32111 32217 32257 32261 32278 32365 32378
 32521 32524 32528 32532 32584 32624 32638 32683 32684 32708 32776 32836
 32875 33026 33082 33083 33149 33205 33261 33338 33349 33357 33411 33429
 33488 33534 33619 33839 33955 33965 34136 34140 34186 34210 34279 34291
 34326 34333 34340 34367 34373 34503 34558 34623 34631 34676 34700 34740
 34780 34858 34910 34929 35610 35617 35620 35628 35646 35713 35890 35929
 35972 36006 36044 36047 36104 36227 36297 36298 36457 36463 36628 36707
 36739 36746 36770 36786 36863 36914 36962 36995 37040 37100 37103 37117
 37168 37179 37192 37268 37284 37355 37409 37454 37518 37539 37550 37574
 37602 37630 37656 37695 37706 37795 37885 37924 37926 37936 37961 38014
 38072 38107 38130 38156 38189 38193 38227 38286 38319 38356 38378 38463
 38472 38538 38573 38658 38700 38779 38817 38958 38994 39078 39319 39448
 39478 39499 39514 39584 39708 39756 39773 39790 39835 39901 39967 40041
 40101 40106 40148 40161 40255 40275 40277 40279 40362 40369 40463 40482
 40500 40509 40533 40612 40674 40740 40773 40786 40926 41058 41215 41246
 41284 41329 41370 41401 41421 41458 41568 41580 41636 41692 41711 41841
 41868 41894 41974 42027 42109 42299 42323 42374 42394 42451 42601 42642
 42646 42879 42991 43025 43080 43165 43228 43264 43277 43307 43335 43361
 43461 43498 43510 43522 43539 43575 43609 43669 43773 43799 43852 43890
 43963 43965 44017 44079 44243 44245 44267 44351 44422 44440 44469 44564
 44630 44689 44806 44854 44912 44981 45021 45030 45061 45131 45136 45156
 45258 45338 45367 45439 45462 45491 45619 45637 45667 45697 45704 45712
 45798 45803 45813 45864 45920 45958 45997 46089 46166 46221 46299 46444
 46452 46454 46460 46610 46631 46654 46685 46703 46729 46758 46776 46811
 46845 46866 46931 47112 47125 47166 47182 47288 47382 47438 47442 47584
 47621 47693 47758 47764 48038 48047 48177 48178 48210 48211 48263 48305
 48307 48318 48338 48381 48401 48457 48472 48517 48606 48607 48617 48677
 48730 48800 48816 48875 48912 48919 48956 48971 49012 49097 49142 49273
 49337 49410 49430 49435]
[    7     9    12    35    37    43   114   133   140   151   171   255
   360   419   491   511   546   618   676   740   788   799   836   838
   927   947   959  1038  1116  1126  1216  1284  1357  1374  1526  1568
  1570  1666  1716  1725  1793  1841  1877  1886  1888  1901  1916  1983
  2060  2074  2084  2126  2186  2229  2260  2320  2323  2342  2382  2427
  2431  2462  2473  2522  2541  2544  2549  2592  2631  2702  2761  2785
  2812  2818  2952  2956  2978  3058  3079  3113  3183  3231  3236  3247
  3254  3282  3291  3320  3341  3368  3389  3462  3551  3581  3620  3622
  3667  3679  3750  3752  3766  3767  3805  3903  3947  3985  3990  4016
  4042  4044  4142  4151  4180  4199  4207  4211  4216  4217  4221  4248
  4320  4359  4402  4465  4513  4530  4541  4548  4609  4645  4733  4739
  4778  4821  4828  4839  4854  5014  5035  5110  5139  5219  5226  5267
  5270  5278  5307  5333  5335  5346  5357  5386  5399  5447  5476  5485
  5513  5516  5546  5557  5569  5608  5719  5730  5732  5769  5838  5853
  5882  5891  5929  5936  5938  6004  6092  6113  6197  6221  6225  6229
  6241  6251  6271  6305  6342  6364  6401  6428  6454  6476  6506  6523
  6539  6618  6633  6676  6695  6700  6710  6729  6733  6757  6758  6763
  6772  6899  6925  6931  6962  7032  7048  7112  7119  7131  7176  7203
  7215  7260  7285  7471  7484  7487  7489  7490  7493  7649  7656  7657
  7727  7732  7752  7772  7861  7876  7972  7984  8048  8060  8155  8193
  8228  8229  8232  8233  8262  8277  8300  8326  8415  8420  8495  8523
  8535  8568  8574  8595  8630  8632  8639  8658  8730  8778  8790  8797
  8807  8819  8845  8858  8884  8975  8981  8992  9111  9116  9143  9179
  9193  9217  9281  9316  9350  9353  9393  9455  9478  9497  9579  9596
  9695  9711  9811  9862  9863  9943  9980 10017 10029 10101 10134 10171
 10183 10207 10230 10273 10334 10384 10440 10444 10518 10522 10630 10631
 10654 10656 10695 10715 10722 10778 10827 10891 10895 10936 11040 11110
 11165 11175 11232 11302 11306 11320 11328 11352 11361 11461 11465 11472
 11496 11560 11594 11726 11735 11789 11841 11862 11924 11964 12107 12124
 12167 12296 12316 12348 12408 12410 12452 12492 12512 12537 12562 12600
 12616 12640 12719 12722 12725 12742 12765 12766 12839 12861 12862 12886
 12890 12903 12924 12969 12977 13031 13048 13077 13113 13143 13237 13242
 13248 13251 13310 13317 13357 13366 13390 13400 13501 13506 13507 13514
 13565 13573 13586 13753 13807 13820 13833 13862 13943 13954 14053 14075
 14086 14111 14174 14226 14252 14255 14268 14282 14283 14303 14337 14355
 14427 14486 14503 14513 14521 14535 14541 14589 14611 14758 14773 14774
 14785 14826 14829 14834 14965 14981 15026 15052 15113 15139 15160 15170
 15175 15179 15209 15233 15262 15301 15323 15335 15451 15466 15486 15571
 15645 15660 15662 15663 15697 15699 15716 15771 15791 15837 15939 15946
 16006 16032 16042 16063 16118 16133 16181 16239 16297 16298 16314 16334
 16359 16374 16387 16418 16419 16425 16455 16494 16496 16612 16673 16682
 16769 16772 16833 16878 16896 16897 17009 17025 17026 17081 17086 17147
 17200 17231 17234 17262 17296 17321 17343 17396 17415 17441 17442 17468
 17491 17508 17573 17623 17624 17635 17641 17648 17689 17728 17760 17796
 17827 17834 17848 17868 17912 18055 18104 18109 18150 18231 18256 18329
 18384 18395 18406 18472 18500 18561 18580 18587 18639 18651 18718 18741
 18811 18865 18892 18924 18981 19001 19003 19049 19065 19106 19190 19217
 19225 19231 19236 19243 19319 19398 19446 19464 19569 19576 19587 19598
 19612 19617 19644 19675 19679 19685 19691 19726 19855 19856 19886 19967
 19971 19983 20027 20028 20040 20053 20118 20165 20269 20372 20393 20534
 20548 20570 20581 20639 20668 20707 20760 20895 20972 21010 21030 21054
 21062 21088 21109 21120 21172 21183 21192 21211 21261 21286 21376 21377
 21378 21394 21417 21433 21434 21464 21487 21491 21527 21528 21530 21560
 21619 21650 21694 21743 21771 21812 21822 21846 21890 21902 21958 21977
 21995 22039 22047 22092 22095 22112 22115 22211 22238 22288 22342 22367
 22379 22382 22435 22444 22493 22496 22523 22538 22549 22558 22692 22706
 22722 22729 22817 22898 22900 22904 22931 22950 22968 23010 23023 23029
 23054 23062 23066 23068 23072 23094 23095 23108 23220 23248 23270 23306
 23317 23324 23339 23347 23353 23386 23388 23435 23436 23480 23486 23503
 23552 23602 23661 23726 23749 23760 23770 23782 23808 23810 23889 23914
 24014 24098 24120 24123 24124 24288 24324 24363 24372 24448 24534 24544
 24570 24665 24666 24667 24690 24691 24699 24720 24729 24731 24827 24838
 24902 24935 25016 25078 25082 25087 25093 25113 25114 25120 25134 25154
 25155 25197 25225 25264 25295 25334 25376 25388 25527 25531 25588 25626
 25636 25667 25686 25695 25770 25822 25823 25824 25844 25851 25870 25930
 25933 25940 25945 25986 25999 26000 26011 26052 26078 26120 26129 26235
 26345 26363 26399 26403 26427 26460 26496 26508 26550 26580 26606 26622
 26637 26643 26647 26699 26701 26710 26789 26795 26823 26872 26880 26910
 26940 26949 26962 27043 27050 27118 27122 27249 27307 27374 27392 27423
 27479 27485 27491 27552 27616 27619 27626 27662 27668 27746 27764 27859
 27909 27972 27974 28076 28097 28185 28236 28262 28278 28289 28298 28347
 28351 28405 28429 28445 28474 28511 28522 28546 28561 28593 28603 28604
 28629 28660 28723 28737 28788 28834 28883 28915 28975 29006 29007 29025
 29072 29098 29155 29193 29198 29201 29234 29258 29312 29313 29315 29318
 29328 29370 29482 29491 29498 29613 29672 29687 29690 29703 29760 29777
 29787 29843 29846 29849 29877 29883 29896 29945 29956 29966 30059 30124
 30244 30250 30305 30367 30437 30512 30563 30612 30615 30658 30677 30699
 30735 30897 30932 30988 31004 31039 31046 31150 31155 31173 31195 31200
 31202 31340 31398 31445 31460 31468 31501 31528 31530 31599 31622 31686
 31705 31709 31831 31849 31915 31959 31973 32069 32093 32109 32126 32144
 32162 32211 32258 32263 32268 32303 32330 32372 32398 32417 32447 32449
 32541 32673 32743 32766 32799 32818 32852 32864 32916 32926 32990 32991
 33000 33041 33046 33056 33129 33131 33142 33153 33179 33242 33342 33344
 33363 33388 33425 33495 33512 33529 33554 33587 33601 33674 33694 33798
 33802 33812 33842 33855 33879 33904 33908 33911 33924 33926 33933 33959
 34050 34117 34168 34230 34231 34239 34355 34402 34428 34457 34514 34545
 34560 34575 34646 34652 34673 34751 34774 34799 34805 34855 34874 34875
 34894 34896 34907 34915 34955 35023 35100 35141 35221 35286 35427 35433
 35449 35450 35614 35681 35710 35759 35817 35823 35838 35914 35939 35959
 35985 36026 36039 36040 36050 36062 36066 36167 36206 36221 36224 36285
 36404 36446 36455 36460 36465 36470 36534 36555 36606 36617 36646 36687
 36788 36816 36830 36835 36841 36874 36892 36897 36903 36912 36932 36936
 37019 37053 37104 37159 37186 37247 37290 37292 37300 37307 37314 37316
 37325 37346 37397 37470 37520 37521 37532 37563 37567 37585 37612 37614
 37645 37657 37683 37708 37768 37769 37804 37822 37827 37829 37858 37862
 37891 37910 37951 38001 38018 38038 38076 38118 38122 38127 38140 38143
 38196 38306 38309 38324 38341 38350 38370 38400 38418 38423 38446 38468
 38473 38571 38667 38695 38750 38769 38778 38863 38874 38878 38915 38926
 39008 39016 39042 39067 39088 39301 39333 39334 39365 39402 39404 39413
 39416 39418 39610 39619 39626 39630 39631 39670 39802 39854 39908 39921
 40046 40057 40142 40170 40188 40206 40228 40232 40294 40311 40313 40370
 40402 40418 40435 40501 40504 40516 40581 40592 40639 40669 40774 40874
 40910 40942 40944 40991 41015 41034 41073 41086 41100 41198 41228 41249
 41254 41273 41280 41311 41328 41348 41372 41387 41428 41486 41605 41681
 41830 41850 41903 41919 41936 41947 41949 42003 42065 42094 42176 42204
 42211 42257 42291 42294 42341 42386 42390 42512 42524 42535 42597 42609
 42654 42701 42703 42789 42817 42841 42875 42886 42892 42913 42940 42963
 43018 43122 43137 43155 43193 43215 43238 43284 43290 43339 43347 43387
 43397 43456 43460 43495 43504 43525 43563 43569 43636 43641 43643 43653
 43663 43667 43692 43728 43840 43847 43866 43908 43909 43917 43939 43947
 44001 44014 44066 44094 44137 44168 44171 44173 44178 44180 44203 44224
 44253 44261 44280 44320 44356 44402 44415 44435 44464 44480 44547 44589
 44619 44657 44724 44833 44931 45027 45028 45104 45113 45192 45255 45272
 45349 45377 45431 45432 45473 45494 45555 45562 45569 45666 45672 45688
 45709 45710 45714 45753 45770 45776 45841 45894 45905 45911 45932 45934
 45952 46020 46023 46095 46122 46250 46254 46265 46306 46322 46331 46349
 46357 46386 46399 46406 46458 46492 46551 46571 46579 46584 46589 46607
 46639 46655 46745 46820 46821 46836 46891 47001 47027 47082 47109 47124
 47127 47133 47142 47170 47175 47285 47351 47359 47405 47452 47469 47523
 47623 47727 47745 47759 47780 47806 47865 47877 47943 47956 47971 47976
 47984 48007 48042 48046 48067 48113 48162 48196 48267 48289 48294 48342
 48348 48374 48418 48531 48570 48651 48674 48711 48715 48741 48743 48773
 48775 48783 48797 48825 48833 48838 48933 48958 48961 48979 49051 49109
 49115 49143 49177 49230 49276 49295 49310 49347 49351 49452]
[   47    62   139   184   189   191   220   221   243   309   327   350
   390   415   465   541   548   557   569   626   667   787   805   863
   898   933   936   964  1003  1006  1047  1071  1097  1121  1132  1153
  1172  1204  1245  1294  1363  1370  1371  1379  1380  1385  1386  1387
  1467  1496  1545  1660  1784  1900  1989  2051  2082  2096  2114  2146
  2151  2157  2174  2177  2206  2250  2257  2327  2329  2436  2444  2558
  2573  2594  2658  2686  2710  2775  2797  2856  2899  2905  2934  2984
  3014  3033  3096  3105  3233  3298  3309  3327  3366  3392  3422  3452
  3470  3490  3501  3522  3535  3612  3665  3708  3732  3738  3746  3800
  3848  3871  3938  3969  4002  4105  4119  4155  4186  4196  4235  4237
  4244  4255  4336  4343  4346  4360  4370  4372  4392  4429  4534  4554
  4570  4669  4680  4715  4763  4807  4808  4816  4845  4914  4923  4935
  4944  5044  5047  5134  5148  5196  5228  5251  5298  5328  5345  5364
  5366  5378  5415  5429  5431  5465  5472  5495  5505  5549  5680  5698
  5700  5742  5754  5755  5803  5817  5877  5880  6000  6009  6074  6109
  6131  6174  6189  6206  6279  6312  6348  6359  6455  6640  6655  6711
  6724  6732  6742  6766  6771  6797  6889  6907  6910  6922  6945  6971
  6983  6998  7040  7049  7086  7161  7178  7212  7273  7302  7315  7357
  7364  7373  7422  7448  7459  7513  7534  7563  7667  7779  7808  7822
  7824  7836  7946  8016  8057  8108  8118  8152  8165  8201  8246  8385
  8428  8442  8489  8646  8654  8743  8761  8766  8892  8942  8946  8973
  9019  9063  9069  9129  9160  9173  9269  9285  9334  9376  9381  9395
  9429  9439  9440  9462  9552  9603  9636  9653  9673  9702  9771  9773
  9787  9877  9921  9945  9971  9990 10005 10022 10041 10044 10170 10192
 10215 10219 10236 10239 10242 10256 10283 10297 10358 10377 10426 10445
 10479 10540 10573 10581 10588 10602 10621 10704 10716 10763 10816 10826
 10854 10863 10871 10877 10884 10910 10927 10939 10971 10983 11054 11055
 11068 11073 11139 11143 11156 11171 11221 11237 11381 11392 11405 11450
 11460 11489 11518 11555 11557 11563 11564 11682 11687 11699 11752 11755
 11788 11794 11795 11836 11981 11983 12007 12074 12181 12195 12261 12286
 12287 12289 12307 12374 12386 12421 12464 12484 12553 12624 12639 12648
 12649 12683 12711 12738 12768 12782 12784 12788 12885 12918 12956 12972
 12999 13034 13150 13178 13201 13230 13243 13324 13365 13407 13433 13444
 13446 13452 13453 13457 13484 13490 13498 13541 13543 13553 13562 13564
 13584 13588 13609 13747 13813 13840 13856 13875 13896 13916 13963 13980
 14002 14015 14040 14064 14137 14173 14206 14293 14307 14390 14431 14441
 14487 14498 14601 14602 14718 14720 14724 14739 14760 14780 15042 15081
 15082 15111 15161 15172 15180 15193 15196 15210 15226 15256 15297 15431
 15469 15515 15520 15555 15560 15634 15673 15686 15709 15722 15758 15769
 15802 15866 15879 15881 15886 15888 15907 15967 15982 15983 15994 16017
 16059 16163 16175 16220 16253 16266 16303 16339 16350 16397 16459 16479
 16486 16526 16558 16674 16758 16780 16821 16838 16856 16910 16948 16970
 16994 17003 17007 17023 17027 17028 17046 17077 17078 17082 17139 17150
 17178 17217 17305 17413 17422 17444 17445 17450 17524 17555 17608 17645
 17707 17750 17853 17924 17928 17960 17983 17986 18003 18033 18061 18078
 18160 18178 18199 18269 18366 18414 18479 18514 18518 18531 18533 18579
 18588 18600 18611 18631 18701 18721 18737 18762 18776 18869 18875 18900
 18918 18927 18974 18998 19053 19068 19071 19159 19203 19213 19279 19302
 19303 19340 19386 19402 19406 19438 19462 19511 19530 19545 19546 19565
 19625 19690 19749 19764 19770 19835 19873 19942 19974 20144 20162 20253
 20259 20266 20294 20299 20363 20441 20443 20492 20506 20546 20601 20630
 20698 20731 20743 20765 20815 20859 20898 20921 20927 20956 20982 21039
 21043 21049 21053 21080 21082 21123 21145 21167 21236 21256 21317 21323
 21343 21374 21411 21422 21475 21546 21588 21606 21677 21681 21729 21761
 21883 21906 21915 22159 22192 22194 22208 22223 22264 22282 22352 22357
 22381 22427 22434 22540 22550 22579 22627 22709 22718 22775 22807 22881
 22889 22935 22947 22983 23018 23065 23071 23138 23172 23218 23297 23301
 23334 23452 23484 23524 23576 23596 23597 23613 23616 23629 23630 23665
 23840 23848 23857 23894 23916 23933 23956 23970 24022 24068 24091 24126
 24141 24166 24187 24203 24207 24208 24279 24318 24339 24358 24381 24437
 24438 24495 24510 24515 24516 24655 24739 24760 24790 24801 24819 24829
 24835 24870 24921 24934 25023 25092 25136 25213 25215 25260 25275 25282
 25299 25308 25360 25433 25459 25470 25490 25498 25500 25539 25595 25612
 25628 25663 25753 25773 25776 25783 25813 25893 25907 25925 25932 25951
 25962 25991 26031 26084 26093 26113 26186 26195 26219 26269 26314 26321
 26394 26402 26408 26414 26432 26433 26506 26596 26650 26678 26720 26787
 26792 26848 26894 26964 26975 26984 27035 27159 27168 27218 27281 27333
 27355 27360 27372 27391 27403 27416 27427 27432 27570 27580 27586 27618
 27676 27697 27698 27753 27827 27829 27842 27848 27867 27917 27951 27979
 27991 27999 28124 28130 28143 28148 28203 28219 28258 28274 28397 28413
 28417 28475 28478 28492 28501 28513 28539 28551 28627 28631 28638 28736
 28791 28840 28879 28887 28903 28943 28948 28965 29018 29030 29035 29042
 29082 29109 29123 29157 29177 29181 29202 29244 29245 29259 29283 29316
 29388 29446 29460 29509 29518 29581 29592 29616 29631 29651 29681 29714
 29722 29731 29766 29782 29817 29840 29845 29851 29853 29903 29904 29995
 30005 30006 30049 30113 30128 30160 30171 30315 30328 30374 30433 30475
 30494 30531 30586 30600 30616 30617 30624 30676 30738 30780 30788 30789
 30867 30893 30935 30951 30963 31001 31015 31052 31061 31074 31107 31138
 31208 31235 31247 31287 31317 31326 31342 31354 31360 31410 31495 31608
 31623 31624 31658 31673 31715 31728 31763 31769 31786 31791 31855 31913
 31920 31928 31986 31990 32008 32033 32037 32045 32097 32117 32139 32140
 32186 32196 32250 32297 32340 32382 32434 32542 32553 32599 32643 32736
 32757 32761 32783 32809 32887 32977 33064 33178 33187 33296 33348 33353
 33412 33432 33538 33570 33598 33606 33643 33687 33721 33734 33744 33751
 33755 33782 33788 33822 33861 33863 33935 33971 34025 34053 34054 34097
 34116 34131 34174 34193 34229 34257 34262 34266 34283 34288 34311 34389
 34395 34461 34555 34657 34659 34679 34726 34773 34840 34908 34935 34999
 35002 35009 35011 35060 35074 35128 35133 35142 35255 35257 35262 35299
 35309 35321 35323 35331 35361 35400 35442 35460 35469 35519 35657 35701
 35779 35900 35932 35957 36057 36060 36076 36084 36111 36114 36130 36177
 36183 36205 36211 36267 36353 36364 36377 36389 36396 36397 36401 36429
 36434 36450 36467 36524 36532 36561 36569 36572 36583 36674 36694 36702
 36708 36774 36795 36809 36876 36906 36938 37046 37082 37122 37123 37164
 37180 37191 37213 37217 37289 37304 37311 37356 37432 37452 37473 37511
 37561 37618 37620 37691 37731 37737 37746 37810 37863 37880 37881 37886
 37902 37927 37941 37948 37964 38006 38043 38058 38079 38082 38099 38117
 38128 38166 38188 38208 38212 38220 38247 38287 38345 38347 38355 38416
 38452 38481 38486 38518 38543 38565 38568 38627 38654 38720 38767 38822
 38848 38866 38875 38970 38982 38995 39047 39054 39057 39069 39071 39110
 39153 39198 39200 39222 39229 39235 39315 39345 39377 39458 39465 39501
 39519 39561 39575 39586 39613 39675 39696 39712 39735 39786 39863 39874
 39879 39946 39948 39950 39958 39994 40015 40115 40127 40181 40185 40194
 40211 40247 40257 40273 40285 40302 40340 40363 40380 40382 40583 40588
 40628 40655 40763 40823 40831 40879 40886 40973 41000 41021 41029 41032
 41046 41054 41164 41166 41179 41192 41209 41221 41223 41258 41268 41308
 41350 41365 41425 41438 41447 41456 41473 41500 41522 41637 41651 41654
 41745 41765 41768 41785 41790 41797 41818 41827 41848 41897 41901 41905
 42047 42086 42163 42185 42196 42253 42270 42288 42310 42382 42525 42549
 42580 42619 42620 42623 42669 42722 42861 42912 42920 42951 42953 42992
 43074 43077 43173 43178 43187 43212 43272 43296 43320 43391 43406 43419
 43431 43447 43453 43543 43622 43654 43676 43752 43936 43943 43976 43991
 43999 44019 44038 44062 44065 44088 44089 44113 44125 44130 44138 44182
 44207 44222 44249 44250 44260 44329 44336 44345 44369 44393 44444 44446
 44492 44643 44714 44715 44785 44793 44876 44905 44937 44949 45037 45087
 45126 45157 45164 45175 45184 45197 45208 45228 45253 45274 45280 45333
 45354 45416 45451 45481 45498 45510 45528 45552 45582 45623 45629 45680
 45739 45752 45754 45839 45884 45928 45953 45959 45960 45975 45976 45982
 46004 46028 46076 46125 46176 46207 46214 46249 46297 46307 46361 46427
 46431 46432 46437 46449 46525 46538 46555 46561 46643 46702 46719 46876
 46885 46899 46914 46935 46944 46983 47032 47054 47065 47130 47131 47148
 47184 47190 47211 47226 47290 47302 47345 47349 47358 47360 47385 47395
 47401 47473 47505 47518 47520 47558 47605 47643 47649 47660 47691 47697
 47705 47748 47772 47776 47777 47794 47804 47857 47879 47981 48009 48039
 48070 48077 48097 48114 48164 48208 48241 48242 48271 48275 48309 48310
 48351 48353 48365 48387 48389 48392 48474 48503 48512 48596 48597 48598
 48612 48672 48679 48692 48696 48707 48713 48731 48747 48765 48846 48854
 48881 48888 48902 48937 48942 48972 49006 49128 49159 49163 49182 49236
 49246 49254 49259 49266 49269 49280 49362 49378 49406 49437 49456 49461
 49469 49496]
[42032 15813   440 29660 43560  2863 42134  4928 22649 26557 40480 48914
 22621 28897 14216 21901 14236 48436 28914  9794 25579 31223 18261 28862
  4970 26546  3634 15843 18247 21882 40383 17159 41665 36718 29653 40426
 11267 20105 17194 40558   458  7616  1042 20386 40724 20391  7628  2982
 45616 29939 10934 45647 40753  2995 49119 15712 18168 46054 29955 20378
 31325 11125 21115 29662 43474 25540  5832 11080 43465 17837 31835  2933
 14800  4873 11026 35612 43457 47136 15854  3645 48414 11374  8752 38182
 28779 30094 31929 43832  7097 19887 35709   362  5097  3703 24137 22837
 11624 40167  7103 11723  7075 22875 40017 43900 11783 17785 46149 16023
 17044 25729 15407 22906 17565 45392 27922 43872 46138 17055 17792 22811
  8559 21224 36637 20042 11440 38115  8667 41723 15883 11413  7266 20065
 47287 15879 40336 26753 11377 42612 35673  4254  5026 48693 26918 22783
 41762 27169 15929 17804 30060 43730  8674 11485 14097  8670 32410 20021
 11480 47316 35686 34738 22792  7000 31370 31383 22144  3251 27022 17911
 41118 20957 41450 15376 20722 41186  8207  1177 10355 42767 17375  3337
 18021 49008   612 46715 24468 20985 46700 32845 31611  8130 17888 41102
 41484 15550 24488  1093 37817  4525 29230 32808 10527  8227 42929 20784
 37030 15438 42777 37037 31761 42785 10148 15450 27988 42803 24572 42797
 20897 24574  4396 32628 20920 20803  3360 10277 22119  8240 14651  8433
  4467 42911  8267 15477 21994 22101 37006 41248 22069 41257 17981 20799
 42845  3206  8070 37830 46697 40842 10797 26603  7784 32507 37903 31451
 20469 45715 32513   536 37124 20503 45731 43240 10758 31453 24355 29903
 49099 20411 29271 24330 31823 20426 43352  9887 36831 40779  3020 15305
  3571 17852 20452 25450 22460 45674 21031 21075 43222 41553 22311 10623
 10617  1221 40994 26635 32857 43159 15598  4608 21959 45811 26720 22250
 10577 22243 41016 40976 37852  3158 37888 31494  7896 34892  7900 17293
 41513  4649  8502 37120 20551 40946 10669 40959 40961  7932 15337  4321
 43902 36565 42494 44504 14959 12704 12699 23363 30678 47817 12705 49409
 42004  1684 23844  6307 45078  9007 15123  2115 42301 16775 21391 45026
 36189 28471 35975 34005 35205 32235 30334  6210 24818 45037 42279 48165
 42018 27843 38545   105 41986 29503 39300 26350 39371 32276 30753 45142
  6464 28244 22920 27308 35910  4076 23912 12533 21647 30774 12516 44309
 19323 44376 14941 26366  5511 26045  2155 23318 44411 23314 16385 39329
 27889 19290  3825 39350 28528 12586 16373 44386 46257 21370 19349 49433
 27873 16608  5775 23595 13068 13377 26843  9265  5915 44747 23564 44726
 23715 13043 18782  1932 13398 34155 13077   881 13085 38788 42136 30458
 28333  3943 21496 48030 30472  5886 42140 34219 34218  9210 13349 37367
  1898 27412 28393 27449 29482   876  6168    67 35246  6173 19157 12825
    72 21451 39186 32114    76  9294 19178 48150 12791 42064 45014  2002
 30588 19126  6028 34133    45 28404 34109 44680  1961 16554 44647  9159
 12929 48795 26836 19101 15016 46372 17692 36014 12508 15145 39433 29367
  9559 31978 39804  2459 25819 38308 38331 24026 46516 44065 17579 34611
 11981 37477 25802 19687 39788  8857 12070  2405 39725 23993 12135 30183
 25864 23231 39752 24750 30180 35167  1539 24008  2428 44129 28668 23089
  5245 39703 11973 48723 28719 19748 22954 45358  5186 33552 31007  3734
  2553 48879   318 33545 27553 31018  2578 33518 13969 39894 45351 46162
 39870 24050 25796 36469 25794 16136 37230 35792 33591   294 16127 28708
 38265 22977 35153  6904 27545 23006 35168 46193 19563 44251 12435  1609
 44241  1608 21333   201  5380 25955   204 41922 44159  2287 21683 36365
 39482  6563 39481 19396 19363 13655 12487  6511 36328  6517 46237 19459
 18605 39445 47719 30792  5411 30798 23208 19392 16869  2305 28591  2313
 39645 38405 44212 32014  1573 38398 37264 16242 12221 34550 33729 14920
 24755 18530 27268  2335 36384   674 27504  2331 44208   218 46280 46692
 46651 17713  3964 24952 31798 15332 35376 26871 21461 31866 25119 41756
  9612 48675  3853  3649  8808 46493 21993  3566 41916 29656 42704 26874
 46544  8738  4284 41967  3705 31853  9177 17482 29352   970 41427 31969
 42455 48878 37131  2864 26492 16180  2451  5280 44108 44125 13821 39760
 30880 12039 13779 23122  5338 39657 39635 33830  6595  6582 16310 44167
  5261 25807 18445 28820 28802 11606 31096 33435 36613 11660 33488  2616
 26983 40038 38206 45373 34662 11923 16092 13940 24063 30150 44317 49207
 19333  6457 47866 16493 30621 47895 44610 39125 39099 19094  5619 12947
  1910 16598 18988 13090 13138 38770 23646 13222 19002 13526 13534 13538
 44368 23292 23296 48198 12610 26027  6354 23332 12677 28259 38536 16790
 30667 44519 44524 12717 12732 19206 27340 13644 15912 21489 47043  7618
 22215 25276 37950  7663 40775  7704 17257  7719 10862 25315 27082 49024
 25324 40653 10523 20037 46932 29868 24481 24404  4670  3102 20525 10705
  4545  4624  1208 35529  4602 31633 20303   490   589 43613 33274 22581
  4965  8311 20101  1162 28853 41309 47222 36681 38042 36725 15798 41339
 10131 17184  7287 48577  7253 31300  1378 48025 24927  3397  3458 41497
 47833 34072 17990 28297 15015  1103 12933 35039 10435 12758 46899 39014
 39193 28395 10305 21407 24919 34102  1094 11483 21386 48724 39868  2512
 14210 25790 11292 18372 40408 33491 25713 33436 41713 28848 17799  9716
 28118 38109 11106 28932 20383 34585 10649 25389  3112 35186 12579 28049
 32280 40865 37833 46464  1267 37448 10792  3072 21301 19439 33001 21066
 34874 10100 13282 16319  6361 43893 35662 36833 35849 30781 45254 37082
 16192 42662 17427  4868 36088 44575 23337 30537 30307 15987 15842 36250
 44571 45222 24793 36596 30440 21928  5154  7404 29598  4581 16766 31517
 15623 15053  7925  9137  4643   866   268 43933 46313 35913 29505 23412
  8605 15669 42946  4719 26856 22824 45761 43928 18344 31089 40179 17101
 15328 17499 29001 41587  4303 48086 17520 30106 41635  5791 45365 36514
 25042  5610  2640 37589 37070  2051 47969 41260 10304 42902  4784 24520
  8215 19028 29871 15531 34901  3244 40936 22324 20618 28973 26103  8345
 18184 41533 48145 25650   403 34387 28381 30619 32603 34618 47174  1128
  8396  4404 39156  7576 31366  5237 29671 33615 28253  8946  3849 21395
 15106  2191 26411 45279 46387 23917  9104  8820 30641   102  1814 46186
 42042 46195  5460 49361  8733 15003 42504  6597   940   139 39447 44076
 27494 38440 21970 16595 47311  5387 39321  4334  7222 47617 34722   225
 26677 25248 45694 24282  7206  1277 16528  2778 31269 37013 47202 23788
  4353  7379 22074 46437 31742 13712 18837 18589  8476  7497 21308 26039
  8445  5720 36006 16232 25740 30325 36438 27557 26365 14835 40005  2571
 48903 20571  9580 46333 42177 48077  6942 13957 20577  1013 39893  8115
  2080 11935  8138 27311 28749 20882 23109 29876 14532 32752 22137 35512
 35312 35372 31652 40075 41113 23069 45720  7955 26167 44638 32260 27468
 47799 21363 10350 21438 12856 42962 20404 27714  7763  4007 27426  8246
  5662 16838 13255 39344  2006 15825  5586 43717  8482 33358 33386 25131
 43772 32522 12165 43833 37565 39748 27447 33477 22889 16025 29288 33999
 36091 13869  5616 46569 17810  9615 24033 14860 45491 38105 24462 22690
  4929 10070 24770  4958 10051  9452  6609 47192 42355 33143 19478  5633
   206   469  3503 37453 27761 16109 34035 33622 11053 40611 39844 36540
 48355 29970 28592 30335  2857 25852 12797 22462 11424 12532 40367 28936
 26421 17291 16927 30671 23904 32945 47587  1694 47238  5116  5677 47147
 45540  3572 42972 41300 17519 41629   747 41876 27713 35306  9565    16
 13170 37487  8798 34191  1892 27992 22174 42522  9279 24807 10031 35046
 37090 44751 16120 15381  8719 29629 31266 38023 22947  2070 41707 34780
 29216 43345 34372  9236 20911 35447 22928   701  3436  6186  7218 13378
 35695 31295 11553 39195 24630 34615 41590 43506 47862  2590  1293 24210
 36696 23311 10821 45224 39634 16427 30847 23190 23944 44977  7926 33856
 30379 31639 14946 42285 14512 44859 10593 16210 18501 30546 25854 39784
 19211 10681 16825 33897 18876  5952 19242 33311  1085  8758 31792 23186
 45503 13662 33874 30732 48432 11395 42311 14081 20999 38566 29602   772
 24000 48863 27514 14914  6974 39683 23123 13770 44507  6654 26328  5865
 36379 15988 47630 21934 14760 18993 28797 11557   277 19495 22773 45573
 11662 44644 43512 24440 37725 40882 34800  5741 23731 14476  4495 40521
 22163 40771 27063 47049 23759 25390 14448 29961 10648 34488  7271 41873
  3186 21315 35615 21837 31663 28826  9590 22289 33011 29374 38824 27957
 30145   289 11550 10540 40053  2049 14987 42258  9126 21121   879  2170
 46491 20938  2884 38642 30001  2274 10860 49083 40904 13632 47290  4788
  4252  4953 25887 30486 38095 34793 38003 48118 29220 23375 32912 17449
 25726 25105 15138 46545  8990 13539 42328 17528   563 24673 13184 23682
  5893 31718 47458  8256 14571 13088 23734 49285 38657     4  6023 29283
  8582 48576  4371 43679 21242 37605 25827 39282  4951  7412 48171  7981
 41446 28047 20914 37697 49498 39194 33643 23228 23622 46270 41223  5597
 29212 21464 38461 43806 23948 22660 49291 34568 30807  4054 30417  5425
 34985 47831 44150 23041 13784 39684 30859 25814 22409 20690  5225 31926
 42407 10397  3104 34058 43184 32645 21699 15898 26960 13646  7301 20905
 24443 19305 36745  8471 26972  1106 20248 13631 43572 20940 34039 20929
  8366 11590 27587 48547 30630 24662  4516 28750  3788  1589 43850 46255
 33461  1693 25967 17511 34141 38452  3207 33442 28463 36144  6322 35916
 26419 34561  6371 47029  9016 14917 29447 17611 32910 16304 10716 12661
 13907  3286 26756 21866  9804 47864  1055  4314 13371 10246 13956 32531
 20995 18718 43472  7341 20161 43573 37673 44748 24294 28271 39037 26771
   269 21250 43955 15308  2053  9001 46842  3314 40989 21007 14296 41357
 11023 20872 42714 27247 36855 34287 34276  5039 15900 38807 15349 35254
 47293 19006   258 15526 38755  3745 33446 35721 35856  2072 34693 16234
 45701 41265 21845 15705 46235 44457 21919 22323 22511  1669 17541  9789
 43464 31393 45975 20448 41492 14228 34284 36449 42470  7460 27471 17361
 20501 47171 13343  7646 11569 23614  3817 39816 17221  7622 11582 19427
 45388 41066  8787 23535 12442 11755 38868  1460 23226  3526  8212 33785
 15617 33938  6192 13386 38811 48189 27434 40599  7632 25126 25895  6664
 12132  3479 37073 42806 47318 20714 12003  2505  6882 10828 43876 19882
 11015 14046 43459 40497  6640 23153 41289 19453 21563 14817 42580  5448
 31910 32369 17787 42021 32032 25994   955 15659 40843   506 13447 42343
 35587  4711 39164 27877  7552 15695 40874 41887 17299 15298  9860 37596
 18797 48016  4433 14558 10731  1172 18936 20675  4590 17315 29577  9897
   572 22140 13485 30725 11859 33550 39431 34680 47433 24073 45163 13706
 23012 13899 34701  6600 12549 23063 28491 16195 39331  2177 15881 30927
 49427 21208 12244  8480 35010 21876  1604 44443  4989 48718  9138 27855
  9366 17631 42302 37283 39376  5506  2215 16628  3741  9569 14879 16676
 41371 19373 17429 44136  5302 39944  6117 48340  4807 40121 16379  5194
 43413 25674 40531 11201 24159 17142 35677 18333 31506 21466  8109 19248
 41494 12120  9472 28911 12740 31760 26193 31255  5500  7387 24006 22683
  8358  5627 44109  9982 23235 41845 23117 29585 21028  5149 20683 19472
 44703 12429 32370 43997 30213  7923  6095 31444  5831 48848 14498 27385
   213 36138 16602 17625 26854 17836 15558 35133 14902 14812 32976   928
 48729  3130 46790 15124 45769 15891  7825 39001 17535 41493 22190 34682
 32292  9995 29858 18917 37455 13296 13835 35423 40848 31541     2 23757
 23290 32234 44316 49145 46294 18488 41262 45970 19676 23268 34172 24267
 20145  8107 14750  2634  4706 48971 43338 42141 15193 21408 41765 17265
 13652 25206 15165 22258 16816  9098 26327 40110 42850 21076 28617 14284
  7011 28647  1856 34743  7055 40787 47584 44281 30795  2835 37492  2492
 22905 33079 26751 30349 28256 30344  2649  8462 23901 23192 41568 22347
 22234 30695 23987 16164 41199 39118 33071 43026  9774 19419 33391 16320
 13139 25030 38732 33582  7623 28366 34931 10178 47173 14873 31327 17663
 40315 33117 45401   766 20258 13319  6871 44040 34898 29747 21234  2643
 45737 14612 34969 31466  3747 11554 32477  5747   235 41593 45961 16603
 30264  4663  7915 12770 14133 23707 16365  8460 34026 49405 10752  8454
 31184 13703  4039 49104 25779  1953 18533 30585]
[0.6370757180156658, 0.6356830941983781, 0.34172185430463575, 0.2865400495458299, 0.18796992481203006, 0.46808510638297873, 0.5159574468085106, 0.7086137281292059, 0.7314694408322496, 0.5185]
[1149, 1603, 755, 1211, 931, 1457, 940, 1486, 1538, 2000]
