training accuracy when lambda=0.3
[0.6292929293025624, 0.7196363636411802, 0.7354141414237745, 0.7420808080856246, 0.7477171717027221, 0.751979797979798, 0.7543636363732694, 0.7602424242520573, 0.7632929293073789, 0.7638383838480169, 0.7663838383693887, 0.7699797979942475, 0.7723434343482509, 0.7738181818085488, 0.7726666666666666, 0.776929292938926, 0.7769494949350454, 0.7802222222077726, 0.7796969696873366, 0.7803434343289848, 0.783313131327581, 0.7819393939297609, 0.7826666666618501, 0.7861616161567996, 0.7859797979701649, 0.7852929293073789, 0.7872929292977459, 0.7862222222125892, 0.7871717171813503, 0.7889292929148434, 0.7862828282972779, 0.7880404040259544, 0.7872323232226902, 0.7908686868686868, 0.7888282828186498, 0.7882828282972779, 0.7904444444588941, 0.7885050505195002, 0.7865656565656566, 0.7877575757431261, 0.788606060591611, 0.7889696969841465, 0.7872929292832962, 0.7888686868590538, 0.7911313131168635, 0.7891717171620841, 0.7889898989995321, 0.7879191919240085, 0.7881212121356618, 0.7893333333333333]
test accuracy when lambda=0.3
[0.399, 0.4109, 0.4136, 0.4198, 0.4253, 0.422, 0.4254, 0.4265, 0.4265, 0.4223, 0.4302, 0.4271, 0.4286, 0.4275, 0.4333, 0.4306, 0.4274, 0.4313, 0.434, 0.4313, 0.4284, 0.4341, 0.438, 0.4339, 0.4336, 0.4335, 0.4341, 0.4328, 0.4324, 0.4329, 0.4291, 0.4331, 0.437, 0.4315, 0.4378, 0.4335, 0.4334, 0.4363, 0.4341, 0.4321, 0.4317, 0.4338, 0.4275, 0.4303, 0.4337, 0.4337, 0.4355, 0.4284, 0.4312, 0.4317]
training accuracy when lambda=0.4
[0.4919595959740456, 0.555434343448793, 0.567030303030303, 0.5734141414069166, 0.5783232323376819, 0.581171717162084, 0.5868080808225304, 0.5885050504906009, 0.5928282828330994, 0.5962222222366719, 0.5990909090764595, 0.6013535353631684, 0.6038787878739713, 0.608505050509867, 0.6082828282876448, 0.6137575757720254, 0.6148686868686869, 0.6179797979942476, 0.618484848489665, 0.6218181818326314, 0.6249292929148433, 0.6270909090860926, 0.6311111111255607, 0.6327676767821264, 0.6349292929437426, 0.6353535353583519, 0.6364646464646465, 0.6392121212265708, 0.6416161616209781, 0.6467878788023284, 0.6464444444444445, 0.6469898989995321, 0.6515353535401701, 0.6511717171669006, 0.6539797979894311, 0.6552727272775438, 0.6560808080759916, 0.6592525252477087, 0.6597575757527592, 0.6596161616257947, 0.6614141414189579, 0.6635555555411059, 0.6629292929196599, 0.664525252510803, 0.6641818181818182, 0.6686868686820522, 0.6665050504906009, 0.6689292929244763, 0.669474747469931, 0.6713939394035725]
test accuracy when lambda=0.4
[0.4066, 0.427, 0.4395, 0.4383, 0.4468, 0.4484, 0.4516, 0.4487, 0.4558, 0.449, 0.4507, 0.4513, 0.4524, 0.4555, 0.4599, 0.4522, 0.4572, 0.4568, 0.4583, 0.4531, 0.4614, 0.4597, 0.4584, 0.461, 0.4591, 0.4611, 0.4557, 0.4608, 0.4625, 0.4559, 0.4552, 0.4564, 0.4559, 0.4565, 0.4545, 0.4558, 0.456, 0.4555, 0.4538, 0.4546, 0.4535, 0.4588, 0.4547, 0.457, 0.4527, 0.4511, 0.449, 0.4498, 0.4518, 0.4483]
training accuracy when lambda=0.5
[0.21987878787156306, 0.2465858585834503, 0.25773737373857786, 0.26323232322991497, 0.26864646464887293, 0.27533333333453747, 0.2768282828282828, 0.2830707070731153, 0.28731313131433545, 0.2907272727224562, 0.2942828282840324, 0.30151515152237635, 0.3040606060654226, 0.31076767676767675, 0.31620202020683674, 0.32072727272847684, 0.3275151515199681, 0.33262626262144607, 0.3391313131313131, 0.3458787878787879, 0.3514545454569537, 0.3603636363612281, 0.36446464645982996, 0.37208080808321636, 0.3824848484872568, 0.3877979797979798, 0.3971919191895109, 0.4018989898941734, 0.41214141414141414, 0.4203434343386178, 0.426020202020202, 0.4326868686916852, 0.44226262626262625, 0.44664646465128116, 0.45711111110870284, 0.4577979797979798, 0.4666060606060606, 0.46977777777055296, 0.4782222222174057, 0.4829898989826742, 0.4889292929244764, 0.4927474747619244, 0.49917171718616676, 0.50484848484126, 0.5065252525276608, 0.5134343434271186, 0.5197575757623923, 0.5187676767724934, 0.5269292929437426, 0.5253939393843063]
test accuracy when lambda=0.5
[0.4255, 0.4387, 0.4496, 0.4522, 0.4617, 0.4654, 0.4675, 0.4791, 0.4757, 0.4698, 0.4723, 0.483, 0.4847, 0.4866, 0.4868, 0.4837, 0.4865, 0.4814, 0.4839, 0.4754, 0.4882, 0.4785, 0.4853, 0.4813, 0.4771, 0.4738, 0.4771, 0.4775, 0.4744, 0.4759, 0.4752, 0.4716, 0.4744, 0.4695, 0.469, 0.4664, 0.4679, 0.4654, 0.4674, 0.4689, 0.4648, 0.4665, 0.4681, 0.4611, 0.4612, 0.4664, 0.4674, 0.4641, 0.4597, 0.4627]
training accuracy when lambda=0.6
[0.22345454545574958, 0.2546464646464646, 0.26638383837902185, 0.273818181810957, 0.2824040404052445, 0.2901414141486389, 0.2962424242472408, 0.3019191919228043, 0.3072727272775438, 0.31220202020683674, 0.3220202020226103, 0.32494949494949493, 0.3353737373761456, 0.3431515151442903, 0.3537373737445985, 0.361474747479564, 0.3730101010052845, 0.38145454545695373, 0.39109090909572564, 0.4038585858609941, 0.4121010101154597, 0.4274343434271186, 0.4346464646512812, 0.448303030300622, 0.45995959597404557, 0.4708686868735034, 0.4811111111111111, 0.4942222222174057, 0.502868686861462, 0.5144242424146094, 0.524121212111579, 0.529474747469931, 0.5415151515199681, 0.5476161616065286, 0.5581616161712493, 0.5643030302885806, 0.5754343434271186, 0.5799595959499629, 0.5870909090860925, 0.5916363636219141, 0.5968484848412601, 0.5993737373641043, 0.6061616161664327, 0.6107474747619244, 0.6172727272679107, 0.6251313131457628, 0.6300000000048165, 0.63410101010101, 0.6341414141414141, 0.6372727272679107]
test accuracy when lambda=0.6
[0.4446, 0.4558, 0.4751, 0.4763, 0.4913, 0.4994, 0.5001, 0.5011, 0.5052, 0.5113, 0.5087, 0.5121, 0.5164, 0.5097, 0.5133, 0.5036, 0.5064, 0.5102, 0.5019, 0.5064, 0.5017, 0.5007, 0.4983, 0.4991, 0.4903, 0.4954, 0.4894, 0.4907, 0.4873, 0.4925, 0.4876, 0.4887, 0.485, 0.4828, 0.4766, 0.483, 0.4833, 0.4729, 0.4794, 0.479, 0.4803, 0.4766, 0.4748, 0.4749, 0.4741, 0.4769, 0.4733, 0.4723, 0.4725, 0.4781]
training accuracy when lambda=0.7
[0.22248484848725675, 0.25767676767676767, 0.2743030303030303, 0.2870303030327113, 0.29799999999518345, 0.30703030302789475, 0.3176565656517491, 0.325171717178942, 0.33498989899471554, 0.342969696969697, 0.35337373737855393, 0.3640808080783998, 0.3743232323244365, 0.38694949494949493, 0.398242424240016, 0.4106868686796439, 0.4223636363636364, 0.43901010101250926, 0.4514949494949495, 0.46703030302066995, 0.48377777778018605, 0.49854545454545457, 0.51503030302067, 0.5288686868686868, 0.5416363636267305, 0.5548484848629345, 0.5703232323135993, 0.5809696969600638, 0.5941616161616161, 0.6037373737470068, 0.6128080808128974, 0.6239595959595959, 0.6338787878691549, 0.6434747474747474, 0.6506262626310791, 0.6564242424266507, 0.664949494949495, 0.6707676767724933, 0.6787676767724933, 0.6861616161471665, 0.6903434343530674, 0.700363636378086, 0.7025454545358215, 0.7062222222270388, 0.7150707070803402, 0.7183636363588198, 0.7199797979701649, 0.7265858585762255, 0.7318181818037323, 0.7390101010245507]
test accuracy when lambda=0.7
[0.4356, 0.4762, 0.4933, 0.5081, 0.5165, 0.5291, 0.5289, 0.5382, 0.5419, 0.5489, 0.5443, 0.5399, 0.5338, 0.5421, 0.5312, 0.5358, 0.531, 0.5236, 0.5214, 0.5185, 0.5102, 0.5114, 0.504, 0.5055, 0.4996, 0.5007, 0.4943, 0.4929, 0.4958, 0.4926, 0.492, 0.4912, 0.4848, 0.4873, 0.4806, 0.4823, 0.4911, 0.4774, 0.4786, 0.4779, 0.4793, 0.4777, 0.4745, 0.4826, 0.4784, 0.4758, 0.4759, 0.4788, 0.4755, 0.476]
training accuracy when lambda=0.8
[0.21939393939634766, 0.2665050505026422, 0.2873131313155396, 0.30260606060726475, 0.31513131313251724, 0.32755555555796384, 0.33862626262746676, 0.34884848484126, 0.35957575757575755, 0.3676363636291388, 0.3773535353511271, 0.389797979790755, 0.40153535354980313, 0.4124848484824402, 0.4289292929220681, 0.44086868686868685, 0.4561616161543914, 0.4752929292857045, 0.48840404040885693, 0.5069292929437426, 0.5267676767676768, 0.5413737373785539, 0.559474747479564, 0.5752323232275067, 0.5890707070755236, 0.6041414141365976, 0.6221414141414141, 0.634121212111579, 0.6481010100937853, 0.6598585858537693, 0.6692525252525252, 0.6832121212217542, 0.690606060591611, 0.7031111111207442, 0.7085252525108029, 0.719050505040872, 0.7274343434343434, 0.7324040404136735, 0.7401010101010101, 0.7494141413996918, 0.7567272727417224, 0.7606666666618501, 0.7655555555507391, 0.773010101000468, 0.7742626262770759, 0.7800808080759916, 0.7834747474651144, 0.788909090918724, 0.7941212121067626, 0.8014141413996918]
test accuracy when lambda=0.8
[0.4564, 0.4773, 0.5194, 0.5504, 0.5623, 0.5687, 0.5699, 0.5619, 0.5831, 0.5839, 0.5808, 0.5775, 0.5645, 0.5689, 0.5627, 0.5572, 0.5533, 0.5434, 0.5367, 0.5358, 0.5273, 0.524, 0.5129, 0.5177, 0.5008, 0.5105, 0.496, 0.4972, 0.499, 0.496, 0.4979, 0.4945, 0.4937, 0.4879, 0.483, 0.4861, 0.4783, 0.4876, 0.4848, 0.4779, 0.482, 0.4818, 0.4824, 0.4821, 0.4802, 0.4812, 0.4829, 0.48, 0.4774, 0.4754]
