[array([   33,   123,   166,   181,   228,   238,   257,   276,   278,
         317,   372,   423,   473,   486,   529,   545,   676,   725,
         744,   800,   833,   848,   906,   962,  1072,  1087,  1100,
        1101,  1102,  1163,  1180,  1271,  1281,  1298,  1343,  1475,
        1491,  1621,  1648,  1683,  1706,  1741,  1773,  1788,  1829,
        1880,  1897,  2034,  2040,  2106,  2179,  2393,  2423,  2452,
        2468,  2511,  2636,  2665,  2679,  2688,  2725,  2728,  2762,
        2821,  2879,  2938,  2961,  2978,  3032,  3035,  3044,  3082,
        3127,  3146,  3148,  3165,  3196,  3313,  3329,  3344,  3347,
        3359,  3368,  3372,  3424,  3468,  3471,  3472,  3549,  3586,
        3635,  3724,  3750,  3796,  3823,  3834,  3861,  3884,  3976,
        3991,  4010,  4038,  4152,  4167,  4231,  4325,  4341,  4369,
        4401,  4423,  4491,  4494,  4559,  4565,  4585,  4596,  4600,
        4633,  4653,  4677,  4685,  4694,  4744,  4756,  4773,  4778,
        4876,  4978,  4991,  5103,  5158,  5217,  5264,  5319,  5336,
        5361,  5417,  5423,  5458,  5532,  5550,  5555,  5728,  5748,
        5778,  5807,  5890,  6039,  6100,  6143,  6150,  6154,  6157,
        6162,  6190,  6198,  6254,  6294,  6318,  6326,  6417,  6607,
        6613,  6635,  6649,  6689,  6743,  6799,  6808,  6810,  6864,
        6878,  6892,  6915,  7023,  7080,  7092,  7119,  7166,  7176,
        7190,  7223,  7247,  7248,  7252,  7389,  7590,  7591,  7595,
        7652,  7665,  7708,  7712,  7726,  7738,  7795,  7796,  7820,
        7907,  7936,  7952,  7971,  8025,  8071,  8079,  8169,  8182,
        8270,  8294,  8418,  8427,  8429,  8589,  8590,  8609,  8643,
        8668,  8705,  8778,  8859,  8903,  8938,  8983,  9021,  9076,
        9082,  9087,  9123,  9172,  9264,  9398,  9399,  9495,  9516,
        9520,  9607,  9658,  9684,  9711,  9721,  9742,  9834,  9844,
        9872,  9969, 10021, 10039, 10077, 10164, 10268, 10284, 10312,
       10329, 10342, 10414, 10451, 10469, 10475, 10486, 10509, 10532,
       10596, 10609, 10624, 10777, 10916, 11061, 11098, 11147, 11157,
       11161, 11211, 11222, 11253, 11289, 11298, 11333, 11350, 11382,
       11414, 11421, 11604, 11632, 11637, 11684, 11707, 11743, 11753,
       11821, 11868, 11970, 12000, 12044, 12208, 12257, 12276, 12323,
       12324, 12369, 12383, 12444, 12462, 12491, 12495, 12497, 12504,
       12518, 12569, 12606, 12646, 12710, 12730, 12747, 12790, 12968,
       13135, 13147, 13204, 13227, 13331, 13336, 13376, 13391, 13431,
       13467, 13492, 13639, 13656, 13819, 13877, 13889, 13946, 13975,
       14018, 14041, 14080, 14084, 14094, 14103, 14129, 14154, 14218,
       14257, 14260, 14347, 14500, 14507, 14540, 14545, 14599, 14622,
       14649, 14744, 14778, 14878, 14899, 15020, 15051, 15078, 15109,
       15179, 15183, 15204, 15237, 15250, 15341, 15390, 15397, 15404,
       15512, 15547, 15687, 15696, 15699, 15715, 15791, 15851, 15880,
       15928, 16081, 16103, 16125, 16145, 16148, 16167, 16250, 16276,
       16297, 16300, 16374, 16452, 16596, 16600, 16610, 16620, 16623,
       16627, 16634, 16663, 16696, 16761, 16785, 16879, 16902, 16969,
       16975, 17062, 17103, 17138, 17156, 17199, 17236, 17264, 17281,
       17323, 17349, 17369, 17439, 17476, 17488, 17521, 17536, 17552,
       17597, 17599, 17629, 17650, 17672, 17697, 17706, 17717, 17729,
       17746, 17751, 17806, 17900, 17925, 17937, 17991, 18001, 18248,
       18271, 18374, 18434, 18441, 18468, 18489, 18526, 18537, 18569,
       18575, 18637, 18662, 18687, 18757, 18769, 18790, 18815, 18883,
       18888, 18904, 18957, 18972, 18980, 18990, 19130, 19137, 19154,
       19163, 19222, 19233, 19247, 19338, 19382, 19405, 19409, 19481,
       19524, 19657, 19671, 19733, 19825, 19852, 19875, 19948, 19977,
       19986, 20174, 20189, 20202, 20214, 20269, 20287, 20325, 20353,
       20406, 20416, 20475, 20523, 20650, 20727, 20847, 20850, 20887,
       20890, 21072, 21178, 21244, 21259, 21329, 21393, 21418, 21510,
       21513, 21516, 21520, 21529, 21585, 21611, 21614, 21640, 21686,
       21784, 21815, 21827, 21854, 21917, 21957, 22052, 22147, 22291,
       22358, 22432, 22445, 22473, 22497, 22502, 22541, 22596, 22600,
       22725, 22754, 22758, 22797, 22832, 22846, 22909, 22955, 22991,
       23034, 23049, 23078, 23082, 23112, 23207, 23257, 23260, 23281,
       23319, 23376, 23449, 23474, 23492, 23501, 23561, 23642, 23762,
       23781, 23853, 23860, 23867, 23908, 23915, 23946, 23963, 23996,
       24012, 24040, 24044, 24163, 24167, 24298, 24309, 24316, 24327,
       24398, 24406, 24479, 24483, 24513, 24617, 24666, 24709, 24775,
       24800, 24804, 24811, 24826, 24887, 24903, 24916, 24939, 25006,
       25029, 25041, 25056, 25059, 25099, 25116, 25169, 25208, 25251,
       25330, 25339, 25474, 25486, 25580, 25604, 25643, 25657, 25734,
       25766, 25767, 25771, 25910, 25918, 25956, 26013, 26064, 26082,
       26095, 26102, 26104, 26270, 26289, 26290, 26312, 26320, 26379,
       26418, 26434, 26460, 26464, 26514, 26520, 26623, 26671, 26676,
       26681, 26779, 26864, 26969, 27013, 27067, 27114, 27183, 27193,
       27310, 27350, 27383, 27407, 27415, 27431, 27448, 27487, 27492,
       27549, 27601, 27672, 27707, 27763, 27777, 27784, 27808, 27809,
       27953, 28080, 28098, 28115, 28131, 28191, 28195, 28362, 28370,
       28371, 28403, 28452, 28484, 28522, 28541, 28561, 28564, 28609,
       28661, 28684, 28712, 28737, 28768, 28908, 28969, 29072, 29075,
       29084, 29100, 29127, 29161, 29162, 29211, 29277, 29302, 29314,
       29321, 29384, 29472, 29498, 29531, 29643, 29659, 29667, 29724,
       29757, 29793, 29826, 29906, 29940, 30011, 30030, 30063, 30085,
       30207, 30295, 30341, 30391, 30404, 30406, 30430, 30453, 30461,
       30464, 30465, 30518, 30545, 30639, 30717, 30750, 30776, 30778,
       30796, 30986, 30993, 31019, 31048, 31050, 31073, 31091, 31144,
       31207, 31230, 31260, 31277, 31323, 31409, 31411, 31420, 31470,
       31472, 31476, 31504, 31512, 31565, 31655, 31722, 31723, 31724,
       31770, 31842, 31861, 31864, 31949, 31970, 32055, 32062, 32099,
       32101, 32143, 32183, 32203, 32220, 32269, 32291, 32346, 32440,
       32446, 32455, 32535, 32557, 32565, 32602, 32721, 32947, 32956,
       32991, 32997, 33006, 33087, 33124, 33183, 33224, 33233, 33236,
       33248, 33263, 33284, 33315, 33363, 33367, 33370, 33440, 33472,
       33487, 33489, 33525, 33543, 33546, 33592, 33609, 33659, 33763,
       33837, 33854, 33872, 33903, 33910, 34003, 34010, 34047, 34073,
       34086, 34100, 34134, 34160, 34183, 34252, 34297, 34349, 34350,
       34371, 34483, 34495, 34505, 34580, 34641, 34651, 34692, 34698,
       34709, 34753, 34807, 34831, 34873, 34887, 34888, 34932, 34967,
       35033, 35076, 35083, 35189, 35259, 35300, 35359, 35385, 35386,
       35388, 35416, 35420, 35456, 35476, 35565, 35598, 35623, 35649,
       35663, 35696, 35765, 35790, 35835, 35839, 35860, 35995, 36041,
       36086, 36175, 36247, 36248, 36249, 36295, 36300, 36307, 36427,
       36485, 36488, 36500, 36525, 36546, 36584, 36585, 36594, 36599,
       36600, 36624, 36676, 36686, 36715, 36716, 36729, 36743, 36750,
       36805, 36814, 36912, 36947, 36990, 37005, 37032, 37075, 37081,
       37097, 37113, 37116, 37157, 37198, 37242, 37252, 37253, 37310,
       37327, 37336, 37390, 37424, 37442, 37513, 37534, 37609, 37613,
       37632, 37648, 37796, 37916, 37986, 37989, 38039, 38093, 38111,
       38129, 38185, 38191, 38270, 38301, 38313, 38317, 38338, 38360,
       38385, 38404, 38439, 38479, 38505, 38558, 38634, 38684, 38706,
       38738, 38766, 38774, 38777, 38984, 38985, 39033, 39091, 39133,
       39141, 39202, 39257, 39277, 39380, 39457, 39500, 39534, 39572,
       39591, 39607, 39615, 39650, 39671, 39674, 39682, 39730, 39781,
       39808, 39817, 39909, 39945, 40022, 40033, 40180, 40222, 40259,
       40284, 40299, 40358, 40432, 40439, 40477, 40487, 40522, 40592,
       40662, 40681, 40684, 40718, 40737, 40808, 41017, 41022, 41033,
       41095, 41105, 41134, 41274, 41319, 41322, 41555, 41646, 41649,
       41661, 41735, 41747, 41760, 41834, 41937, 41985, 41989, 42088,
       42108, 42158, 42160, 42179, 42198, 42207, 42212, 42247, 42263,
       42350, 42356, 42392, 42399, 42427, 42440, 42539, 42562, 42573,
       42584, 42592, 42613, 42625, 42638, 42661, 42678, 42688, 42745,
       42796, 42910, 42922, 42957, 43014, 43036, 43066, 43105, 43120,
       43145, 43166, 43279, 43328, 43404, 43415, 43440, 43454, 43479,
       43523, 43557, 43615, 43680, 43701, 43723, 43726, 43790, 43837,
       43838, 43861, 43915, 43964, 43996, 44020, 44093, 44389, 44405,
       44410, 44412, 44449, 44512, 44656, 44671, 44679, 44688, 44705,
       44731, 44762, 44777, 44824, 44828, 44960, 44972, 45001, 45050,
       45052, 45095, 45304, 45372, 45375, 45414, 45427, 45469, 45492,
       45507, 45599, 45607, 45627, 45639, 45673, 45707, 45772, 45781,
       45788, 45830, 45833, 45888, 45902, 45934, 45943, 45980, 45999,
       46024, 46144, 46160, 46199, 46239, 46268, 46324, 46375, 46394,
       46450, 46455, 46457, 46556, 46575, 46581, 46721, 46722, 46755,
       46757, 46770, 46869, 46894, 46921, 46959, 46974, 46975, 46990,
       47002, 47024, 47085, 47089, 47137, 47164, 47179, 47206, 47246,
       47396, 47429, 47464, 47480, 47515, 47538, 47541, 47636, 47712,
       47730, 47797, 47850, 47903, 47918, 48026, 48055, 48059, 48062,
       48084, 48090, 48183, 48202, 48270, 48283, 48291, 48344, 48364,
       48429, 48527, 48546, 48564, 48595, 48623, 48770, 48778, 48782,
       48799, 48834, 48889, 48895, 48975, 49053, 49171, 49172, 49192,
       49290, 49313, 49344, 49481, 49484]), array([   33,   123,   166,   181,   228,   238,   247,   257,   276,
         317,   338,   372,   423,   473,   517,   529,   545,   676,
         725,   744,   800,   833,   848,   901,   906,   962,  1072,
        1079,  1087,  1100,  1101,  1163,  1180,  1189,  1264,  1271,
        1281,  1298,  1343,  1475,  1491,  1587,  1621,  1648,  1683,
        1704,  1706,  1741,  1773,  1829,  1880,  1897,  2034,  2040,
        2071,  2090,  2106,  2179,  2221,  2301,  2399,  2408,  2423,
        2452,  2468,  2521,  2530,  2628,  2665,  2679,  2688,  2762,
        2821,  2879,  2907,  2909,  2938,  2961,  2978,  3035,  3044,
        3082,  3127,  3146,  3148,  3165,  3196,  3313,  3329,  3344,
        3347,  3359,  3368,  3372,  3383,  3424,  3447,  3462,  3468,
        3471,  3472,  3474,  3549,  3586,  3635,  3724,  3796,  3823,
        3834,  3861,  3884,  3978,  3991,  4010,  4152,  4167,  4206,
        4231,  4309,  4325,  4341,  4369,  4401,  4423,  4491,  4494,
        4559,  4565,  4585,  4586,  4596,  4600,  4633,  4653,  4657,
        4677,  4685,  4744,  4770,  4773,  4778,  4876,  4978,  4991,
        5036,  5103,  5158,  5217,  5264,  5319,  5417,  5423,  5458,
        5550,  5595,  5618,  5728,  5748,  5778,  5780,  5869,  5890,
        5910,  5993,  6100,  6143,  6150,  6154,  6157,  6162,  6190,
        6198,  6221,  6254,  6294,  6326,  6417,  6424,  6553,  6607,
        6613,  6635,  6637,  6723,  6743,  6799,  6808,  6810,  6864,
        6878,  6892,  6915,  7023,  7059,  7080,  7092,  7119,  7166,
        7176,  7190,  7223,  7247,  7248,  7252,  7358,  7389,  7590,
        7591,  7595,  7652,  7655,  7665,  7708,  7712,  7726,  7738,
        7792,  7795,  7820,  7907,  7936,  7952,  7971,  8040,  8071,
        8074,  8079,  8169,  8173,  8182,  8219,  8270,  8294,  8416,
        8418,  8427,  8589,  8590,  8609,  8643,  8658,  8668,  8705,
        8778,  8859,  8903,  8938,  8983,  9010,  9021,  9082,  9087,
        9123,  9172,  9264,  9398,  9399,  9495,  9516,  9520,  9607,
        9658,  9721,  9742,  9797,  9834,  9844,  9872,  9963,  9969,
       10039, 10088, 10164, 10221, 10268, 10284, 10312, 10329, 10342,
       10407, 10414, 10451, 10469, 10486, 10509, 10532, 10610, 10624,
       10706, 10777, 10896, 10916, 10952, 11017, 11061, 11098, 11126,
       11147, 11157, 11161, 11172, 11211, 11222, 11235, 11253, 11298,
       11333, 11347, 11382, 11414, 11421, 11492, 11604, 11613, 11625,
       11632, 11684, 11707, 11714, 11743, 11753, 11821, 11868, 11870,
       11970, 12000, 12122, 12124, 12208, 12257, 12272, 12276, 12324,
       12332, 12369, 12372, 12383, 12413, 12444, 12462, 12468, 12491,
       12495, 12497, 12504, 12518, 12531, 12575, 12646, 12730, 12747,
       12763, 12808, 12968, 13064, 13080, 13147, 13152, 13204, 13225,
       13227, 13254, 13331, 13336, 13376, 13391, 13431, 13467, 13492,
       13639, 13877, 13933, 14005, 14018, 14029, 14041, 14080, 14094,
       14103, 14129, 14154, 14218, 14229, 14257, 14260, 14340, 14347,
       14446, 14500, 14507, 14522, 14540, 14545, 14599, 14649, 14744,
       14778, 14878, 14899, 15020, 15051, 15078, 15109, 15179, 15183,
       15204, 15237, 15250, 15291, 15317, 15358, 15390, 15397, 15404,
       15512, 15547, 15567, 15600, 15687, 15696, 15699, 15715, 15778,
       15826, 15851, 15880, 15928, 16070, 16081, 16103, 16125, 16140,
       16145, 16148, 16167, 16250, 16276, 16297, 16300, 16374, 16401,
       16494, 16596, 16600, 16610, 16615, 16620, 16623, 16627, 16634,
       16663, 16696, 16761, 16777, 16785, 16879, 16902, 16969, 17062,
       17084, 17103, 17129, 17138, 17156, 17199, 17236, 17281, 17318,
       17323, 17349, 17352, 17369, 17416, 17439, 17476, 17479, 17488,
       17521, 17536, 17597, 17599, 17629, 17650, 17672, 17697, 17706,
       17717, 17729, 17746, 17751, 17798, 17806, 17900, 17925, 17937,
       17991, 18001, 18049, 18092, 18248, 18271, 18285, 18346, 18374,
       18434, 18441, 18468, 18526, 18537, 18569, 18575, 18577, 18637,
       18662, 18667, 18757, 18772, 18790, 18815, 18883, 18888, 18904,
       18908, 18957, 18972, 18980, 18990, 18994, 19130, 19137, 19163,
       19169, 19222, 19228, 19233, 19247, 19338, 19382, 19405, 19409,
       19481, 19506, 19524, 19657, 19671, 19728, 19825, 19852, 19875,
       19948, 19986, 20044, 20052, 20084, 20174, 20182, 20189, 20202,
       20214, 20269, 20287, 20325, 20353, 20406, 20416, 20475, 20520,
       20523, 20631, 20650, 20727, 20847, 20850, 20887, 20890, 21072,
       21154, 21178, 21202, 21244, 21299, 21313, 21329, 21418, 21510,
       21513, 21516, 21520, 21529, 21585, 21611, 21614, 21640, 21686,
       21784, 21827, 21854, 21917, 21932, 21957, 21999, 22052, 22146,
       22147, 22191, 22216, 22273, 22291, 22358, 22432, 22445, 22473,
       22497, 22502, 22541, 22596, 22600, 22606, 22725, 22754, 22758,
       22797, 22832, 22846, 22909, 22955, 22991, 23034, 23049, 23057,
       23078, 23082, 23099, 23112, 23156, 23207, 23249, 23257, 23258,
       23260, 23281, 23319, 23385, 23421, 23449, 23474, 23492, 23501,
       23561, 23727, 23762, 23772, 23781, 23815, 23853, 23867, 23915,
       23946, 23963, 23964, 23996, 24012, 24040, 24044, 24062, 24121,
       24163, 24167, 24211, 24298, 24309, 24316, 24326, 24327, 24398,
       24406, 24413, 24453, 24483, 24513, 24617, 24625, 24664, 24709,
       24775, 24800, 24804, 24811, 24887, 24903, 24916, 24939, 25006,
       25022, 25029, 25041, 25056, 25059, 25062, 25099, 25100, 25103,
       25155, 25169, 25175, 25208, 25251, 25325, 25339, 25400, 25472,
       25474, 25486, 25576, 25580, 25589, 25604, 25643, 25657, 25734,
       25762, 25767, 25771, 25910, 25918, 25977, 26013, 26064, 26082,
       26095, 26102, 26104, 26142, 26259, 26270, 26289, 26290, 26312,
       26320, 26379, 26418, 26434, 26460, 26464, 26520, 26602, 26623,
       26671, 26676, 26681, 26779, 26864, 26969, 27028, 27054, 27114,
       27183, 27193, 27310, 27350, 27381, 27407, 27415, 27448, 27487,
       27492, 27549, 27601, 27707, 27763, 27777, 27784, 27793, 27808,
       27809, 27953, 28013, 28080, 28115, 28131, 28149, 28191, 28195,
       28263, 28362, 28370, 28371, 28403, 28441, 28452, 28484, 28522,
       28541, 28549, 28561, 28564, 28609, 28661, 28684, 28706, 28712,
       28737, 28746, 28767, 28768, 28908, 28969, 28974, 28978, 28984,
       29072, 29075, 29084, 29100, 29127, 29161, 29162, 29211, 29277,
       29302, 29314, 29321, 29384, 29408, 29472, 29498, 29667, 29690,
       29724, 29757, 29793, 29826, 29906, 29940, 30011, 30030, 30063,
       30085, 30149, 30207, 30295, 30341, 30371, 30391, 30404, 30406,
       30430, 30453, 30461, 30464, 30465, 30518, 30581, 30639, 30717,
       30750, 30776, 30778, 30796, 30819, 30821, 30986, 30993, 31013,
       31019, 31048, 31050, 31091, 31120, 31122, 31144, 31156, 31207,
       31230, 31260, 31323, 31390, 31409, 31411, 31420, 31470, 31472,
       31476, 31504, 31512, 31565, 31655, 31671, 31672, 31722, 31724,
       31770, 31842, 31861, 31864, 31949, 31951, 31970, 32055, 32062,
       32099, 32101, 32143, 32203, 32220, 32269, 32291, 32346, 32424,
       32440, 32446, 32455, 32462, 32543, 32557, 32565, 32667, 32699,
       32721, 32806, 32862, 32921, 32944, 32947, 32956, 32991, 32997,
       33005, 33006, 33014, 33087, 33124, 33134, 33183, 33203, 33224,
       33233, 33236, 33248, 33263, 33284, 33315, 33363, 33370, 33440,
       33472, 33487, 33525, 33543, 33546, 33592, 33609, 33659, 33763,
       33837, 33854, 33872, 33903, 33910, 34010, 34024, 34047, 34073,
       34086, 34100, 34134, 34160, 34183, 34252, 34297, 34349, 34350,
       34371, 34483, 34495, 34505, 34512, 34580, 34641, 34651, 34692,
       34698, 34709, 34753, 34807, 34831, 34873, 34875, 34887, 34888,
       34932, 34967, 35076, 35083, 35150, 35189, 35266, 35300, 35359,
       35385, 35386, 35388, 35416, 35420, 35456, 35476, 35488, 35540,
       35598, 35623, 35649, 35663, 35696, 35765, 35790, 35807, 35835,
       35860, 35941, 35995, 36086, 36199, 36202, 36207, 36247, 36248,
       36249, 36291, 36300, 36427, 36488, 36500, 36525, 36546, 36582,
       36584, 36585, 36592, 36594, 36599, 36600, 36624, 36633, 36676,
       36715, 36716, 36729, 36743, 36805, 36814, 36884, 36912, 36947,
       36990, 37005, 37032, 37075, 37081, 37097, 37116, 37157, 37198,
       37228, 37242, 37252, 37267, 37285, 37310, 37327, 37336, 37380,
       37390, 37442, 37513, 37609, 37613, 37632, 37648, 37674, 37694,
       37772, 37796, 37971, 37986, 37989, 38039, 38066, 38073, 38111,
       38129, 38185, 38191, 38270, 38301, 38313, 38317, 38338, 38360,
       38385, 38404, 38439, 38473, 38479, 38505, 38634, 38684, 38706,
       38722, 38738, 38760, 38766, 38774, 38777, 38933, 39033, 39087,
       39088, 39091, 39133, 39141, 39146, 39257, 39277, 39322, 39380,
       39456, 39457, 39492, 39534, 39572, 39591, 39607, 39615, 39616,
       39650, 39671, 39674, 39682, 39730, 39763, 39767, 39781, 39808,
       39817, 39820, 39909, 39945, 40022, 40029, 40033, 40069, 40180,
       40222, 40234, 40259, 40284, 40299, 40358, 40439, 40447, 40477,
       40487, 40514, 40522, 40592, 40601, 40625, 40662, 40681, 40684,
       40699, 40718, 40737, 40808, 40951, 41017, 41033, 41095, 41105,
       41134, 41274, 41319, 41322, 41340, 41461, 41472, 41649, 41661,
       41672, 41735, 41747, 41760, 41822, 41834, 41855, 41898, 41937,
       41985, 41989, 42012, 42031, 42085, 42088, 42108, 42158, 42160,
       42179, 42198, 42207, 42212, 42223, 42263, 42294, 42350, 42356,
       42392, 42399, 42427, 42440, 42562, 42573, 42584, 42592, 42613,
       42625, 42661, 42676, 42678, 42688, 42745, 42796, 42844, 42910,
       42922, 42957, 42994, 43014, 43036, 43066, 43105, 43114, 43145,
       43158, 43166, 43325, 43328, 43363, 43404, 43406, 43415, 43440,
       43454, 43479, 43523, 43557, 43615, 43668, 43680, 43701, 43726,
       43790, 43838, 43854, 43861, 43915, 43964, 43996, 44013, 44020,
       44093, 44103, 44263, 44381, 44389, 44405, 44410, 44412, 44449,
       44493, 44508, 44512, 44656, 44671, 44679, 44688, 44705, 44731,
       44759, 44762, 44777, 44824, 44828, 44972, 44973, 45050, 45052,
       45059, 45095, 45137, 45246, 45304, 45372, 45375, 45414, 45427,
       45492, 45507, 45524, 45527, 45541, 45554, 45607, 45613, 45627,
       45639, 45673, 45707, 45757, 45772, 45807, 45830, 45833, 45888,
       45902, 45934, 45943, 45973, 45980, 45999, 46011, 46024, 46144,
       46160, 46199, 46239, 46268, 46273, 46324, 46364, 46375, 46394,
       46450, 46455, 46457, 46518, 46575, 46581, 46597, 46630, 46721,
       46722, 46735, 46770, 46894, 46921, 46959, 46974, 46975, 46990,
       47002, 47024, 47051, 47089, 47137, 47146, 47164, 47179, 47206,
       47246, 47289, 47391, 47396, 47429, 47464, 47480, 47515, 47529,
       47538, 47541, 47563, 47636, 47658, 47712, 47789, 47797, 47819,
       47850, 47918, 48026, 48055, 48059, 48062, 48084, 48090, 48147,
       48183, 48202, 48270, 48283, 48291, 48344, 48364, 48368, 48429,
       48520, 48564, 48595, 48623, 48630, 48770, 48778, 48782, 48799,
       48815, 48834, 48843, 48889, 48895, 49053, 49171, 49172, 49192,
       49293, 49313, 49344, 49346, 49360, 49383, 49423, 49466, 49481,
       49484]), array([  123,   166,   181,   238,   247,   257,   276,   317,   338,
         423,   529,   545,   676,   725,   744,   800,   833,   848,
         901,   962,  1087,  1100,  1101,  1180,  1189,  1298,  1343,
        1475,  1491,  1621,  1648,  1706,  1741,  1773,  1829,  1880,
        1897,  2034,  2040,  2090,  2106,  2179,  2221,  2301,  2399,
        2408,  2423,  2452,  2665,  2679,  2688,  2821,  2909,  2961,
        2978,  3035,  3044,  3082,  3146,  3148,  3196,  3313,  3329,
        3344,  3359,  3368,  3372,  3383,  3424,  3447,  3468,  3471,
        3472,  3549,  3635,  3796,  3823,  3834,  3861,  4010,  4167,
        4206,  4309,  4325,  4341,  4401,  4423,  4491,  4494,  4565,
        4585,  4600,  4677,  4685,  4744,  4770,  4773,  4778,  4991,
        5103,  5158,  5217,  5264,  5336,  5417,  5458,  5550,  5595,
        5618,  5728,  5748,  5778,  5780,  5869,  5993,  6100,  6150,
        6154,  6157,  6190,  6198,  6294,  6326,  6417,  6424,  6607,
        6613,  6635,  6743,  6799,  6808,  6810,  6864,  6892,  7080,
        7092,  7166,  7176,  7190,  7223,  7247,  7248,  7252,  7590,
        7591,  7652,  7665,  7708,  7712,  7726,  7738,  7795,  7820,
        7936,  7971,  8040,  8071,  8079,  8169,  8173,  8219,  8270,
        8294,  8427,  8589,  8590,  8643,  8658,  8668,  8778,  8859,
        8903,  8983,  9082,  9123,  9172,  9264,  9398,  9520,  9607,
        9658,  9721,  9742,  9834,  9844,  9872,  9963,  9969, 10039,
       10164, 10268, 10451, 10469, 10486, 10532, 10624, 10706, 10777,
       10916, 11017, 11147, 11157, 11161, 11211, 11253, 11298, 11333,
       11347, 11382, 11414, 11421, 11604, 11684, 11707, 11743, 11753,
       11868, 11870, 11970, 12000, 12124, 12208, 12272, 12276, 12369,
       12383, 12444, 12462, 12495, 12497, 12518, 12575, 12646, 12730,
       12763, 12968, 13080, 13227, 13331, 13336, 13431, 13467, 14018,
       14041, 14080, 14094, 14103, 14129, 14154, 14218, 14260, 14347,
       14500, 14507, 14540, 14545, 14599, 14744, 14778, 14878, 14899,
       15020, 15051, 15078, 15109, 15179, 15183, 15204, 15317, 15390,
       15397, 15404, 15547, 15567, 15600, 15687, 15696, 15699, 15715,
       15826, 15880, 15928, 16081, 16103, 16125, 16140, 16145, 16148,
       16167, 16250, 16276, 16300, 16374, 16596, 16600, 16610, 16620,
       16623, 16663, 16696, 16761, 16785, 16969, 17084, 17103, 17138,
       17156, 17199, 17281, 17318, 17323, 17349, 17352, 17369, 17479,
       17488, 17521, 17597, 17599, 17629, 17650, 17672, 17697, 17706,
       17717, 17729, 17751, 17900, 17937, 17991, 18001, 18248, 18374,
       18434, 18441, 18526, 18569, 18575, 18577, 18637, 18662, 18667,
       18790, 18815, 18883, 18888, 18957, 18972, 18990, 19130, 19137,
       19163, 19222, 19233, 19247, 19338, 19405, 19409, 19481, 19524,
       19657, 19671, 19728, 19825, 19852, 19875, 20044, 20052, 20174,
       20269, 20325, 20406, 20416, 20475, 20520, 20523, 20631, 20727,
       20847, 20850, 20887, 20890, 21154, 21202, 21329, 21418, 21510,
       21513, 21516, 21520, 21529, 21585, 21611, 21640, 21686, 21854,
       21917, 21957, 21999, 22052, 22147, 22358, 22432, 22445, 22473,
       22497, 22600, 22725, 22754, 22758, 22832, 22846, 22955, 22991,
       23034, 23049, 23082, 23112, 23257, 23260, 23281, 23385, 23421,
       23449, 23471, 23474, 23492, 23501, 23561, 23762, 23781, 23853,
       23867, 23915, 23964, 23996, 24040, 24044, 24062, 24121, 24163,
       24167, 24211, 24309, 24316, 24326, 24327, 24453, 24483, 24617,
       24709, 24775, 24800, 24804, 24811, 24887, 24903, 24916, 25008,
       25029, 25041, 25059, 25062, 25099, 25103, 25169, 25208, 25251,
       25325, 25339, 25472, 25474, 25576, 25580, 25643, 25657, 25734,
       25767, 25771, 25910, 25918, 26013, 26064, 26082, 26095, 26102,
       26142, 26259, 26289, 26290, 26320, 26418, 26434, 26460, 26464,
       26520, 26676, 26681, 26779, 26864, 27028, 27114, 27183, 27193,
       27350, 27381, 27407, 27415, 27431, 27487, 27492, 27601, 27763,
       27777, 27784, 27808, 27809, 27953, 28191, 28263, 28362, 28371,
       28403, 28484, 28541, 28561, 28564, 28609, 28618, 28661, 28684,
       28706, 28712, 28737, 28908, 28969, 28978, 28984, 29072, 29075,
       29084, 29100, 29161, 29162, 29211, 29277, 29302, 29724, 29757,
       29793, 29906, 29940, 30030, 30085, 30207, 30341, 30371, 30391,
       30404, 30406, 30430, 30453, 30464, 30465, 30518, 30581, 30639,
       30717, 30750, 30776, 30796, 30819, 30821, 30986, 30993, 31091,
       31120, 31122, 31144, 31156, 31207, 31230, 31260, 31390, 31409,
       31420, 31470, 31476, 31504, 31512, 31565, 31655, 31671, 31722,
       31724, 31770, 31861, 31864, 31949, 31970, 32055, 32062, 32099,
       32101, 32143, 32203, 32220, 32269, 32291, 32346, 32424, 32440,
       32455, 32462, 32543, 32557, 32565, 32667, 32699, 32862, 32921,
       32944, 32947, 32956, 33005, 33124, 33134, 33183, 33203, 33248,
       33284, 33363, 33370, 33440, 33472, 33487, 33543, 33546, 33659,
       33763, 33837, 33854, 33872, 33903, 33910, 34010, 34047, 34073,
       34086, 34100, 34134, 34183, 34252, 34349, 34350, 34483, 34495,
       34505, 34641, 34692, 34709, 34807, 34831, 34873, 34932, 34967,
       35076, 35083, 35150, 35189, 35266, 35359, 35386, 35388, 35416,
       35420, 35456, 35476, 35488, 35540, 35598, 35649, 35663, 35835,
       35860, 35995, 36086, 36199, 36247, 36248, 36249, 36300, 36427,
       36488, 36500, 36525, 36584, 36585, 36594, 36599, 36600, 36633,
       36716, 36743, 36805, 36814, 36912, 36947, 36990, 37075, 37081,
       37097, 37116, 37157, 37228, 37242, 37252, 37267, 37310, 37327,
       37336, 37442, 37513, 37613, 37648, 37674, 37694, 37971, 37986,
       38039, 38129, 38185, 38191, 38270, 38301, 38313, 38317, 38338,
       38360, 38385, 38404, 38439, 38479, 38505, 38634, 38684, 38706,
       38738, 38766, 38774, 38777, 38933, 39033, 39087, 39088, 39091,
       39133, 39257, 39277, 39380, 39474, 39534, 39572, 39591, 39607,
       39615, 39650, 39671, 39674, 39682, 39730, 39763, 39808, 39817,
       39945, 40022, 40029, 40033, 40222, 40259, 40284, 40299, 40439,
       40477, 40487, 40522, 40592, 40681, 40684, 40737, 41017, 41033,
       41095, 41134, 41274, 41319, 41461, 41472, 41601, 41661, 41735,
       41747, 41760, 41834, 41855, 41937, 41985, 41989, 42012, 42031,
       42088, 42108, 42160, 42179, 42198, 42207, 42212, 42223, 42263,
       42350, 42356, 42392, 42399, 42427, 42440, 42592, 42625, 42661,
       42678, 42688, 42745, 42796, 42910, 42957, 42994, 43014, 43036,
       43066, 43114, 43145, 43158, 43404, 43415, 43440, 43523, 43557,
       43615, 43668, 43680, 43701, 43726, 43790, 43854, 43861, 43915,
       43964, 43996, 44020, 44093, 44389, 44405, 44410, 44412, 44449,
       44493, 44656, 44671, 44679, 44705, 44731, 44759, 44824, 44828,
       44972, 44973, 45050, 45095, 45372, 45375, 45414, 45427, 45507,
       45524, 45527, 45607, 45639, 45673, 45830, 45833, 45902, 45934,
       45973, 45980, 45999, 46024, 46144, 46160, 46199, 46239, 46268,
       46364, 46375, 46394, 46455, 46457, 46575, 46581, 46597, 46722,
       46894, 46959, 46974, 46975, 46990, 47024, 47089, 47146, 47179,
       47206, 47246, 47289, 47396, 47429, 47480, 47515, 47529, 47541,
       47563, 47658, 47712, 47789, 47918, 48059, 48084, 48090, 48183,
       48202, 48270, 48283, 48291, 48344, 48368, 48429, 48564, 48595,
       48630, 48778, 48815, 48843, 48889, 48895, 49172, 49231, 49293,
       49313, 49344, 49346, 49360, 49466, 49481]), array([  123,   166,   181,   238,   247,   257,   338,   423,   529,
         545,   676,   744,   800,   833,   848,   901,   962,  1087,
        1101,  1180,  1343,  1475,  1491,  1621,  1648,  1706,  1741,
        1829,  1880,  2034,  2040,  2090,  2106,  2179,  2399,  2423,
        2452,  2665,  2688,  2821,  2961,  2978,  3035,  3044,  3082,
        3146,  3148,  3313,  3359,  3372,  3424,  3468,  3471,  3472,
        3549,  3635,  3796,  3823,  3834,  3861,  4010,  4167,  4206,
        4341,  4401,  4423,  4491,  4494,  4565,  4585,  4600,  4677,
        4744,  4773,  5103,  5158,  5217,  5417,  5595,  5728,  5778,
        5780,  5993,  6100,  6150,  6154,  6157,  6190,  6198,  6294,
        6326,  6417,  6607,  6635,  6637,  6743,  6799,  6808,  6810,
        6892,  7059,  7080,  7092,  7166,  7176,  7190,  7223,  7247,
        7248,  7252,  7590,  7591,  7652,  7665,  7708,  7712,  7726,
        7795,  7820,  7936,  8040,  8079,  8169,  8270,  8294,  8589,
        8590,  8643,  8658,  8668,  8778,  8859,  8983,  9082,  9123,
        9172,  9264,  9398,  9607,  9658,  9721,  9742,  9834,  9844,
        9872,  9969, 10039, 10164, 10268, 10451, 10469, 10486, 10532,
       10624, 10706, 10777, 10916, 11147, 11157, 11211, 11235, 11253,
       11298, 11347, 11382, 11421, 11604, 11684, 11707, 11743, 11753,
       11868, 11870, 11970, 12000, 12208, 12272, 12276, 12369, 12444,
       12462, 12495, 12497, 12518, 12646, 12763, 13080, 13227, 13331,
       13336, 13431, 13467, 14018, 14041, 14080, 14094, 14129, 14154,
       14218, 14260, 14347, 14500, 14507, 14540, 14545, 14599, 14744,
       14778, 14878, 15020, 15051, 15078, 15109, 15179, 15183, 15204,
       15390, 15404, 15547, 15600, 15687, 15696, 15699, 15737, 15880,
       15928, 16081, 16103, 16125, 16140, 16145, 16148, 16167, 16250,
       16276, 16300, 16374, 16596, 16600, 16610, 16620, 16623, 16663,
       16696, 16761, 16785, 17084, 17103, 17138, 17199, 17281, 17323,
       17349, 17369, 17479, 17488, 17599, 17629, 17650, 17672, 17706,
       17717, 17900, 17937, 17991, 18001, 18248, 18374, 18403, 18434,
       18441, 18526, 18569, 18575, 18577, 18637, 18662, 18667, 18790,
       18815, 18888, 18957, 18972, 19130, 19137, 19163, 19222, 19233,
       19247, 19338, 19409, 19481, 19657, 19671, 19728, 19852, 20174,
       20269, 20325, 20406, 20416, 20475, 20523, 20631, 20727, 20847,
       20850, 20887, 21299, 21329, 21418, 21513, 21516, 21529, 21585,
       21686, 21917, 21957, 21999, 22052, 22147, 22358, 22432, 22445,
       22473, 22497, 22600, 22725, 22758, 22846, 22955, 23034, 23049,
       23078, 23112, 23257, 23260, 23281, 23421, 23449, 23492, 23501,
       23561, 23762, 23781, 23815, 23853, 23915, 23996, 24040, 24044,
       24062, 24163, 24211, 24309, 24316, 24327, 24453, 24483, 24617,
       24709, 24775, 24800, 24804, 24811, 24887, 24903, 24916, 25029,
       25041, 25062, 25099, 25103, 25169, 25208, 25251, 25325, 25339,
       25474, 25576, 25580, 25643, 25734, 25771, 25910, 25918, 26013,
       26064, 26082, 26095, 26102, 26259, 26289, 26290, 26320, 26418,
       26434, 26460, 26464, 26676, 26681, 26779, 26864, 27028, 27114,
       27183, 27350, 27381, 27415, 27487, 27492, 27763, 27777, 27784,
       27808, 27809, 27953, 28191, 28263, 28362, 28370, 28371, 28403,
       28484, 28541, 28561, 28564, 28618, 28661, 28712, 28737, 28908,
       28969, 29075, 29084, 29100, 29161, 29211, 29277, 29724, 29757,
       29906, 29940, 30085, 30207, 30371, 30391, 30404, 30406, 30430,
       30453, 30464, 30465, 30518, 30581, 30639, 30717, 30750, 30776,
       30796, 30819, 30986, 30993, 31091, 31120, 31122, 31144, 31156,
       31207, 31230, 31260, 31390, 31420, 31470, 31476, 31512, 31565,
       31655, 31671, 31722, 31724, 31861, 31864, 31949, 31970, 32055,
       32099, 32143, 32203, 32220, 32291, 32346, 32424, 32440, 32455,
       32543, 32557, 32565, 32667, 32699, 32921, 32947, 32956, 33005,
       33124, 33183, 33203, 33284, 33363, 33472, 33487, 33543, 33659,
       33763, 33837, 33854, 33872, 33903, 33910, 34047, 34073, 34086,
       34100, 34134, 34183, 34252, 34349, 34350, 34483, 34505, 34641,
       34692, 34709, 34807, 34831, 34932, 34967, 35189, 35266, 35359,
       35386, 35388, 35416, 35420, 35456, 35476, 35488, 35598, 35649,
       35663, 35835, 35995, 36086, 36199, 36247, 36248, 36249, 36300,
       36427, 36488, 36500, 36525, 36584, 36585, 36599, 36600, 36633,
       36716, 36743, 36805, 36814, 36912, 36947, 36990, 37075, 37081,
       37097, 37228, 37242, 37252, 37310, 37327, 37336, 37613, 37648,
       37674, 37694, 37971, 37986, 38039, 38129, 38185, 38191, 38270,
       38301, 38313, 38317, 38338, 38360, 38385, 38439, 38479, 38505,
       38684, 38738, 38766, 38774, 38777, 39033, 39091, 39133, 39257,
       39277, 39380, 39456, 39591, 39607, 39615, 39671, 39674, 39682,
       39808, 39817, 40022, 40029, 40033, 40222, 40259, 40284, 40299,
       40439, 40477, 40487, 40522, 40681, 40684, 40737, 41017, 41095,
       41134, 41274, 41319, 41461, 41472, 41661, 41735, 41747, 41834,
       41937, 41985, 41989, 42088, 42108, 42207, 42212, 42223, 42263,
       42350, 42356, 42392, 42427, 42440, 42592, 42625, 42661, 42688,
       42796, 42910, 43014, 43036, 43145, 43158, 43404, 43415, 43523,
       43615, 43668, 43680, 43701, 43726, 43790, 43854, 43861, 43964,
       43996, 44020, 44093, 44389, 44405, 44410, 44449, 44493, 44656,
       44671, 44731, 44759, 44824, 44828, 44972, 45050, 45095, 45372,
       45414, 45427, 45507, 45524, 45527, 45607, 45639, 45673, 45830,
       45833, 45902, 45934, 45980, 45999, 46024, 46199, 46268, 46455,
       46457, 46575, 46581, 46597, 46722, 46894, 46959, 46974, 47024,
       47089, 47179, 47206, 47246, 47396, 47429, 47480, 47515, 47541,
       47789, 47918, 48059, 48084, 48183, 48202, 48291, 48344, 48368,
       48429, 48595, 48630, 48778, 48815, 48895, 49172, 49293, 49313,
       49344, 49466]), array([  123,   181,   238,   247,   257,   423,   676,   744,   800,
         848,   901,   962,  1087,  1101,  1180,  1343,  1475,  1491,
        1621,  1648,  1706,  1741,  1829,  1880,  2040,  2090,  2179,
        2399,  2423,  2665,  2688,  2821,  2961,  3035,  3044,  3148,
        3313,  3359,  3372,  3424,  3471,  3472,  3549,  3796,  3861,
        4010,  4206,  4341,  4401,  4423,  4491,  4494,  4565,  4585,
        4600,  4677,  4744,  4770,  4773,  5103,  5158,  5417,  5595,
        5728,  5778,  5780,  6154,  6190,  6198,  6294,  6326,  6424,
        6607,  6743,  6799,  6810,  6892,  7166,  7176,  7190,  7247,
        7248,  7252,  7590,  7652,  7665,  7708,  7712,  7795,  7820,
        8040,  8079,  8169,  8270,  8589,  8590,  8643,  8658,  8668,
        8859,  8983,  9082,  9123,  9172,  9398,  9607,  9658,  9721,
        9742,  9834,  9844,  9872,  9969, 10039, 10164, 10268, 10451,
       10469, 10486, 10532, 10624, 10706, 10777, 10916, 11147, 11211,
       11253, 11298, 11347, 11382, 11421, 11604, 11684, 11707, 11743,
       11753, 11868, 11870, 11970, 12000, 12208, 12272, 12276, 12369,
       12444, 12462, 12497, 12518, 12646, 13227, 13331, 13336, 13431,
       13467, 14041, 14080, 14094, 14129, 14154, 14218, 14260, 14347,
       14500, 14507, 14540, 14545, 14599, 14744, 14778, 14878, 15020,
       15051, 15078, 15109, 15179, 15183, 15204, 15390, 15404, 15547,
       15600, 15687, 15696, 15699, 15880, 16081, 16145, 16148, 16250,
       16276, 16300, 16374, 16596, 16600, 16623, 16761, 16785, 17084,
       17103, 17138, 17156, 17199, 17281, 17323, 17349, 17369, 17479,
       17488, 17599, 17629, 17650, 17672, 17706, 17717, 17900, 17937,
       17991, 18001, 18248, 18434, 18441, 18526, 18569, 18575, 18637,
       18662, 18667, 18790, 18815, 18824, 18888, 18957, 19130, 19137,
       19163, 19222, 19233, 19338, 19409, 19481, 19671, 19852, 20174,
       20269, 20325, 20406, 20416, 20475, 20523, 20847, 20887, 21299,
       21329, 21418, 21513, 21516, 21585, 21686, 21917, 21957, 21999,
       22147, 22358, 22432, 22445, 22600, 22758, 22955, 23034, 23049,
       23260, 23281, 23421, 23449, 23501, 23561, 23853, 23915, 23996,
       24040, 24044, 24163, 24211, 24309, 24316, 24327, 24453, 24483,
       24617, 24709, 24804, 24811, 24887, 24903, 24916, 25029, 25041,
       25062, 25099, 25208, 25251, 25325, 25339, 25576, 25580, 25771,
       25918, 26013, 26064, 26082, 26095, 26102, 26259, 26289, 26320,
       26418, 26460, 26464, 26676, 26681, 26779, 27028, 27183, 27350,
       27381, 27407, 27487, 27492, 27777, 27808, 27809, 27953, 28263,
       28362, 28371, 28403, 28541, 28564, 28618, 28661, 28706, 28712,
       28737, 28969, 29100, 29161, 29211, 29277, 29724, 29906, 29940,
       30010, 30085, 30207, 30404, 30406, 30430, 30453, 30464, 30518,
       30581, 30639, 30717, 30750, 30819, 30986, 30993, 31122, 31144,
       31207, 31230, 31260, 31390, 31420, 31470, 31476, 31512, 31565,
       31655, 31671, 31722, 31724, 31861, 31949, 31970, 32055, 32099,
       32143, 32203, 32220, 32346, 32424, 32440, 32455, 32543, 32557,
       32921, 32947, 33124, 33183, 33203, 33284, 33363, 33472, 33487,
       33543, 33763, 33837, 33872, 33903, 34047, 34073, 34086, 34100,
       34134, 34183, 34252, 34349, 34350, 34483, 34641, 34692, 34709,
       34807, 34932, 34967, 35266, 35359, 35388, 35420, 35476, 35488,
       35598, 35663, 35835, 35860, 35995, 36086, 36248, 36249, 36300,
       36427, 36488, 36500, 36525, 36584, 36585, 36599, 36600, 36716,
       36743, 36814, 36912, 36947, 36990, 37075, 37081, 37097, 37242,
       37310, 37327, 37336, 37613, 37648, 37694, 37986, 38039, 38129,
       38185, 38191, 38270, 38313, 38317, 38360, 38385, 38439, 38479,
       38505, 38684, 38738, 38766, 38774, 39091, 39133, 39257, 39277,
       39591, 39607, 39615, 39671, 39674, 39682, 39808, 40022, 40029,
       40033, 40259, 40284, 40299, 40439, 40477, 40487, 40522, 40681,
       41095, 41319, 41461, 41735, 41834, 41937, 41985, 41989, 42088,
       42108, 42207, 42212, 42263, 42356, 42427, 42440, 42592, 42661,
       42688, 42910, 42994, 43014, 43036, 43404, 43415, 43523, 43615,
       43726, 43790, 43854, 43861, 43964, 43996, 44020, 44449, 44493,
       44671, 44731, 44759, 44824, 44828, 44972, 45050, 45095, 45372,
       45375, 45414, 45427, 45507, 45524, 45607, 45639, 45673, 45830,
       45833, 45902, 45980, 45999, 46199, 46268, 46364, 46455, 46457,
       46575, 46581, 46722, 46894, 46974, 47024, 47179, 47206, 47396,
       47480, 47515, 47541, 47563, 47918, 48084, 48183, 48202, 48291,
       48344, 48368, 48429, 48895, 49172, 49313, 49466]), array([  123,   181,   238,   247,   257,   423,   676,   744,   848,
         901,   962,  1087,  1101,  1180,  1343,  1475,  1491,  1621,
        1648,  1706,  1741,  1829,  1880,  2040,  2090,  2179,  2399,
        2408,  2423,  2452,  2688,  2821,  2961,  3035,  3044,  3148,
        3313,  3359,  3372,  3424,  3468,  3471,  3472,  3549,  3796,
        3861,  4010,  4341,  4423,  4491,  4494,  4565,  4600,  4744,
        4773,  5103,  5158,  5417,  5595,  5778,  5780,  6150,  6154,
        6190,  6198,  6294,  6326,  6424,  6607,  6743,  6810,  6892,
        7166,  7176,  7190,  7247,  7248,  7252,  7590,  7652,  7665,
        7708,  7712,  7795,  7820,  8040,  8079,  8270,  8589,  8590,
        8643,  8668,  8859,  8983,  9123,  9172,  9398,  9607,  9658,
        9721,  9742,  9834,  9844,  9872,  9969, 10039, 10164, 10268,
       10451, 10469, 10486, 10532, 10624, 10706, 10777, 10916, 11147,
       11211, 11253, 11347, 11382, 11421, 11604, 11743, 11753, 11868,
       11870, 12208, 12272, 12276, 12369, 12444, 12462, 12509, 12518,
       12646, 13227, 13331, 13336, 13467, 14041, 14080, 14094, 14218,
       14260, 14347, 14500, 14540, 14545, 14599, 14744, 14778, 14878,
       15020, 15051, 15078, 15109, 15179, 15204, 15390, 15404, 15547,
       15600, 15687, 15880, 16081, 16145, 16148, 16276, 16300, 16374,
       16596, 16623, 16761, 16785, 17084, 17103, 17138, 17199, 17281,
       17323, 17349, 17369, 17599, 17629, 17672, 17706, 17717, 17900,
       17937, 17991, 18001, 18248, 18403, 18434, 18526, 18569, 18575,
       18637, 18662, 18667, 18790, 18815, 18824, 18888, 18957, 18972,
       19130, 19137, 19163, 19222, 19233, 19338, 19409, 19481, 19671,
       19852, 20174, 20269, 20325, 20475, 20523, 20631, 20847, 20887,
       21418, 21513, 21516, 21585, 21686, 21917, 21957, 22147, 22432,
       22445, 22758, 22846, 22955, 23034, 23049, 23078, 23260, 23281,
       23421, 23449, 23501, 23561, 23853, 23915, 24040, 24044, 24062,
       24163, 24309, 24316, 24327, 24483, 24617, 24709, 24804, 24811,
       24887, 24903, 24916, 25029, 25041, 25062, 25099, 25169, 25325,
       25339, 25474, 25576, 25580, 25734, 25771, 25918, 26013, 26064,
       26082, 26095, 26102, 26259, 26289, 26320, 26418, 26460, 26464,
       26779, 26864, 27028, 27183, 27350, 27381, 27487, 27777, 27809,
       27953, 28362, 28541, 28564, 28618, 28712, 28737, 28969, 29100,
       29161, 29211, 29277, 29906, 29940, 30010, 30085, 30207, 30371,
       30404, 30406, 30430, 30453, 30464, 30465, 30518, 30581, 30717,
       30819, 30821, 30986, 30993, 31091, 31144, 31230, 31260, 31390,
       31420, 31470, 31476, 31512, 31565, 31655, 31671, 31861, 31949,
       31970, 32055, 32099, 32143, 32203, 32220, 32346, 32424, 32440,
       32455, 32543, 32557, 32921, 32947, 33124, 33183, 33203, 33363,
       33472, 33487, 33763, 33837, 33872, 33903, 34047, 34073, 34086,
       34100, 34134, 34183, 34252, 34349, 34350, 34483, 34505, 34641,
       34692, 34709, 34807, 34932, 34967, 35359, 35388, 35420, 35476,
       35488, 35598, 35663, 35835, 36086, 36248, 36249, 36300, 36311,
       36427, 36488, 36500, 36525, 36584, 36585, 36599, 36716, 36743,
       36814, 36912, 36947, 37075, 37097, 37242, 37310, 37327, 37336,
       37613, 37648, 37986, 38039, 38129, 38185, 38191, 38270, 38313,
       38360, 38385, 38439, 38479, 38505, 38684, 38738, 38766, 38774,
       39033, 39091, 39133, 39257, 39277, 39591, 39607, 39615, 39682,
       39808, 39817, 40022, 40029, 40033, 40259, 40284, 40299, 40439,
       40477, 40487, 40522, 40681, 40737, 41095, 41319, 41461, 41735,
       41834, 41937, 41985, 41989, 42088, 42108, 42207, 42263, 42356,
       42427, 42440, 42661, 42678, 42688, 42796, 43014, 43036, 43404,
       43415, 43523, 43615, 43726, 43790, 43854, 43861, 43915, 43964,
       43996, 44410, 44449, 44493, 44731, 44759, 44824, 44828, 44972,
       45050, 45095, 45372, 45375, 45507, 45524, 45607, 45830, 45902,
       45980, 45999, 46364, 46455, 46457, 46575, 46581, 46597, 46722,
       46894, 46959, 46974, 47024, 47179, 47206, 47396, 47429, 47480,
       47515, 47541, 47563, 47918, 48344, 48368, 48429, 48895, 49172,
       49293, 49313, 49344, 49466]), array([  123,   181,   238,   247,   257,   423,   529,   676,   744,
         833,   848,   901,   962,  1087,  1101,  1180,  1298,  1343,
        1475,  1491,  1621,  1648,  1706,  1741,  1829,  1880,  1897,
        2034,  2040,  2090,  2179,  2399,  2408,  2423,  2452,  2665,
        2688,  2821,  2909,  2961,  3035,  3044,  3082,  3146,  3148,
        3313,  3359,  3372,  3424,  3471,  3472,  3796,  3823,  3861,
        4010,  4167,  4206,  4341,  4401,  4423,  4491,  4494,  4565,
        4585,  4600,  4677,  4744,  4770,  4773,  4991,  5103,  5158,
        5417,  5595,  5728,  5778,  5780,  6150,  6154,  6190,  6198,
        6294,  6326,  6424,  6607,  6743,  6808,  6810,  6892,  7080,
        7092,  7166,  7176,  7223,  7247,  7248,  7252,  7590,  7652,
        7665,  7708,  7712,  7795,  7820,  7936,  8040,  8079,  8169,
        8219,  8270,  8589,  8590,  8643,  8658,  8668,  8778,  8859,
        8983,  9123,  9172,  9398,  9607,  9658,  9721,  9742,  9834,
        9844,  9872,  9969, 10039, 10164, 10268, 10451, 10469, 10486,
       10532, 10610, 10624, 10706, 10777, 10916, 11147, 11211, 11253,
       11298, 11347, 11382, 11414, 11421, 11604, 11684, 11707, 11743,
       11753, 11868, 11870, 11970, 12000, 12122, 12124, 12208, 12272,
       12276, 12369, 12444, 12462, 12468, 12495, 12497, 12518, 12575,
       12646, 13227, 13254, 13331, 13336, 13467, 14018, 14041, 14080,
       14094, 14129, 14154, 14218, 14260, 14347, 14500, 14540, 14545,
       14599, 14744, 14778, 14878, 15020, 15051, 15078, 15109, 15179,
       15183, 15204, 15390, 15397, 15404, 15547, 15600, 15687, 15696,
       15699, 15880, 16081, 16103, 16145, 16148, 16250, 16276, 16300,
       16374, 16596, 16610, 16620, 16623, 16761, 16785, 17084, 17103,
       17138, 17199, 17281, 17318, 17323, 17349, 17369, 17479, 17597,
       17599, 17629, 17672, 17697, 17706, 17717, 17751, 17900, 17937,
       17991, 18001, 18248, 18374, 18434, 18526, 18569, 18575, 18577,
       18637, 18662, 18667, 18790, 18815, 18824, 18888, 18957, 18972,
       19130, 19137, 19163, 19222, 19233, 19247, 19338, 19409, 19481,
       19657, 19671, 19728, 19825, 19852, 20044, 20174, 20214, 20269,
       20325, 20406, 20475, 20523, 20631, 20847, 20850, 20887, 21329,
       21418, 21513, 21516, 21585, 21686, 21917, 21957, 21999, 22147,
       22432, 22445, 22473, 22497, 22600, 22743, 22758, 22846, 22955,
       23034, 23049, 23078, 23260, 23281, 23421, 23449, 23492, 23501,
       23561, 23762, 23853, 23915, 24040, 24044, 24062, 24163, 24211,
       24309, 24316, 24327, 24453, 24483, 24617, 24709, 24800, 24804,
       24811, 24887, 24903, 24916, 25029, 25041, 25062, 25099, 25103,
       25169, 25208, 25251, 25325, 25339, 25474, 25576, 25580, 25643,
       25771, 25910, 25918, 25924, 26013, 26064, 26082, 26095, 26102,
       26259, 26320, 26418, 26434, 26460, 26464, 26520, 26676, 26681,
       26779, 27028, 27183, 27350, 27381, 27487, 27777, 27808, 27809,
       27953, 28080, 28191, 28362, 28403, 28541, 28545, 28561, 28564,
       28618, 28661, 28712, 28737, 28969, 29100, 29161, 29211, 29277,
       29724, 29906, 29940, 30010, 30085, 30207, 30371, 30391, 30404,
       30406, 30430, 30453, 30464, 30465, 30518, 30581, 30639, 30717,
       30750, 30776, 30819, 30986, 30993, 31091, 31122, 31144, 31156,
       31207, 31230, 31260, 31390, 31420, 31470, 31476, 31512, 31565,
       31655, 31671, 31672, 31722, 31724, 31861, 31949, 31970, 32055,
       32099, 32101, 32143, 32203, 32220, 32291, 32346, 32424, 32440,
       32455, 32543, 32557, 32565, 32699, 32862, 32921, 32947, 32956,
       33124, 33183, 33203, 33284, 33363, 33472, 33487, 33543, 33659,
       33763, 33837, 33872, 33903, 34047, 34073, 34086, 34100, 34134,
       34183, 34252, 34349, 34350, 34483, 34505, 34592, 34641, 34692,
       34709, 34807, 34831, 34932, 34967, 35189, 35359, 35386, 35388,
       35420, 35456, 35476, 35488, 35598, 35649, 35663, 35835, 35860,
       35995, 36086, 36199, 36247, 36248, 36249, 36300, 36311, 36427,
       36488, 36500, 36525, 36584, 36585, 36599, 36600, 36716, 36743,
       36814, 36912, 36947, 36990, 37075, 37081, 37097, 37228, 37242,
       37252, 37310, 37327, 37336, 37442, 37613, 37648, 37694, 37986,
       38039, 38129, 38185, 38191, 38270, 38313, 38360, 38385, 38439,
       38479, 38505, 38684, 38738, 38766, 38774, 39033, 39088, 39091,
       39133, 39257, 39277, 39591, 39607, 39615, 39682, 39808, 39817,
       40022, 40029, 40033, 40222, 40259, 40284, 40299, 40439, 40477,
       40487, 40522, 40737, 41095, 41134, 41274, 41319, 41461, 41661,
       41735, 41747, 41834, 41937, 41985, 41989, 42088, 42108, 42158,
       42207, 42212, 42263, 42350, 42356, 42427, 42440, 42592, 42625,
       42661, 42676, 42678, 42688, 42796, 42910, 42994, 43014, 43036,
       43158, 43404, 43406, 43415, 43523, 43615, 43680, 43726, 43790,
       43854, 43861, 43964, 43996, 44020, 44405, 44410, 44449, 44493,
       44671, 44679, 44705, 44731, 44759, 44824, 44828, 44972, 45050,
       45095, 45372, 45375, 45414, 45427, 45507, 45524, 45527, 45534,
       45607, 45639, 45830, 45833, 45902, 45934, 45980, 45999, 46199,
       46364, 46450, 46455, 46457, 46575, 46581, 46597, 46722, 46894,
       46959, 46974, 47024, 47179, 47206, 47396, 47480, 47515, 47541,
       47563, 47918, 48084, 48090, 48183, 48291, 48344, 48368, 48429,
       48778, 48815, 48895, 49172, 49293, 49313, 49344, 49346, 49466]), array([  123,   181,   238,   247,   257,   423,   529,   676,   744,
         800,   833,   848,   901,   962,  1087,  1101,  1180,  1343,
        1475,  1491,  1621,  1648,  1706,  1741,  1829,  1880,  1897,
        2034,  2040,  2090,  2106,  2179,  2399,  2408,  2423,  2452,
        2665,  2688,  2821,  2909,  2961,  3035,  3044,  3082,  3146,
        3148,  3313,  3359,  3372,  3424,  3468,  3471,  3472,  3549,
        3635,  3796,  3823,  3861,  3978,  4010,  4206,  4341,  4401,
        4423,  4491,  4494,  4565,  4585,  4600,  4677,  4744,  4770,
        4773,  4991,  5103,  5158,  5264,  5417,  5595,  5618,  5728,
        5748,  5778,  5780,  5890,  6150,  6154,  6190,  6198,  6294,
        6326,  6417,  6424,  6607,  6635,  6743,  6808,  6810,  6892,
        7080,  7092,  7166,  7176,  7190,  7223,  7247,  7248,  7252,
        7590,  7591,  7652,  7665,  7708,  7712,  7792,  7795,  7820,
        7907,  7936,  8040,  8079,  8169,  8173,  8219,  8270,  8416,
        8589,  8590,  8643,  8658,  8668,  8778,  8859,  8983,  9123,
        9172,  9398,  9607,  9658,  9721,  9742,  9834,  9844,  9872,
        9969, 10039, 10164, 10268, 10342, 10451, 10469, 10486, 10532,
       10610, 10624, 10706, 10777, 10916, 11147, 11211, 11253, 11298,
       11347, 11382, 11421, 11604, 11625, 11632, 11684, 11707, 11743,
       11753, 11868, 11870, 11970, 12000, 12124, 12208, 12272, 12276,
       12369, 12444, 12462, 12468, 12495, 12497, 12518, 12575, 12646,
       12747, 12763, 13227, 13254, 13331, 13336, 13431, 13467, 14018,
       14041, 14080, 14094, 14103, 14129, 14154, 14218, 14260, 14347,
       14500, 14507, 14540, 14545, 14599, 14744, 14778, 14878, 15020,
       15051, 15078, 15109, 15179, 15183, 15204, 15390, 15397, 15404,
       15547, 15600, 15687, 15696, 15699, 15737, 15826, 15880, 15928,
       16081, 16103, 16125, 16145, 16148, 16250, 16276, 16300, 16374,
       16401, 16596, 16610, 16620, 16623, 16663, 16761, 16785, 17084,
       17103, 17138, 17199, 17281, 17318, 17323, 17349, 17352, 17369,
       17479, 17599, 17629, 17650, 17672, 17697, 17706, 17717, 17751,
       17900, 17937, 17991, 18001, 18248, 18374, 18434, 18526, 18569,
       18575, 18577, 18637, 18662, 18667, 18790, 18815, 18824, 18883,
       18888, 18957, 18972, 18990, 19130, 19137, 19163, 19222, 19233,
       19247, 19338, 19409, 19481, 19657, 19671, 19728, 19825, 19852,
       20174, 20214, 20269, 20325, 20406, 20416, 20475, 20523, 20631,
       20847, 20850, 20887, 20890, 21329, 21418, 21510, 21513, 21516,
       21529, 21585, 21686, 21917, 21957, 21999, 22052, 22094, 22147,
       22358, 22432, 22445, 22473, 22497, 22600, 22725, 22758, 22846,
       22955, 23034, 23049, 23078, 23082, 23112, 23260, 23281, 23421,
       23449, 23492, 23501, 23561, 23762, 23781, 23853, 23867, 23915,
       23996, 24040, 24044, 24062, 24163, 24167, 24211, 24309, 24316,
       24326, 24327, 24453, 24483, 24617, 24709, 24800, 24804, 24811,
       24887, 24903, 24916, 25029, 25041, 25062, 25099, 25103, 25169,
       25208, 25251, 25325, 25339, 25472, 25474, 25576, 25580, 25643,
       25734, 25771, 25910, 25918, 25924, 26013, 26064, 26082, 26095,
       26102, 26259, 26320, 26418, 26434, 26460, 26464, 26520, 26676,
       26681, 26779, 26864, 27028, 27183, 27350, 27381, 27415, 27448,
       27487, 27763, 27777, 27808, 27809, 27953, 28080, 28191, 28263,
       28362, 28370, 28371, 28403, 28484, 28541, 28561, 28564, 28618,
       28661, 28684, 28712, 28737, 28969, 28984, 29075, 29100, 29161,
       29211, 29277, 29302, 29906, 29940, 30010, 30063, 30085, 30207,
       30371, 30391, 30404, 30406, 30430, 30453, 30464, 30465, 30518,
       30581, 30639, 30717, 30750, 30776, 30819, 30821, 30986, 30993,
       31091, 31122, 31144, 31156, 31207, 31230, 31260, 31390, 31420,
       31470, 31476, 31512, 31565, 31655, 31671, 31672, 31722, 31724,
       31861, 31864, 31949, 31970, 32055, 32099, 32101, 32143, 32203,
       32220, 32269, 32346, 32424, 32440, 32455, 32543, 32557, 32565,
       32667, 32699, 32862, 32921, 32947, 32956, 33124, 33183, 33203,
       33284, 33363, 33472, 33487, 33543, 33659, 33763, 33837, 33854,
       33872, 33903, 34047, 34073, 34086, 34100, 34134, 34183, 34252,
       34349, 34350, 34483, 34505, 34592, 34641, 34692, 34709, 34770,
       34807, 34831, 34932, 34967, 35076, 35189, 35359, 35386, 35388,
       35420, 35456, 35476, 35488, 35598, 35649, 35663, 35835, 35860,
       35995, 36086, 36199, 36247, 36248, 36249, 36300, 36311, 36427,
       36488, 36500, 36525, 36584, 36585, 36599, 36600, 36633, 36716,
       36743, 36814, 36912, 36947, 36990, 37075, 37081, 37097, 37228,
       37242, 37252, 37310, 37327, 37336, 37442, 37613, 37648, 37694,
       37986, 38039, 38129, 38185, 38191, 38270, 38313, 38360, 38385,
       38439, 38479, 38505, 38684, 38738, 38766, 38774, 38777, 39033,
       39088, 39091, 39133, 39257, 39277, 39534, 39591, 39607, 39615,
       39616, 39671, 39674, 39682, 39730, 39767, 39808, 40022, 40029,
       40033, 40131, 40222, 40259, 40284, 40299, 40358, 40439, 40477,
       40487, 40522, 40592, 40737, 41095, 41134, 41274, 41319, 41461,
       41661, 41735, 41747, 41834, 41937, 41985, 41989, 42088, 42108,
       42158, 42207, 42212, 42223, 42263, 42350, 42356, 42427, 42440,
       42592, 42625, 42661, 42676, 42678, 42688, 42796, 42910, 42994,
       43014, 43036, 43145, 43158, 43404, 43406, 43415, 43523, 43615,
       43680, 43726, 43790, 43854, 43861, 43915, 43964, 43996, 44020,
       44093, 44405, 44410, 44449, 44493, 44671, 44679, 44705, 44731,
       44759, 44824, 44828, 44972, 45050, 45095, 45246, 45372, 45375,
       45414, 45427, 45507, 45524, 45527, 45534, 45607, 45639, 45707,
       45830, 45833, 45902, 45934, 45973, 45980, 45999, 46199, 46268,
       46364, 46455, 46457, 46575, 46581, 46597, 46722, 46894, 46974,
       47024, 47089, 47179, 47206, 47396, 47480, 47515, 47541, 47563,
       47712, 47789, 47918, 48084, 48090, 48183, 48270, 48291, 48344,
       48368, 48429, 48778, 48815, 48843, 48895, 49172, 49293, 49313,
       49344, 49346, 49466]), array([  123,   181,   238,   247,   257,   423,   529,   676,   744,
         800,   833,   848,   901,   962,  1087,  1101,  1180,  1298,
        1343,  1475,  1491,  1587,  1621,  1648,  1706,  1741,  1829,
        1880,  1897,  2034,  2040,  2090,  2106,  2179,  2301,  2399,
        2408,  2423,  2452,  2530,  2665,  2688,  2821,  2909,  2961,
        3035,  3044,  3082,  3146,  3148,  3313,  3359,  3372,  3424,
        3447,  3462,  3468,  3471,  3472,  3549,  3635,  3796,  3823,
        3861,  3884,  4010,  4206,  4341,  4401,  4423,  4491,  4494,
        4565,  4585,  4600,  4677,  4744,  4773,  4778,  4991,  5103,
        5158,  5264,  5319,  5417,  5595,  5618,  5728,  5748,  5778,
        5780,  5993,  6150,  6154,  6190,  6198,  6294,  6326,  6417,
        6424,  6607,  6613,  6635,  6743,  6799,  6808,  6810,  6864,
        6892,  7080,  7092,  7166,  7176,  7190,  7223,  7247,  7248,
        7252,  7590,  7652,  7665,  7708,  7712,  7792,  7795,  7820,
        7907,  7936,  7971,  8040,  8079,  8169,  8173,  8219,  8270,
        8416,  8589,  8590,  8643,  8658,  8668,  8778,  8859,  8983,
        9061,  9082,  9123,  9172,  9264,  9398,  9607,  9658,  9721,
        9742,  9834,  9844,  9872,  9969, 10039, 10164, 10268, 10451,
       10469, 10486, 10532, 10610, 10624, 10706, 10777, 10916, 11147,
       11211, 11235, 11253, 11298, 11347, 11382, 11414, 11421, 11604,
       11684, 11707, 11743, 11753, 11868, 11870, 11970, 12000, 12122,
       12124, 12208, 12272, 12276, 12369, 12383, 12444, 12462, 12468,
       12495, 12497, 12509, 12518, 12575, 12646, 12747, 12763, 13227,
       13254, 13331, 13336, 13467, 14018, 14041, 14080, 14094, 14129,
       14154, 14218, 14260, 14347, 14500, 14507, 14540, 14545, 14599,
       14744, 14778, 14878, 15020, 15051, 15078, 15109, 15179, 15183,
       15204, 15390, 15397, 15404, 15547, 15600, 15687, 15696, 15737,
       15826, 15851, 15880, 15928, 16081, 16103, 16140, 16145, 16148,
       16250, 16276, 16300, 16374, 16401, 16596, 16610, 16620, 16623,
       16663, 16761, 16785, 17084, 17103, 17138, 17199, 17281, 17318,
       17323, 17349, 17352, 17369, 17479, 17599, 17629, 17650, 17672,
       17697, 17706, 17717, 17751, 17900, 17937, 17991, 18001, 18248,
       18271, 18374, 18403, 18434, 18526, 18569, 18575, 18577, 18637,
       18662, 18667, 18790, 18815, 18824, 18888, 18904, 18957, 18972,
       18990, 19130, 19137, 19163, 19222, 19233, 19247, 19338, 19409,
       19481, 19657, 19671, 19728, 19825, 19852, 20044, 20174, 20214,
       20269, 20325, 20406, 20416, 20475, 20523, 20631, 20847, 20850,
       20887, 21329, 21418, 21513, 21516, 21585, 21686, 21917, 21957,
       21999, 22052, 22094, 22147, 22358, 22432, 22445, 22473, 22497,
       22600, 22725, 22743, 22758, 22846, 22955, 23034, 23049, 23057,
       23078, 23082, 23112, 23260, 23281, 23421, 23449, 23492, 23501,
       23561, 23762, 23781, 23815, 23853, 23915, 23996, 24036, 24040,
       24044, 24062, 24163, 24167, 24211, 24309, 24316, 24326, 24327,
       24453, 24483, 24617, 24709, 24775, 24800, 24804, 24811, 24887,
       24903, 24916, 25008, 25029, 25041, 25062, 25099, 25103, 25169,
       25208, 25251, 25325, 25339, 25472, 25474, 25576, 25580, 25643,
       25657, 25734, 25771, 25910, 25918, 25924, 26013, 26064, 26082,
       26095, 26102, 26259, 26320, 26418, 26434, 26460, 26464, 26520,
       26676, 26681, 26779, 26864, 27028, 27114, 27183, 27350, 27381,
       27448, 27487, 27492, 27763, 27777, 27808, 27809, 27953, 28080,
       28191, 28263, 28362, 28371, 28403, 28484, 28541, 28545, 28561,
       28564, 28618, 28661, 28684, 28712, 28737, 28969, 28978, 28984,
       29075, 29100, 29161, 29211, 29277, 29302, 29472, 29757, 29906,
       29940, 30010, 30063, 30085, 30207, 30371, 30391, 30404, 30406,
       30430, 30453, 30464, 30465, 30518, 30581, 30639, 30717, 30750,
       30776, 30778, 30819, 30821, 30986, 30993, 31091, 31120, 31122,
       31144, 31156, 31207, 31230, 31260, 31390, 31420, 31470, 31476,
       31512, 31565, 31655, 31671, 31672, 31722, 31724, 31861, 31864,
       31949, 31970, 32055, 32099, 32101, 32143, 32203, 32220, 32269,
       32291, 32346, 32424, 32440, 32455, 32462, 32543, 32557, 32565,
       32667, 32699, 32862, 32921, 32947, 32956, 33005, 33014, 33124,
       33183, 33203, 33233, 33284, 33363, 33472, 33487, 33543, 33659,
       33763, 33837, 33872, 33903, 33910, 34047, 34073, 34086, 34100,
       34134, 34178, 34183, 34252, 34349, 34350, 34483, 34505, 34512,
       34592, 34641, 34692, 34709, 34807, 34831, 34932, 34967, 35076,
       35189, 35359, 35386, 35388, 35420, 35456, 35476, 35488, 35540,
       35598, 35649, 35663, 35835, 35860, 35995, 36086, 36199, 36247,
       36248, 36249, 36300, 36311, 36427, 36488, 36500, 36525, 36584,
       36585, 36599, 36600, 36624, 36633, 36716, 36743, 36805, 36814,
       36912, 36947, 36990, 37075, 37081, 37097, 37198, 37228, 37242,
       37252, 37310, 37327, 37336, 37442, 37613, 37648, 37694, 37971,
       37986, 38039, 38129, 38185, 38191, 38270, 38313, 38338, 38360,
       38385, 38439, 38479, 38505, 38684, 38738, 38766, 38774, 38777,
       39033, 39088, 39091, 39133, 39257, 39277, 39534, 39591, 39607,
       39615, 39671, 39674, 39682, 39763, 39767, 39808, 39817, 40022,
       40029, 40033, 40222, 40259, 40284, 40299, 40358, 40439, 40477,
       40487, 40522, 40592, 40625, 40681, 40737, 41017, 41095, 41134,
       41274, 41319, 41461, 41661, 41735, 41747, 41834, 41937, 41985,
       41989, 42088, 42108, 42158, 42207, 42212, 42263, 42350, 42356,
       42392, 42427, 42440, 42592, 42625, 42661, 42676, 42678, 42688,
       42796, 42910, 42994, 43014, 43036, 43145, 43158, 43404, 43406,
       43415, 43523, 43615, 43680, 43701, 43726, 43790, 43854, 43861,
       43915, 43964, 43996, 44020, 44093, 44381, 44405, 44410, 44449,
       44493, 44671, 44679, 44705, 44731, 44759, 44824, 44828, 44972,
       45050, 45095, 45246, 45372, 45375, 45414, 45507, 45524, 45527,
       45534, 45607, 45639, 45707, 45807, 45830, 45833, 45902, 45934,
       45973, 45980, 45999, 46199, 46268, 46364, 46450, 46455, 46457,
       46575, 46581, 46597, 46722, 46894, 46959, 46974, 47024, 47089,
       47179, 47206, 47396, 47480, 47515, 47541, 47563, 47712, 47789,
       47918, 48084, 48090, 48183, 48270, 48291, 48344, 48368, 48429,
       48564, 48630, 48727, 48778, 48815, 48843, 48895, 49172, 49293,
       49313, 49344, 49346, 49466]), array([  123,   181,   238,   247,   257,   423,   529,   676,   744,
         800,   833,   848,   901,   962,  1087,  1101,  1180,  1189,
        1298,  1343,  1475,  1491,  1621,  1648,  1706,  1741,  1829,
        1880,  1897,  2040,  2090,  2106,  2179,  2301,  2399,  2408,
        2423,  2452,  2468,  2530,  2665,  2688,  2821,  2909,  2938,
        2961,  3035,  3044,  3082,  3146,  3148,  3313,  3359,  3372,
        3424,  3462,  3468,  3471,  3472,  3549,  3635,  3796,  3823,
        3861,  3884,  3978,  4010,  4206,  4341,  4401,  4423,  4491,
        4494,  4565,  4585,  4600,  4677,  4744,  4770,  4773,  4778,
        4991,  5103,  5158,  5264,  5319,  5417,  5595,  5618,  5728,
        5778,  5780,  5890,  5993,  6150,  6154,  6190,  6198,  6236,
        6294,  6326,  6417,  6424,  6607,  6613,  6635,  6743,  6799,
        6808,  6810,  6892,  7080,  7092,  7166,  7176,  7190,  7223,
        7247,  7248,  7252,  7590,  7652,  7665,  7708,  7712,  7792,
        7795,  7820,  7907,  7936,  8040,  8079,  8169,  8173,  8219,
        8270,  8294,  8416,  8589,  8590,  8643,  8658,  8668,  8778,
        8859,  8983,  9061,  9123,  9172,  9398,  9607,  9658,  9721,
        9742,  9834,  9844,  9872,  9969, 10039, 10164, 10268, 10451,
       10469, 10486, 10532, 10610, 10624, 10706, 10777, 10916, 11147,
       11157, 11211, 11253, 11298, 11333, 11347, 11382, 11421, 11604,
       11625, 11684, 11707, 11743, 11753, 11868, 11870, 11970, 12000,
       12122, 12124, 12208, 12272, 12276, 12369, 12383, 12444, 12462,
       12468, 12495, 12497, 12509, 12518, 12575, 12646, 13227, 13254,
       13331, 13336, 13391, 13431, 13467, 13801, 14018, 14041, 14080,
       14094, 14103, 14129, 14154, 14218, 14260, 14347, 14500, 14507,
       14540, 14545, 14599, 14744, 14778, 14878, 15020, 15051, 15078,
       15109, 15179, 15183, 15204, 15390, 15397, 15404, 15547, 15600,
       15687, 15696, 15737, 15826, 15851, 15880, 15928, 16081, 16103,
       16125, 16140, 16145, 16148, 16167, 16250, 16276, 16300, 16374,
       16401, 16596, 16610, 16620, 16623, 16761, 16785, 17084, 17103,
       17138, 17199, 17281, 17318, 17323, 17349, 17352, 17369, 17416,
       17479, 17599, 17629, 17650, 17672, 17697, 17706, 17717, 17751,
       17900, 17937, 17991, 18001, 18248, 18374, 18403, 18434, 18526,
       18569, 18575, 18577, 18637, 18649, 18662, 18667, 18790, 18815,
       18824, 18883, 18888, 18957, 18972, 18990, 19130, 19137, 19163,
       19222, 19233, 19247, 19338, 19409, 19481, 19524, 19657, 19671,
       19728, 19825, 19852, 20174, 20214, 20249, 20269, 20325, 20406,
       20416, 20475, 20523, 20631, 20847, 20850, 20887, 20890, 21299,
       21329, 21418, 21510, 21513, 21516, 21529, 21585, 21611, 21686,
       21917, 21957, 21999, 22052, 22094, 22147, 22358, 22432, 22445,
       22473, 22497, 22600, 22725, 22743, 22758, 22846, 22955, 22991,
       23034, 23049, 23078, 23112, 23260, 23281, 23421, 23449, 23492,
       23501, 23561, 23762, 23781, 23853, 23915, 23996, 24036, 24040,
       24044, 24062, 24163, 24167, 24211, 24309, 24316, 24326, 24327,
       24453, 24483, 24617, 24709, 24775, 24800, 24804, 24811, 24887,
       24903, 24916, 25029, 25041, 25062, 25099, 25103, 25169, 25208,
       25251, 25325, 25339, 25472, 25474, 25576, 25580, 25771, 25910,
       25918, 25924, 26013, 26064, 26082, 26095, 26102, 26259, 26289,
       26320, 26418, 26434, 26460, 26464, 26520, 26676, 26681, 26779,
       26864, 27028, 27114, 27183, 27350, 27381, 27448, 27487, 27492,
       27763, 27777, 27808, 27809, 27953, 28080, 28191, 28263, 28362,
       28370, 28371, 28403, 28484, 28541, 28561, 28564, 28618, 28661,
       28684, 28706, 28712, 28737, 28969, 28978, 28984, 29075, 29100,
       29161, 29211, 29277, 29757, 29906, 29940, 30010, 30063, 30085,
       30207, 30371, 30391, 30404, 30406, 30430, 30453, 30464, 30465,
       30518, 30581, 30639, 30717, 30750, 30776, 30778, 30819, 30821,
       30986, 30993, 31019, 31091, 31122, 31144, 31156, 31207, 31217,
       31230, 31260, 31390, 31411, 31420, 31470, 31476, 31512, 31565,
       31655, 31671, 31672, 31722, 31724, 31861, 31864, 31949, 31970,
       32055, 32099, 32101, 32143, 32203, 32220, 32269, 32291, 32346,
       32424, 32440, 32455, 32543, 32557, 32565, 32667, 32699, 32862,
       32921, 32947, 32956, 33005, 33014, 33124, 33134, 33183, 33203,
       33233, 33284, 33315, 33363, 33472, 33487, 33543, 33659, 33763,
       33837, 33872, 33903, 34047, 34073, 34086, 34100, 34134, 34178,
       34183, 34252, 34349, 34350, 34483, 34505, 34592, 34641, 34692,
       34709, 34807, 34831, 34932, 34967, 35076, 35189, 35359, 35386,
       35388, 35420, 35456, 35476, 35488, 35598, 35649, 35663, 35835,
       35860, 35995, 36086, 36247, 36248, 36249, 36300, 36311, 36427,
       36488, 36500, 36525, 36546, 36584, 36585, 36594, 36599, 36600,
       36624, 36633, 36716, 36743, 36805, 36814, 36912, 36947, 36990,
       37075, 37081, 37097, 37228, 37242, 37252, 37310, 37327, 37336,
       37442, 37613, 37648, 37694, 37971, 37986, 38039, 38129, 38185,
       38191, 38270, 38313, 38338, 38360, 38385, 38439, 38479, 38505,
       38684, 38738, 38766, 38774, 38777, 39033, 39088, 39091, 39133,
       39257, 39277, 39386, 39534, 39572, 39591, 39607, 39615, 39616,
       39671, 39674, 39682, 39767, 39808, 39945, 40022, 40029, 40033,
       40131, 40222, 40259, 40284, 40299, 40358, 40439, 40477, 40487,
       40522, 40592, 40625, 40681, 40684, 40718, 40737, 41095, 41134,
       41274, 41319, 41445, 41461, 41472, 41661, 41735, 41747, 41760,
       41834, 41937, 41985, 41989, 42088, 42108, 42158, 42207, 42212,
       42223, 42263, 42350, 42356, 42392, 42427, 42440, 42592, 42625,
       42661, 42676, 42678, 42688, 42745, 42796, 42910, 42994, 43014,
       43036, 43145, 43158, 43404, 43406, 43415, 43523, 43615, 43680,
       43726, 43790, 43854, 43861, 43915, 43964, 43996, 44020, 44093,
       44381, 44405, 44410, 44449, 44493, 44671, 44679, 44705, 44731,
       44759, 44824, 44828, 44972, 44973, 45050, 45095, 45246, 45372,
       45375, 45414, 45427, 45507, 45524, 45527, 45534, 45607, 45639,
       45707, 45830, 45833, 45902, 45934, 45973, 45980, 45999, 46199,
       46268, 46364, 46450, 46455, 46457, 46575, 46581, 46597, 46722,
       46894, 46959, 46974, 47024, 47179, 47206, 47246, 47396, 47464,
       47480, 47515, 47538, 47541, 47563, 47712, 47789, 47918, 48084,
       48090, 48183, 48270, 48291, 48344, 48368, 48429, 48564, 48778,
       48815, 48843, 48889, 48895, 49172, 49293, 49313, 49344, 49346,
       49466])]
