training accuracy when lambda=0
[0.631010101000468, 0.7618585858634024, 0.7883636363636364, 0.8071717171572675, 0.8190303030206699, 0.8262020202020202, 0.8352929293025624, 0.8418989899038064, 0.8473535353390858, 0.8507878787734292, 0.8549090908946413, 0.8583838383838384, 0.8620000000144497, 0.8674949494853165, 0.867676767662318, 0.8718383838528334, 0.873454545459362, 0.8792525252669748, 0.8783838383838384, 0.8840606060557895, 0.8854949494853164, 0.8851515151466987, 0.8892323232226902, 0.8887070707167037, 0.8921818181866347, 0.8929494949639446, 0.8949090908946413, 0.8969494949639446, 0.8991111111062946, 0.8988686868542373, 0.9007474747378417, 0.9008888888937054, 0.9022828282828282, 0.9045858585714089, 0.9057777777777778, 0.9041818181770016, 0.9089292929244764, 0.9069292929341095, 0.9074747474843805, 0.9098383838335673, 0.909636363621914, 0.9128686868783199, 0.9131111111207442, 0.9127878787734292, 0.9143838383693887, 0.9152929292929293, 0.9153333333188837, 0.9161414141365976, 0.9153737373689208, 0.9160606060654226]
test accuracy when lambda=0
[0.3498, 0.3564, 0.3563, 0.3566, 0.3623, 0.3575, 0.3616, 0.3568, 0.3678, 0.3667, 0.3592, 0.361, 0.3614, 0.3626, 0.3597, 0.3628, 0.3592, 0.3604, 0.3672, 0.3613, 0.3656, 0.3626, 0.3583, 0.3599, 0.3629, 0.362, 0.3598, 0.3626, 0.3627, 0.3583, 0.3618, 0.3656, 0.3643, 0.3613, 0.3618, 0.355, 0.3618, 0.3615, 0.3586, 0.3644, 0.3632, 0.3654, 0.3639, 0.3654, 0.36, 0.3644, 0.3581, 0.3623, 0.3603, 0.3597]
training accuracy when lambda=0.2
[0.6328888888744393, 0.7610505050649546, 0.7877171717316214, 0.798484848480032, 0.8105050505195002, 0.8192525252380757, 0.8229292929196599, 0.8291717171861668, 0.8353131313275809, 0.8383838383790219, 0.8424242424386921, 0.8437777777681447, 0.8494545454449124, 0.8524242424194259, 0.8532121212265709, 0.8599797979749815, 0.8592323232371397, 0.8641414141365976, 0.8651313131457627, 0.8657979798076129, 0.870989898999532, 0.8722020202020202, 0.8711313131168635, 0.8738181818229983, 0.8737373737421903, 0.878383838388655, 0.8781818181962678, 0.8808484848629344, 0.8828080808177139, 0.8837575757431262, 0.8857979798027963, 0.8839191919240085, 0.8882424242279746, 0.8887474747522913, 0.889656565642116, 0.8916767676719511, 0.892545454531005, 0.8932121212169377, 0.892909090918724, 0.895656565642116, 0.8942020201972036, 0.8978787878739714, 0.8981414141462307, 0.8956565656517491, 0.8988080808128973, 0.8998585858634024, 0.8994343434343435, 0.9008686868542373, 0.9001616161567996, 0.9023838383693887]
test accuracy when lambda=0.2
[0.364, 0.3716, 0.3764, 0.3778, 0.3828, 0.3819, 0.3843, 0.3812, 0.3856, 0.3855, 0.3847, 0.378, 0.3785, 0.3848, 0.3857, 0.3827, 0.3841, 0.3832, 0.3887, 0.3859, 0.3876, 0.3883, 0.3809, 0.3893, 0.3857, 0.3866, 0.386, 0.3871, 0.3872, 0.3869, 0.388, 0.3858, 0.3878, 0.3877, 0.3819, 0.386, 0.385, 0.3867, 0.3889, 0.3897, 0.3882, 0.3892, 0.3889, 0.3878, 0.3899, 0.3874, 0.3862, 0.3887, 0.3872, 0.3916]
training accuracy when lambda=0.3
[0.6212929293073789, 0.746444444458894, 0.7708686868735034, 0.7849090909235406, 0.7958383838239342, 0.8013939393939394, 0.808060606050973, 0.8138181818181818, 0.8166060606156936, 0.8192323232467729, 0.8217777777633282, 0.826080808071175, 0.8309090909042743, 0.8294141414045083, 0.835959595959596, 0.83943434343916, 0.8403232323280488, 0.8421616161664327, 0.843050505050505, 0.8463636363540032, 0.8471313131168635, 0.8490909091053587, 0.8525252525252526, 0.8521818181914512, 0.853393939398756, 0.8553535353390858, 0.85686868687832, 0.8562828282876448, 0.8592929292832963, 0.8590707070658905, 0.8599191919336415, 0.8618181818229984, 0.8639797979749815, 0.8629090909042744, 0.8648484848340352, 0.8660808080952577, 0.8654747474699309, 0.8655555555651886, 0.8677373737421903, 0.8683434343530674, 0.8680000000144497, 0.8685454545454545, 0.8689494949350454, 0.8665858585762255, 0.8688686868638703, 0.8702828282780117, 0.870606060601244, 0.8710101010052844, 0.8723636363588199, 0.873858585868219]
test accuracy when lambda=0.3
[0.379, 0.3885, 0.3899, 0.3899, 0.3956, 0.3902, 0.3971, 0.3975, 0.3894, 0.3953, 0.3965, 0.3938, 0.3938, 0.3978, 0.4006, 0.3974, 0.3974, 0.3982, 0.3931, 0.3999, 0.3974, 0.3993, 0.395, 0.4023, 0.3981, 0.3994, 0.3976, 0.4016, 0.3983, 0.3988, 0.4013, 0.402, 0.4029, 0.3997, 0.4019, 0.4044, 0.402, 0.3981, 0.3974, 0.4022, 0.3992, 0.4052, 0.4019, 0.4031, 0.4039, 0.4013, 0.403, 0.4074, 0.3994, 0.4017]
training accuracy when lambda=0.4
[0.5762020202020202, 0.6848080808225304, 0.7063030303126634, 0.7164040403944073, 0.7256363636315472, 0.7313535353390858, 0.7343838383693888, 0.7396363636459967, 0.7462222222366718, 0.7453333333188837, 0.7486060606156937, 0.7507878787926954, 0.7537171717219883, 0.7557777777874108, 0.7590505050553216, 0.7608686868638703, 0.7609696969552474, 0.7625858585954917, 0.7645656565656566, 0.7669898990043486, 0.7656767676815842, 0.7679191919191919, 0.7698787878691548, 0.7716161616257947, 0.7704646464550133, 0.771333333347783, 0.7738181818085488, 0.7750303030351195, 0.7738383838432004, 0.7755151515055184, 0.7757171717075386, 0.7766666666666666, 0.7766262626262627, 0.7770303030254865, 0.7768888888840724, 0.7758181818037322, 0.7768686868831365, 0.7778181818085488, 0.7784040403992238, 0.7775757575902071, 0.7789494949398619, 0.7778383838528334, 0.7787878787975119, 0.7785656565560235, 0.777919191928825, 0.7765252525300691, 0.7787272727128232, 0.7756565656565657, 0.7750101010197341, 0.7743232323232323]
test accuracy when lambda=0.4
[0.3885, 0.3835, 0.4035, 0.403, 0.4027, 0.3987, 0.4106, 0.4059, 0.404, 0.4101, 0.4035, 0.4148, 0.4075, 0.4145, 0.417, 0.4074, 0.4103, 0.4106, 0.4113, 0.4144, 0.4162, 0.4164, 0.4153, 0.4162, 0.4207, 0.4152, 0.4185, 0.417, 0.4176, 0.4184, 0.414, 0.4189, 0.4213, 0.4222, 0.4182, 0.4189, 0.4209, 0.4172, 0.4277, 0.4165, 0.4195, 0.4203, 0.4191, 0.4212, 0.4209, 0.4225, 0.4198, 0.4236, 0.4164, 0.419]
training accuracy when lambda=0.5
[0.20591919192641672, 0.23254545454665868, 0.23711111110870284, 0.24327272727995208, 0.24620202020683674, 0.24832323232684472, 0.2516767676779718, 0.25371717171476343, 0.25597979797498144, 0.25858585858706273, 0.26068686868927693, 0.26236363636604465, 0.2666868686868687, 0.26597979798702276, 0.27028282827801176, 0.27131313131373336, 0.2751919191919192, 0.27628282828403244, 0.2792121212130243, 0.2795151515175598, 0.28195959595959597, 0.28521212120971295, 0.2862222222246305, 0.28898989898989896, 0.29167676768158424, 0.29545454545454547, 0.29622222222342637, 0.3001818181866347, 0.30070707070466246, 0.3046262626334874, 0.30830303029821376, 0.31212121212121213, 0.31337373737614566, 0.31565656566379047, 0.3188282828330994, 0.3203636363708612, 0.32486868687109516, 0.3252323232323232, 0.33026262626262626, 0.3321818181866347, 0.33575757575998405, 0.3372929292935314, 0.3408484848388518, 0.344444444449261, 0.3470303030327113, 0.3472323232275067, 0.3528686868735034, 0.35507070706589056, 0.356727272729681, 0.3578585858561776]
test accuracy when lambda=0.5
[0.3995, 0.4018, 0.4095, 0.4191, 0.4208, 0.4214, 0.418, 0.4333, 0.4207, 0.4361, 0.4341, 0.4319, 0.4307, 0.442, 0.4401, 0.444, 0.4405, 0.4471, 0.4412, 0.4413, 0.4498, 0.4442, 0.4468, 0.4444, 0.4451, 0.4484, 0.4419, 0.4386, 0.444, 0.4425, 0.4349, 0.4505, 0.449, 0.44, 0.4417, 0.4468, 0.4431, 0.4502, 0.4387, 0.4436, 0.44, 0.4417, 0.4418, 0.4403, 0.4419, 0.4485, 0.4438, 0.4357, 0.4442, 0.4439]
training accuracy when lambda=0.6
[0.2071717171729213, 0.23854545454665868, 0.24420202020563261, 0.2502828282840324, 0.2556969697005821, 0.25898989899230723, 0.26183838383958796, 0.26676767677008506, 0.27066666666666667, 0.27470707071188727, 0.2773131313059065, 0.2818585858634024, 0.28488888889129715, 0.2859393939369857, 0.2917979797979798, 0.2944040404088569, 0.29896969697451353, 0.3019595959608001, 0.30686868687109514, 0.3097373737325572, 0.31454545455267935, 0.3183636363588198, 0.32244444443721965, 0.32521212121452947, 0.3292929293001541, 0.3345252525180277, 0.3364040404112652, 0.34402020201538547, 0.34975757575516747, 0.3520000000048165, 0.35721212120730467, 0.3653333333381499, 0.36630303030784683, 0.37052525252284424, 0.37563636363756775, 0.38034343433620954, 0.3863232323304571, 0.3935151515175598, 0.39703030302307823, 0.3991313131337214, 0.40573737373014895, 0.4084848484992981, 0.41359595959114304, 0.41725252526697487, 0.42218181818181816, 0.42676767677008504, 0.43030303029821376, 0.4333333333357416, 0.43749494949013296, 0.4433737373749415]
test accuracy when lambda=0.6
[0.3987, 0.4274, 0.4254, 0.4398, 0.4412, 0.4471, 0.4558, 0.4566, 0.4512, 0.4574, 0.4671, 0.4648, 0.461, 0.4659, 0.4599, 0.4729, 0.4741, 0.4732, 0.4699, 0.4701, 0.475, 0.4838, 0.4729, 0.4744, 0.4648, 0.4812, 0.4781, 0.475, 0.4691, 0.471, 0.4701, 0.4722, 0.4787, 0.4713, 0.4699, 0.464, 0.4703, 0.4699, 0.4684, 0.4664, 0.4629, 0.4679, 0.4658, 0.4689, 0.4641, 0.4625, 0.46, 0.4609, 0.4679, 0.4635]
training accuracy when lambda=0.7
[0.20565656565415738, 0.24084848485570964, 0.2542626262578097, 0.2613737373809622, 0.26882828283550764, 0.273838383839588, 0.2799595959547794, 0.28739393939153113, 0.29236363636724877, 0.29713131312890484, 0.3046666666642584, 0.30957575757575756, 0.312868686869891, 0.31658585858947097, 0.3246464646464646, 0.3293939393915311, 0.33569696969937796, 0.33856565656084003, 0.34713131313612966, 0.349797979790755, 0.35896969697210523, 0.3631313131337214, 0.3701212121284369, 0.3761212121163956, 0.3823030302982138, 0.3915959595911431, 0.39448484848966503, 0.40179797978834675, 0.4068080808104891, 0.4162222222246305, 0.4227272727224562, 0.4293535353535354, 0.4336565656517491, 0.44135353535835187, 0.4462828282876448, 0.45458585858826683, 0.4589494949446784, 0.46307070706589054, 0.47159595959114303, 0.4772525252549335, 0.4834949494853164, 0.48828282828042, 0.49547474747715575, 0.49917171717412545, 0.5040202020274268, 0.5084646464646465, 0.5136161616185699, 0.521494949490133, 0.5239797979725732, 0.5259999999951834]
test accuracy when lambda=0.7
[0.4066, 0.4353, 0.4505, 0.4608, 0.4659, 0.485, 0.4862, 0.4894, 0.4902, 0.5039, 0.5016, 0.5013, 0.5106, 0.5109, 0.5096, 0.5142, 0.5141, 0.5009, 0.5148, 0.5222, 0.5074, 0.515, 0.5091, 0.5075, 0.5095, 0.501, 0.5117, 0.507, 0.5076, 0.5071, 0.5031, 0.5023, 0.4993, 0.5, 0.4962, 0.4981, 0.4952, 0.4869, 0.4893, 0.4824, 0.4906, 0.4845, 0.485, 0.4866, 0.4818, 0.4775, 0.4743, 0.4778, 0.4804, 0.4702]
training accuracy when lambda=0.8
[0.19973737374459855, 0.2464444444450465, 0.26002020201779374, 0.2728888888888889, 0.2829090909114992, 0.29163636363395534, 0.3004040404076528, 0.30838383837902184, 0.3164444444450465, 0.3220000000072248, 0.3296565656613822, 0.33519191919432745, 0.34040404040644867, 0.3466464646536895, 0.3552525252549335, 0.3620202020153855, 0.36880808080567257, 0.3752727272745335, 0.38349494949013296, 0.39244444444444443, 0.3968282828306911, 0.40448484847521543, 0.41298989899471555, 0.4249898990043486, 0.4282424242376077, 0.4369898989802659, 0.4427878787878788, 0.4527878787854705, 0.4602222222246305, 0.46834343433620956, 0.47549494949735777, 0.48167676766954287, 0.492464646469463, 0.498222222229447, 0.5074949494949494, 0.5171717171765338, 0.5234747474891971, 0.5273939393867146, 0.5370303030278948, 0.5436767676767676, 0.5460404040355875, 0.5524242424266507, 0.5592323232323232, 0.5685858585762256, 0.5705858585906751, 0.5798787878739713, 0.580787878790287, 0.5918585858441362, 0.592404040408857, 0.5962222222174057]
test accuracy when lambda=0.8
[0.3967, 0.4465, 0.4746, 0.4914, 0.5128, 0.5239, 0.535, 0.5312, 0.5439, 0.5422, 0.5487, 0.5527, 0.5444, 0.5467, 0.5524, 0.5534, 0.5561, 0.5542, 0.5553, 0.5493, 0.5444, 0.5479, 0.5406, 0.5339, 0.5375, 0.5283, 0.5301, 0.526, 0.5302, 0.5191, 0.5179, 0.5187, 0.5154, 0.5111, 0.5143, 0.5127, 0.5059, 0.5022, 0.5026, 0.5026, 0.497, 0.5008, 0.4981, 0.4937, 0.4956, 0.4918, 0.4855, 0.4883, 0.4934, 0.4808]
