[  113   210   361   375   413   453   462   547   594   746   752   927
  1032  1048  1156  1165  1235  1462  1476  1497  1516  1651  1764  1852
  1993  2117  2435  2487  2780  2872  2957  2969  3019  3152  3789  3808
  3878  4056  4159  4195  4338  4891  4960  5269  5893  5910  6003  6053
  6064  6181  6183  6321  6331  6335  6501  6605  6675  6995  7079  7114
  7147  7229  7262  7460  7649  7771  7899  7919  8007  8030  8096  8135
  8224  8309  8346  8460  8486  8559  8607  8654  8778  8933  9174  9209
  9295  9380  9657  9772  9789  9808  9978 10040 10392 10422 10454 10478
 10484 10666 10957 10961 10974 11177 11324 11325 11375 11549 11564 11732
 11735 12043 12074 12141 12144 12157 12217 12255 12310 12312 12399 12516
 12555 12822 12853 12929 12941 12954 13000 13143 13269 13284 13303 13340
 13342 13350 13461 14032 14082 14196 14205 14212 14333 14349 14647 14972
 15081 15159 15962 15988 15990 16062 16084 16299 16331 16345 16379 16440
 16540 16630 16783 17091 17281 17582 17669 17753 17795 17941 18050 18066
 18126 18131 18355 18438 18522 18525 18596 18605 18616 18718 18848 19052
 19102 19114 19257 19546 19547 19621 19675 19694 19720 19753 19867 20087
 20112 20139 20206 20281 20505 20512 20553 20625 20633 20757 20780 20964
 20971 21063 21109 21217 21376 21442 21524 21576 21731 21840 21880 22003
 22094 22103 22176 22350 22479 22482 22613 22633 22754 22929 23197 23338
 23359 23583 23631 23747 23834 23937 23974 24283 24290 24557 24601 24695
 25374 25383 25454 25492 25563 25609 25732 25897 25931 25937 25953 25979
 26049 26129 26134 26303 26457 26471 26493 26525 26532 26746 26914 27023
 27031 27057 27066 27168 27201 27303 27461 27494 27555 27567 27686 27708
 27763 27845 28177 28343 28389 28472 28586 28587 28595 28773 28877 28956
 29060 29128 29201 29227 29353 29466 29623 29652 29672 29736 29847 30032
 30083 30091 30169 30173 30197 30294 30925 30939 31151 31180 31216 31260
 31279 31342 31381 31638 31644 31699 31741 31753 31759 31813 32006 32122
 32279 32630 32665 32686 32835 32906 33010 33034 33090 33142 33185 33267
 33612 33721 33761 33818 33841 33869 33957 34083 34234 34242 34304 34379
 34422 34726 34751 34811 34864 35030 35034 35042 35251 35319 35515 35572
 35582 35584 35805 36122 36134 36683 36837 36926 36977 37005 37476 37521
 37524 37864 37965 37974 38051 38136 38183 38310 38610 38642 38689 38735
 38870 38910 39359 39372 39405 39549 39935 39967 40058 40101 40141 40151
 40360 40675 40803 40846 41016 41034 41228 41251 41394 41476 41704 41784
 41814 41820 41841 41895 41955 41994 42069 42239 42317 42452 42566 42771
 42799 42843 42946 43005 43020 43032 43052 43101 43194 43300 43524 43536
 43565 44059 44182 44209 44249 44392 44469 44523 44642 44748 44902 44907
 44947 44968 45065 45107 45214 45221 45533 45610 45660 45686 45980 46071
 46082 46273 46407 46445 46554 46644 46673 46746 47112 47619 47664 47800
 47814 47830 47945 48032 48074 48099 48169 48360 48420 48515 48676 48754
 49161 49352 49356]
[   32    95   132   202   222   251   257   265   271   308   360   392
   455   822   823   925   931   953  1009  1067  1173  1272  1327  1394
  1534  1729  1772  1802  1849  1881  1929  2145  2159  2243  2369  2520
  2527  2633  2639  2712  2767  2796  2898  2928  2993  2995  3043  3065
  3169  3198  3234  3241  3250  3351  3352  3364  3432  3475  3486  3621
  3641  3973  3981  4306  4363  4446  4529  4538  4617  4771  4877  4882
  4962  4963  5001  5150  5259  5299  5303  5610  5614  5720  5776  5890
  5912  5981  6174  6210  6265  6350  6403  6440  6568  6669  6736  6904
  7059  7083  7149  7305  7308  7375  7472  7502  7640  7705  7727  7790
  7791  8047  8103  8155  8173  8495  8805  8885  8894  8896  8973  8996
  9097  9127  9146  9161  9168  9234  9281  9282  9308  9318  9323  9327
  9348  9387  9481  9500  9568  9668  9687  9744  9762  9807 10178 10262
 10282 10310 10353 10482 10552 10674 10741 10770 10881 10983 11010 11124
 11268 11478 11545 11562 11594 11602 11702 11714 11719 11811 11815 11965
 11994 12046 12060 12168 12242 12297 12319 12411 12421 12496 12622 12648
 12700 12741 12749 12788 12850 12918 12923 12938 12942 13037 13102 13131
 13145 13177 13229 13388 13417 13454 13490 13631 13645 13765 13769 13941
 13957 14044 14112 14141 14174 14229 14250 14295 14331 14368 14371 14382
 14407 14461 14700 14911 14919 14952 15065 15136 15177 15249 15317 15412
 15413 15431 15516 15555 15562 15594 15682 15754 15785 15811 15869 15911
 16038 16046 16060 16124 16181 16320 16445 16520 16529 16558 16590 16611
 16791 16833 16852 16866 17049 17177 17316 17465 17540 17561 17589 17692
 17732 17786 17811 17831 17932 18016 18124 18136 18187 18326 18423 18468
 18582 18636 18667 18679 18727 18750 18751 18817 18839 18953 18965 19001
 19046 19062 19068 19130 19144 19303 19309 19324 19382 19504 19655 19714
 19894 19979 20034 20085 20142 20178 20191 20254 20268 20364 20405 20410
 20477 20546 20638 20644 20663 20704 20706 20740 20746 20753 20810 20957
 21018 21074 21097 21211 21215 21238 21241 21252 21262 21302 21323 21331
 21361 21396 21434 21517 21519 21588 21776 21798 21855 21940 22061 22066
 22109 22130 22187 22244 22272 22297 22309 22336 22349 22439 22615 22645
 22669 22835 22841 22932 22937 22993 23012 23093 23282 23413 23426 23560
 23586 23591 23615 23654 23713 23813 23818 23883 23888 23911 23936 23973
 24100 24151 24254 24372 24406 24447 24537 24688 24722 24730 24749 24782
 24808 24833 24927 25042 25047 25068 25098 25368 25384 25406 25411 25440
 25730 25978 26045 26097 26121 26203 26209 26385 26440 26651 26681 26888
 26938 26991 27026 27183 27220 27433 27467 27488 27527 27537 27739 27775
 27946 27974 27975 28027 28055 28091 28112 28179 28264 28270 28285 28483
 28512 28579 28620 28629 28652 28696 28709 28750 28791 28825 28851 28910
 28986 29015 29025 29041 29208 29351 29502 29561 29682 29790 29860 29997
 30025 30148 30225 30234 30253 30269 30558 30601 30768 30771 30785 30796
 30803 31006 31017 31229 31287 31325 31398 31407 31470 31652 31725 31766
 31804 31917 31934 31975 31999 32077 32080 32282 32329 32342 32358 32397
 32649 32738 32822 32998 33173 33240 33311 33356 33422 33483 33508 33556
 33566 33731 33787 33830 33870 33914 34016 34111 34150 34198 34340 34384
 34463 34473 34495 34572 34576 34586 34704 34714 34796 34824 34836 34897
 34910 34962 35017 35059 35061 35064 35282 35325 35357 35385 35534 35683
 35782 35861 35981 36097 36202 36428 36509 36529 36673 36730 36880 36967
 37001 37010 37030 37071 37075 37126 37237 37252 37296 37381 37423 37580
 37687 37726 37734 37844 37851 37875 37897 37906 37917 37979 38124 38229
 38273 38280 38345 38412 38452 38475 38481 38576 38688 38748 38907 38910
 39000 39098 39144 39183 39313 39394 39449 39534 39625 39655 39805 39827
 39897 39908 39975 40011 40134 40187 40229 40488 40531 40543 40759 40795
 40812 40887 41139 41171 41180 41253 41262 41265 41308 41333 41560 41713
 41718 41899 41986 42100 42242 42270 42314 42341 42372 42419 42445 42677
 42711 42748 42811 42818 42895 42970 42976 42991 43031 43087 43096 43245
 43495 43668 43729 43811 44026 44135 44317 44389 44422 44438 44498 44572
 44574 44589 44653 44659 44759 44816 44847 44866 44882 44957 45044 45104
 45125 45158 45197 45242 45268 45339 45385 45675 45782 45783 45902 45938
 45943 45949 46002 46089 46241 46443 46526 46557 46639 46708 46786 46895
 46981 47186 47213 47505 47640 47876 47936 48035 48058 48082 48128 48196
 48283 48304 48413 48547 48552 48630 48657 48737 48843 48914 48931 48943
 48988 48994 49094 49108 49349]
[   41    55   142   188   306   335   344   749   805   816   896   962
  1106  1426  1505  1735  2180  2321  2404  2654  2730  2795  2901  3042
  3144  3191  3216  3474  3540  3848  4073  4201  4353  4464  4790  4856
  4939  5121  5271  5486  5530  6070  6092  6253  6258  6698  7115  7239
  7399  7410  7534  7597  7602  7687  7850  7902  7971  8068  8081  8162
  8207  8272  8608  8671  8890  9008  9113  9464  9740  9830  9995 10005
 10060 10093 10151 10196 10217 10233 10373 10411 10597 10852 11074 11122
 11320 11769 11779 11780 11886 11938 12073 12179 12254 12467 12574 12598
 12878 13211 13468 13557 13573 13619 13676 13706 13845 13887 14200 14206
 14402 14411 14464 14703 14847 15122 15233 15235 15366 15404 15626 15679
 15832 15878 15919 16616 16686 16722 16958 17047 17172 17327 17473 17477
 17496 17674 17695 17900 17936 17988 18236 18341 18360 18442 18598 18745
 19148 19181 19237 19243 19247 19254 19297 19406 19542 19669 19736 19931
 20078 20511 20531 20540 20643 20825 20868 21136 21490 21611 21625 21651
 21741 21777 22041 22231 22328 22497 22679 22746 22758 22771 23227 23288
 23298 23401 23434 23711 23835 23847 24031 24063 24065 24172 24178 24179
 24197 24334 24453 24487 24739 24800 24966 25024 25029 25030 25088 25201
 25209 25289 25306 25451 25624 25752 25805 25936 26237 26287 26339 26405
 26445 26452 26499 26573 26793 26904 27466 27725 27797 27827 27830 27894
 28012 28021 28037 28135 28279 28428 28447 28583 28897 29070 29098 29158
 29217 29268 29306 29761 29796 29817 29958 30078 30099 30298 30311 30425
 30754 30926 31103 31130 31171 31225 31280 31401 31426 31486 31591 31622
 31698 31740 31801 31861 32001 32434 32486 32656 32845 32981 33221 33245
 33261 33337 33468 33511 33575 33792 34021 34240 34773 34784 35280 35330
 35439 35488 35528 35669 35983 36061 36063 36123 36185 36291 36344 36366
 36667 36716 37044 37066 37092 37357 37394 37398 37638 37825 37878 37955
 37988 38209 38357 38507 38515 38520 38601 38708 38902 38959 38963 39017
 39028 39140 39160 39244 39258 39275 39307 39390 39550 39553 39617 39727
 39834 39932 39951 40176 40301 40515 40549 40685 40817 40991 41039 41044
 41071 41401 41416 41552 41639 41681 41762 41775 41811 41824 41882 42151
 42156 42229 42390 42515 42586 42611 42939 43219 43234 43268 43283 43619
 43621 43660 43684 43718 43742 44018 44033 44172 44200 44337 44385 44466
 44467 44473 44576 44696 44764 44870 45060 45194 45220 45229 45237 45292
 45403 45433 45471 45633 45835 46000 46064 46066 46103 46141 46306 46319
 46469 46511 46519 46585 46590 46710 46750 46808 46830 46834 46839 46843
 46913 47006 47036 47103 47144 47376 47470 47478 47751 47811 47868 47908
 47921 47976 48044 48077 48346 48517 48532 48650 48660 48761 49148 49301
 49308 49358 49363]
[  180   254   490   494   528   728   739  1082  1185  1470  1486  1494
  1617  1640  1702  1823  2169  2197  2342  2354  2445  2536  2539  2578
  2814  2956  2973  2980  2985  3030  3038  3116  3267  3416  3462  3530
  3533  3553  3556  3732  3747  3823  4024  4032  4048  4076  4092  4440
  4465  4517  4559  4594  4720  4741  4765  4773  4850  4870  4984  5084
  5140  5339  5380  5499  5850  5913  6141  6316  6327  6392  6415  6515
  6635  6719  6984  7106  7477  7746  7774  7915  7953  8034  8036  8089
  8504  8596  8666  8720  8868  8893  8936  8954  9019  9232  9407  9502
  9643  9736  9769 10317 10334 10495 10626 10718 10771 10780 10920 10979
 11132 11153 11218 11260 11305 11326 11391 11818 11898 11976 12001 12148
 12186 12219 12263 12332 12377 12471 12506 12519 12615 12739 12976 13120
 13129 13380 13679 13717 13740 13796 13852 13963 14024 14118 14279 14319
 14412 14473 14563 14628 14657 14699 14730 14915 14988 15090 15181 15305
 15559 15745 15839 16039 16132 16163 16250 16268 16318 16374 16474 16527
 16637 16831 17015 17159 17164 17219 17343 17369 17388 17451 17788 17825
 18077 18158 18241 18429 18458 18465 18492 18683 18691 18777 18859 18906
 19187 19241 19266 19427 19452 19525 19818 19898 19998 20039 20150 20192
 20232 20372 20425 20502 20645 20798 20853 20866 20889 20945 20953 21510
 21536 21539 21599 21637 21666 21853 22295 22422 22425 22652 22714 22777
 23065 23127 23180 23187 23467 23472 23520 23534 23767 23771 23780 23798
 24059 24185 24210 24231 24475 24495 24498 24499 24555 24585 24721 24839
 24871 25009 25046 25058 25072 25151 25180 25208 25233 25356 25496 25774
 25787 25818 25934 25994 26012 26031 26075 26437 26585 26642 26653 26700
 26759 26799 27073 27102 27326 27330 27438 27459 27712 27783 27799 27866
 28079 28115 28170 28575 28691 28704 28727 28782 28813 28827 28952 28976
 29141 29173 29274 29295 29421 29837 29864 30059 30342 30367 30464 30473
 30728 30787 30916 30917 30997 31049 31059 31363 31415 31478 31667 31728
 31730 31825 31909 31932 31967 32058 32065 32146 32198 32568 32584 32726
 32800 32813 32919 32935 32957 32966 32968 33064 33065 33148 33212 33275
 33327 33356 33458 33480 33504 33747 33894 33920 33991 34023 34103 34106
 34271 34418 34459 34470 34501 34576 34631 34689 34697 34712 34755 34791
 34828 35103 35146 35695 35708 35757 35824 35855 35864 35875 35883 36015
 36285 36321 36465 36614 36835 36964 37007 37071 37113 37131 37257 37288
 37341 37487 37505 37683 37707 37827 37893 38285 38315 38477 38516 38621
 38722 38817 38885 38911 38942 38974 39083 39214 39636 39779 39866 39916
 39944 39986 40059 40152 40530 40586 40620 40653 40749 40909 41033 41111
 41128 41169 41836 41945 41950 41999 42101 42102 42176 42190 42279 42284
 42404 42411 42438 42451 42599 42667 42706 42751 42779 42841 43023 43049
 43115 43342 43615 43618 43634 43720 43734 43761 43951 43971 44331 44637
 44646 44767 44833 44978 45064 45278 45446 45500 45625 45645 45775 45904
 45944 45982 46056 46057 46075 46159 46813 46946 47082 47173 47194 47235
 47474 47484 47631 47726 47820 47983 48000 48053 48237 48380 48393 48395
 48477 48618 48729 48834 49053 49125 49136 49172 49229 49245 49430]
[   86   359   467   611   612   753   768  1006  1043  2032  2166  2495
  2736  2881  2940  3192  3262  3264  3383  3441  3605  3650  3784  3917
  4136  4146  4296  4339  4663  4706  5177  5242  5619  5691  6135  6278
  6441  6794  6814  6970  7358  7529  7645  7664  8342  8564  8740  8811
  8972  9304  9638  9689  9814  9912  9959 10142 10255 10257 10296 10560
 10621 10818 10837 10892 11000 11200 11243 11255 11322 11525 11755 11816
 12364 12732 12744 13099 13107 13162 13273 13328 13362 13715 13779 13819
 14049 14055 14127 14134 14339 14362 14444 14475 14701 14722 14780 14873
 15064 15115 15197 15254 15483 15616 15819 15825 15883 16176 16291 16471
 16701 16702 16737 17472 17706 17870 18349 18479 18548 18700 18771 18956
 19403 19431 19672 19713 19853 20111 20395 20450 20612 20809 20844 21295
 21370 21461 21714 21715 21730 21949 22059 22070 22221 22599 22739 23016
 23382 23432 23682 23697 23760 23794 23843 23862 24054 24199 24392 24502
 24757 24796 24817 25133 25175 25533 25812 26313 26434 26614 27441 27480
 27617 28021 28067 28142 28510 28846 28901 29122 29237 29253 29469 29593
 29647 29834 30337 30376 30951 30999 31174 31206 31337 31405 31456 31513
 31617 31727 31983 32070 32336 32373 33589 33710 33744 33795 33835 33842
 33849 33915 34032 34266 34279 34341 34401 34775 34901 35114 35262 35896
 35898 35966 36182 36224 36240 36304 36317 36342 36353 36416 36470 36653
 36668 36722 36884 37134 37214 37215 37291 37365 37849 37936 38127 38444
 38862 39016 39115 39118 39168 39565 39618 40014 40102 40202 40439 40599
 40912 40944 40987 41385 41386 41407 41457 41475 41549 42125 42159 42226
 42290 42674 42736 42993 43061 43313 43409 43645 43718 43823 43905 44447
 44456 44549 44582 44787 45097 45786 45790 46068 46314 46325 46385 46537
 46624 46738 46754 46769 46835 46842 47204 47823 47861 48562 48648 48666
 48720 48917 49461 49496]
[  225   370   527   798   803   843  1003  1028  1084  1099  1294  1550
  1732  1783  1787  1888  1891  2083  2246  2280  2291  2415  2595  2658
  2719  2814  2873  2933  3030  3050  3120  3121  3139  3330  3386  3387
  3416  3457  3460  3577  3627  3716  3788  3816  3877  3972  4004  4223
  4317  4333  4361  4489  4651  4673  4741  4765  4768  5100  5261  5287
  5501  5544  5547  5551  5591  5613  5743  5782  6141  6279  6324  6347
  6415  6422  6458  6471  6652  6668  6680  6811  6813  6919  7021  7050
  7060  7067  7095  7165  7254  7258  7278  7516  7616  7673  7702  7716
  7915  7979  8068  8305  8436  8584  8596  8668  8768  8868  8992  9085
  9096  9407  9408  9463  9525  9706  9784  9842 10083 10226 10320 10324
 10331 10421 10572 10598 10611 10705 10765 10780 11013 11061 11215 11218
 11248 11341 11365 11429 11634 11682 11715 11750 11823 11828 11864 11901
 12007 12121 12249 12346 12377 12500 12504 12725 12737 12817 12839 12950
 13235 13339 13344 13669 13783 13950 14035 14109 14118 14170 14427 14447
 14524 14544 14558 14758 14793 14794 14800 14879 15113 15354 15365 15417
 15439 15537 15709 15750 15766 15871 15893 16085 16096 16118 16140 16200
 16268 16427 16470 16548 16643 16651 16793 16799 16801 16876 16946 17033
 17080 17219 17343 17368 17379 17388 17435 17459 17473 17484 17616 17649
 17770 17919 17956 18346 18351 18448 18472 18515 18560 18592 18598 18670
 18740 18744 18833 18901 18961 19007 19155 19200 19266 19400 19500 19525
 19543 19741 19816 19846 19873 19891 20083 20192 20287 20334 20425 20435
 20567 20747 20798 20824 20906 21070 21198 21536 21611 21612 21717 21723
 21808 21903 22140 22298 22581 22626 22656 22706 22716 22750 22777 22838
 22917 22965 23007 23015 23138 23215 23221 23296 23334 23392 23511 23785
 23790 23822 23873 23902 24011 24015 24031 24059 24075 24147 24201 24243
 24256 24258 24272 24315 24327 24366 24470 24529 24721 24815 24932 24966
 24995 25022 25046 25071 25269 25366 25596 25709 25782 25825 25926 25927
 26083 26116 26164 26338 26454 26540 26700 26778 26870 27012 27330 27469
 27568 27635 27639 27645 27808 27820 27823 27971 28050 28441 28480 28552
 28572 28573 28575 28673 28727 28733 28802 28921 28968 29109 29114 29126
 29233 29315 29327 29485 29704 29992 30045 30174 30417 30465 30478 30530
 30566 30687 30997 31004 31069 31215 31217 31238 31244 31254 31321 31416
 31418 31428 31480 31519 31549 31730 31816 31866 31953 31955 32043 32058
 32065 32109 32158 32207 32430 32473 32546 32568 32767 32775 33247 33299
 33331 33489 33504 33542 33560 33626 33682 33780 33889 33970 34020 34095
 34271 34369 34465 34501 34503 34774 34894 34909 34989 35104 35219 35296
 35458 35498 35564 35619 35695 35849 35855 35909 35954 36025 36123 36184
 36268 36299 36321 36504 36549 36604 36605 36619 36695 36734 36735 36964
 37011 37113 37172 37341 37350 37390 37457 37512 37528 37606 37624 37628
 37787 37911 37929 37945 38003 38028 38126 38144 38189 38206 38352 38374
 38395 38399 38506 38518 38586 38700 38722 38789 39050 39090 39105 39152
 39185 39196 39431 39491 39710 39712 39798 39924 40036 40046 40105 40191
 40234 40271 40386 40389 40440 40448 40466 40495 40515 40530 40666 40743
 41164 41632 41670 41672 41709 41749 41764 41771 41781 41950 41957 41999
 42003 42096 42211 42225 42325 42361 42411 42571 42620 42682 42699 42732
 42751 42896 42930 43023 43044 43166 43209 43342 43416 43464 43494 43725
 43731 43945 43953 44001 44025 44071 44120 44410 44415 44685 44711 44736
 44739 44767 44829 44833 45101 45129 45141 45514 45557 45634 45733 45747
 45904 45920 45935 45952 45974 46135 46170 46236 46371 46438 46446 46453
 46514 46568 46621 46626 46703 46713 46764 46864 46887 46953 46969 47156
 47258 47276 47389 47407 47441 47442 47458 47524 47912 47915 47920 47991
 48011 48024 48141 48289 48345 48526 48559 48774 48795 48885 48998 49193
 49464]
[  207   351   641   645   719   853   990  1061  1163  1206  1234  1368
  1478  1673  1743  1765  1809  1899  1968  1987  1996  2086  2400  2407
  2541  2646  2694  2781  2980  3059  3131  3185  3242  3306  3516  3674
  3783  3902  3907  4043  4107  4193  4284  4621  4635  4645  4646  4720
  5068  5069  5216  5300  5386  5921  5994  6002  6356  6381  6410  6485
  6557  6583  6719  6855  6962  7042  7145  7169  7177  7406  7473  7506
  7680  7685  7936  8107  8663  8737  8788  8844  9236  9273  9339  9578
  9683  9880  9922  9930 10127 10346 10476 10600 10685 10717 10967 11002
 11140 11220 11366 11418 11495 11527 11579 11649 11819 12012 12045 12611
 12851 13005 13008 13027 13068 13220 13268 13615 13670 13682 13981 14036
 14302 14364 14392 14689 14901 14936 15074 15295 15308 15344 15456 15724
 15733 15804 16050 16091 16486 16607 16873 17017 17028 17087 17095 17249
 17279 17527 17875 18064 18079 18103 18184 18247 18410 18564 18639 18691
 18785 18859 18861 18928 19009 19026 19387 19458 19490 19574 19615 19625
 19647 19651 19693 19851 19991 20065 20209 20407 20662 20788 20862 20895
 20897 21033 21409 21565 21689 21765 21866 21869 21876 21883 22078 22186
 22274 22353 22476 22524 22641 22670 22730 22961 23104 23151 23178 23486
 23752 23845 23941 23950 23966 24033 24094 24245 24440 24498 24536 24618
 24621 24636 24797 25285 25352 25450 25505 25585 25610 25706 25741 25818
 25914 25959 26194 26222 26295 26542 26650 26686 26903 26972 26986 27059
 27176 27502 27873 27984 28168 28402 28598 28975 29198 29293 29432 29459
 29534 29558 29608 29639 29688 29781 29815 29867 30029 30053 30093 30202
 30512 30547 30585 30810 30872 30892 30905 31029 31223 31368 31479 31481
 31547 31577 31595 31742 31796 31824 31919 31922 32029 32064 32187 32262
 32266 32431 32619 32625 32708 32718 32969 33100 33163 33223 33271 33334
 33645 33695 33740 34058 34110 34137 34368 34459 34575 34596 35196 35249
 35284 35450 35555 35615 35793 35812 36006 36081 36227 36257 36265 36285
 36471 36482 36640 36918 36991 37073 37133 37413 37543 37658 37699 37728
 37890 37912 37976 38107 38297 38342 38496 38527 38587 38596 38663 38716
 38803 38864 38914 38942 38953 38970 39055 39091 39174 39274 39497 39616
 39694 39717 39916 39980 40050 40377 40392 40420 40465 40876 41203 41222
 41283 41398 41998 42144 42349 42365 42485 42506 42758 42944 43000 43006
 43012 43137 43248 43316 43319 43817 43824 43860 43899 44239 44352 44551
 44600 44651 44723 44766 44821 44888 45193 45216 45446 45671 45751 45812
 45874 45878 45982 46256 46360 46440 46645 46721 47094 47316 47518 47658
 47686 47689 48315 48418 48441 48511 48555 48971 49422 49429]
[    7    35    43    68   418   498   606   613   735   783   794   803
   914   923  1113  1123  1353  1478  1566  1575  1844  1880  1910  2064
  2073  2250  2333  2424  2516  2530  2585  2629  2803  2811  2823  2920
  2947  2951  3158  3176  3237  3282  3381  3425  3514  3572  3607  3611
  3744  3979  4036  4038  4062  4133  4144  4192  4200  4209  4214  4460
  4508  4639  4674  4838  5007  5043  5068  5116  5217  5264  5286  5304
  5382  5395  5444  5506  5510  5513  5543  5553  5562  5648  5680  5714
  5727  5763  5875  5884  6000  6088  6196  6269  6302  6325  6399  6452
  6476  6539  6618  6697  6759  6929  7220  7266  7396  7497  7500  7538
  7657  7739  7759  7884  7966  7980  7992  8057  8166  8238  8242  8243
  8270  8334  8532  8543  8575  8581  8640  8647  8799  8806  8828  8830
  8887  8938  8990  9015  9124  9152  9202  9211  9226  9290  9354  9359
  9388  9402  9819 10181 10212 10278 10329 10375 10448 10525 10656 10725
 10940 11009 11098 11231 11278 11328 11336 11369 11469 11473 11504 11868
 11930 12324 12331 12356 12417 12422 12501 12546 12570 12577 12609 12650
 12728 12731 12848 12912 12977 13056 13121 13150 13256 13259 13333 13365
 13768 13828 13837 13861 13960 13971 14070 14092 14126 14190 14271 14287
 14359 14367 14530 14606 14623 14648 14677 14790 14843 14964 14994 15039
 15064 15182 15246 15282 15463 15500 15583 15675 15803 15960 16183 16316
 16352 16405 16512 16785 16862 16881 16963 17043 17105 17208 17251 17254
 17315 17341 17362 17592 17643 17654 17708 17828 17846 17853 17887 17974
 18077 18159 18255 18280 18419 18603 18660 18885 18942 19026 19067 19124
 19136 19236 19250 19416 19464 19572 19633 19638 19665 19699 19877 20048
 20073 20391 20412 20548 20554 20568 20623 20708 20785 20856 20876 20890
 20991 21019 21029 21119 21203 21289 21338 21402 21425 21444 21544 21565
 21586 21645 21676 21795 21871 21984 21999 22002 22136 22236 22313 22390
 22403 22406 22561 22564 22571 22580 22671 22751 22915 22948 22967 23004
 23026 23029 23045 23084 23088 23108 23122 23363 23369 23453 23454 23499
 23572 23680 23745 23779 23789 23827 24134 24560 24680 24681 24704 24744
 24803 24853 24884 24904 24945 25105 25111 25131 25351 25372 25548 25652
 25713 25777 25860 26002 26070 26098 26254 26350 26365 26393 26422 26631
 26641 26656 26719 26730 26902 26960 27157 27269 27397 27510 27562 27571
 27643 27668 27760 27766 27778 27875 27927 27990 28083 28114 28192 28199
 28442 28557 28605 28641 28738 28855 28902 28928 29089 29168 29245 29325
 29341 29383 29583 29683 29701 29768 29798 29889 29895 29907 29968 30480
 30524 30575 30745 30907 30942 31035 31050 31057 31160 31183 31204 31209
 31346 31354 31425 31604 31711 31715 31781 31836 31920 31941 31963 31976
 32095 32128 32147 32310 32449 32459 32468 32754 32830 32864 33068 33145
 33167 33360 33443 33529 33683 33716 33815 33819 33829 33921 33950 34046
 34067 34249 34397 34420 34511 34563 34578 34725 34772 34795 34820 34876
 34915 34928 34977 35635 35837 35897 35934 35959 36060 36071 36075 36082
 36187 36193 36249 36306 36425 36474 36479 36607 36807 36834 36848 36853
 36859 36891 36901 36909 36949 37026 37070 37120 37174 37320 37339 37547
 37581 37599 37627 37697 37702 37703 37737 37782 37852 37964 38092 38142
 38154 38211 38283 38414 38437 38460 38483 38704 38766 38797 38943 39085
 39092 39266 39301 39345 39352 39407 39434 39436 39627 39636 39643 39870
 40070 40181 40218 40306 40322 40416 40443 40509 40597 40643 40779 40869
 40915 40946 40948 41020 41226 41255 41278 41327 41332 41352 41367 41447
 41691 41842 41916 41932 41960 41984 42078 42133 42186 42189 42519 42522
 42567 42707 42900 43027 43201 43223 43247 43292 43466 43513 43520 43579
 43656 43691 43701 43855 43916 43917 44006 44019 44070 44183 44266 44420
 44626 44723 44863 45032 45033 45119 45262 45501 45605 45671 45827 45896
 45907 45933 45953 46096 46123 46480 46577 46738 46831 46886 47021 47352
 47421 47516 47570 47776 47875 47968 47973 47981 48004 48040 48112 48345
 48381 48565 48646 48669 48710 48769 48779 49096 49193 49231 49234 49273
 49275 49302 49310 49350]
[   62   497   621   653   859   999  1044  1168  1241  1359  1367  1384
  1491  1656  1685  1715  1804  2009  2085  2103  2240  2247  2319  2630
  2631  2651  2686  3098  3148  3318  3384  3481  3491  3700  3724  3996
  4114  4189  4195  4227  4247  4255  4527  4548  4841  4908  4917  4929
  4938  5041  5048  5145  5363  5397  5428  5462  5546  5601  5693  5737
  5811  5873  6129  6188  6205  6569  6656  6713  6726  6800  6988  7002
  7044  7091  7279  7429  7455  7498  7520  7899  7954  8393  8588  9011
  9028  9041  9073  9143  9284  9385  9390  9449  9546  9561  9981 10014
 10031 10220 10241 10244 10250 10288 10363 10542 10576 10590 10707 10821
 10857 10866 10931 10943 10987 11059 11060 11228 11246 11313 11330 11458
 11471 11497 11526 11572 11738 11784 11989 12295 12314 12443 12634 12649
 12692 12720 12791 12808 12941 12991 13157 13208 13233 13445 13465 13518
 13554 13575 13728 13762 13788 13809 13830 13872 13932 14057 14312 14326
 14618 15143 15207 15310 15527 15567 15686 15837 15920 16074 16240 16322
 16551 16747 16774 16846 16872 17024 17101 17237 17441 17717 17942 17947
 17980 18035 18223 18390 18528 18554 18622 18632 18719 18890 18918 18986
 19057 19089 19117 19193 19221 19424 19465 19535 19565 19790 19856 19896
 19964 20139 20169 20271 20277 20312 20462 20718 20776 20878 21061 21071
 21098 21100 21187 21281 21348 21399 21438 21703 21707 21932 21994 22219
 22233 22248 22376 22613 22648 22794 22898 23087 23186 23312 23316 23317
 23471 23570 23633 23906 23935 24144 24184 24225 24296 24333 24356 24398
 24526 24557 24648 24773 24804 24886 25005 25040 25153 25268 25515 25547
 25611 25644 25770 25799 25909 25923 25941 25967 25978 26105 26134 26207
 26216 26238 26334 26354 26427 26750 26984 26994 27031 27081 27378 27380
 27383 27414 27421 27426 27439 27636 27833 28076 28146 28159 28219 28233
 28411 28487 28513 28562 28643 28773 28787 28852 28916 28942 29032 29044
 29078 29189 29193 29201 29214 29271 29296 29401 29473 29637 29662 29829
 29848 29984 30126 30239 30416 30444 30543 30665 30715 30879 31051 31063
 31216 31303 31332 31348 31629 31679 31734 31794 32011 32153 32360 32609
 32772 32840 32900 32962 33034 33192 33201 33354 33646 33704 33751 33772
 33805 33839 33952 34071 34139 34322 34329 34676 34678 34747 35013 35022
 35095 35150 35278 35387 35435 35481 35514 35541 35679 35722 35785 35805
 35950 35977 36016 36043 36080 36103 36134 36186 36203 36231 36374 36417
 36422 36449 36543 36561 36592 36603 36642 36693 36814 36955 37206 37370
 37430 37633 37636 37745 37879 37915 37940 37959 38059 38183 38235 38361
 38430 38462 38883 38892 38992 39012 39071 39087 39172 39216 39332 39395
 39578 39894 39938 39965 40128 40192 40195 40263 40269 40351 40399 40589
 40593 40632 40769 40884 41119 41185 41227 41263 41312 41354 41432 41461
 41476 41477 41509 41551 41644 41663 41756 41796 41809 42099 42301 42408
 42527 42665 42675 42728 43081 43084 43220 43254 43332 43346 43463 43663
 43685 43886 43943 43996 44066 44265 44291 44452 44489 44586 44720 44954
 44968 45175 45272 45281 45517 45636 45698 45954 45960 46005 46028 46155
 46246 46291 46293 46711 47054 47058 47139 47184 47205 47272 47342 47377
 47513 47644 47687 47772 47851 47974 48037 48196 48240 48288 48349 48363
 48390 48607 48667 48760 48850 48877 48898 49160 49181 49237 49258 49289
 49405 49436 49468 49495]
[   72   103   199   202   221   222   230   265   291   360   489   585
   607   669   695   742   924   951   966  1090  1091  1173  1217  1374
  1499  1534  1557  1569  1680  1689  1757  1848  1920  1995  2093  2145
  2179  2277  2295  2303  2397  2420  2430  2444  2547  2633  2639  2700
  2858  2977  2990  3015  3095  3147  3241  3298  3328  3351  3352  3449
  3471  3557  3562  3603  3626  3637  3695  3726  3737  3782  3842  3958
  4071  4244  4246  4295  4391  4462  4511  4519  4575  4596  4610  4688
  4715  4769  4783  4788  4915  4922  4942  5032  5094  5184  5192  5377
  5383  5407  5445  5628  5657  5722  5858  5879  5938  6078  6115  6304
  6352  6548  6616  6772  6808  7037  7059  7080  7108  7293  7334  7371
  7444  7635  7654  7747  7770  7791  7820  7888  8080  8125  8249  8353
  8404  8442  8474  8484  8489  8491  8511  8612  8675  8683  8728  8747
  9016  9025  9112  9135  9168  9363  9568  9680  9782  9802  9988 10039
 10073 10259 10401 10428 10437 10530 10595 10619 10651 10708 10801 10832
 10865 10873 10938 11031 11085 11111 11131 11274 11299 11382 11404 11422
 11432 11436 11493 11557 11559 11669 11941 11979 12046 12053 12076 12171
 12227 12277 12445 12536 12542 12557 12589 12595 12619 12687 12708 12714
 12727 12800 12938 13014 13075 13145 13177 13263 13304 13337 13357 13403
 13582 13659 13668 13986 14112 14235 14255 14303 14466 14494 14589 14614
 14668 14929 14935 14974 15000 15065 15135 15150 15335 15345 15350 15362
 15462 15541 15610 15856 15867 15892 15913 16038 16040 16083 16142 16259
 16336 16391 16459 16806 16832 17059 17062 17073 17120 17312 17447 17501
 17518 17585 17711 17804 17818 17823 17856 17871 17884 18001 18044 18170
 18176 18206 18271 18285 18329 18368 18469 18509 18626 18642 18675 18756
 18965 19023 19112 19144 19153 19174 19224 19230 19309 19342 19352 19367
 19382 19410 19457 19683 19709 19739 19910 20042 20085 20125 20360 20369
 20397 20430 20471 20490 20523 20552 20571 20590 20638 20695 20724 20742
 20769 20916 20924 20959 21018 21049 21078 21084 21086 21093 21134 21159
 21194 21326 21388 21417 21431 21465 21478 21488 21516 21523 21672 21673
 21833 21908 22018 22164 22215 22336 22349 22449 22642 22669 22811 22843
 22893 22937 22945 22971 22993 23067 23111 23123 23188 23201 23240 23242
 23307 23333 23353 23379 23391 23435 23615 23634 23734 23776 23816 23840
 23936 24012 24027 24045 24049 24155 24347 24407 24421 24485 24726 24747
 24763 24782 24783 24806 24822 24833 24862 24968 25136 25266 25341 25384
 25466 25595 25692 25744 25750 25811 25832 25836 25880 25903 26063 26235
 26282 26378 26386 26440 26654 26740 26773 26776 26896 27039 27041 27106
 27435 27448 27564 27729 27893 28112 28179 28186 28258 28265 28285 28293
 28409 28483 28520 28603 28604 28629 28680 28734 28764 28791 28809 28832
 28860 28874 28973 28991 29176 29241 29387 29461 29516 29610 29614 29664
 29671 29673 29682 29967 30072 30192 30195 30355 30470 30484 30549 30600
 30611 30642 30683 30763 30809 30810 30818 31018 31106 31193 31272 31275
 31331 31333 31390 31400 31502 31639 31645 31828 31840 31871 31934 31973
 31981 32017 32117 32227 32282 32286 32488 32518 32524 32819 32869 32932
 33173 33327 33376 33442 33454 33460 33479 33534 33608 33651 33702 33797
 33914 34016 34022 34119 34122 34151 34173 34287 34294 34387 34496 34557
 34565 34568 34736 34760 34913 35033 35043 35045 35190 35217 35267 35463
 35517 35633 35683 35684 35707 35716 36107 36110 36113 36349 36358 36386
 36405 36568 36633 36656 36849 36942 37047 37136 37381 37493 37508 37620
 37621 37847 37866 38130 38197 38280 38411 38559 38732 38748 38948 38958
 39054 39117 39299 39317 39346 39451 39463 39743 39801 39805 39821 39876
 39883 39885 39942 40031 40178 40564 40759 40784 40847 40881 40887 40940
 40959 41021 41192 41262 41458 41493 41503 41522 41560 41594 41636 41649
 41718 41734 41767 41935 42031 42147 42153 42292 42314 42315 42341 42428
 42619 42668 42710 42774 42785 42793 42911 42979 43098 43212 43228 43371
 43475 43484 43603 43738 43779 43816 43841 43910 43936 44162 44438 44577
 44653 44665 44676 44731 44847 44865 44982 45084 45149 45242 45286 45358
 45391 45576 45622 45741 46054 46138 46148 46161 46234 46253 46489 46512
 46532 46534 46535 46539 46643 46692 46705 46707 46807 46894 47037 47186
 47226 47312 47452 47625 47715 47795 48149 48411 48429 48431 48433 48670
 48875 49010 49084 49087 49120 49347 49408]
[0.7349896480331263, 0.7123473541383989, 0.39149888143176736, 0.2737864077669903, 0.4440789473684211, 0.688, 0.4744186046511628, 0.7259036144578314, 0.7536764705882353, 0.5454545454545454]
[483, 737, 447, 515, 304, 625, 430, 664, 544, 715]
