training accuracy when lambda=0.2
[0.6103030303126634, 0.7441212121212121, 0.7686868686724191, 0.7849494949639445, 0.7941414141462306, 0.7974343434247103, 0.8062020202164698, 0.8097979797931633, 0.8137575757623923, 0.8186464646609143, 0.8213131313083147, 0.8234343434487931, 0.8265050505195001, 0.8271919191967357, 0.8293333333333334, 0.8339797979846145, 0.8350505050649547, 0.8350505050553216, 0.8358989898845403, 0.841555555541106, 0.8425252525156195, 0.8430707070658905, 0.8462424242568739, 0.8460404040355876, 0.8458989899038064, 0.8466060606156937, 0.8498383838383838, 0.8491919192063688, 0.8534343434439765, 0.8528282828379159, 0.8548484848533013, 0.8533333333285168, 0.8557575757672088, 0.8546464646416481, 0.8577777777633282, 0.8578181818229984, 0.8560606060654226, 0.8596969696921531, 0.8597575757720254, 0.8603030303030303, 0.8623434343289847, 0.8626262626310791, 0.8640000000048166, 0.8622626262481766, 0.8631111111111112, 0.8647272727224562, 0.864383838398288, 0.8649090909042744, 0.8642222222174056, 0.8666666666811162]
test accuracy when lambda=0.2
[0.394, 0.3923, 0.3951, 0.3968, 0.3992, 0.4031, 0.4017, 0.4022, 0.3958, 0.3992, 0.4027, 0.4024, 0.3962, 0.4008, 0.3996, 0.3992, 0.401, 0.4, 0.4052, 0.4032, 0.4018, 0.4028, 0.4041, 0.4009, 0.4038, 0.4031, 0.4027, 0.4071, 0.3983, 0.4015, 0.4095, 0.4022, 0.4029, 0.4054, 0.4031, 0.4019, 0.4064, 0.4039, 0.3975, 0.4067, 0.4012, 0.4045, 0.4029, 0.4071, 0.4029, 0.4038, 0.4028, 0.4083, 0.4092, 0.4059]
training accuracy when lambda=0.3
[0.5799595959692291, 0.7043030302933972, 0.7242020202116533, 0.7350505050505051, 0.7439999999903669, 0.7505252525348856, 0.7538383838432003, 0.7573535353487189, 0.7616161616209781, 0.7655959596055927, 0.7689292929244764, 0.7691515151563317, 0.7733939393939394, 0.7753939393987559, 0.7779595959547794, 0.7792929292832962, 0.7799393939442105, 0.7843636363491867, 0.7852929292929293, 0.7843636363491867, 0.7886464646609143, 0.7878787878691548, 0.7917575757527592, 0.7902424242472408, 0.7913333333285167, 0.793010101000468, 0.7933737373641043, 0.7934343434198938, 0.7962222222174057, 0.7977575757479427, 0.7988282828427324, 0.7993737373641043, 0.8007070707215204, 0.801414141418958, 0.8002020202068367, 0.801515151510335, 0.8005656565512069, 0.7996363636267305, 0.8007676767676768, 0.8025454545310049, 0.8041212121260286, 0.8040606060750557, 0.8029696969552473, 0.8026464646512812, 0.8056363636267305, 0.8042020202164698, 0.8043434343289847, 0.8061212121260286, 0.803979797979798, 0.8061212121163955]
test accuracy when lambda=0.3
[0.3979, 0.4066, 0.4086, 0.4159, 0.4184, 0.4141, 0.4085, 0.4211, 0.4151, 0.4223, 0.4241, 0.4231, 0.4213, 0.4146, 0.4198, 0.4215, 0.4218, 0.4204, 0.4242, 0.4246, 0.4246, 0.4211, 0.4253, 0.4237, 0.4228, 0.4185, 0.4286, 0.4252, 0.4213, 0.4264, 0.4271, 0.4235, 0.4287, 0.427, 0.427, 0.4252, 0.4233, 0.4254, 0.4274, 0.4244, 0.4305, 0.4231, 0.4263, 0.4252, 0.4258, 0.4277, 0.4254, 0.4293, 0.4288, 0.4293]
training accuracy when lambda=0.4
[0.4851313131168635, 0.5846868686772356, 0.6026868687013183, 0.6103030302885807, 0.6184444444348114, 0.6206262626358957, 0.6269494949543115, 0.6304040403944073, 0.6313333333381499, 0.6351717171669007, 0.638080808080808, 0.6396767676815842, 0.642848484858118, 0.6430505050553216, 0.6446464646464647, 0.6458383838432004, 0.649515151510335, 0.6496363636508132, 0.6535959596007761, 0.6544646464742795, 0.6565454545599042, 0.6563232323135992, 0.6577979797931632, 0.6592323232178736, 0.6604646464742795, 0.6615959595863266, 0.6637171717099469, 0.6637373737421903, 0.6636767676864007, 0.6672525252621583, 0.66630303031748, 0.6665050505146836, 0.6686262626214461, 0.670080808080808, 0.6692121212073047, 0.670525252520436, 0.6724242424146093, 0.6727272727272727, 0.6723636363780859, 0.6731111111062946, 0.6747878787926953, 0.6749696969793301, 0.6743434343386178, 0.6767070706974376, 0.6754545454400959, 0.678989898989899, 0.6778383838432004, 0.6774343434198938, 0.6778585858441363, 0.6776161616209782]
test accuracy when lambda=0.4
[0.3898, 0.4137, 0.4208, 0.4277, 0.4276, 0.4225, 0.4338, 0.4344, 0.4383, 0.4401, 0.4329, 0.4409, 0.4331, 0.4339, 0.4375, 0.4415, 0.446, 0.4388, 0.4395, 0.4434, 0.4438, 0.4462, 0.4454, 0.4441, 0.4441, 0.4447, 0.4439, 0.4445, 0.4415, 0.4404, 0.445, 0.4479, 0.4426, 0.4391, 0.4479, 0.4408, 0.4473, 0.4464, 0.442, 0.445, 0.4491, 0.4487, 0.4464, 0.4449, 0.4417, 0.4387, 0.4417, 0.441, 0.4431, 0.4423]
training accuracy when lambda=0.5
[0.212868686869891, 0.24038383838624666, 0.24846464647187128, 0.2532727272775438, 0.2588484848436683, 0.2610505050456885, 0.2657575757648006, 0.2696565656637905, 0.2733131313203561, 0.27509090908609257, 0.2780202020226103, 0.2787272727272727, 0.28161616161736575, 0.28418181817459337, 0.2883838383844404, 0.29094949495671973, 0.2909090909163157, 0.29492929293651776, 0.2985454545478628, 0.3007272727344975, 0.3039393939345774, 0.30824242424001597, 0.3087070707046624, 0.31143434343916, 0.3146868686796439, 0.3188484848508931, 0.32040404040644865, 0.32454545455027106, 0.3249898989874907, 0.330060606050973, 0.3343030303102551, 0.336505050500234, 0.3395151515223763, 0.34250505050023394, 0.34444444444444444, 0.35004040404281234, 0.3504242424266507, 0.354242424249649, 0.36026262625540145, 0.36476767676767674, 0.36559595959114305, 0.36791919192160016, 0.37052525253006907, 0.37462626262385434, 0.37892929292688465, 0.3798181818254066, 0.38426262626503455, 0.3878383838335673, 0.39103030303150715, 0.3913939393939394]
test accuracy when lambda=0.5
[0.4168, 0.4346, 0.4399, 0.4465, 0.4476, 0.4547, 0.4563, 0.4602, 0.4626, 0.4609, 0.4631, 0.4672, 0.4739, 0.4687, 0.4733, 0.4749, 0.4735, 0.4763, 0.4755, 0.4749, 0.4708, 0.4757, 0.4757, 0.4742, 0.4765, 0.4743, 0.4748, 0.4741, 0.4724, 0.4749, 0.4745, 0.4721, 0.4724, 0.4788, 0.4743, 0.473, 0.476, 0.4696, 0.4679, 0.4737, 0.4771, 0.468, 0.4741, 0.4658, 0.4698, 0.4729, 0.4688, 0.4696, 0.4697, 0.4644]
training accuracy when lambda=0.6
[0.21101010101130516, 0.24292929292929294, 0.25357575757816586, 0.262161616168841, 0.26844444444444443, 0.2703232323256406, 0.27577777777898194, 0.2796969696945614, 0.28406060606060607, 0.28729292929292927, 0.2930303030278948, 0.2980808080880329, 0.30212121212602866, 0.3056767676719511, 0.30759595959355135, 0.31298989898749074, 0.3171313131361297, 0.3217777777825943, 0.3251313131337214, 0.32898989899471553, 0.3328686868735034, 0.33884848484848484, 0.341232323229915, 0.3465656565632483, 0.34923232322509845, 0.35545454546177024, 0.3614545454521372, 0.364989898989899, 0.3709898989947155, 0.37456565656806484, 0.37765656566138217, 0.38341414141173313, 0.389454545459362, 0.39436363636604466, 0.3992525252477087, 0.4024040403944073, 0.4092929292857045, 0.41276767676286025, 0.41876767677008503, 0.4205656565656566, 0.4294141414093249, 0.4327070707046624, 0.43761616162097816, 0.44084848485330136, 0.44397979797738973, 0.44937373737614567, 0.45145454544732067, 0.4565656565560235, 0.46585858585858586, 0.46335353536798496]
test accuracy when lambda=0.6
[0.4207, 0.4389, 0.4423, 0.4548, 0.4689, 0.4676, 0.472, 0.4833, 0.4889, 0.4854, 0.4975, 0.4978, 0.4851, 0.4962, 0.4939, 0.5011, 0.5029, 0.5002, 0.5044, 0.5106, 0.5027, 0.5039, 0.5067, 0.4991, 0.503, 0.4983, 0.4969, 0.4957, 0.5005, 0.496, 0.4998, 0.4912, 0.4987, 0.4995, 0.4957, 0.4953, 0.4954, 0.4902, 0.4927, 0.49, 0.4902, 0.4902, 0.4915, 0.4822, 0.486, 0.4856, 0.4762, 0.4776, 0.4795, 0.4818]
