training accuracy when lambda=0.8
[0.1193737373749415, 0.13448484848605263, 0.13941414141534555, 0.14357575757635965, 0.15072727272847686, 0.15561616161736574, 0.16434343434463847, 0.17333333333694573, 0.18527272727332933, 0.19989898990139818, 0.21757575756853276, 0.2363232323268447, 0.25733333333453745, 0.27832323232443645, 0.30389898989658165, 0.3267676767724933, 0.3512323232347315, 0.3691515151418821, 0.3953737373713291, 0.4195151515175598, 0.4368080808032643, 0.4575555555603721, 0.47717171717412543, 0.492727272729681, 0.512868686861462, 0.5312121212121212, 0.5496363636508133, 0.5659191919336415, 0.5792525252453005, 0.592424242429059, 0.6091717171717171, 0.6228080808032642, 0.6344242424242424, 0.6443434343338013, 0.6579595959740455, 0.6684242424194259, 0.6798181818037322, 0.6883636363732695, 0.6968686868831365, 0.7034747474699309, 0.7148080808177139, 0.7215757575661245, 0.7291111110966615, 0.7355353535449866, 0.7450505050456885, 0.7492525252380756, 0.7535757575757576, 0.7623636363732694, 0.7674545454641786, 0.7727474747474747]
test accuracy when lambda=0.8
[0.388, 0.3894, 0.426, 0.4229, 0.426, 0.4189, 0.4178, 0.4159, 0.4112, 0.4062, 0.3943, 0.3833, 0.3771, 0.3559, 0.3452, 0.3221, 0.3248, 0.3075, 0.3003, 0.2921, 0.2874, 0.2826, 0.2743, 0.276, 0.2655, 0.2639, 0.2612, 0.2597, 0.2576, 0.2561, 0.2489, 0.249, 0.2527, 0.2503, 0.2596, 0.253, 0.2481, 0.2583, 0.2516, 0.2478, 0.2552, 0.255, 0.2466, 0.2566, 0.2528, 0.2533, 0.2515, 0.2544, 0.2539, 0.2553]
training accuracy when lambda=0.85
[0.11684848484908691, 0.13036363637086118, 0.13541414141594763, 0.14185858586099412, 0.14755555555796382, 0.15309090909151116, 0.16442424242785483, 0.1712323232329253, 0.18329292929353136, 0.19921212121332535, 0.21632323232443645, 0.2365454545460566, 0.26072727273088514, 0.28121212121573363, 0.3053333333357416, 0.33092929292688467, 0.35450505050023395, 0.377212121219346, 0.40038383838865493, 0.42361616161736576, 0.4436969696969697, 0.46515151515392344, 0.48272727273208926, 0.5017777777729613, 0.517353535367985, 0.5358585858730355, 0.5524646464550134, 0.574363636378086, 0.5855757575902072, 0.6023030302933973, 0.6178383838383839, 0.6296969696969696, 0.6444848484944815, 0.6560404040355875, 0.6666464646416481, 0.6823434343482508, 0.6885050504954174, 0.6961414141462307, 0.708909090918724, 0.7190101010245507, 0.7260808080663584, 0.7388888888744393, 0.7453939393794898, 0.7510909090909091, 0.7532525252477087, 0.7618989898893568, 0.7676969696969697, 0.7737979797979798, 0.7809494949446784, 0.7856363636459968]
test accuracy when lambda=0.85
[0.2885, 0.3944, 0.414, 0.4195, 0.4218, 0.4342, 0.4183, 0.4147, 0.4183, 0.393, 0.3876, 0.3745, 0.3543, 0.3404, 0.3266, 0.3012, 0.2907, 0.2898, 0.2761, 0.262, 0.2633, 0.2475, 0.2565, 0.2518, 0.2467, 0.2492, 0.2426, 0.2544, 0.2256, 0.238, 0.2352, 0.2397, 0.2255, 0.2361, 0.2248, 0.2303, 0.223, 0.2313, 0.2292, 0.2283, 0.2311, 0.229, 0.2306, 0.2279, 0.227, 0.2235, 0.2314, 0.2315, 0.2412, 0.2322]
training accuracy when lambda=0.9
[0.1154343434367517, 0.12418181818422645, 0.13208080808261427, 0.13903030303150715, 0.14543434343434344, 0.15094949495009702, 0.1599797979834104, 0.17123232323352736, 0.18369696969757177, 0.19822222222944702, 0.21840404040644867, 0.23864646465368944, 0.2595959596031844, 0.28335353535112706, 0.30890909091149915, 0.33254545454545453, 0.35701010101491754, 0.3781010100937853, 0.40161616161375335, 0.42595959595477945, 0.44438383837902184, 0.4670101010028762, 0.4862626262674428, 0.5046262626286709, 0.5212323232467728, 0.5387272727417224, 0.5561818181818182, 0.572444444449261, 0.5901212121139873, 0.6012121212265709, 0.6164848484992981, 0.6322424242472408, 0.6412323232250984, 0.6586060606060606, 0.668585858571409, 0.6815959595887348, 0.6891717171620841, 0.6983232323328654, 0.7055959595959596, 0.7164242424338755, 0.726000000009633, 0.7352525252477087, 0.7397373737373737, 0.7464040403944073, 0.7569494949543115, 0.7615757575709411, 0.7672525252525253, 0.772383838398288, 0.7817575757575758, 0.7818989899086229]
test accuracy when lambda=0.9
[0.3015, 0.343, 0.3935, 0.4226, 0.4119, 0.426, 0.4318, 0.403, 0.406, 0.3874, 0.3684, 0.3547, 0.3269, 0.3087, 0.2941, 0.2852, 0.2638, 0.2588, 0.2512, 0.2475, 0.2503, 0.2369, 0.2389, 0.2218, 0.2209, 0.2215, 0.2182, 0.2182, 0.2176, 0.2176, 0.2161, 0.2094, 0.203, 0.2085, 0.2021, 0.2076, 0.2089, 0.208, 0.2069, 0.2082, 0.2043, 0.2038, 0.2098, 0.2032, 0.209, 0.2128, 0.2073, 0.2064, 0.2031, 0.2099]
training accuracy when lambda=0.95
[0.10860606060726474, 0.12072727273088513, 0.1229898989935114, 0.13034343434524054, 0.13672727272817584, 0.14238383838564458, 0.14795959596200423, 0.15515151515151515, 0.1645050505086629, 0.17911111111231526, 0.19325252525493353, 0.21533333333333332, 0.23266666666907493, 0.256303030300622, 0.2805050505050505, 0.30278787878547053, 0.32539393938912287, 0.3470303030327113, 0.3678383838335673, 0.3916161616089368, 0.40915151514910686, 0.4333333333357416, 0.45038383837902185, 0.47052525251802774, 0.48864646466091427, 0.5072121212145295, 0.5261616161760658, 0.5394141414093249, 0.5534545454449123, 0.5675757575902072, 0.58159595958151, 0.5916363636315471, 0.6064242424386921, 0.6203838383742053, 0.6296767676767677, 0.6416363636315471, 0.6506666666570335, 0.6586868686820522, 0.6670505050360555, 0.6802626262578098, 0.6875151515296011, 0.6886464646512812, 0.7004646464501969, 0.704464646469463, 0.714040404040404, 0.7187676767821264, 0.7259595959644125, 0.7312121212169378, 0.7355151515007019, 0.741858585868219]
test accuracy when lambda=0.95
[0.2468, 0.2965, 0.3542, 0.3724, 0.4091, 0.4055, 0.4108, 0.4055, 0.3861, 0.3677, 0.3508, 0.3147, 0.3089, 0.2906, 0.2566, 0.2575, 0.2513, 0.2314, 0.2319, 0.2159, 0.2203, 0.2099, 0.2117, 0.2111, 0.1978, 0.1982, 0.1962, 0.1863, 0.1959, 0.1946, 0.1924, 0.185, 0.1909, 0.1887, 0.1889, 0.1866, 0.1824, 0.1862, 0.1796, 0.1864, 0.1868, 0.1841, 0.1794, 0.1807, 0.1807, 0.1804, 0.1795, 0.1807, 0.186, 0.1912]
