training accuracy when lambda=0.2
[0.51886, 0.64362, 0.68036, 0.7012, 0.71874, 0.73246, 0.74434, 0.75454, 0.76396, 0.77396, 0.78062, 0.78836, 0.79722, 0.80396, 0.80858, 0.81896, 0.8238, 0.82904, 0.83524, 0.8404, 0.84332, 0.84798, 0.85256, 0.85568, 0.8608, 0.86396, 0.86514, 0.8699, 0.87172, 0.87274, 0.8746, 0.87728, 0.8806, 0.881, 0.8826, 0.88312, 0.8844, 0.88602, 0.88632, 0.88868, 0.88926, 0.88698, 0.89072, 0.89012, 0.89044, 0.89166, 0.8935, 0.8913, 0.89456, 0.89256, 0.89494, 0.89604, 0.89526, 0.89458, 0.89748, 0.8965, 0.89694, 0.89652, 0.8965, 0.89638, 0.89662, 0.89876, 0.89794, 0.89696, 0.89758, 0.89736, 0.89698, 0.89738, 0.89564, 0.89768, 0.89632, 0.89694, 0.89426, 0.89978, 0.89796, 0.89852, 0.89808, 0.89776, 0.89874, 0.89752, 0.89964, 0.896, 0.89744, 0.89838, 0.89962, 0.89788, 0.89786, 0.8975, 0.89596, 0.89902, 0.89712, 0.8984, 0.8983, 0.89872, 0.89914, 0.9002, 0.89906, 0.8984, 0.89526, 0.90006]
test accuracy when lambda=0.2
[0.4897, 0.5143, 0.5234, 0.5302, 0.5296, 0.5285, 0.5309, 0.5325, 0.5301, 0.5343, 0.5308, 0.5281, 0.5351, 0.5311, 0.5294, 0.5293, 0.5367, 0.5263, 0.527, 0.5275, 0.5284, 0.5307, 0.5269, 0.5305, 0.5317, 0.5308, 0.5308, 0.5252, 0.5265, 0.5259, 0.5314, 0.5297, 0.5284, 0.5275, 0.5296, 0.5287, 0.5283, 0.5214, 0.5303, 0.5277, 0.5279, 0.5258, 0.5272, 0.5249, 0.5247, 0.5252, 0.53, 0.5298, 0.5287, 0.5282, 0.5309, 0.5313, 0.5273, 0.5295, 0.5274, 0.5281, 0.5288, 0.5271, 0.5276, 0.5324, 0.5248, 0.5309, 0.532, 0.5303, 0.5291, 0.5265, 0.5296, 0.5248, 0.5315, 0.527, 0.5285, 0.534, 0.5267, 0.5276, 0.5323, 0.5238, 0.5247, 0.5245, 0.5293, 0.527, 0.5302, 0.5248, 0.5289, 0.5251, 0.5251, 0.5234, 0.5242, 0.5303, 0.5243, 0.5276, 0.5265, 0.524, 0.526, 0.5262, 0.5219, 0.5292, 0.5279, 0.5204, 0.5254, 0.5269]
training accuracy when lambda=0.25
[0.5205, 0.64636, 0.67804, 0.69722, 0.71588, 0.72654, 0.73742, 0.74972, 0.75612, 0.7657, 0.76966, 0.77798, 0.78546, 0.79186, 0.79874, 0.80398, 0.81024, 0.8147, 0.8196, 0.8261, 0.83184, 0.83238, 0.8399, 0.84474, 0.84624, 0.8492, 0.85, 0.85396, 0.85462, 0.86114, 0.85842, 0.86032, 0.86324, 0.86302, 0.86552, 0.86868, 0.86788, 0.86924, 0.87042, 0.86902, 0.873, 0.87374, 0.87352, 0.87332, 0.87284, 0.87458, 0.87498, 0.87548, 0.87214, 0.87644, 0.87938, 0.87588, 0.87562, 0.87612, 0.87602, 0.87392, 0.87708, 0.87496, 0.87754, 0.87652, 0.87626, 0.8761, 0.87682, 0.87636, 0.87684, 0.87718, 0.87662, 0.87458, 0.87556, 0.87684, 0.87756, 0.87468, 0.87672, 0.87544, 0.87644, 0.87586, 0.87384, 0.87406, 0.87396, 0.87554, 0.87636, 0.87512, 0.87672, 0.87582, 0.87498, 0.87624, 0.8757, 0.8759, 0.87764, 0.87674, 0.87686, 0.87742, 0.87292, 0.8746, 0.87586, 0.8751, 0.87608, 0.87282, 0.87518, 0.87306]
test accuracy when lambda=0.25
[0.4933, 0.5147, 0.5299, 0.5323, 0.5406, 0.5369, 0.5431, 0.5413, 0.5368, 0.5413, 0.538, 0.5469, 0.5441, 0.5434, 0.5399, 0.545, 0.5388, 0.5363, 0.5384, 0.5427, 0.5462, 0.544, 0.5431, 0.5424, 0.5407, 0.5368, 0.5383, 0.5348, 0.5466, 0.5442, 0.5362, 0.543, 0.5408, 0.5377, 0.5433, 0.5401, 0.5424, 0.5398, 0.5374, 0.5387, 0.5338, 0.5368, 0.5389, 0.5321, 0.5382, 0.5382, 0.5399, 0.5348, 0.5346, 0.5395, 0.5395, 0.5357, 0.5329, 0.5389, 0.5345, 0.5371, 0.5362, 0.5327, 0.5344, 0.5376, 0.538, 0.5386, 0.5399, 0.5362, 0.5375, 0.5342, 0.5423, 0.5367, 0.5349, 0.5327, 0.5327, 0.5347, 0.5397, 0.5381, 0.5374, 0.5335, 0.5351, 0.5307, 0.536, 0.5319, 0.5342, 0.5349, 0.5287, 0.5312, 0.5395, 0.5382, 0.5351, 0.5259, 0.5311, 0.5347, 0.536, 0.5358, 0.5351, 0.5331, 0.5343, 0.5355, 0.533, 0.5332, 0.5358, 0.5314]
training accuracy when lambda=0.3
[0.51844, 0.639, 0.67164, 0.69196, 0.7084, 0.72108, 0.73018, 0.74248, 0.74632, 0.75924, 0.76602, 0.77148, 0.77932, 0.78308, 0.78954, 0.79314, 0.80072, 0.80564, 0.80886, 0.81602, 0.8156, 0.8206, 0.82486, 0.82786, 0.82808, 0.83348, 0.83808, 0.83946, 0.84114, 0.84146, 0.84324, 0.84398, 0.84454, 0.84532, 0.84818, 0.84674, 0.84802, 0.84976, 0.84812, 0.84812, 0.8486, 0.84958, 0.84736, 0.85026, 0.85094, 0.84978, 0.84874, 0.84994, 0.849, 0.84784, 0.84922, 0.84774, 0.8495, 0.84804, 0.84848, 0.84884, 0.85108, 0.84798, 0.84622, 0.84898, 0.8463, 0.84646, 0.84704, 0.84738, 0.84686, 0.84602, 0.84432, 0.84756, 0.84696, 0.84698, 0.84728, 0.84656, 0.8472, 0.84622, 0.84654, 0.8469, 0.84634, 0.84494, 0.84482, 0.8466, 0.84538, 0.84638, 0.84286, 0.84762, 0.84772, 0.845, 0.8454, 0.8437, 0.84634, 0.84484, 0.84388, 0.84552, 0.84628, 0.84534, 0.84358, 0.84744, 0.84366, 0.84462, 0.8442, 0.8443]
test accuracy when lambda=0.3
[0.4913, 0.5331, 0.5257, 0.5412, 0.5396, 0.5421, 0.5528, 0.5307, 0.5519, 0.5468, 0.5532, 0.5479, 0.55, 0.5529, 0.549, 0.5526, 0.5497, 0.5528, 0.553, 0.5515, 0.5455, 0.5469, 0.5479, 0.5527, 0.5515, 0.5494, 0.5504, 0.5431, 0.5474, 0.5414, 0.5468, 0.5391, 0.5458, 0.5377, 0.5422, 0.5432, 0.5443, 0.5464, 0.5435, 0.5348, 0.5424, 0.5418, 0.5365, 0.5471, 0.5425, 0.5416, 0.5421, 0.5408, 0.5435, 0.5411, 0.5394, 0.5411, 0.5423, 0.5398, 0.5363, 0.5379, 0.5356, 0.54, 0.5383, 0.5348, 0.5384, 0.5375, 0.537, 0.5336, 0.5358, 0.5359, 0.538, 0.5401, 0.5368, 0.535, 0.5391, 0.5374, 0.5316, 0.5352, 0.5342, 0.5313, 0.5359, 0.5353, 0.5367, 0.5377, 0.533, 0.5349, 0.5353, 0.5392, 0.5296, 0.5356, 0.5334, 0.5342, 0.5374, 0.5359, 0.5265, 0.5303, 0.5324, 0.5297, 0.5314, 0.5288, 0.5294, 0.5312, 0.5369, 0.5353]
training accuracy when lambda=0.35
[0.51142, 0.62786, 0.66086, 0.68116, 0.69694, 0.70526, 0.71766, 0.72588, 0.73368, 0.74204, 0.74806, 0.75544, 0.76078, 0.7657, 0.76992, 0.77714, 0.77858, 0.78716, 0.78904, 0.79266, 0.79778, 0.79884, 0.80032, 0.80464, 0.80736, 0.8095, 0.80908, 0.808, 0.81288, 0.81222, 0.81494, 0.81386, 0.81646, 0.81432, 0.81506, 0.81636, 0.8146, 0.8163, 0.81672, 0.81702, 0.81394, 0.81574, 0.81706, 0.81554, 0.81448, 0.8151, 0.81108, 0.81362, 0.81288, 0.8121, 0.81438, 0.81252, 0.81416, 0.81124, 0.81238, 0.81344, 0.81068, 0.81108, 0.8102, 0.81162, 0.8116, 0.81118, 0.80966, 0.81012, 0.81142, 0.80992, 0.8115, 0.80608, 0.80748, 0.80912, 0.80706, 0.80834, 0.80808, 0.81034, 0.80986, 0.8083, 0.80684, 0.80696, 0.80782, 0.81118, 0.80882, 0.808, 0.80722, 0.80586, 0.80674, 0.80818, 0.80722, 0.80608, 0.80642, 0.8085, 0.80696, 0.8071, 0.80372, 0.80562, 0.80894, 0.80362, 0.80536, 0.8084, 0.80902, 0.80228]
test accuracy when lambda=0.35
[0.4954, 0.5149, 0.5398, 0.5448, 0.5473, 0.5445, 0.556, 0.5556, 0.5481, 0.5617, 0.5587, 0.556, 0.5595, 0.5545, 0.5579, 0.5662, 0.5607, 0.5506, 0.5505, 0.5531, 0.5521, 0.5551, 0.559, 0.5548, 0.5541, 0.551, 0.5502, 0.5531, 0.5462, 0.5475, 0.5471, 0.5529, 0.5481, 0.5435, 0.5441, 0.5439, 0.5442, 0.5457, 0.5437, 0.5444, 0.5464, 0.5447, 0.5436, 0.5483, 0.546, 0.5395, 0.5426, 0.5367, 0.5396, 0.5382, 0.536, 0.5425, 0.5402, 0.5418, 0.5377, 0.5385, 0.5389, 0.5337, 0.538, 0.5403, 0.5343, 0.5418, 0.5395, 0.5412, 0.5369, 0.5418, 0.5433, 0.5396, 0.54, 0.5403, 0.5339, 0.5384, 0.5411, 0.5375, 0.5406, 0.537, 0.5323, 0.5371, 0.5359, 0.5346, 0.5431, 0.5399, 0.5337, 0.5365, 0.5359, 0.5376, 0.5394, 0.5353, 0.5363, 0.5333, 0.5358, 0.5373, 0.5361, 0.5349, 0.5372, 0.5293, 0.5321, 0.5346, 0.5366, 0.5324]
training accuracy when lambda=0.4
[0.48266, 0.60152, 0.63464, 0.65276, 0.66382, 0.67814, 0.68826, 0.69514, 0.70216, 0.70882, 0.71844, 0.7196, 0.72724, 0.73508, 0.73606, 0.74194, 0.74544, 0.7466, 0.75278, 0.75508, 0.75708, 0.76354, 0.76614, 0.7681, 0.7682, 0.76966, 0.76932, 0.77098, 0.77184, 0.77344, 0.77346, 0.77448, 0.77242, 0.77246, 0.77106, 0.77408, 0.7708, 0.77544, 0.7738, 0.7699, 0.77206, 0.76976, 0.7743, 0.77372, 0.77276, 0.77032, 0.77314, 0.77164, 0.77188, 0.77242, 0.77034, 0.76922, 0.76954, 0.76894, 0.7681, 0.76806, 0.76792, 0.76612, 0.76912, 0.76614, 0.7697, 0.76254, 0.76782, 0.7678, 0.76962, 0.76568, 0.7649, 0.76688, 0.7689, 0.77002, 0.76414, 0.76634, 0.76466, 0.7649, 0.7674, 0.76524, 0.76732, 0.7663, 0.7671, 0.7647, 0.76656, 0.76736, 0.76818, 0.76554, 0.76516, 0.76174, 0.76314, 0.76322, 0.76244, 0.7642, 0.76508, 0.76478, 0.76486, 0.76576, 0.7644, 0.76226, 0.76466, 0.7663, 0.76592, 0.76534]
test accuracy when lambda=0.4
[0.4992, 0.5211, 0.5435, 0.5544, 0.5537, 0.5544, 0.5468, 0.5491, 0.5604, 0.5626, 0.5598, 0.5658, 0.5624, 0.564, 0.5594, 0.5621, 0.5642, 0.5667, 0.5652, 0.5611, 0.5594, 0.5606, 0.5553, 0.5579, 0.5558, 0.5512, 0.5544, 0.5596, 0.5551, 0.5496, 0.5541, 0.551, 0.5475, 0.5511, 0.5471, 0.5534, 0.5476, 0.5509, 0.5489, 0.5438, 0.5451, 0.5421, 0.5484, 0.5408, 0.5467, 0.5477, 0.5453, 0.5463, 0.54, 0.5453, 0.5408, 0.5371, 0.5408, 0.5438, 0.5384, 0.542, 0.5459, 0.542, 0.5425, 0.5416, 0.5397, 0.5445, 0.5403, 0.5446, 0.542, 0.5431, 0.5419, 0.5353, 0.5435, 0.5429, 0.5412, 0.5427, 0.5369, 0.5398, 0.5382, 0.5434, 0.5391, 0.5416, 0.5463, 0.5393, 0.5397, 0.5403, 0.5405, 0.5355, 0.536, 0.5348, 0.5356, 0.5364, 0.5372, 0.5363, 0.5408, 0.5378, 0.5396, 0.5393, 0.5409, 0.5361, 0.5344, 0.5394, 0.5387, 0.539]
training accuracy when lambda=0.45
[0.46682, 0.57116, 0.59998, 0.61676, 0.63046, 0.63956, 0.6468, 0.65382, 0.66094, 0.66434, 0.67278, 0.67648, 0.68306, 0.68798, 0.69332, 0.69558, 0.69958, 0.70422, 0.70612, 0.7096, 0.71028, 0.7132, 0.7177, 0.72106, 0.72214, 0.723, 0.7222, 0.72344, 0.72324, 0.72502, 0.7279, 0.72444, 0.7236, 0.72696, 0.72748, 0.72462, 0.7242, 0.7246, 0.72552, 0.72682, 0.72714, 0.72418, 0.72518, 0.72744, 0.72516, 0.7242, 0.72358, 0.72476, 0.72596, 0.72228, 0.72248, 0.72568, 0.72464, 0.72378, 0.72604, 0.7236, 0.72388, 0.7237, 0.72176, 0.72522, 0.72382, 0.72394, 0.72376, 0.7251, 0.72214, 0.72616, 0.72302, 0.72338, 0.7241, 0.72546, 0.72422, 0.7247, 0.72234, 0.72434, 0.72352, 0.72434, 0.72612, 0.7202, 0.72504, 0.72416, 0.72474, 0.72384, 0.72686, 0.72486, 0.72172, 0.7211, 0.72486, 0.72644, 0.72334, 0.72266, 0.72668, 0.72324, 0.72264, 0.72274, 0.72442, 0.72694, 0.7243, 0.72548, 0.72322, 0.72518]
test accuracy when lambda=0.45
[0.4822, 0.5268, 0.5477, 0.552, 0.5624, 0.5715, 0.5597, 0.5702, 0.569, 0.5677, 0.5757, 0.5729, 0.5761, 0.5712, 0.5711, 0.5665, 0.5701, 0.5744, 0.57, 0.5724, 0.5675, 0.5709, 0.5685, 0.5651, 0.5643, 0.5682, 0.5565, 0.5665, 0.5623, 0.5565, 0.5597, 0.557, 0.5565, 0.5546, 0.5532, 0.5533, 0.5505, 0.5515, 0.5486, 0.5493, 0.5448, 0.5467, 0.5506, 0.5428, 0.5433, 0.5493, 0.5506, 0.546, 0.5399, 0.5446, 0.5405, 0.5446, 0.5439, 0.5436, 0.5386, 0.5377, 0.5378, 0.5361, 0.5381, 0.5381, 0.5407, 0.5403, 0.5397, 0.5423, 0.5383, 0.5343, 0.5376, 0.5387, 0.5425, 0.5374, 0.5349, 0.5388, 0.5391, 0.5388, 0.5347, 0.5341, 0.5364, 0.5388, 0.5372, 0.535, 0.5393, 0.5341, 0.5387, 0.5317, 0.5353, 0.5371, 0.5344, 0.5408, 0.531, 0.5321, 0.5349, 0.5378, 0.5366, 0.5348, 0.5299, 0.5337, 0.5362, 0.5334, 0.5348, 0.5322]
training accuracy when lambda=0.5
[0.25632, 0.30704, 0.32432, 0.33356, 0.34232, 0.34752, 0.354, 0.35916, 0.36462, 0.36928, 0.37504, 0.3796, 0.3828, 0.38898, 0.395, 0.39916, 0.40416, 0.41296, 0.4179, 0.42078, 0.42688, 0.43264, 0.43878, 0.44432, 0.45152, 0.45516, 0.4628, 0.46572, 0.47304, 0.47746, 0.48118, 0.48698, 0.49032, 0.49522, 0.50136, 0.50484, 0.50666, 0.5127, 0.51622, 0.51748, 0.52262, 0.52756, 0.52892, 0.53468, 0.536, 0.54022, 0.54148, 0.54336, 0.54782, 0.54868, 0.55242, 0.55334, 0.55438, 0.55638, 0.56218, 0.56242, 0.56344, 0.56642, 0.56944, 0.5671, 0.5693, 0.5717, 0.57432, 0.5759, 0.57862, 0.57738, 0.5776, 0.57996, 0.5804, 0.58676, 0.58488, 0.58554, 0.59002, 0.58964, 0.5899, 0.59372, 0.58994, 0.59332, 0.59274, 0.5969, 0.59694, 0.59602, 0.59928, 0.59894, 0.60006, 0.60376, 0.60226, 0.59956, 0.60152, 0.60376, 0.60614, 0.60658, 0.60674, 0.6056, 0.60852, 0.60842, 0.60942, 0.61094, 0.61196, 0.60774]
test accuracy when lambda=0.5
[0.4996, 0.5357, 0.5548, 0.5594, 0.5738, 0.568, 0.5799, 0.5753, 0.5851, 0.5831, 0.5833, 0.5799, 0.5824, 0.581, 0.5683, 0.5801, 0.5828, 0.5783, 0.5787, 0.5745, 0.5732, 0.5638, 0.573, 0.5752, 0.5714, 0.5692, 0.5699, 0.5707, 0.5633, 0.5635, 0.559, 0.564, 0.5636, 0.5652, 0.5583, 0.5599, 0.5559, 0.5586, 0.5597, 0.5553, 0.5578, 0.5521, 0.5537, 0.5478, 0.5502, 0.5482, 0.5536, 0.5547, 0.5486, 0.5506, 0.5522, 0.5492, 0.5499, 0.5527, 0.5465, 0.5458, 0.5457, 0.5494, 0.5489, 0.5485, 0.5513, 0.5473, 0.5471, 0.5507, 0.543, 0.5448, 0.5493, 0.547, 0.5439, 0.5462, 0.5444, 0.5449, 0.5437, 0.5383, 0.5455, 0.5459, 0.5457, 0.5419, 0.5441, 0.5426, 0.5396, 0.543, 0.5475, 0.5352, 0.5454, 0.5435, 0.5375, 0.54, 0.5435, 0.5373, 0.5392, 0.5428, 0.5442, 0.5462, 0.5408, 0.5395, 0.5402, 0.544, 0.5383, 0.5417]
training accuracy when lambda=0.55
[0.2468, 0.29618, 0.31506, 0.32516, 0.33456, 0.34094, 0.34714, 0.3559, 0.36064, 0.36606, 0.36934, 0.37828, 0.38382, 0.38806, 0.39442, 0.40166, 0.40682, 0.41308, 0.42106, 0.42608, 0.43548, 0.4409, 0.45082, 0.45698, 0.4628, 0.4685, 0.47748, 0.48572, 0.49232, 0.49804, 0.50514, 0.50938, 0.51772, 0.52204, 0.52712, 0.5338, 0.53938, 0.54376, 0.54928, 0.55066, 0.55436, 0.55982, 0.5674, 0.5699, 0.57358, 0.57486, 0.57758, 0.58358, 0.5822, 0.59012, 0.5909, 0.5967, 0.5984, 0.59768, 0.60536, 0.6012, 0.60752, 0.6089, 0.61338, 0.61192, 0.6132, 0.61706, 0.6179, 0.61646, 0.62472, 0.6229, 0.62838, 0.62704, 0.62858, 0.6296, 0.63188, 0.63032, 0.63482, 0.6365, 0.63298, 0.63702, 0.64156, 0.64132, 0.6427, 0.64358, 0.64274, 0.6459, 0.64922, 0.6453, 0.64602, 0.64962, 0.64998, 0.6489, 0.6545, 0.65092, 0.6521, 0.65498, 0.65314, 0.65452, 0.66054, 0.65926, 0.65964, 0.66012, 0.66136, 0.66002]
test accuracy when lambda=0.55
[0.4877, 0.5311, 0.5571, 0.5618, 0.5698, 0.5776, 0.5819, 0.5802, 0.5828, 0.5837, 0.589, 0.5863, 0.5927, 0.5872, 0.5826, 0.592, 0.5845, 0.5753, 0.5823, 0.5803, 0.5792, 0.5784, 0.5685, 0.5721, 0.5767, 0.573, 0.5661, 0.5707, 0.5646, 0.5659, 0.565, 0.5603, 0.5676, 0.5627, 0.5585, 0.5556, 0.5581, 0.556, 0.5533, 0.5527, 0.5551, 0.5516, 0.5554, 0.5526, 0.5522, 0.5506, 0.5481, 0.5495, 0.5517, 0.5447, 0.548, 0.5516, 0.5466, 0.5466, 0.5471, 0.5468, 0.5477, 0.5441, 0.5429, 0.551, 0.5447, 0.5409, 0.5432, 0.5459, 0.5453, 0.5445, 0.5471, 0.5435, 0.5467, 0.5447, 0.5382, 0.5412, 0.5403, 0.5435, 0.536, 0.5454, 0.5406, 0.5384, 0.5379, 0.5422, 0.5414, 0.54, 0.5369, 0.5377, 0.5421, 0.5387, 0.542, 0.5387, 0.5443, 0.5345, 0.5373, 0.5406, 0.5352, 0.533, 0.5419, 0.5348, 0.5391, 0.5329, 0.5365, 0.5381]
training accuracy when lambda=0.6
[0.24276, 0.29776, 0.31444, 0.32918, 0.33866, 0.34816, 0.35496, 0.36026, 0.36874, 0.37378, 0.37966, 0.38716, 0.39198, 0.4008, 0.40684, 0.4124, 0.42314, 0.43048, 0.4373, 0.44484, 0.45112, 0.46622, 0.47124, 0.48136, 0.49072, 0.50028, 0.50836, 0.51486, 0.52354, 0.53124, 0.53702, 0.54584, 0.55612, 0.56006, 0.5642, 0.5717, 0.57712, 0.58478, 0.59338, 0.5945, 0.6002, 0.6034, 0.6087, 0.6119, 0.61912, 0.62226, 0.62392, 0.62872, 0.63308, 0.6357, 0.63726, 0.64212, 0.64744, 0.64678, 0.65206, 0.65584, 0.65406, 0.65674, 0.66036, 0.66308, 0.66234, 0.66746, 0.66558, 0.66942, 0.66856, 0.67346, 0.67638, 0.67972, 0.67818, 0.67912, 0.683, 0.68336, 0.68676, 0.68198, 0.68796, 0.6891, 0.6922, 0.69328, 0.69098, 0.69554, 0.69616, 0.69896, 0.70004, 0.69718, 0.699, 0.70024, 0.70282, 0.7031, 0.70618, 0.70562, 0.70836, 0.7044, 0.7098, 0.7088, 0.71266, 0.71258, 0.71112, 0.71598, 0.71178, 0.715]
test accuracy when lambda=0.6
[0.4777, 0.533, 0.5521, 0.5725, 0.5827, 0.5904, 0.5896, 0.5985, 0.5932, 0.5916, 0.5991, 0.5898, 0.5957, 0.6015, 0.5962, 0.5939, 0.5844, 0.5958, 0.5887, 0.5843, 0.5919, 0.5815, 0.58, 0.5789, 0.58, 0.5792, 0.5745, 0.5711, 0.5753, 0.5673, 0.5697, 0.5662, 0.5666, 0.5692, 0.5672, 0.5663, 0.5588, 0.5662, 0.562, 0.56, 0.5617, 0.5607, 0.5629, 0.5539, 0.56, 0.554, 0.5587, 0.552, 0.5518, 0.5504, 0.5558, 0.5594, 0.5523, 0.5564, 0.5535, 0.5588, 0.5515, 0.5557, 0.5505, 0.5525, 0.5551, 0.555, 0.5548, 0.5546, 0.5524, 0.5506, 0.5479, 0.5517, 0.5518, 0.5514, 0.5477, 0.5531, 0.5513, 0.5478, 0.5495, 0.5499, 0.5477, 0.5482, 0.5489, 0.5491, 0.5506, 0.545, 0.5504, 0.552, 0.5495, 0.5495, 0.5477, 0.5463, 0.5516, 0.5518, 0.5463, 0.5408, 0.5456, 0.5455, 0.5486, 0.5488, 0.5457, 0.546, 0.5479, 0.5461]
training accuracy when lambda=0.65
[0.24372, 0.2987, 0.3193, 0.3307, 0.34374, 0.35114, 0.35816, 0.3675, 0.37438, 0.38306, 0.38676, 0.39568, 0.40264, 0.40956, 0.41994, 0.4293, 0.4374, 0.44908, 0.45848, 0.46652, 0.48374, 0.49452, 0.50222, 0.51418, 0.5255, 0.53568, 0.54568, 0.55614, 0.56742, 0.57336, 0.5822, 0.59114, 0.59914, 0.60556, 0.6135, 0.62084, 0.62848, 0.63422, 0.63634, 0.64202, 0.64546, 0.65276, 0.6598, 0.6633, 0.66898, 0.67328, 0.67338, 0.67804, 0.68108, 0.68512, 0.68652, 0.69188, 0.69406, 0.69804, 0.70018, 0.70402, 0.70274, 0.70572, 0.7129, 0.71406, 0.71262, 0.71484, 0.72164, 0.7184, 0.72262, 0.72292, 0.7264, 0.72702, 0.73144, 0.72878, 0.73282, 0.73338, 0.73592, 0.73678, 0.73998, 0.73638, 0.73914, 0.74082, 0.74384, 0.7442, 0.74356, 0.74778, 0.74682, 0.74892, 0.74856, 0.75178, 0.74906, 0.7518, 0.75392, 0.75136, 0.7555, 0.75528, 0.75446, 0.7589, 0.75952, 0.76066, 0.75704, 0.7607, 0.76304, 0.76218]
test accuracy when lambda=0.65
[0.5129, 0.5526, 0.5642, 0.5889, 0.5895, 0.5951, 0.6028, 0.6065, 0.6028, 0.6057, 0.5999, 0.6043, 0.5967, 0.6013, 0.5994, 0.5979, 0.5908, 0.5881, 0.5879, 0.5768, 0.5799, 0.5743, 0.5635, 0.573, 0.5693, 0.5617, 0.5668, 0.5658, 0.5628, 0.5525, 0.5516, 0.5523, 0.5567, 0.5503, 0.5512, 0.5481, 0.5473, 0.552, 0.5499, 0.5496, 0.5423, 0.5448, 0.5504, 0.5401, 0.5464, 0.5411, 0.5405, 0.544, 0.539, 0.5412, 0.5408, 0.5404, 0.5426, 0.5432, 0.5379, 0.5403, 0.544, 0.544, 0.5393, 0.54, 0.5473, 0.5442, 0.5358, 0.5428, 0.5341, 0.5408, 0.5401, 0.543, 0.5425, 0.5374, 0.5389, 0.5427, 0.5457, 0.5341, 0.5412, 0.5391, 0.5422, 0.5409, 0.5406, 0.5377, 0.5377, 0.5384, 0.5384, 0.5402, 0.5366, 0.5353, 0.5344, 0.5414, 0.533, 0.5372, 0.5391, 0.5395, 0.5351, 0.5397, 0.5379, 0.5404, 0.541, 0.5406, 0.5338, 0.5372]
training accuracy when lambda=0.7
[0.2418, 0.29834, 0.32058, 0.33224, 0.34656, 0.35474, 0.36574, 0.37292, 0.38106, 0.38662, 0.3944, 0.40428, 0.41206, 0.4225, 0.43148, 0.44224, 0.44924, 0.46354, 0.47482, 0.4882, 0.49794, 0.51234, 0.52468, 0.53492, 0.54932, 0.55912, 0.56722, 0.58256, 0.59316, 0.60296, 0.6098, 0.61886, 0.62764, 0.63236, 0.6446, 0.65274, 0.65728, 0.6664, 0.67082, 0.67516, 0.68278, 0.6888, 0.68962, 0.69724, 0.70062, 0.7053, 0.70948, 0.7115, 0.71976, 0.72438, 0.72306, 0.72968, 0.73398, 0.73454, 0.73464, 0.74176, 0.7401, 0.74574, 0.7482, 0.75092, 0.75022, 0.75504, 0.75654, 0.75652, 0.7579, 0.76184, 0.76564, 0.76692, 0.76718, 0.76838, 0.7701, 0.77264, 0.77366, 0.77526, 0.77792, 0.78154, 0.78064, 0.78414, 0.78268, 0.7823, 0.78348, 0.78792, 0.78874, 0.7918, 0.78778, 0.7906, 0.79026, 0.79418, 0.7946, 0.79492, 0.7958, 0.7968, 0.79744, 0.7983, 0.79778, 0.8016, 0.80446, 0.80156, 0.79994, 0.8025]
test accuracy when lambda=0.7
[0.4948, 0.5591, 0.5706, 0.5822, 0.6002, 0.5991, 0.6028, 0.6076, 0.6145, 0.6205, 0.6112, 0.6075, 0.6101, 0.6006, 0.6013, 0.5999, 0.6001, 0.5955, 0.5829, 0.5845, 0.5822, 0.5791, 0.5806, 0.5741, 0.569, 0.5674, 0.5629, 0.5587, 0.5583, 0.5634, 0.5597, 0.5603, 0.5562, 0.5539, 0.5493, 0.551, 0.5477, 0.5452, 0.5518, 0.5521, 0.5467, 0.5446, 0.5547, 0.552, 0.5431, 0.5438, 0.5441, 0.548, 0.5424, 0.5438, 0.5388, 0.5457, 0.5423, 0.5469, 0.5466, 0.543, 0.5416, 0.5438, 0.5439, 0.5436, 0.5434, 0.5472, 0.5436, 0.54, 0.5425, 0.5442, 0.5453, 0.5426, 0.549, 0.5436, 0.5474, 0.5432, 0.5454, 0.5405, 0.5389, 0.544, 0.5432, 0.5428, 0.5431, 0.5488, 0.5423, 0.5424, 0.5428, 0.5422, 0.5436, 0.5436, 0.5416, 0.5437, 0.5428, 0.5463, 0.5443, 0.5435, 0.5486, 0.5469, 0.5443, 0.5503, 0.5471, 0.5384, 0.5419, 0.5452]
training accuracy when lambda=0.75
[0.24194, 0.29964, 0.32432, 0.33782, 0.35132, 0.35984, 0.368, 0.3767, 0.3854, 0.39402, 0.40432, 0.41106, 0.42052, 0.43044, 0.43978, 0.45114, 0.46214, 0.47342, 0.4916, 0.50124, 0.51524, 0.531, 0.54322, 0.55806, 0.5703, 0.5865, 0.59544, 0.60822, 0.61942, 0.63204, 0.63928, 0.65206, 0.66088, 0.66528, 0.67722, 0.68428, 0.69114, 0.69968, 0.70668, 0.71048, 0.71378, 0.72332, 0.72666, 0.7331, 0.73376, 0.74258, 0.74642, 0.74946, 0.75362, 0.75656, 0.7629, 0.76376, 0.76592, 0.76868, 0.77182, 0.77554, 0.77688, 0.78068, 0.77976, 0.78774, 0.78748, 0.78972, 0.79248, 0.7948, 0.79806, 0.79742, 0.79784, 0.80308, 0.80184, 0.80782, 0.80344, 0.80738, 0.81116, 0.81162, 0.8137, 0.81162, 0.81698, 0.81592, 0.81832, 0.81922, 0.82064, 0.8237, 0.82462, 0.8222, 0.82472, 0.82366, 0.827, 0.82638, 0.83084, 0.83174, 0.8293, 0.82792, 0.83528, 0.83216, 0.83486, 0.83946, 0.83292, 0.83618, 0.83724, 0.83684]
test accuracy when lambda=0.75
[0.4968, 0.5404, 0.5856, 0.5878, 0.6046, 0.6032, 0.6138, 0.6203, 0.6215, 0.6266, 0.6262, 0.6148, 0.603, 0.6077, 0.609, 0.6081, 0.6005, 0.6016, 0.5954, 0.5877, 0.5808, 0.5774, 0.5751, 0.5802, 0.5722, 0.5715, 0.5593, 0.5669, 0.5587, 0.562, 0.5568, 0.5514, 0.5551, 0.5554, 0.5507, 0.5495, 0.5497, 0.547, 0.5486, 0.5444, 0.5441, 0.5398, 0.5524, 0.5498, 0.5497, 0.5487, 0.5454, 0.5446, 0.538, 0.5443, 0.5395, 0.5442, 0.5428, 0.5433, 0.5405, 0.5411, 0.5394, 0.5402, 0.5396, 0.5398, 0.5322, 0.541, 0.5383, 0.5386, 0.5345, 0.5397, 0.5357, 0.5391, 0.5336, 0.5388, 0.5372, 0.5342, 0.5376, 0.5418, 0.5354, 0.5409, 0.5417, 0.5389, 0.5365, 0.5348, 0.5319, 0.5363, 0.5372, 0.5335, 0.5355, 0.5403, 0.5402, 0.5331, 0.5373, 0.5411, 0.5449, 0.5407, 0.5389, 0.5358, 0.5331, 0.5341, 0.5363, 0.531, 0.5354, 0.5394]
training accuracy when lambda=0.8
[0.23558, 0.29476, 0.321, 0.33814, 0.3502, 0.36108, 0.37178, 0.3812, 0.39178, 0.40102, 0.40958, 0.41938, 0.43008, 0.44178, 0.45386, 0.46562, 0.47938, 0.49364, 0.50836, 0.52078, 0.53716, 0.5536, 0.5689, 0.58146, 0.59252, 0.61086, 0.62474, 0.63832, 0.64998, 0.65824, 0.67064, 0.6792, 0.69062, 0.69696, 0.70906, 0.71588, 0.72176, 0.72926, 0.73888, 0.74038, 0.74864, 0.75538, 0.76316, 0.76726, 0.7717, 0.77272, 0.78058, 0.78322, 0.78704, 0.79288, 0.79532, 0.79646, 0.80052, 0.80586, 0.8088, 0.8124, 0.8116, 0.81364, 0.81188, 0.82158, 0.82152, 0.82372, 0.82564, 0.82684, 0.83158, 0.83186, 0.8343, 0.83378, 0.83578, 0.83992, 0.8385, 0.84008, 0.8404, 0.84704, 0.84444, 0.84348, 0.84706, 0.8519, 0.85202, 0.85224, 0.8525, 0.8538, 0.85428, 0.8556, 0.85962, 0.85774, 0.85892, 0.85942, 0.86226, 0.86244, 0.86188, 0.86252, 0.8657, 0.86392, 0.8668, 0.86656, 0.8713, 0.8686, 0.87226, 0.86984]
test accuracy when lambda=0.8
[0.4744, 0.5467, 0.5619, 0.5896, 0.6163, 0.618, 0.6186, 0.616, 0.6258, 0.6279, 0.6182, 0.6202, 0.6122, 0.5991, 0.5994, 0.5961, 0.5929, 0.5891, 0.5865, 0.5842, 0.5756, 0.5782, 0.5676, 0.5646, 0.5659, 0.5653, 0.5511, 0.5513, 0.5545, 0.5443, 0.5399, 0.5455, 0.5438, 0.5387, 0.5398, 0.5317, 0.5287, 0.5394, 0.535, 0.5361, 0.5338, 0.5374, 0.5334, 0.5395, 0.5297, 0.5384, 0.5321, 0.5298, 0.5335, 0.5332, 0.5341, 0.5323, 0.5261, 0.5321, 0.536, 0.5313, 0.5312, 0.5289, 0.5296, 0.5304, 0.5283, 0.5305, 0.5301, 0.5276, 0.53, 0.5302, 0.5302, 0.5284, 0.5301, 0.5259, 0.5218, 0.5269, 0.5305, 0.5231, 0.5259, 0.5292, 0.5287, 0.5341, 0.5279, 0.5257, 0.5294, 0.5291, 0.5304, 0.5247, 0.5313, 0.527, 0.5217, 0.5322, 0.5216, 0.5322, 0.5285, 0.5341, 0.5313, 0.5327, 0.5327, 0.5276, 0.528, 0.5273, 0.5293, 0.5331]
training accuracy when lambda=0.85
[0.23276, 0.2952, 0.32158, 0.3406, 0.35558, 0.36702, 0.37878, 0.38842, 0.39672, 0.40782, 0.41646, 0.4271, 0.43978, 0.45156, 0.46248, 0.47416, 0.49452, 0.5073, 0.52478, 0.53834, 0.55582, 0.56792, 0.58504, 0.6012, 0.61422, 0.63062, 0.647, 0.65768, 0.67304, 0.68276, 0.6922, 0.70382, 0.71036, 0.72324, 0.73176, 0.73818, 0.74508, 0.75824, 0.76404, 0.76626, 0.77502, 0.77566, 0.78116, 0.7903, 0.79606, 0.79816, 0.8041, 0.80614, 0.81104, 0.8157, 0.81968, 0.82324, 0.82418, 0.82852, 0.83122, 0.83642, 0.83794, 0.83924, 0.84132, 0.84274, 0.84452, 0.85062, 0.85074, 0.84978, 0.85448, 0.85494, 0.85746, 0.85782, 0.86164, 0.8648, 0.86624, 0.86626, 0.86676, 0.86884, 0.87014, 0.86972, 0.87164, 0.87378, 0.87436, 0.87566, 0.87816, 0.8783, 0.87716, 0.88078, 0.87972, 0.88236, 0.88366, 0.88136, 0.88174, 0.88596, 0.88804, 0.88812, 0.88724, 0.88764, 0.89064, 0.88808, 0.88986, 0.89264, 0.89364, 0.89504]
test accuracy when lambda=0.85
[0.4889, 0.5453, 0.5792, 0.5925, 0.6009, 0.6162, 0.6244, 0.6167, 0.6314, 0.6258, 0.6303, 0.6128, 0.6138, 0.6102, 0.6033, 0.5996, 0.5914, 0.5838, 0.5726, 0.562, 0.5804, 0.556, 0.5544, 0.5559, 0.5463, 0.5448, 0.546, 0.5371, 0.5439, 0.5364, 0.5364, 0.5343, 0.5315, 0.5306, 0.5309, 0.5365, 0.5239, 0.5282, 0.5285, 0.5256, 0.5241, 0.5219, 0.5273, 0.5227, 0.525, 0.5314, 0.5267, 0.5228, 0.5313, 0.5186, 0.515, 0.5189, 0.5248, 0.5213, 0.522, 0.5285, 0.5268, 0.5228, 0.5235, 0.5173, 0.5225, 0.5228, 0.5227, 0.515, 0.5269, 0.5238, 0.5262, 0.5253, 0.5186, 0.525, 0.524, 0.5221, 0.526, 0.523, 0.5163, 0.5251, 0.5228, 0.5208, 0.5124, 0.5222, 0.522, 0.5217, 0.5182, 0.5171, 0.5176, 0.5178, 0.5218, 0.5182, 0.5225, 0.5212, 0.5269, 0.5185, 0.5195, 0.5265, 0.5269, 0.5242, 0.5221, 0.5214, 0.526, 0.526]
training accuracy when lambda=0.9
[0.22792, 0.28832, 0.31876, 0.3358, 0.35068, 0.36404, 0.37608, 0.3866, 0.39908, 0.40898, 0.41776, 0.43244, 0.44314, 0.45518, 0.47172, 0.48688, 0.50328, 0.52008, 0.53688, 0.55366, 0.57402, 0.58952, 0.602, 0.62276, 0.63622, 0.64998, 0.66256, 0.6806, 0.69326, 0.70418, 0.71662, 0.72224, 0.73444, 0.74358, 0.75276, 0.76142, 0.76666, 0.77098, 0.78076, 0.79096, 0.79016, 0.79994, 0.80486, 0.80918, 0.81486, 0.81712, 0.82302, 0.82606, 0.83156, 0.8329, 0.8352, 0.83728, 0.84536, 0.8471, 0.84836, 0.8517, 0.85384, 0.85652, 0.8597, 0.86082, 0.8639, 0.86558, 0.86728, 0.86862, 0.87126, 0.87386, 0.87398, 0.87708, 0.8795, 0.87938, 0.88058, 0.88454, 0.88408, 0.88604, 0.88708, 0.88804, 0.88714, 0.88976, 0.89018, 0.89406, 0.89388, 0.8953, 0.89518, 0.89648, 0.89598, 0.89788, 0.90178, 0.8975, 0.90126, 0.90076, 0.90346, 0.9034, 0.90584, 0.90484, 0.90586, 0.90586, 0.90768, 0.90566, 0.90884, 0.90996]
test accuracy when lambda=0.9
[0.4796, 0.522, 0.5748, 0.5907, 0.6032, 0.6103, 0.6233, 0.6034, 0.6186, 0.6126, 0.611, 0.6046, 0.6061, 0.6013, 0.5889, 0.5766, 0.5698, 0.5718, 0.5589, 0.5558, 0.5459, 0.5458, 0.533, 0.5318, 0.5346, 0.5246, 0.5235, 0.527, 0.5179, 0.5136, 0.5217, 0.5142, 0.5111, 0.511, 0.5184, 0.514, 0.5089, 0.5125, 0.5066, 0.5083, 0.5061, 0.5097, 0.5063, 0.5079, 0.5075, 0.5097, 0.498, 0.5052, 0.5074, 0.5058, 0.5025, 0.4992, 0.505, 0.5098, 0.5011, 0.5152, 0.5049, 0.5022, 0.5036, 0.505, 0.5057, 0.5033, 0.5018, 0.5063, 0.5113, 0.5044, 0.5056, 0.5097, 0.501, 0.4992, 0.5031, 0.5072, 0.5049, 0.511, 0.5082, 0.5081, 0.507, 0.508, 0.5081, 0.5063, 0.5086, 0.5131, 0.5058, 0.5115, 0.5051, 0.5051, 0.5092, 0.5089, 0.5003, 0.5076, 0.508, 0.5132, 0.5096, 0.5105, 0.5094, 0.512, 0.5082, 0.5079, 0.5126, 0.5093]
training accuracy when lambda=0.95
[0.22624, 0.28718, 0.31464, 0.33452, 0.35074, 0.36286, 0.37814, 0.38656, 0.39886, 0.41088, 0.42352, 0.43486, 0.4486, 0.45958, 0.4775, 0.4917, 0.50796, 0.52872, 0.54334, 0.56216, 0.5774, 0.59608, 0.61298, 0.62818, 0.64732, 0.65852, 0.67644, 0.68702, 0.69954, 0.71266, 0.71972, 0.73222, 0.74034, 0.75374, 0.76246, 0.76842, 0.7791, 0.7831, 0.79388, 0.79704, 0.80376, 0.8078, 0.81792, 0.82198, 0.82614, 0.8305, 0.83308, 0.8349, 0.84292, 0.8443, 0.84732, 0.85246, 0.8545, 0.85856, 0.86026, 0.86282, 0.8687, 0.86922, 0.86788, 0.87162, 0.87416, 0.87504, 0.87936, 0.88068, 0.88278, 0.88492, 0.8866, 0.88598, 0.8901, 0.88744, 0.89318, 0.89644, 0.8972, 0.8955, 0.89776, 0.89882, 0.90078, 0.90022, 0.90196, 0.90516, 0.9057, 0.90762, 0.90798, 0.90662, 0.90614, 0.91264, 0.90956, 0.91288, 0.9146, 0.91554, 0.91436, 0.91552, 0.91734, 0.91656, 0.91668, 0.9171, 0.92008, 0.91888, 0.92106, 0.91894]
test accuracy when lambda=0.95
[0.4808, 0.5268, 0.5743, 0.5852, 0.6016, 0.6146, 0.6042, 0.6129, 0.6195, 0.6093, 0.6028, 0.5853, 0.5832, 0.5849, 0.5761, 0.5611, 0.5559, 0.5369, 0.5403, 0.534, 0.5276, 0.5164, 0.5157, 0.506, 0.5122, 0.5002, 0.5014, 0.485, 0.4916, 0.487, 0.4854, 0.4852, 0.475, 0.4845, 0.4839, 0.4782, 0.4801, 0.4771, 0.4793, 0.4789, 0.4762, 0.4721, 0.4717, 0.4669, 0.4747, 0.4731, 0.4726, 0.4818, 0.4734, 0.469, 0.4683, 0.4746, 0.4749, 0.4731, 0.4685, 0.4717, 0.4702, 0.4688, 0.468, 0.475, 0.4708, 0.4773, 0.4716, 0.4742, 0.4784, 0.4725, 0.472, 0.4749, 0.4781, 0.4802, 0.4812, 0.4776, 0.4735, 0.4759, 0.4799, 0.4767, 0.4695, 0.4722, 0.4726, 0.4752, 0.4787, 0.4845, 0.4781, 0.4711, 0.4727, 0.4745, 0.4747, 0.4746, 0.4753, 0.4743, 0.4816, 0.4726, 0.4751, 0.4709, 0.4746, 0.4745, 0.4773, 0.4762, 0.4747, 0.4745]
