training accuracy when lambda=0.2
[0.5188, 0.6511, 0.68724, 0.71002, 0.72552, 0.73952, 0.75098, 0.76028, 0.77068, 0.78172, 0.78854, 0.79496, 0.80226, 0.81048, 0.81932, 0.8231, 0.82834, 0.83244, 0.83656, 0.84118, 0.84656, 0.851, 0.85642, 0.8602, 0.86452, 0.86706, 0.86898, 0.87098, 0.87512, 0.8759, 0.88072, 0.88026, 0.88152, 0.88362, 0.88624, 0.8861, 0.88634, 0.88998, 0.89008, 0.89316, 0.8918, 0.8931, 0.89468, 0.89444, 0.8962, 0.89504, 0.8956, 0.89602, 0.89522, 0.89736, 0.89592, 0.89764, 0.89832, 0.89846, 0.89604, 0.8975, 0.89986, 0.89616, 0.89978, 0.89954, 0.8993, 0.89958, 0.9011, 0.89872, 0.8975, 0.89824, 0.8996, 0.90012, 0.90256, 0.89952, 0.9019, 0.8995, 0.90172, 0.90012, 0.89958, 0.90234, 0.90012, 0.90042, 0.90266, 0.9002, 0.89938, 0.9006, 0.90082, 0.90176, 0.9016, 0.90086, 0.89964, 0.9004, 0.90144, 0.902, 0.90044, 0.9006, 0.90306, 0.90272, 0.89912, 0.90188, 0.89902, 0.90028, 0.90272, 0.9005]
test accuracy when lambda=0.2
[0.4977, 0.5078, 0.5226, 0.5266, 0.5252, 0.533, 0.5336, 0.5399, 0.5339, 0.524, 0.5336, 0.5271, 0.5359, 0.5379, 0.5334, 0.5346, 0.5391, 0.5313, 0.5306, 0.5323, 0.5364, 0.5348, 0.5367, 0.5329, 0.5367, 0.5303, 0.5363, 0.5363, 0.5364, 0.5362, 0.5307, 0.5359, 0.5337, 0.5361, 0.5336, 0.5351, 0.5327, 0.5308, 0.5352, 0.539, 0.5302, 0.5346, 0.5318, 0.5246, 0.5328, 0.5304, 0.5334, 0.5352, 0.5342, 0.5308, 0.5373, 0.5337, 0.5278, 0.5345, 0.5261, 0.5341, 0.5281, 0.5299, 0.5302, 0.5342, 0.5266, 0.5327, 0.5316, 0.5332, 0.5348, 0.5319, 0.5295, 0.5339, 0.5302, 0.5281, 0.5277, 0.5265, 0.5313, 0.5318, 0.5308, 0.5258, 0.5313, 0.5304, 0.5321, 0.5303, 0.5321, 0.5299, 0.5274, 0.5315, 0.5309, 0.5332, 0.5307, 0.5308, 0.5313, 0.5311, 0.5312, 0.5315, 0.5256, 0.5335, 0.5311, 0.5254, 0.5333, 0.5303, 0.53, 0.5308]
training accuracy when lambda=0.25
[0.51854, 0.64812, 0.68642, 0.70472, 0.72046, 0.7341, 0.74588, 0.75742, 0.76782, 0.77496, 0.78246, 0.78936, 0.79756, 0.80158, 0.81046, 0.8161, 0.81978, 0.82682, 0.83236, 0.83492, 0.84044, 0.84488, 0.84868, 0.85158, 0.85412, 0.8584, 0.85988, 0.8608, 0.8634, 0.86722, 0.86938, 0.86968, 0.87082, 0.87064, 0.87368, 0.87122, 0.87434, 0.87342, 0.87522, 0.87592, 0.87736, 0.87806, 0.8803, 0.87678, 0.87888, 0.87998, 0.87856, 0.88024, 0.87726, 0.87876, 0.87922, 0.87858, 0.87788, 0.87984, 0.87966, 0.88102, 0.88, 0.87914, 0.87892, 0.87804, 0.8787, 0.87944, 0.87886, 0.87844, 0.87742, 0.87854, 0.8793, 0.87766, 0.87744, 0.87714, 0.87762, 0.8784, 0.87938, 0.88034, 0.87612, 0.88002, 0.8768, 0.87994, 0.87994, 0.87838, 0.8781, 0.87716, 0.8799, 0.87682, 0.87864, 0.881, 0.8782, 0.87716, 0.8784, 0.87886, 0.87834, 0.87534, 0.87844, 0.8805, 0.8777, 0.87924, 0.87738, 0.8786, 0.87984, 0.87726]
test accuracy when lambda=0.25
[0.4846, 0.5205, 0.5342, 0.5365, 0.5341, 0.5289, 0.5362, 0.5325, 0.5364, 0.5452, 0.5391, 0.5364, 0.5386, 0.5395, 0.5396, 0.5455, 0.544, 0.5365, 0.5451, 0.5423, 0.5307, 0.5398, 0.5283, 0.5411, 0.5336, 0.5339, 0.5368, 0.5359, 0.5347, 0.5384, 0.5333, 0.5351, 0.5319, 0.5328, 0.5379, 0.5365, 0.5406, 0.5397, 0.5384, 0.5403, 0.5339, 0.5348, 0.5436, 0.543, 0.5286, 0.5343, 0.5371, 0.537, 0.5375, 0.5338, 0.5368, 0.5346, 0.5385, 0.5369, 0.5361, 0.5398, 0.5361, 0.5349, 0.5372, 0.5344, 0.5369, 0.5314, 0.5353, 0.5291, 0.5343, 0.53, 0.536, 0.5322, 0.5382, 0.5343, 0.5359, 0.5321, 0.5321, 0.5285, 0.5286, 0.5386, 0.5335, 0.5311, 0.5312, 0.5326, 0.536, 0.5359, 0.5363, 0.534, 0.5369, 0.534, 0.5329, 0.5347, 0.5402, 0.5352, 0.5371, 0.5312, 0.5306, 0.536, 0.5324, 0.5335, 0.5332, 0.5351, 0.5354, 0.5349]
training accuracy when lambda=0.3
[0.51396, 0.6406, 0.67902, 0.69774, 0.71744, 0.72852, 0.74116, 0.74628, 0.75434, 0.76238, 0.77244, 0.77904, 0.78554, 0.79006, 0.7962, 0.80186, 0.8071, 0.81342, 0.81646, 0.82176, 0.82672, 0.82846, 0.83184, 0.83668, 0.83604, 0.8407, 0.84108, 0.8417, 0.84348, 0.84612, 0.8483, 0.84798, 0.85206, 0.8514, 0.8511, 0.854, 0.85388, 0.85366, 0.85566, 0.8529, 0.85378, 0.8554, 0.85238, 0.85448, 0.85472, 0.8568, 0.85116, 0.85484, 0.85334, 0.85324, 0.85364, 0.85206, 0.85474, 0.85186, 0.85372, 0.85064, 0.85156, 0.8531, 0.85034, 0.85054, 0.85322, 0.85272, 0.85114, 0.85102, 0.85136, 0.85146, 0.8521, 0.84954, 0.84956, 0.84892, 0.8501, 0.84964, 0.84972, 0.85264, 0.84808, 0.84832, 0.84896, 0.85016, 0.847, 0.84652, 0.8506, 0.84928, 0.8462, 0.84872, 0.84768, 0.8488, 0.84954, 0.84818, 0.84922, 0.84958, 0.84552, 0.849, 0.84812, 0.84988, 0.84804, 0.84736, 0.84682, 0.84642, 0.84666, 0.84338]
test accuracy when lambda=0.3
[0.5024, 0.5283, 0.5408, 0.5419, 0.5499, 0.5422, 0.549, 0.5409, 0.5559, 0.5426, 0.5501, 0.5508, 0.5514, 0.5468, 0.5498, 0.551, 0.5501, 0.5498, 0.5479, 0.5535, 0.5478, 0.5413, 0.5475, 0.5561, 0.5535, 0.5498, 0.5456, 0.5437, 0.5439, 0.5451, 0.545, 0.5479, 0.5513, 0.5452, 0.5425, 0.5429, 0.5409, 0.5433, 0.5446, 0.5456, 0.5448, 0.541, 0.5374, 0.5424, 0.5394, 0.5423, 0.5472, 0.538, 0.5408, 0.5443, 0.5429, 0.542, 0.5392, 0.5407, 0.5392, 0.5365, 0.5433, 0.5413, 0.5364, 0.5416, 0.5414, 0.5361, 0.5402, 0.532, 0.5335, 0.5412, 0.5411, 0.5407, 0.5414, 0.5398, 0.5395, 0.534, 0.537, 0.5382, 0.5393, 0.5357, 0.5368, 0.5328, 0.5397, 0.5366, 0.5388, 0.5363, 0.5418, 0.5353, 0.5356, 0.5383, 0.5364, 0.5369, 0.5407, 0.5383, 0.5371, 0.5334, 0.5342, 0.5355, 0.5347, 0.5357, 0.5364, 0.5386, 0.5375, 0.5369]
training accuracy when lambda=0.35
[0.508, 0.6333, 0.6663, 0.68734, 0.70044, 0.71118, 0.72338, 0.73128, 0.73824, 0.74636, 0.75394, 0.7606, 0.76442, 0.77016, 0.77516, 0.78132, 0.7843, 0.78972, 0.79244, 0.79744, 0.7994, 0.799, 0.80592, 0.80794, 0.81188, 0.8124, 0.81296, 0.81476, 0.81468, 0.81664, 0.81756, 0.81866, 0.81864, 0.8203, 0.81962, 0.8211, 0.81856, 0.82002, 0.8215, 0.8181, 0.8204, 0.81824, 0.82084, 0.81892, 0.81786, 0.81688, 0.81724, 0.818, 0.81638, 0.81636, 0.8158, 0.81682, 0.81404, 0.81574, 0.81472, 0.81234, 0.81498, 0.81566, 0.81152, 0.81404, 0.81586, 0.81348, 0.81196, 0.81328, 0.81164, 0.81176, 0.81318, 0.81246, 0.81398, 0.8113, 0.80984, 0.81158, 0.80986, 0.8095, 0.8106, 0.80896, 0.81042, 0.80884, 0.80958, 0.80768, 0.8069, 0.81048, 0.81022, 0.81002, 0.81042, 0.8089, 0.8124, 0.81036, 0.808, 0.80784, 0.8087, 0.80726, 0.8107, 0.80774, 0.80702, 0.80854, 0.80812, 0.80854, 0.80836, 0.808]
test accuracy when lambda=0.35
[0.5138, 0.5189, 0.5334, 0.5523, 0.5542, 0.5483, 0.5517, 0.5561, 0.5583, 0.5518, 0.5605, 0.5597, 0.5585, 0.556, 0.5587, 0.5599, 0.5569, 0.553, 0.554, 0.5552, 0.5533, 0.56, 0.5498, 0.5576, 0.5466, 0.5533, 0.5498, 0.5522, 0.5478, 0.5508, 0.5489, 0.5447, 0.5426, 0.5455, 0.5446, 0.5443, 0.5448, 0.539, 0.5407, 0.5454, 0.5414, 0.5446, 0.5406, 0.54, 0.5388, 0.5409, 0.5356, 0.5437, 0.5454, 0.5393, 0.5339, 0.5357, 0.5431, 0.5327, 0.5402, 0.538, 0.5363, 0.5434, 0.5384, 0.5348, 0.54, 0.5436, 0.5349, 0.5433, 0.5392, 0.5388, 0.531, 0.5412, 0.5414, 0.5355, 0.5374, 0.531, 0.54, 0.5361, 0.5349, 0.5369, 0.5448, 0.5355, 0.5409, 0.5346, 0.5349, 0.5326, 0.5406, 0.5356, 0.534, 0.5311, 0.5349, 0.5334, 0.5347, 0.5364, 0.5322, 0.5334, 0.5359, 0.5279, 0.5349, 0.5283, 0.5387, 0.5324, 0.5251, 0.526]
training accuracy when lambda=0.4
[0.48724, 0.60936, 0.64248, 0.65998, 0.67542, 0.68622, 0.69408, 0.70404, 0.71198, 0.71678, 0.72478, 0.73158, 0.73686, 0.74056, 0.74486, 0.75014, 0.751, 0.75632, 0.76174, 0.76388, 0.7651, 0.76824, 0.77126, 0.77378, 0.7714, 0.7741, 0.77502, 0.7739, 0.77774, 0.77564, 0.77818, 0.77834, 0.77882, 0.77918, 0.7801, 0.77852, 0.77774, 0.77782, 0.77642, 0.77832, 0.77804, 0.77664, 0.77578, 0.77478, 0.77338, 0.7747, 0.77534, 0.77436, 0.77428, 0.7754, 0.77332, 0.77106, 0.77562, 0.77242, 0.77012, 0.7711, 0.77126, 0.76952, 0.76948, 0.76912, 0.76886, 0.76972, 0.77138, 0.77066, 0.76724, 0.7715, 0.7681, 0.76848, 0.77122, 0.76796, 0.76952, 0.76736, 0.76524, 0.76854, 0.7678, 0.76668, 0.76894, 0.7704, 0.77106, 0.76932, 0.76876, 0.76948, 0.76676, 0.76902, 0.77022, 0.76648, 0.7686, 0.76616, 0.76888, 0.76478, 0.76682, 0.76666, 0.7678, 0.76862, 0.76776, 0.76462, 0.7676, 0.7661, 0.76534, 0.76696]
test accuracy when lambda=0.4
[0.5015, 0.5313, 0.5524, 0.546, 0.555, 0.5587, 0.5664, 0.5666, 0.5624, 0.5619, 0.5682, 0.564, 0.5643, 0.5645, 0.5719, 0.5673, 0.5636, 0.5651, 0.56, 0.5593, 0.5608, 0.5608, 0.5617, 0.5585, 0.5576, 0.5471, 0.5525, 0.5557, 0.5539, 0.5602, 0.5526, 0.5541, 0.5496, 0.5497, 0.5502, 0.5525, 0.5487, 0.5482, 0.5495, 0.5463, 0.551, 0.5481, 0.5435, 0.5504, 0.5473, 0.5404, 0.5453, 0.5464, 0.5456, 0.5468, 0.5484, 0.5399, 0.5483, 0.5443, 0.5434, 0.541, 0.5445, 0.5435, 0.5434, 0.5426, 0.5395, 0.5468, 0.545, 0.539, 0.5421, 0.5437, 0.5386, 0.5387, 0.5404, 0.5415, 0.5421, 0.5374, 0.5406, 0.5401, 0.5424, 0.5411, 0.5399, 0.5392, 0.5368, 0.5355, 0.5392, 0.5392, 0.5385, 0.5366, 0.5361, 0.5383, 0.5359, 0.5335, 0.5347, 0.5307, 0.5369, 0.5388, 0.5384, 0.5363, 0.5334, 0.5372, 0.535, 0.5332, 0.5288, 0.5328]
training accuracy when lambda=0.45
[0.46218, 0.57682, 0.60654, 0.62212, 0.63574, 0.64378, 0.65356, 0.661, 0.66712, 0.6725, 0.68106, 0.68292, 0.68904, 0.69218, 0.69854, 0.7002, 0.70378, 0.70868, 0.71148, 0.71552, 0.71544, 0.72008, 0.72034, 0.72158, 0.725, 0.71922, 0.72398, 0.72378, 0.72692, 0.7257, 0.72738, 0.7257, 0.72778, 0.72648, 0.726, 0.72774, 0.7259, 0.7254, 0.72886, 0.72742, 0.72604, 0.72722, 0.72746, 0.72608, 0.72726, 0.72488, 0.72698, 0.72386, 0.72554, 0.72642, 0.72624, 0.72786, 0.7269, 0.72722, 0.7281, 0.72334, 0.72534, 0.72666, 0.72334, 0.72532, 0.725, 0.72806, 0.7239, 0.72374, 0.72354, 0.72426, 0.7229, 0.72318, 0.724, 0.72542, 0.72212, 0.72132, 0.72392, 0.72022, 0.72486, 0.72362, 0.72466, 0.7258, 0.7248, 0.72354, 0.7218, 0.7234, 0.72522, 0.72532, 0.72398, 0.72432, 0.72468, 0.7233, 0.72434, 0.7206, 0.72532, 0.72162, 0.72522, 0.72362, 0.72422, 0.7249, 0.72332, 0.72536, 0.72336, 0.72442]
test accuracy when lambda=0.45
[0.5034, 0.5487, 0.5527, 0.5634, 0.57, 0.5739, 0.5773, 0.5779, 0.5778, 0.5796, 0.5707, 0.575, 0.5729, 0.5706, 0.5772, 0.5737, 0.5746, 0.5786, 0.5718, 0.568, 0.5598, 0.571, 0.5678, 0.5673, 0.5618, 0.5679, 0.5632, 0.5672, 0.5649, 0.5643, 0.5609, 0.5617, 0.557, 0.5562, 0.5578, 0.5594, 0.5555, 0.5557, 0.5541, 0.5572, 0.5526, 0.5558, 0.5561, 0.5569, 0.5528, 0.5595, 0.5527, 0.5514, 0.5512, 0.5451, 0.5521, 0.5509, 0.5498, 0.5472, 0.5501, 0.5535, 0.5483, 0.5498, 0.5519, 0.5507, 0.5492, 0.5505, 0.5528, 0.5489, 0.5484, 0.5458, 0.5504, 0.5513, 0.5515, 0.5488, 0.5472, 0.5425, 0.5487, 0.5463, 0.5478, 0.5488, 0.545, 0.5475, 0.5443, 0.5437, 0.5457, 0.5442, 0.5454, 0.5444, 0.5443, 0.5417, 0.5405, 0.5473, 0.544, 0.5452, 0.5446, 0.5446, 0.5441, 0.5434, 0.5483, 0.5454, 0.5443, 0.5448, 0.5458, 0.5444]
training accuracy when lambda=0.5
[0.25774, 0.3055, 0.32366, 0.33366, 0.34006, 0.3467, 0.35214, 0.3587, 0.3641, 0.36872, 0.3743, 0.37934, 0.38508, 0.38848, 0.39218, 0.39686, 0.40518, 0.40836, 0.41518, 0.41882, 0.425, 0.4296, 0.43674, 0.44258, 0.44848, 0.45418, 0.45794, 0.46606, 0.4679, 0.4768, 0.4797, 0.48694, 0.49284, 0.49404, 0.49818, 0.50342, 0.50792, 0.51308, 0.5174, 0.5207, 0.52356, 0.5273, 0.53106, 0.53336, 0.54054, 0.53794, 0.54234, 0.54404, 0.54906, 0.5515, 0.5512, 0.55552, 0.55694, 0.55802, 0.56054, 0.56232, 0.56478, 0.56764, 0.5688, 0.5758, 0.57494, 0.57798, 0.57642, 0.58274, 0.57824, 0.58292, 0.58158, 0.58348, 0.58688, 0.58604, 0.58612, 0.58912, 0.59166, 0.58964, 0.59244, 0.59198, 0.59526, 0.59596, 0.59746, 0.59532, 0.59888, 0.59942, 0.59754, 0.604, 0.60248, 0.60116, 0.60546, 0.60472, 0.60626, 0.6062, 0.60544, 0.60848, 0.60884, 0.60796, 0.61012, 0.60758, 0.61164, 0.61058, 0.61288, 0.61322]
test accuracy when lambda=0.5
[0.486, 0.5318, 0.5588, 0.5648, 0.5667, 0.5635, 0.5828, 0.5833, 0.5793, 0.5795, 0.5846, 0.5771, 0.5795, 0.5841, 0.5834, 0.5781, 0.5894, 0.5807, 0.583, 0.58, 0.5738, 0.5743, 0.5756, 0.5733, 0.5699, 0.5673, 0.5799, 0.5645, 0.5658, 0.5675, 0.5657, 0.5618, 0.5633, 0.5626, 0.5582, 0.5629, 0.56, 0.5551, 0.5514, 0.5553, 0.5571, 0.5577, 0.5539, 0.5555, 0.5561, 0.5539, 0.5547, 0.5575, 0.5557, 0.5567, 0.552, 0.5497, 0.5496, 0.5479, 0.5569, 0.5535, 0.5467, 0.5519, 0.5472, 0.5499, 0.5558, 0.5518, 0.5523, 0.5457, 0.5556, 0.5488, 0.5535, 0.5531, 0.5524, 0.5519, 0.5491, 0.5558, 0.5516, 0.5503, 0.5484, 0.5463, 0.5503, 0.5498, 0.5477, 0.5535, 0.5462, 0.5472, 0.5513, 0.5454, 0.55, 0.5474, 0.5452, 0.5485, 0.5471, 0.5531, 0.5485, 0.5478, 0.5486, 0.5487, 0.5478, 0.5437, 0.5498, 0.5465, 0.5479, 0.5453]
training accuracy when lambda=0.55
[0.25386, 0.30296, 0.31996, 0.3311, 0.33914, 0.34702, 0.3543, 0.35842, 0.36414, 0.3711, 0.3752, 0.37954, 0.38538, 0.39302, 0.39844, 0.40422, 0.41092, 0.41748, 0.42208, 0.433, 0.43764, 0.44726, 0.45286, 0.46012, 0.46928, 0.474, 0.48394, 0.49068, 0.49972, 0.50284, 0.51094, 0.51626, 0.5216, 0.52702, 0.53106, 0.53916, 0.5445, 0.5504, 0.55332, 0.55684, 0.56464, 0.56436, 0.56976, 0.57478, 0.57994, 0.58216, 0.5877, 0.58936, 0.59088, 0.5909, 0.59532, 0.59968, 0.60256, 0.6051, 0.60418, 0.60672, 0.61112, 0.60848, 0.61736, 0.6168, 0.62164, 0.62288, 0.62434, 0.6256, 0.6241, 0.6274, 0.63086, 0.63128, 0.63248, 0.63324, 0.63586, 0.63724, 0.6364, 0.63998, 0.63686, 0.6409, 0.64276, 0.6446, 0.64532, 0.64654, 0.64456, 0.65356, 0.6515, 0.64732, 0.65132, 0.65278, 0.65818, 0.6542, 0.65466, 0.65374, 0.65896, 0.65898, 0.66304, 0.65832, 0.66202, 0.66254, 0.6636, 0.66302, 0.6638, 0.66588]
test accuracy when lambda=0.55
[0.5152, 0.5501, 0.5659, 0.5762, 0.5811, 0.5794, 0.5859, 0.5879, 0.5906, 0.581, 0.5897, 0.5878, 0.5889, 0.5934, 0.5849, 0.5802, 0.585, 0.5843, 0.5815, 0.575, 0.5805, 0.575, 0.5672, 0.5669, 0.5678, 0.5668, 0.5703, 0.5656, 0.5622, 0.5644, 0.5652, 0.5612, 0.5639, 0.563, 0.5593, 0.5574, 0.5521, 0.5554, 0.5511, 0.5569, 0.5506, 0.5551, 0.5533, 0.5566, 0.5503, 0.5534, 0.5469, 0.5512, 0.5464, 0.5466, 0.5472, 0.5486, 0.5474, 0.5428, 0.5444, 0.546, 0.5497, 0.5444, 0.5407, 0.5443, 0.5435, 0.5436, 0.5475, 0.5421, 0.5436, 0.5431, 0.5483, 0.5395, 0.5398, 0.5413, 0.5367, 0.5412, 0.543, 0.5437, 0.5425, 0.5397, 0.5384, 0.5427, 0.542, 0.5403, 0.5403, 0.5392, 0.539, 0.5382, 0.5409, 0.5414, 0.5375, 0.5427, 0.5408, 0.5474, 0.5429, 0.5418, 0.5397, 0.5385, 0.5426, 0.5421, 0.5444, 0.5376, 0.5411, 0.5439]
training accuracy when lambda=0.6
[0.24824, 0.30468, 0.32108, 0.33328, 0.3427, 0.35072, 0.358, 0.36546, 0.3691, 0.37742, 0.38398, 0.39148, 0.39686, 0.40388, 0.4122, 0.41942, 0.42624, 0.43524, 0.4424, 0.45212, 0.459, 0.46616, 0.4793, 0.48868, 0.49906, 0.50632, 0.51386, 0.52256, 0.53172, 0.54042, 0.54714, 0.55262, 0.56206, 0.56976, 0.573, 0.58064, 0.5875, 0.59056, 0.595, 0.60176, 0.606, 0.61028, 0.61398, 0.61806, 0.62394, 0.62746, 0.62502, 0.63256, 0.63616, 0.63772, 0.6423, 0.64754, 0.6444, 0.64714, 0.65236, 0.65426, 0.65724, 0.66062, 0.66454, 0.66638, 0.66684, 0.66838, 0.67026, 0.67262, 0.67548, 0.67584, 0.6762, 0.67988, 0.68324, 0.6824, 0.68332, 0.68606, 0.68406, 0.68936, 0.6896, 0.6913, 0.69172, 0.6931, 0.69546, 0.69694, 0.69976, 0.7008, 0.70222, 0.69764, 0.70368, 0.70322, 0.70348, 0.70346, 0.7073, 0.70642, 0.70932, 0.70886, 0.71112, 0.70996, 0.71058, 0.71478, 0.71348, 0.71286, 0.7185, 0.71502]
test accuracy when lambda=0.6
[0.5103, 0.5512, 0.576, 0.5835, 0.5869, 0.5977, 0.6016, 0.5997, 0.5987, 0.6017, 0.5943, 0.6005, 0.6027, 0.5973, 0.5941, 0.5953, 0.5846, 0.5885, 0.5803, 0.586, 0.5786, 0.5742, 0.5786, 0.57, 0.5733, 0.5724, 0.5686, 0.5662, 0.5686, 0.5603, 0.5673, 0.5616, 0.559, 0.5577, 0.557, 0.5583, 0.5481, 0.5569, 0.5516, 0.5538, 0.5487, 0.5495, 0.551, 0.5477, 0.5519, 0.5522, 0.5519, 0.549, 0.5497, 0.5536, 0.5482, 0.5487, 0.5503, 0.5473, 0.551, 0.5525, 0.5481, 0.5444, 0.5464, 0.544, 0.544, 0.5474, 0.5461, 0.5525, 0.5479, 0.5481, 0.5431, 0.5448, 0.5485, 0.5485, 0.5453, 0.5449, 0.5465, 0.5475, 0.5419, 0.5489, 0.5474, 0.5524, 0.5536, 0.5456, 0.5469, 0.5436, 0.5499, 0.5467, 0.549, 0.5462, 0.5465, 0.552, 0.5479, 0.5448, 0.544, 0.546, 0.5432, 0.5479, 0.5482, 0.5435, 0.5471, 0.5484, 0.5419, 0.5435]
training accuracy when lambda=0.65
[0.24672, 0.3002, 0.32252, 0.3362, 0.3434, 0.35406, 0.3605, 0.36974, 0.3781, 0.38518, 0.39196, 0.3993, 0.40666, 0.41412, 0.42218, 0.43074, 0.4419, 0.45268, 0.4622, 0.46904, 0.47896, 0.49308, 0.5042, 0.5119, 0.52762, 0.5355, 0.54736, 0.55288, 0.5633, 0.5744, 0.58166, 0.58682, 0.59642, 0.60548, 0.61164, 0.6193, 0.62168, 0.6308, 0.635, 0.64372, 0.64574, 0.65056, 0.65766, 0.6614, 0.66278, 0.66886, 0.67656, 0.67734, 0.68362, 0.6842, 0.68724, 0.68912, 0.6913, 0.69876, 0.69956, 0.70192, 0.70474, 0.7066, 0.70924, 0.70812, 0.70904, 0.7141, 0.7153, 0.72026, 0.72194, 0.72684, 0.72532, 0.72676, 0.72904, 0.72974, 0.7341, 0.73294, 0.7378, 0.73496, 0.73752, 0.73894, 0.73876, 0.7438, 0.74342, 0.7458, 0.74302, 0.74974, 0.74634, 0.74922, 0.7534, 0.74902, 0.75268, 0.75234, 0.75424, 0.75428, 0.75572, 0.75694, 0.75598, 0.76032, 0.75964, 0.76146, 0.76122, 0.75958, 0.7638, 0.76442]
test accuracy when lambda=0.65
[0.4823, 0.5441, 0.5675, 0.5698, 0.5862, 0.5962, 0.6088, 0.6022, 0.5926, 0.6044, 0.5997, 0.6025, 0.6026, 0.6046, 0.5972, 0.5869, 0.5927, 0.5913, 0.5894, 0.5806, 0.5796, 0.5799, 0.5788, 0.5656, 0.5716, 0.5678, 0.5719, 0.5621, 0.5585, 0.5601, 0.5601, 0.5613, 0.5597, 0.5546, 0.5545, 0.5536, 0.5509, 0.5486, 0.5521, 0.5459, 0.5516, 0.5531, 0.5531, 0.5528, 0.5452, 0.5489, 0.5437, 0.5435, 0.5425, 0.5454, 0.5359, 0.5406, 0.541, 0.5437, 0.5459, 0.5411, 0.5428, 0.5402, 0.546, 0.5437, 0.5426, 0.539, 0.5425, 0.5389, 0.5454, 0.5395, 0.5345, 0.5413, 0.5384, 0.5433, 0.54, 0.5415, 0.5417, 0.5367, 0.5428, 0.5395, 0.5448, 0.5373, 0.5382, 0.543, 0.5343, 0.5384, 0.5337, 0.5326, 0.5344, 0.532, 0.5347, 0.5365, 0.5373, 0.5375, 0.5365, 0.5368, 0.5321, 0.5354, 0.5419, 0.5386, 0.5374, 0.5384, 0.5335, 0.5376]
training accuracy when lambda=0.7
[0.243, 0.29696, 0.31702, 0.33614, 0.34694, 0.35608, 0.36552, 0.37586, 0.38296, 0.3925, 0.39836, 0.4083, 0.41662, 0.42558, 0.43666, 0.44704, 0.45906, 0.47104, 0.48358, 0.49552, 0.51006, 0.52046, 0.53524, 0.54336, 0.55786, 0.56958, 0.57946, 0.59146, 0.59952, 0.6099, 0.61846, 0.63196, 0.63528, 0.6418, 0.65194, 0.65738, 0.66814, 0.67262, 0.67636, 0.6787, 0.68686, 0.6925, 0.6964, 0.7045, 0.706, 0.7075, 0.71326, 0.71752, 0.71984, 0.72586, 0.72826, 0.73152, 0.73342, 0.73418, 0.7411, 0.74438, 0.74758, 0.74592, 0.75, 0.7515, 0.75404, 0.75788, 0.75842, 0.76104, 0.76046, 0.76782, 0.76648, 0.76754, 0.76916, 0.77146, 0.77432, 0.77452, 0.778, 0.77838, 0.78234, 0.77936, 0.77964, 0.78502, 0.78116, 0.78356, 0.78606, 0.78756, 0.78892, 0.78966, 0.79076, 0.78922, 0.79494, 0.79428, 0.7945, 0.79572, 0.79724, 0.79714, 0.80164, 0.79904, 0.80142, 0.80112, 0.80154, 0.80014, 0.8023, 0.80254]
test accuracy when lambda=0.7
[0.502, 0.5332, 0.5573, 0.5839, 0.6001, 0.5994, 0.6002, 0.6058, 0.6043, 0.6133, 0.6078, 0.6082, 0.6036, 0.6035, 0.5967, 0.5944, 0.5954, 0.5898, 0.5858, 0.578, 0.5794, 0.573, 0.5671, 0.5582, 0.5579, 0.5621, 0.5603, 0.5517, 0.557, 0.5487, 0.551, 0.5491, 0.5491, 0.5431, 0.5453, 0.5422, 0.5453, 0.5365, 0.5442, 0.543, 0.5382, 0.5341, 0.535, 0.5425, 0.531, 0.5388, 0.5399, 0.5372, 0.5371, 0.5356, 0.5386, 0.533, 0.5371, 0.5347, 0.5372, 0.5342, 0.5334, 0.5371, 0.5343, 0.535, 0.5337, 0.54, 0.5373, 0.5384, 0.53, 0.5393, 0.5374, 0.5376, 0.5303, 0.5276, 0.5323, 0.5315, 0.5389, 0.5382, 0.5361, 0.5336, 0.5345, 0.5294, 0.5348, 0.534, 0.5329, 0.5307, 0.5309, 0.5338, 0.5314, 0.5366, 0.5368, 0.5356, 0.533, 0.5316, 0.5361, 0.5297, 0.5293, 0.5281, 0.5325, 0.5271, 0.5367, 0.5318, 0.5307, 0.5309]
training accuracy when lambda=0.75
[0.2392, 0.29902, 0.3235, 0.33968, 0.35308, 0.36396, 0.3752, 0.38244, 0.39176, 0.39774, 0.4075, 0.41348, 0.42408, 0.4326, 0.4415, 0.4537, 0.46712, 0.4788, 0.49052, 0.50594, 0.5201, 0.53322, 0.54476, 0.55988, 0.57598, 0.58608, 0.60084, 0.61094, 0.62428, 0.63186, 0.64332, 0.6555, 0.66208, 0.6699, 0.6786, 0.69016, 0.69574, 0.70078, 0.70872, 0.71502, 0.7229, 0.72352, 0.72904, 0.73288, 0.73808, 0.74396, 0.75068, 0.75394, 0.7581, 0.75772, 0.76172, 0.76758, 0.768, 0.77116, 0.77326, 0.77768, 0.78102, 0.78312, 0.78378, 0.78886, 0.79322, 0.79458, 0.79592, 0.79248, 0.7984, 0.79896, 0.7991, 0.801, 0.80574, 0.80838, 0.80964, 0.811, 0.81132, 0.81588, 0.81408, 0.81742, 0.81752, 0.8179, 0.82132, 0.82472, 0.82072, 0.82712, 0.82408, 0.8269, 0.827, 0.82786, 0.82964, 0.83046, 0.83228, 0.83198, 0.83106, 0.83462, 0.83284, 0.83498, 0.83456, 0.8374, 0.83982, 0.84294, 0.83816, 0.84092]
test accuracy when lambda=0.75
[0.4916, 0.5442, 0.5719, 0.6035, 0.6055, 0.6047, 0.608, 0.6243, 0.6237, 0.6235, 0.6166, 0.6197, 0.62, 0.6217, 0.6074, 0.6083, 0.6013, 0.6004, 0.594, 0.5861, 0.5848, 0.5838, 0.5675, 0.5643, 0.5654, 0.5661, 0.5639, 0.5615, 0.5564, 0.5502, 0.5469, 0.5466, 0.5541, 0.5454, 0.5498, 0.5469, 0.5458, 0.5481, 0.5386, 0.54, 0.5419, 0.5438, 0.5447, 0.5396, 0.5391, 0.5412, 0.5429, 0.5397, 0.5381, 0.5363, 0.5426, 0.5348, 0.5407, 0.5382, 0.5382, 0.539, 0.5415, 0.5407, 0.543, 0.5403, 0.5428, 0.5363, 0.5405, 0.5332, 0.5407, 0.5409, 0.5443, 0.5418, 0.5373, 0.5359, 0.5387, 0.5394, 0.5379, 0.5411, 0.5411, 0.5348, 0.5412, 0.5376, 0.5412, 0.5361, 0.5337, 0.5351, 0.5349, 0.5326, 0.5408, 0.5362, 0.5372, 0.536, 0.5368, 0.5429, 0.5396, 0.5408, 0.536, 0.5391, 0.5416, 0.5415, 0.5385, 0.5392, 0.5384, 0.5363]
training accuracy when lambda=0.8
[0.23724, 0.29432, 0.3216, 0.33626, 0.34944, 0.36216, 0.37024, 0.38096, 0.39112, 0.40128, 0.40958, 0.42, 0.43144, 0.44246, 0.45594, 0.46832, 0.4841, 0.49812, 0.5123, 0.52672, 0.54488, 0.5577, 0.57462, 0.59046, 0.60504, 0.62026, 0.63288, 0.64126, 0.65556, 0.66854, 0.67524, 0.6869, 0.6971, 0.70084, 0.70738, 0.71688, 0.72966, 0.73246, 0.74104, 0.74662, 0.75242, 0.758, 0.76474, 0.76686, 0.77086, 0.77496, 0.78268, 0.78466, 0.7913, 0.79238, 0.79644, 0.7992, 0.80312, 0.8045, 0.80914, 0.8097, 0.80958, 0.81164, 0.81512, 0.81924, 0.82072, 0.82404, 0.82444, 0.8269, 0.8308, 0.83296, 0.82794, 0.83346, 0.83596, 0.83778, 0.8374, 0.83986, 0.84088, 0.8456, 0.843, 0.84606, 0.84696, 0.84904, 0.85028, 0.85084, 0.85084, 0.85096, 0.8537, 0.8549, 0.85762, 0.8581, 0.85528, 0.85928, 0.85766, 0.86242, 0.86412, 0.8602, 0.8622, 0.863, 0.86518, 0.86558, 0.86634, 0.86626, 0.86898, 0.86902]
test accuracy when lambda=0.8
[0.4752, 0.5394, 0.5712, 0.5982, 0.6021, 0.6134, 0.608, 0.6142, 0.6223, 0.6184, 0.6224, 0.6064, 0.607, 0.6109, 0.6061, 0.5959, 0.5921, 0.5806, 0.5754, 0.567, 0.5707, 0.5633, 0.5628, 0.5597, 0.5555, 0.5551, 0.5494, 0.5534, 0.5492, 0.5418, 0.5472, 0.5331, 0.5395, 0.5392, 0.5348, 0.5317, 0.5413, 0.5331, 0.535, 0.5307, 0.5359, 0.5322, 0.5365, 0.5346, 0.5271, 0.5353, 0.5286, 0.5294, 0.5299, 0.5296, 0.5309, 0.5261, 0.5318, 0.523, 0.5296, 0.5309, 0.5288, 0.5294, 0.5289, 0.5291, 0.5248, 0.5378, 0.5276, 0.5268, 0.5338, 0.5311, 0.5262, 0.5286, 0.5361, 0.5286, 0.5247, 0.533, 0.5343, 0.533, 0.5295, 0.5304, 0.5344, 0.5316, 0.532, 0.5311, 0.5276, 0.5318, 0.5302, 0.5298, 0.5296, 0.5286, 0.5278, 0.536, 0.5275, 0.5264, 0.5284, 0.523, 0.5334, 0.5291, 0.5306, 0.5315, 0.53, 0.527, 0.5266, 0.5299]
training accuracy when lambda=0.85
[0.23832, 0.29464, 0.32136, 0.33792, 0.35122, 0.3635, 0.3736, 0.38198, 0.39438, 0.40326, 0.41558, 0.42752, 0.43852, 0.4517, 0.4661, 0.47942, 0.49416, 0.51312, 0.5301, 0.54466, 0.56254, 0.58138, 0.59308, 0.60764, 0.6227, 0.63822, 0.65118, 0.66376, 0.67534, 0.68664, 0.70062, 0.70778, 0.71656, 0.72706, 0.73554, 0.7415, 0.75262, 0.75562, 0.76436, 0.768, 0.77364, 0.78188, 0.78738, 0.78918, 0.79548, 0.7971, 0.80626, 0.80522, 0.81154, 0.81474, 0.81572, 0.82088, 0.82586, 0.82672, 0.82858, 0.83166, 0.83584, 0.83656, 0.84098, 0.83904, 0.8457, 0.84712, 0.84866, 0.85292, 0.85142, 0.85228, 0.85724, 0.85462, 0.85652, 0.86094, 0.86272, 0.86624, 0.86454, 0.86602, 0.86824, 0.8684, 0.87226, 0.87102, 0.87204, 0.87012, 0.87748, 0.87336, 0.87688, 0.87626, 0.87756, 0.88046, 0.88126, 0.88118, 0.8823, 0.88596, 0.88168, 0.88414, 0.88604, 0.88594, 0.88778, 0.88656, 0.8885, 0.89054, 0.89118, 0.89112]
test accuracy when lambda=0.85
[0.5005, 0.5472, 0.5553, 0.5851, 0.5962, 0.609, 0.6153, 0.617, 0.6079, 0.6042, 0.6055, 0.5993, 0.5977, 0.5945, 0.5808, 0.5803, 0.5789, 0.5701, 0.5604, 0.5574, 0.5544, 0.547, 0.5497, 0.5353, 0.5412, 0.5431, 0.533, 0.5323, 0.5258, 0.5312, 0.5221, 0.5246, 0.5214, 0.5251, 0.5276, 0.5222, 0.5166, 0.5222, 0.5183, 0.5163, 0.5107, 0.5161, 0.5139, 0.5149, 0.5144, 0.5151, 0.5119, 0.5131, 0.5139, 0.513, 0.5116, 0.5169, 0.5114, 0.51, 0.5144, 0.5131, 0.5159, 0.5104, 0.5148, 0.52, 0.5129, 0.5143, 0.5208, 0.5212, 0.5151, 0.5132, 0.5176, 0.5219, 0.5199, 0.5167, 0.5148, 0.5177, 0.5113, 0.5182, 0.5195, 0.5173, 0.5141, 0.5138, 0.5152, 0.5157, 0.5138, 0.5137, 0.5162, 0.5177, 0.514, 0.5176, 0.5148, 0.519, 0.52, 0.5196, 0.5163, 0.5206, 0.515, 0.5163, 0.5195, 0.5157, 0.5165, 0.5164, 0.5147, 0.5173]
