[array([11645,   614, 10536,  5325,  7516, 14069, 31432, 40591, 25968,
       25948, 45462, 14395, 25590, 15901,   913, 38286, 38130,  2086,
        2211, 24249, 37961,  8912, 24074,  4242, 37936,  8939, 48211,
       37795, 15115, 48305, 13409, 13327, 23938, 47112,  6713, 17962,
        6602, 18069, 42642, 49273, 17563, 29085, 32326,  6242, 46729,
       46610,  1629, 33349,  9346,  9388, 14916, 37103, 12318,  2930,
       12265, 32111, 31931, 30860, 31262, 11626, 31365, 23984, 46703,
       36962, 12503,  9739, 47493, 10818, 10604, 13267, 13207, 10434,
       33026, 34631, 28277,  3097, 34860, 14191, 26342, 35367, 46151,
        9924, 35915,  1968, 29535, 32532, 36125, 25617, 25293, 36208,
       26906, 44708,  9070, 16672, 20761, 40674,  2422,  4090, 20496,
       41040,  1008, 20050, 20032, 42365, 19722,  6530, 19311,  6474,
       18895,  6239, 43575,  3651, 18547,  2583, 43890, 49335, 43907,
       17753, 43948, 43963, 17816,  3692, 48891, 16588, 41556, 40362,
        8997, 23326, 22934,  3440,  2280, 38705, 21964,  8271,  9148,
       21138, 21240, 40041, 39678, 32378, 32377, 38538, 32374, 38356,
       34740, 38024,   954,  3385, 44885,  1145, 11525,  6052, 31851,
       37194, 31757, 11562, 37602, 44243, 45637,  9404, 43165, 32584,
        8269, 10727, 39496,  4922, 34291, 10881, 39392,  8359, 33150,
       33149, 34199,  3343,   859, 43156, 32963, 11046, 11108, 32708,
       35482, 40773,  7880, 32595, 43154, 32617, 26410, 23275, 24969,
        2033, 49001, 25185, 26087, 14294, 14247, 14225,  2340, 19666,
       14035, 27084, 17164, 19110, 27140, 24901,  2913,  4287, 20352,
       48607, 22014, 22065, 22296, 22340, 16355,  2354, 13785, 16497,
       23197,  4197, 31311, 20589, 20540, 15194, 48269, 23064,  2692,
       19713, 27225,  1753, 12923, 47266, 29129,    22, 49410, 12558,
       17774, 29668, 29776, 30182, 12191, 12150, 30503, 44564, 11856,
       11799, 12943, 13004, 49355, 28229, 13776, 17543, 17418, 17483,
        1830,  3960, 27937,   582, 44039,  7812, 40168, 43010,  7889,
        5980,  7914, 44017,  6475, 39514, 18073, 43256, 16337, 21337,
       16585, 20715, 18096,   583,  6976, 20229,  2663,  7081, 42451,
       41401, 42521, 20919, 19896, 41370,  3601, 42854, 40901, 20507,
       17787, 19503, 20026, 18599, 21726, 31641, 21856,  1183, 10213,
       26826, 26900, 10452, 34503, 13918, 27135, 10647, 33955, 13647,
       33619, 10078, 33429, 28001, 28015,  1355, 29242, 29369,  1408,
       32433, 12483, 29994, 11330, 11363, 11954, 33421, 26248, 14193,
        3323, 39117, 38569, 22570, 22602, 15782, 38319, 22848, 38193,
       15717, 15556, 23214, 37924, 23459, 23523, 15393,  2135, 37398,
        9159, 24028, 25170, 36385, 25181, 14633, 14454, 35972,  9867,
        9879,  8285, 12055, 17988, 47847, 45854, 46882, 46512, 44830,
       45712, 46452, 46136,  5531,  5268,  4340,  4523, 44934, 48124,
       48455, 45338, 42180, 33937, 23506, 11417, 45131, 32278, 32313,
       49126, 32430, 32684, 10941,  7922, 11077, 32933, 11530, 17398,
       33267, 11020, 15748, 45093, 16033, 31712, 30282, 30324, 30396,
       12101, 14988, 11945, 43175, 11894, 24127, 31025,  2120, 15054,
       45040, 42959, 31459, 31539, 48286, 11615, 42829,  6644, 11580,
       10537, 23743, 31870, 34210, 10128, 22396, 21498, 40740,  8994,
       21389, 37819, 21329, 45733, 37997,  4107, 38083, 21254,  3408,
       38189, 17036, 38294, 38344, 45667,  8650, 21050, 40275,  8123,
         801,  3493, 39885, 19889, 34584, 45813, 40897, 22377, 17269,
       24700,  7264,  7270, 46166, 35453, 15959,  9906,  9885, 15985,
       45864, 22125,  2707,  1127, 35929, 36104,  9714,  7474, 16224,
        9312, 40948, 40939, 40924, 35722, 47101, 11111,  7913, 29784,
        3080,     3, 47166,  3794,   349, 44471, 26146,   162, 29794,
       43522, 44440, 28950,  5774, 18121, 12593, 26135, 12635, 13683,
       13315, 44124,   461, 47764, 43661,  3879, 28688, 25559, 26448,
       24823, 14827, 18036, 24880,  4688, 28516,  4488, 41303, 28151,
       36914,  9784,  9414,  9428, 17915, 33976,  2293, 25859,  4165,
        9648, 16150, 13278, 22800, 21931, 18241,  3988, 17284, 10247,
       10419, 17250, 25625,  3294, 28407, 34326, 13205, 41087, 13017,
       47361, 34325,  5059, 10497, 22161,  7021, 35053,  9938, 41458,
        3022, 36987, 27112, 38287, 27107, 16507, 19931, 19951, 38472,
        4562, 38554, 38584,  8612, 40249, 38669, 45367,  8548, 20820,
       39265, 45505, 39544, 16888, 14123, 27196, 36986,  8789, 38005,
       36995, 17154, 37010, 25982, 13352, 45920,  5330,  9225, 27604,
       16332, 21622,  6994, 37408, 21607,  7561,  5826, 27365, 49463,
        5744,  5155,  8889, 38072, 19058, 18487, 17377, 48263, 46688,
       12520, 43681, 23340, 32528, 23368, 15095, 23304, 11822, 48419,
       25380, 42323, 33193, 31293, 31412, 15497, 25043, 31929, 12681,
       17420, 42807, 18356, 23654, 32098, 43592,  2852, 32207,  3181,
        3111, 23902, 32315,  4410, 33205,  2915, 29434, 43264,  2581,
       24283, 22994, 33605, 46342, 12780, 18534,  1728, 28795, 22869,
       43228, 42076, 22967, 30403, 14847, 24650, 33320,  1571,  1717,
       47134,  2940, 33794, 37774, 25055,  8348, 21406, 31569, 20615,
       23858,   830, 48919,   104, 24546, 25102,  4676, 29842, 14203,
       39120, 11919, 14171, 47159,  8554, 47728, 15023, 47666, 45669,
       30920, 13965, 37550, 38351, 26180, 31045, 24465, 11800, 45697,
       38779, 12125,  5249, 47590,  4094, 39116,  4299,  2875, 11716,
       31095, 30983, 48044,  1002, 46460, 35637, 35620, 11030, 28868,
       14434, 33292,  3237, 14472, 22244, 12764, 33411, 10158, 35050,
        3811, 33439, 12463, 22815,  3264, 28701,  4981, 33781, 10838,
       28160, 22704, 28567, 46221, 46343, 22536, 25584, 34891, 22567,
       23669, 29059, 25234, 29339, 13579, 16329, 11526, 27708, 13370,
       37072, 33846, 29224,  2168, 23456,  3793, 36900, 36736, 36719,
        9569,  9586, 28144, 14617, 16056, 22013, 28079, 35936, 23182,
       29087, 21884, 36269,  1957, 46673, 46010, 36399, 32519, 34981,
       33534, 43558,  3909, 42109, 42100, 41246,  6477, 18576, 44668,
       40794,  7013, 41014, 20088, 18649, 41803, 17400, 41226, 17838,
       42436, 19547,   470, 49497,  7162, 42444, 19219,  5848, 49258,
       19802, 17149, 19122, 18677,  7664,  6720, 45061, 42299, 17674,
       40148, 40572, 42960,  2715, 41647,   620, 49092, 41636, 19115,
        2348, 46330, 37447, 28068, 37469, 10530, 37451, 14786,  1270,
       43468, 37474, 14802,  4132, 33208, 38181, 30313, 48805, 42287,
        5180, 23044, 42256, 17054, 25997, 15629,  6357, 30147, 42132,
       33639, 40673, 33671, 21359, 45305,  7589, 37792, 33706, 33707,
       18462, 17589, 18438, 25927, 43428, 34250, 13408, 40887, 22316,
       10175, 35119, 35172,  7478,  9643, 10140, 48032, 21776,  9698,
       35308, 21787, 41284, 14471, 36252,  1166, 15976, 19370, 28530,
       12767, 44912, 35584, 43008, 25457, 44901, 12781,  9745, 41394,
       21843, 12701, 36560,  1761, 34373, 25800, 10477, 10453, 29495,
        6171, 22551, 42316, 41839, 13042, 28202,  5111, 29391, 47182,
       34772, 12676,  1682, 45997, 44114,  9409,  5076, 36863, 25697,
       34910,  4424, 36714, 28325, 16241,  6170, 45862, 47067, 41421,
       33156, 49200, 23438,  2401, 23900, 46866, 16596, 45091, 15503,
        3974, 24377, 42477, 46662, 12004,  2885, 23329, 20912, 46654,
       32491, 48369, 39427, 38700,  1572, 31505, 26807, 17480, 15261,
       47758, 44981, 39448, 26904, 39385, 30870,  1441, 49170, 24111,
        5439,  7838, 45491, 42447, 23742, 16693, 14056,  8363, 26326,
       11541,  5688, 43134, 33160, 20797, 11609, 31055,   844, 13799,
        5393,  7896, 17977, 32896,  2759,  6415, 49212, 30415, 45407,
       48816, 23130, 38372, 44350, 31240, 31246, 33054, 27395, 26136,
         385, 31305, 33127,  2585, 40463,  2449, 19909, 46379, 20295,
       26204, 30985, 16542,  3143, 47584, 24486,   285, 38573,  7770,
       16842,  4273, 35322, 45030,  6115,  6505, 43746, 23674, 17496,
       43785, 35339, 25331, 11875,  4896,  3698, 43646, 34990, 41728,
       15905, 31146, 35380,  4846,  1155,  3560,  6156, 14557, 15029,
       31071,  5020, 43039,  2516, 28782, 18699, 31556, 28957, 35617,
       48539,   646, 28986,   520, 18674,  4997,   540, 10694, 12517,
       41988, 10698, 44943,  1391, 24478, 12474, 42074, 24484, 15742,
       23280, 42412, 14874, 46520, 24741,  4247, 15661, 18983, 32987,
       28700, 10901, 24723, 42331, 46352, 30230, 10948, 15558, 15592,
       33249, 23217, 30631, 41955, 32534, 29263, 25147, 12679, 44967,
       15003, 11899, 18606, 48323, 22510, 14662, 34733, 29395, 17410,
       42601, 30838,  3110,    71, 29707, 29640, 14763, 29583, 30728,
       34259, 15405, 22648, 14698, 41868, 10490, 29543, 23451,  6194,
        4982, 45244, 23985, 37204, 38734,  5855, 37441, 38787, 27155,
       25826, 37382, 38832,  1018, 21671, 20825, 26038, 39025,  1780,
        9230, 40926, 26343, 14398, 28206, 39339,  9367, 20667, 25735,
       41044, 41131, 16768, 36746, 27175,  4021, 44514, 37464, 26061,
        3016, 45735, 38230,  8740,  8733, 27376, 40695, 27319,  7729,
       27890, 16415, 21482, 28308, 19720,  1861,  3675, 45805,  9035,
       16345, 47577, 21587, 40312, 21060, 37545, 49012, 38636, 28094,
       47418, 39472, 44267, 21713, 17018, 26613, 36335, 36298, 35896,
       20311,  9703, 48609,  8177, 47301, 45406, 25567, 44723, 39762,
       39756, 35961, 48926,  8008, 36628, 16831,   357, 18234, 16933,
       20561, 35876, 39478, 16050,  5292, 39941, 36476,  9588, 36351,
       38169, 30488, 14295, 16835,  4748, 14905, 23263, 24629, 33368,
        6392, 31538,  2457,  7748, 24529, 48930,  7993, 30247, 13606,
        4903, 43319, 32902, 13751, 26073, 46451, 17035, 18491, 33082,
       33063,  7655, 15076,  2630, 32688, 40559, 38464,  8787,  6859,
       39835, 26454, 20123, 31213,  4053, 43312, 27315, 18920, 42342,
       44503,  8618,  8472,    99, 39066, 39078, 11370, 26973, 39251,
       32189, 23711,  8316, 40116,  1538, 45472, 47693, 40106, 17973,
       18642, 15423, 30942,  4272, 31905, 11493, 26858, 45004, 45512,
       17435, 42771,  6659, 16771,  2398, 39647, 40242,  5575, 32601,
       14195, 38673,  7871, 31604, 39583,  7815,  3591, 30634,  8170,
       39554, 48875, 40101,  8532, 39538, 42466, 38818,  8518, 26244,
       24333, 44535, 23355, 11285, 46986, 21046, 41405, 13557, 27597,
        6016, 19621, 48050,  7194, 28299,  1054, 25160, 47329, 41058,
       22468,  1039, 25780,  9336,  7156,  9238, 34623, 29450, 24930,
       47382, 34251, 40885, 43510, 45295, 43658, 44135,  2717,  6914,
       28183, 37251, 16308, 10424, 13087, 17376, 29092,  9613, 41415,
       48592, 14161, 25494,  3999, 14528, 49429, 12836, 17249, 28605,
       43929,  7316,  9907, 25423,  9957, 46081, 35507, 19515, 21735,
       36443, 49087, 10097, 12978,  2814, 46013,  2611, 41621, 16186,
       36090, 19358, 46141, 19407, 22716, 13057, 37467, 41974, 19035,
       25942, 47427, 37741, 48462, 33727, 43361,  1624, 49025, 18481,
       30024, 27819,  8961, 16473, 12333, 42093, 44252, 17125,   951,
       47442, 25983,  6388, 33476, 23001, 23002, 45186, 14327, 18415,
       33286, 34000, 34033, 10638, 37535, 40788, 22781, 22789,   227,
       29673, 28920, 12735,  1789,  5835, 12762, 47872, 27500,  5470,
       44245, 27712,   510, 18390, 44187, 24915, 26497, 14875, 44151,
       29625,  4709, 28767, 24995, 13577, 24589, 26599,  1954, 18283,
       28111,  5462, 44845, 31169, 14930, 27158, 13944, 47973, 43536,
       24132, 27940, 17615, 25769, 17542, 25146, 12090, 43426, 47904,
       18338, 14993, 48083, 30506, 24230,   146, 25369, 29924, 25950,
       12028, 13955, 43978, 27220, 29729, 29011, 24533,  2676, 18227,
        4755, 43539, 26163, 28128, 30820,  3959, 44717, 26521, 31346,
       37730, 10674, 22750, 34103, 34136, 10594, 37687, 22732, 16376,
       37656,  3412, 34219,  2529,  1236,  9071, 45746, 19070, 42062,
       18993, 33083,  4907, 45682,  6869, 19946, 45696, 33293, 45828,
       21174, 23015,  6929, 48443, 10834, 40599, 22134, 33689, 15610,
        2376, 10423,  1023, 36707, 21755, 21830, 36273, 41624, 36215,
       21887, 16130, 19345,  5359, 35534, 41377, 41568,  7438,  9790,
        5051,  2273, 10120,  7236,  7500,  9364, 15878, 40972, 45991,
        1201,  2498, 37284, 10269,  9410,  3563, 15895, 35041, 41692,
       35065, 36739, 36966, 18942, 33686, 35693, 23327, 31570, 32452,
       20659, 38658,   524, 20939,   832,  8352,  4902, 17461,  3216,
       42500, 45596, 40161, 46720, 42595, 46811, 16590, 31803, 45553,
       49142, 31925,  8713, 23463, 42709, 32017, 32082, 48912, 20609,
       46616, 40124, 32560, 21106, 38478, 23268, 32753, 31357, 20030,
       32683, 38520, 20942, 20324, 20355, 40255, 32659, 46497, 31537,
       23926,  8166, 46896, 39644,  5673,   673, 36996, 21728, 20296,
       44892,   764, 27079, 37093, 45987,  8280, 37168, 20069, 28235,
       41187, 44574, 39204, 36815, 41342, 39697, 25564, 36730,  7919,
       48606,  1975, 41142,  7924, 26996, 16104, 16218, 12895, 48921,
       26151, 37353, 37976, 13473,   719, 27214, 17088, 38014, 45319,
       44257, 38050, 38054, 13591, 17934, 13603,  8834, 21070, 20046,
       40571,   934, 38137, 18122, 38297, 44469, 26145, 21089, 38357,
        5175, 21644,  8931, 37926, 18077, 18205,  9149, 40880,  2407,
       21612, 20068,   997, 37493, 13211,  5324, 14358,  9024, 44230,
       14317,   134, 20911, 38806, 27906,  8996, 40706, 13861,  2770,
       18159,   393, 19750, 40801, 10012,  7417, 23170, 23164, 11031,
       42318,  2729, 33291, 11021,  6877, 43322, 14894, 17379, 33533,
       33547, 18960, 30122, 48457, 43335, 48467, 46299, 47181, 10565,
        1640, 15775,   567, 33909, 15760,  2670, 42059, 22124,  3258,
        4963, 33888, 45156, 30489, 23236,  1473, 18713,  2116, 31112,
       31113, 17510, 18797, 42879, 15186,  4286, 31416, 31381,   183,
        1506,  1489, 10504, 46776, 24153, 32700, 32661, 32648, 32635,
       15528, 14967, 42768,  6465, 45136, 14992, 32285, 30848, 24165,
       42680,  6818, 43500, 15750, 49009, 46216, 14567, 25382, 46154,
       43819, 12642, 10349, 22466, 43579, 22385, 34902, 43591, 34906,
       29248, 43639, 41683, 25257, 22173, 35382, 35406, 22196, 48231,
        3646, 10412, 34700, 43799, 25451, 43540, 35491, 45234,  3554,
        7145,  4985, 22620, 45226, 28809, 25425, 22628, 19167, 34693,
        1720, 34463, 15461, 19306, 14162, 18901, 25482, 21857, 22157,
       18315, 24035, 20670, 25488, 18874, 48004, 26375, 48320, 26249,
       23533, 23637, 18857, 22035, 14595,  2517, 20070, 17501, 21942,
       22671, 23352, 14697, 22884, 25820, 15747, 19007, 22831, 24867,
       19677, 48517, 47893, 22575,  2234, 22616, 17822, 18400, 21564,
       48641, 26036, 25140, 17057, 20060, 25670, 20964, 24469, 22279,
       48381,  2352, 24535, 20014, 19905, 14898, 21209, 22529, 48428,
       24653, 16258, 24675, 21738, 49337, 31422, 31872,  7195,  3559,
        7274, 41580,  7411, 46828, 31714, 31843, 31997, 32095,  7463,
       46746, 41832, 11428,  1424, 41176, 32357, 32425, 11240, 41127,
       11154, 46478, 32776,  5331, 40900,  7550, 46730,  7593, 31333,
        1517, 43309,  6395, 29698, 43179, 29874, 29929, 43171,  4734,
       42889, 30288,  6604, 42830, 41877, 12159, 12092, 42794, 30564,
       30593, 30620,  6768, 42354, 42147,  6973, 45203, 31129, 31204,
       30334, 33094, 33463, 40546,  5065, 36297, 36440, 37268, 39414,
       37357, 37389, 37444,   831,  8315,   980,  9014, 35981, 37706,
       45798, 37725, 37797, 39363,  8877, 38227,   907,  8647,  8407,
       38629, 38687]), array([    3,    22,    71,    85,   104,   146,   227,   285,   349,
         385,   393,   461,   470,   520,   524,   540,   582,   583,
         614,   620,   646,   673,   719,   801,   830,   832,   844,
         859,   888,   907,   913,   934,   954,   980,  1002,  1008,
        1023,  1054,  1067,  1118,  1127,  1137,  1145,  1155,  1166,
        1167,  1183,  1249,  1270,  1289,  1339,  1355,  1391,  1408,
        1441,  1489,  1538,  1571,  1572,  1629,  1682,  1717,  1728,
        1753,  1761,  1780,  1789,  1830,  1867,  1954,  1957,  1968,
        2033,  2080,  2086,  2116,  2120,  2135,  2168,  2211,  2245,
        2280,  2293,  2340,  2348,  2354,  2394,  2401,  2422,  2517,
        2529,  2581,  2583,  2585,  2611,  2630,  2663,  2692,  2707,
        2715,  2717,  2729,  2759,  2763,  2767,  2777,  2852,  2875,
        2885,  2913,  2915,  2930,  2940,  3016,  3022,  3080,  3097,
        3110,  3111,  3143,  3181,  3237,  3257,  3258,  3264,  3294,
        3323,  3343,  3385,  3408,  3412,  3440,  3493,  3559,  3560,
        3563,  3591,  3601,  3646,  3651,  3675,  3692,  3762,  3793,
        3794,  3811,  3879,  3909,  3959,  3960,  3974,  3988,  3999,
        4021,  4053,  4090,  4094,  4107,  4132,  4197,  4242,  4247,
        4273,  4286,  4287,  4299,  4340,  4410,  4488,  4523,  4562,
        4618,  4659,  4688,  4698,  4831,  4846,  4855,  4896,  4922,
        4963,  4973,  4981,  4982,  4997,  5020,  5059,  5072,  5076,
        5111,  5140,  5155,  5268,  5325,  5330,  5331,  5393,  5462,
        5470,  5523,  5531,  5541,  5673,  5688,  5744,  5774,  5826,
        5848,  5855,  5980,  6016,  6052,  6115,  6170,  6171,  6194,
        6209,  6215,  6239,  6242,  6251,  6357,  6388,  6392,  6415,
        6465,  6469,  6474,  6475,  6477,  6505,  6530,  6602,  6644,
        6659,  6713,  6720,  6818,  6869,  6914,  6976,  6994,  7013,
        7021,  7081,  7145,  7162,  7194,  7236,  7270,  7277,  7316,
        7417,  7438,  7474,  7478,  7500,  7510,  7516,  7561,  7589,
        7607,  7664,  7729,  7730,  7748,  7770,  7812,  7821,  7838,
        7871,  7880,  7889,  7913,  7914,  7922,  7985,  8008,  8056,
        8123,  8166,  8170,  8177,  8269,  8271,  8280,  8285,  8315,
        8316,  8348,  8359,  8363,  8496,  8518,  8548,  8554,  8612,
        8614,  8650,  8733,  8740,  8787,  8789,  8834,  8889,  8912,
        8931,  8939,  8994,  8997,  9070,  9071,  9148,  9159,  9225,
        9230,  9238,  9312,  9336,  9346,  9364,  9388,  9404,  9409,
        9410,  9414,  9428,  9569,  9586,  9588,  9613,  9643,  9648,
        9689,  9698,  9703,  9714,  9739,  9763,  9782,  9784,  9867,
        9879,  9885,  9906,  9907,  9924,  9938,  9957, 10012, 10078,
       10097, 10128, 10140, 10158, 10184, 10213, 10247, 10269, 10281,
       10346, 10419, 10434, 10452, 10453, 10490, 10497, 10530, 10536,
       10537, 10565, 10594, 10604, 10647, 10694, 10698, 10727, 10818,
       10838, 10881, 10901, 10941, 10948, 11020, 11030, 11046, 11067,
       11077, 11108, 11111, 11165, 11240, 11330, 11363, 11370, 11417,
       11428, 11462, 11493, 11525, 11526, 11530, 11541, 11562, 11580,
       11615, 11626, 11645, 11716, 11799, 11800, 11822, 11856, 11875,
       11894, 11919, 11945, 11954, 12004, 12028, 12047, 12055, 12101,
       12125, 12150, 12159, 12191, 12265, 12290, 12318, 12463, 12470,
       12474, 12483, 12503, 12517, 12520, 12558, 12593, 12635, 12679,
       12681, 12714, 12729, 12764, 12767, 12780, 12781, 12923, 12943,
       12978, 12998, 13004, 13017, 13042, 13057, 13124, 13205, 13207,
       13229, 13265, 13267, 13278, 13280, 13315, 13327, 13352, 13370,
       13393, 13408, 13409, 13459, 13473, 13579, 13591, 13606, 13647,
       13683, 13776, 13785, 13799, 13861, 13901, 13918, 13944, 13955,
       14035, 14056, 14069, 14097, 14114, 14123, 14161, 14171, 14179,
       14191, 14193, 14225, 14247, 14249, 14294, 14308, 14317, 14327,
       14395, 14398, 14434, 14454, 14471, 14472, 14528, 14557, 14567,
       14617, 14633, 14662, 14698, 14724, 14763, 14782, 14786, 14827,
       14847, 14874, 14875, 14916, 14967, 14988, 14993, 15023, 15029,
       15054, 15055, 15076, 15115, 15186, 15194, 15225, 15261, 15285,
       15363, 15393, 15454, 15497, 15503, 15553, 15556, 15558, 15629,
       15661, 15717, 15742, 15747, 15748, 15750, 15782, 15873, 15901,
       15959, 15976, 15985, 16033, 16050, 16056, 16150, 16186, 16218,
       16224, 16230, 16240, 16241, 16332, 16337, 16345, 16355, 16497,
       16507, 16585, 16588, 16672, 16693, 16728, 16768, 16831, 16835,
       16842, 16888, 17018, 17035, 17036, 17054, 17085, 17088, 17125,
       17149, 17154, 17164, 17244, 17249, 17269, 17376, 17377, 17379,
       17398, 17400, 17410, 17418, 17420, 17435, 17461, 17480, 17483,
       17496, 17510, 17542, 17543, 17563, 17589, 17657, 17674, 17753,
       17774, 17783, 17787, 17816, 17822, 17838, 17844, 17915, 17946,
       17962, 17977, 17988, 18036, 18069, 18073, 18077, 18096, 18121,
       18159, 18205, 18227, 18234, 18241, 18315, 18332, 18356, 18390,
       18400, 18415, 18462, 18481, 18487, 18491, 18534, 18547, 18576,
       18599, 18606, 18642, 18649, 18674, 18677, 18699, 18711, 18713,
       18795, 18797, 18895, 18920, 18942, 18958, 18983, 18993, 19058,
       19110, 19122, 19145, 19167, 19219, 19306, 19311, 19358, 19370,
       19395, 19407, 19503, 19510, 19562, 19621, 19666, 19677, 19713,
       19720, 19722, 19750, 19785, 19802, 19889, 19896, 19905, 19909,
       19931, 19951, 20026, 20030, 20032, 20050, 20060, 20069, 20088,
       20229, 20260, 20295, 20296, 20311, 20352, 20496, 20507, 20540,
       20560, 20561, 20589, 20615, 20638, 20670, 20715, 20761, 20820,
       20891, 20911, 20912, 20919, 20939, 20942, 21046, 21050, 21060,
       21070, 21089, 21106, 21138, 21174, 21240, 21329, 21337, 21359,
       21364, 21389, 21406, 21452, 21498, 21526, 21587, 21607, 21622,
       21644, 21671, 21726, 21738, 21749, 21787, 21803, 21830, 21840,
       21843, 21856, 21884, 21931, 21964, 22013, 22014, 22065, 22106,
       22125, 22130, 22134, 22157, 22173, 22196, 22241, 22244, 22296,
       22316, 22340, 22377, 22385, 22396, 22423, 22466, 22468, 22536,
       22551, 22567, 22570, 22602, 22605, 22620, 22704, 22716, 22732,
       22781, 22789, 22800, 22815, 22848, 22869, 22884, 22934, 22967,
       22994, 23001, 23002, 23044, 23064, 23130, 23164, 23170, 23182,
       23197, 23214, 23217, 23268, 23275, 23280, 23304, 23326, 23329,
       23340, 23355, 23368, 23438, 23443, 23456, 23459, 23506, 23523,
       23531, 23533, 23637, 23654, 23674, 23743, 23858, 23873, 23900,
       23902, 23903, 23926, 23938, 23984, 24028, 24074, 24111, 24153,
       24249, 24283, 24377, 24465, 24478, 24529, 24546, 24582, 24589,
       24629, 24653, 24700, 24723, 24741, 24774, 24806, 24823, 24880,
       24901, 24915, 24930, 24969, 25043, 25055, 25102, 25140, 25146,
       25160, 25170, 25181, 25185, 25234, 25257, 25293, 25331, 25369,
       25380, 25457, 25559, 25584, 25590, 25617, 25625, 25670, 25697,
       25800, 25820, 25826, 25859, 25927, 25942, 25947, 25948, 25950,
       25968, 25969, 25982, 25983, 25997, 26038, 26061, 26087, 26135,
       26136, 26146, 26180, 26210, 26244, 26248, 26249, 26342, 26410,
       26448, 26521, 26529, 26570, 26599, 26613, 26791, 26826, 26858,
       26900, 26906, 26966, 26982, 27052, 27084, 27112, 27135, 27140,
       27155, 27158, 27175, 27194, 27196, 27225, 27315, 27319, 27365,
       27376, 27500, 27503, 27559, 27572, 27597, 27604, 27708, 27756,
       27890, 27906, 27937, 28001, 28015, 28068, 28111, 28128, 28144,
       28151, 28160, 28202, 28204, 28206, 28229, 28235, 28277, 28299,
       28308, 28320, 28325, 28407, 28479, 28516, 28529, 28530, 28567,
       28600, 28688, 28700, 28701, 28767, 28782, 28795, 28809, 28816,
       28835, 28846, 28868, 28886, 28927, 28930, 28950, 28957, 29002,
       29059, 29085, 29092, 29129, 29224, 29242, 29339, 29353, 29369,
       29391, 29395, 29429, 29434, 29450, 29535, 29573, 29583, 29625,
       29640, 29668, 29673, 29698, 29707, 29776, 29784, 29794, 29842,
       29866, 29929, 29930, 29994, 30147, 30182, 30230, 30247, 30254,
       30282, 30313, 30324, 30334, 30396, 30403, 30415, 30480, 30488,
       30503, 30506, 30532, 30620, 30634, 30728, 30736, 30838, 30848,
       30860, 30870, 30920, 30942, 30983, 30985, 31025, 31045, 31055,
       31095, 31112, 31146, 31204, 31213, 31240, 31262, 31293, 31305,
       31311, 31365, 31412, 31416, 31432, 31459, 31538, 31539, 31547,
       31556, 31570, 31591, 31604, 31610, 31640, 31641, 31712, 31714,
       31757, 31803, 31851, 31870, 31872, 31929, 31931, 31997, 32001,
       32098, 32111, 32189, 32207, 32270, 32271, 32278, 32313, 32315,
       32326, 32343, 32374, 32377, 32378, 32430, 32433, 32452, 32491,
       32519, 32528, 32532, 32584, 32595, 32617, 32624, 32635, 32683,
       32684, 32708, 32836, 32902, 32933, 32946, 32963, 32987, 33026,
       33054, 33063, 33094, 33120, 33127, 33149, 33150, 33156, 33160,
       33193, 33205, 33208, 33267, 33286, 33292, 33293, 33320, 33349,
       33368, 33411, 33421, 33429, 33439, 33463, 33476, 33533, 33534,
       33569, 33605, 33619, 33639, 33686, 33689, 33706, 33707, 33781,
       33794, 33797, 33846, 33858, 33937, 33955, 33965, 33976, 34000,
       34103, 34186, 34199, 34210, 34226, 34250, 34251, 34259, 34265,
       34291, 34325, 34326, 34340, 34373, 34463, 34503, 34558, 34584,
       34591, 34631, 34676, 34693, 34740, 34860, 34891, 34902, 34906,
       34910, 34981, 34990, 35041, 35050, 35053, 35115, 35119, 35172,
       35269, 35322, 35332, 35339, 35367, 35380, 35406, 35453, 35482,
       35491, 35562, 35584, 35620, 35628, 35637, 35650, 35693, 35722,
       35793, 35876, 35890, 35896, 35915, 35929, 35936, 35951, 35972,
       35973, 36006, 36044, 36104, 36125, 36208, 36252, 36261, 36269,
       36273, 36298, 36351, 36385, 36395, 36399, 36443, 36476, 36614,
       36628, 36707, 36719, 36730, 36739, 36746, 36863, 36900, 36914,
       36962, 36966, 36987, 36995, 36996, 37010, 37072, 37093, 37103,
       37168, 37194, 37251, 37268, 37284, 37382, 37395, 37398, 37408,
       37441, 37447, 37451, 37464, 37467, 37469, 37535, 37545, 37550,
       37554, 37598, 37602, 37656, 37725, 37792, 37795, 37819, 37868,
       37924, 37936, 37961, 37997, 38005, 38014, 38024, 38050, 38054,
       38072, 38083, 38107, 38130, 38137, 38169, 38181, 38189, 38193,
       38227, 38286, 38287, 38294, 38319, 38344, 38351, 38356, 38372,
       38464, 38472, 38538, 38551, 38554, 38569, 38573, 38584, 38658,
       38669, 38673, 38687, 38700, 38705, 38734, 38779, 38787, 38798,
       38818, 38832, 38919, 39025, 39078, 39116, 39117, 39120, 39251,
       39265, 39339, 39351, 39385, 39392, 39427, 39448, 39496, 39499,
       39514, 39538, 39544, 39573, 39678, 39736, 39756, 39762, 39773,
       39825, 39835, 39885, 39941, 39988, 40041, 40044, 40104, 40106,
       40116, 40148, 40149, 40168, 40249, 40275, 40277, 40312, 40362,
       40368, 40406, 40463, 40481, 40546, 40559, 40571, 40572, 40586,
       40591, 40674, 40695, 40740, 40746, 40773, 40807, 40885, 40887,
       40897, 40901, 40924, 40926, 40939, 40948, 41014, 41040, 41044,
       41058, 41087, 41127, 41131, 41176, 41187, 41188, 41226, 41246,
       41303, 41307, 41359, 41370, 41377, 41394, 41401, 41421, 41443,
       41458, 41556, 41568, 41580, 41624, 41636, 41647, 41683, 41692,
       41728, 41803, 41832, 41839, 41894, 41955, 41974, 42027, 42059,
       42076, 42100, 42109, 42132, 42157, 42180, 42256, 42287, 42299,
       42323, 42354, 42365, 42412, 42436, 42444, 42447, 42451, 42500,
       42521, 42595, 42601, 42636, 42642, 42675, 42709, 42768, 42822,
       42829, 42854, 42868, 42959, 42982, 43008, 43010, 43039, 43134,
       43154, 43156, 43165, 43171, 43175, 43228, 43256, 43264, 43301,
       43312, 43319, 43335, 43361, 43428, 43468, 43501, 43510, 43536,
       43539, 43558, 43575, 43592, 43646, 43658, 43661, 43681, 43746,
       43785, 43787, 43799, 43870, 43890, 43907, 43948, 43963, 43966,
       44017, 44039, 44124, 44151, 44187, 44202, 44234, 44243, 44245,
       44252, 44267, 44271, 44308, 44350, 44440, 44469, 44471, 44503,
       44514, 44535, 44550, 44564, 44574, 44668, 44708, 44717, 44723,
       44781, 44783, 44830, 44842, 44885, 44901, 44912, 44934, 44981,
       45030, 45040, 45093, 45131, 45136, 45156, 45186, 45267, 45295,
       45319, 45338, 45367, 45406, 45407, 45462, 45472, 45491, 45505,
       45512, 45589, 45637, 45667, 45669, 45682, 45697, 45712, 45733,
       45805, 45813, 45854, 45862, 45864, 45891, 45920, 45969, 45997,
       46013, 46047, 46099, 46136, 46141, 46151, 46166, 46216, 46250,
       46299, 46330, 46342, 46343, 46352, 46359, 46379, 46451, 46452,
       46460, 46464, 46478, 46512, 46520, 46610, 46616, 46654, 46662,
       46673, 46688, 46703, 46706, 46729, 46730, 46746, 46776, 46811,
       46882, 46896, 46986, 47064, 47067, 47101, 47105, 47112, 47134,
       47159, 47166, 47266, 47329, 47361, 47382, 47418, 47427, 47442,
       47493, 47577, 47584, 47590, 47693, 47728, 47758, 47764, 47847,
       47872, 47904, 47955, 48044, 48124, 48171, 48211, 48263, 48269,
       48286, 48305, 48323, 48369, 48419, 48428, 48443, 48455, 48457,
       48462, 48517, 48533, 48539, 48607, 48609, 48617, 48641, 48721,
       48788, 48796, 48805, 48816, 48852, 48875, 48891, 48919, 48921,
       48926, 48948, 49001, 49012, 49025, 49087, 49092, 49126, 49170,
       49200, 49273, 49335, 49355, 49410, 49463]), array([   22,   104,   146,   162,   349,   461,   470,   520,   524,
         540,   582,   583,   614,   620,   660,   663,   719,   801,
         830,   844,   859,   888,   907,   913,   951,   954,  1008,
        1023,  1054,  1118,  1127,  1137,  1145,  1155,  1166,  1167,
        1183,  1249,  1270,  1289,  1339,  1355,  1391,  1408,  1441,
        1446,  1489,  1571,  1572,  1629,  1682,  1717,  1728,  1753,
        1761,  1789,  1830,  1903,  1957,  1968,  2029,  2033,  2080,
        2086,  2098,  2116,  2120,  2135,  2168,  2211,  2280,  2293,
        2340,  2348,  2354,  2394,  2401,  2422,  2516,  2517,  2529,
        2562,  2583,  2585,  2611,  2630,  2663,  2692,  2707,  2715,
        2717,  2729,  2763,  2767,  2777,  2885,  2913,  2915,  2930,
        2940,  3080,  3097,  3110,  3111,  3143,  3181,  3239,  3264,
        3294,  3323,  3343,  3385,  3408,  3440,  3493,  3559,  3601,
        3651,  3675,  3692,  3762,  3793,  3794,  3811,  3879,  3960,
        3974,  3988,  3999,  4053,  4090,  4094,  4107,  4132,  4242,
        4247,  4273,  4287,  4299,  4340,  4410,  4488,  4523,  4562,
        4676,  4688,  4831,  4896,  4918,  4922,  4963,  4973,  4997,
        5059,  5072,  5111,  5155,  5268,  5325,  5330,  5331,  5462,
        5470,  5531,  5559,  5688,  5744,  5774,  5826,  5980,  6016,
        6052,  6115,  6171,  6194,  6239,  6242,  6251,  6357,  6388,
        6415,  6474,  6475,  6530,  6602,  6659,  6713,  6914,  6976,
        6994,  7013,  7021,  7081,  7156,  7162,  7236,  7264,  7270,
        7417,  7438,  7474,  7478,  7510,  7516,  7589,  7655,  7729,
        7730,  7770,  7812,  7821,  7880,  7895,  7913,  7914,  7922,
        8008,  8123,  8170,  8177,  8269,  8271,  8280,  8285,  8348,
        8359,  8363,  8472,  8518,  8612,  8618,  8650,  8733,  8787,
        8877,  8889,  8912,  8939,  8961,  8994,  8997,  9070,  9071,
        9141,  9148,  9159,  9225,  9230,  9275,  9312,  9336,  9346,
        9364,  9388,  9404,  9409,  9414,  9428,  9569,  9586,  9588,
        9613,  9643,  9648,  9698,  9703,  9714,  9739,  9763,  9867,
        9879,  9885,  9906,  9924,  9938, 10078, 10097, 10128, 10140,
       10158, 10175, 10213, 10247, 10269, 10346, 10419, 10423, 10434,
       10452, 10453, 10536, 10537, 10604, 10694, 10698, 10727, 10818,
       10838, 10881, 10901, 10941, 10948, 11020, 11030, 11046, 11077,
       11108, 11111, 11154, 11165, 11166, 11330, 11363, 11417, 11428,
       11462, 11525, 11530, 11541, 11562, 11580, 11615, 11626, 11645,
       11716, 11799, 11822, 11856, 11875, 11894, 11945, 11954, 12028,
       12055, 12101, 12125, 12150, 12159, 12191, 12265, 12290, 12318,
       12463, 12474, 12483, 12503, 12517, 12520, 12558, 12593, 12635,
       12679, 12681, 12767, 12780, 12781, 12923, 12943, 12978, 13004,
       13023, 13042, 13205, 13207, 13267, 13278, 13280, 13315, 13327,
       13352, 13370, 13408, 13409, 13579, 13647, 13683, 13703, 13776,
       13785, 13901, 13918, 13955, 14035, 14056, 14069, 14123, 14161,
       14191, 14193, 14203, 14225, 14247, 14249, 14294, 14317, 14395,
       14434, 14454, 14472, 14556, 14557, 14617, 14633, 14723, 14763,
       14786, 14827, 14847, 14874, 14875, 14916, 14930, 14988, 15029,
       15054, 15076, 15115, 15194, 15225, 15261, 15363, 15393, 15454,
       15497, 15553, 15556, 15629, 15661, 15717, 15742, 15748, 15775,
       15782, 15800, 15901, 15905, 15959, 15985, 16033, 16056, 16150,
       16186, 16241, 16308, 16332, 16337, 16345, 16355, 16497, 16585,
       16588, 16590, 16669, 16672, 16693, 16768, 16771, 16831, 16842,
       16888, 16933, 17018, 17035, 17036, 17054, 17149, 17154, 17164,
       17269, 17376, 17377, 17379, 17398, 17400, 17418, 17420, 17435,
       17461, 17483, 17542, 17543, 17563, 17589, 17657, 17664, 17674,
       17753, 17774, 17783, 17787, 17816, 17822, 17915, 17962, 17977,
       17988, 18036, 18069, 18073, 18096, 18121, 18122, 18148, 18151,
       18159, 18205, 18234, 18241, 18315, 18356, 18400, 18415, 18462,
       18481, 18487, 18491, 18534, 18547, 18576, 18599, 18606, 18642,
       18649, 18674, 18677, 18699, 18797, 18895, 18901, 18912, 18942,
       18993, 19110, 19121, 19122, 19167, 19219, 19253, 19265, 19306,
       19311, 19358, 19395, 19407, 19503, 19547, 19621, 19666, 19677,
       19713, 19720, 19722, 19802, 19889, 19896, 19905, 19909, 19931,
       19951, 20026, 20030, 20032, 20050, 20060, 20068, 20069, 20229,
       20295, 20296, 20311, 20324, 20352, 20496, 20507, 20540, 20561,
       20589, 20615, 20715, 20761, 20797, 20820, 20893, 20911, 20912,
       20919, 20942, 21070, 21089, 21138, 21174, 21240, 21329, 21337,
       21364, 21389, 21406, 21498, 21622, 21644, 21726, 21738, 21787,
       21830, 21840, 21856, 21884, 21931, 21964, 22013, 22014, 22065,
       22125, 22130, 22133, 22134, 22157, 22244, 22296, 22316, 22340,
       22377, 22396, 22466, 22468, 22551, 22567, 22570, 22602, 22616,
       22620, 22704, 22716, 22759, 22781, 22800, 22815, 22848, 22869,
       22934, 22967, 22994, 23002, 23064, 23130, 23170, 23182, 23197,
       23214, 23217, 23236, 23268, 23275, 23280, 23304, 23326, 23329,
       23355, 23368, 23438, 23443, 23456, 23459, 23506, 23523, 23654,
       23701, 23742, 23743, 23900, 23902, 23903, 23926, 23938, 23984,
       24028, 24074, 24111, 24249, 24283, 24377, 24465, 24478, 24582,
       24589, 24629, 24700, 24723, 24823, 24880, 24901, 24969, 25043,
       25102, 25140, 25170, 25181, 25185, 25234, 25293, 25369, 25380,
       25404, 25457, 25559, 25567, 25584, 25590, 25617, 25625, 25670,
       25800, 25826, 25859, 25927, 25942, 25948, 25968, 25969, 25982,
       25983, 26038, 26072, 26087, 26135, 26136, 26146, 26210, 26248,
       26342, 26410, 26448, 26570, 26599, 26791, 26826, 26858, 26900,
       26906, 27052, 27073, 27084, 27107, 27112, 27135, 27175, 27196,
       27225, 27287, 27315, 27365, 27376, 27503, 27597, 27708, 27712,
       27756, 27890, 27937, 28001, 28015, 28128, 28151, 28202, 28229,
       28235, 28277, 28299, 28308, 28320, 28325, 28328, 28407, 28516,
       28530, 28567, 28688, 28700, 28701, 28767, 28782, 28795, 28809,
       28868, 28950, 28986, 29059, 29085, 29129, 29224, 29242, 29339,
       29353, 29369, 29391, 29434, 29450, 29535, 29562, 29583, 29668,
       29670, 29673, 29707, 29776, 29784, 29794, 29842, 29866, 29929,
       29930, 29994, 30147, 30182, 30230, 30282, 30313, 30324, 30396,
       30415, 30480, 30503, 30506, 30532, 30564, 30634, 30728, 30838,
       30860, 30911, 30983, 31025, 31055, 31146, 31213, 31226, 31246,
       31262, 31293, 31311, 31365, 31422, 31432, 31459, 31538, 31539,
       31547, 31556, 31570, 31640, 31641, 31712, 31757, 31851, 31870,
       31929, 31931, 31997, 32098, 32111, 32207, 32271, 32278, 32313,
       32315, 32326, 32343, 32374, 32377, 32378, 32430, 32433, 32519,
       32528, 32532, 32584, 32595, 32617, 32624, 32683, 32684, 32708,
       32836, 32902, 32933, 32963, 32969, 32987, 33010, 33026, 33054,
       33063, 33083, 33094, 33120, 33127, 33149, 33150, 33156, 33193,
       33205, 33208, 33267, 33292, 33293, 33349, 33411, 33429, 33439,
       33533, 33534, 33569, 33605, 33619, 33686, 33707, 33781, 33794,
       33846, 33888, 33937, 33955, 33965, 33976, 34000, 34103, 34136,
       34140, 34186, 34199, 34210, 34250, 34259, 34291, 34325, 34326,
       34503, 34558, 34584, 34591, 34631, 34693, 34740, 34772, 34860,
       34891, 34910, 34981, 34990, 35041, 35050, 35053, 35119, 35322,
       35339, 35367, 35380, 35406, 35482, 35534, 35562, 35620, 35637,
       35650, 35693, 35722, 35793, 35890, 35896, 35915, 35929, 35936,
       35972, 36090, 36125, 36159, 36208, 36261, 36269, 36273, 36298,
       36351, 36385, 36399, 36443, 36591, 36614, 36628, 36719, 36739,
       36746, 36914, 36962, 36995, 37010, 37093, 37103, 37143, 37194,
       37251, 37268, 37284, 37382, 37395, 37398, 37408, 37441, 37451,
       37464, 37469, 37550, 37598, 37602, 37651, 37792, 37795, 37819,
       37924, 37936, 37961, 37997, 38005, 38014, 38024, 38050, 38072,
       38083, 38130, 38137, 38189, 38193, 38227, 38286, 38287, 38294,
       38319, 38344, 38351, 38356, 38372, 38472, 38520, 38538, 38569,
       38573, 38658, 38669, 38673, 38687, 38705, 38734, 38779, 38787,
       38798, 38801, 38832, 39025, 39078, 39116, 39117, 39120, 39251,
       39265, 39339, 39351, 39385, 39392, 39448, 39478, 39496, 39514,
       39544, 39678, 39756, 39773, 39885, 39988, 40041, 40106, 40116,
       40148, 40149, 40168, 40275, 40277, 40312, 40362, 40546, 40559,
       40571, 40572, 40591, 40674, 40695, 40740, 40773, 40794, 40885,
       40901, 40924, 40939, 40948, 41014, 41040, 41044, 41058, 41087,
       41127, 41131, 41176, 41187, 41188, 41226, 41246, 41303, 41370,
       41377, 41401, 41421, 41443, 41458, 41556, 41568, 41579, 41580,
       41636, 41647, 41728, 41838, 41839, 41955, 41974, 42027, 42059,
       42074, 42076, 42100, 42109, 42132, 42180, 42256, 42287, 42299,
       42323, 42354, 42365, 42412, 42436, 42444, 42447, 42500, 42521,
       42595, 42642, 42675, 42743, 42771, 42829, 42854, 42959, 42982,
       43008, 43010, 43025, 43039, 43134, 43154, 43156, 43165, 43171,
       43175, 43228, 43256, 43319, 43335, 43338, 43341, 43361, 43390,
       43468, 43522, 43539, 43575, 43592, 43646, 43658, 43661, 43681,
       43746, 43890, 43907, 43929, 43948, 43963, 43966, 44017, 44039,
       44124, 44151, 44187, 44202, 44234, 44243, 44245, 44252, 44267,
       44350, 44401, 44440, 44469, 44503, 44514, 44564, 44574, 44668,
       44708, 44717, 44723, 44781, 44830, 44842, 44885, 44912, 44934,
       44981, 45030, 45093, 45131, 45156, 45186, 45244, 45295, 45305,
       45338, 45367, 45406, 45407, 45462, 45491, 45505, 45512, 45637,
       45667, 45669, 45697, 45712, 45733, 45798, 45813, 45864, 45920,
       45997, 46013, 46099, 46136, 46141, 46151, 46166, 46251, 46299,
       46330, 46343, 46352, 46359, 46379, 46451, 46452, 46460, 46512,
       46520, 46610, 46654, 46662, 46673, 46688, 46703, 46729, 46776,
       46811, 46882, 46896, 47072, 47101, 47105, 47112, 47134, 47159,
       47166, 47182, 47266, 47361, 47382, 47427, 47442, 47493, 47577,
       47584, 47693, 47764, 47847, 47872, 47904, 47955, 48044, 48124,
       48171, 48211, 48263, 48269, 48286, 48305, 48323, 48369, 48443,
       48455, 48457, 48462, 48517, 48607, 48609, 48641, 48805, 48816,
       48852, 48875, 48891, 48919, 48926, 49001, 49009, 49025, 49087,
       49092, 49126, 49170, 49200, 49258, 49273, 49335, 49355, 49410,
       49463]), array([   22,   146,   248,   349,   449,   461,   582,   583,   614,
         620,   719,   801,   830,   844,   859,   888,   907,   913,
         954,  1023,  1054,  1118,  1127,  1145,  1155,  1166,  1167,
        1183,  1270,  1355,  1408,  1441,  1489,  1571,  1629,  1728,
        1753,  1780,  1830,  1903,  1957,  1968,  2029,  2033,  2080,
        2086,  2116,  2120,  2135,  2168,  2211,  2280,  2293,  2340,
        2348,  2354,  2394,  2401,  2422,  2516,  2583,  2585,  2611,
        2630,  2663,  2707,  2715,  2717,  2729,  2763,  2852,  2885,
        2900,  2913,  2915,  2930,  3080,  3097,  3110,  3111,  3143,
        3239,  3264,  3323,  3343,  3385,  3440,  3601,  3651,  3692,
        3762,  3793,  3794,  3811,  3879,  3960,  3974,  3988,  4053,
        4090,  4094,  4107,  4149,  4197,  4242,  4247,  4287,  4299,
        4340,  4488,  4523,  4562,  4688,  4831,  4922,  4963,  4997,
        5059,  5072,  5111,  5268,  5325,  5330,  5331,  5531,  5541,
        5688,  5826,  5848,  5980,  6052,  6171,  6239,  6242,  6388,
        6415,  6474,  6475,  6530,  6602,  6713,  6976,  7013,  7021,
        7081,  7146,  7270,  7316,  7474,  7478,  7516,  7589,  7729,
        7730,  7748,  7770,  7812,  7913,  7914,  7922,  8008,  8123,
        8170,  8177,  8269,  8280,  8285,  8348,  8359,  8363,  8377,
        8612,  8618,  8650,  8733,  8740,  8787,  8889,  8912,  8931,
        8939,  8994,  8997,  9070,  9071,  9148,  9159,  9225,  9230,
        9238,  9312,  9346,  9364,  9388,  9409,  9428,  9588,  9613,
        9643,  9648,  9714,  9739,  9784,  9867,  9879,  9924, 10000,
       10051, 10078, 10097, 10128, 10140, 10158, 10213, 10247, 10269,
       10346, 10419, 10423, 10434, 10452, 10453, 10536, 10537, 10604,
       10647, 10694, 10698, 10818, 10838, 10881, 10901, 10941, 10948,
       11020, 11030, 11046, 11108, 11111, 11165, 11166, 11240, 11330,
       11363, 11370, 11417, 11428, 11525, 11541, 11562, 11580, 11615,
       11626, 11645, 11716, 11799, 11822, 11856, 11875, 11894, 11945,
       12055, 12101, 12150, 12159, 12191, 12265, 12318, 12463, 12474,
       12483, 12503, 12517, 12558, 12593, 12635, 12679, 12681, 12729,
       12767, 12781, 12923, 12943, 12998, 13004, 13042, 13167, 13207,
       13267, 13278, 13315, 13327, 13352, 13370, 13408, 13409, 13579,
       13647, 13683, 13703, 13785, 13861, 13901, 13918, 14035, 14056,
       14069, 14123, 14161, 14171, 14191, 14193, 14203, 14225, 14247,
       14294, 14308, 14317, 14327, 14395, 14434, 14454, 14472, 14557,
       14567, 14617, 14633, 14763, 14782, 14786, 14827, 14847, 14874,
       14875, 14894, 14916, 14967, 14988, 15076, 15115, 15186, 15194,
       15261, 15363, 15393, 15454, 15497, 15553, 15556, 15629, 15717,
       15748, 15782, 15901, 15959, 15976, 15985, 16033, 16186, 16241,
       16332, 16345, 16355, 16497, 16585, 16588, 16672, 16728, 16768,
       16842, 16888, 17035, 17036, 17054, 17164, 17244, 17269, 17376,
       17377, 17379, 17398, 17400, 17418, 17420, 17461, 17483, 17542,
       17543, 17563, 17589, 17753, 17774, 17783, 17787, 17816, 17822,
       17962, 17977, 17988, 18036, 18069, 18073, 18096, 18121, 18148,
       18332, 18400, 18415, 18462, 18487, 18491, 18547, 18585, 18642,
       18649, 18677, 18795, 18797, 18895, 18913, 18942, 18993, 19110,
       19122, 19167, 19306, 19311, 19407, 19503, 19621, 19666, 19677,
       19713, 19720, 19722, 19802, 19896, 19905, 19909, 19931, 19951,
       19976, 20026, 20032, 20050, 20229, 20295, 20296, 20311, 20352,
       20496, 20507, 20540, 20561, 20589, 20615, 20659, 20715, 20761,
       20820, 20911, 20919, 20942, 21046, 21070, 21089, 21138, 21174,
       21240, 21337, 21364, 21389, 21406, 21452, 21498, 21526, 21629,
       21726, 21738, 21787, 21803, 21830, 21840, 21843, 21856, 21884,
       21931, 21942, 21964, 22013, 22014, 22065, 22130, 22157, 22161,
       22244, 22296, 22340, 22377, 22536, 22551, 22567, 22570, 22602,
       22620, 22704, 22789, 22800, 22804, 22815, 22848, 22869, 22934,
       22967, 22994, 23002, 23044, 23064, 23170, 23197, 23214, 23268,
       23275, 23280, 23329, 23368, 23438, 23456, 23459, 23506, 23523,
       23654, 23674, 23742, 23743, 23926, 23938, 23984, 24028, 24074,
       24249, 24377, 24465, 24478, 24529, 24582, 24668, 24700, 24741,
       24823, 24880, 24901, 24930, 24969, 25043, 25102, 25170, 25181,
       25185, 25234, 25293, 25369, 25567, 25584, 25590, 25617, 25625,
       25670, 25800, 25859, 25927, 25948, 25968, 25969, 25983, 26073,
       26087, 26135, 26136, 26146, 26248, 26342, 26410, 26448, 26521,
       26570, 26599, 26791, 26826, 26858, 26900, 26906, 27084, 27112,
       27135, 27175, 27196, 27225, 27376, 27503, 27712, 27890, 27906,
       27937, 28015, 28128, 28229, 28277, 28299, 28308, 28320, 28325,
       28407, 28516, 28530, 28567, 28688, 28767, 28795, 28809, 28835,
       28868, 28950, 29059, 29085, 29129, 29224, 29242, 29369, 29391,
       29434, 29562, 29583, 29640, 29668, 29707, 29776, 29784, 29794,
       29842, 29929, 29930, 30182, 30282, 30313, 30324, 30396, 30415,
       30480, 30503, 30506, 30532, 30728, 30860, 31025, 31055, 31071,
       31146, 31213, 31262, 31305, 31311, 31432, 31459, 31538, 31539,
       31556, 31570, 31640, 31712, 31757, 31851, 31870, 31931, 31997,
       32098, 32111, 32207, 32271, 32278, 32313, 32315, 32326, 32343,
       32374, 32377, 32378, 32430, 32433, 32519, 32528, 32532, 32584,
       32595, 32617, 32659, 32708, 32933, 32946, 32963, 32987, 33026,
       33054, 33083, 33094, 33127, 33149, 33150, 33156, 33160, 33208,
       33292, 33293, 33349, 33411, 33429, 33533, 33619, 33686, 33781,
       33794, 33846, 33937, 33955, 34136, 34199, 34210, 34250, 34291,
       34325, 34326, 34373, 34464, 34503, 34558, 34631, 34732, 34733,
       34740, 34860, 34910, 34981, 35037, 35050, 35053, 35322, 35367,
       35380, 35406, 35453, 35482, 35620, 35650, 35722, 35876, 35896,
       35915, 35929, 35936, 35972, 36006, 36125, 36208, 36261, 36269,
       36273, 36298, 36385, 36399, 36443, 36614, 36628, 36714, 36719,
       36736, 36914, 36962, 36966, 37010, 37103, 37194, 37268, 37408,
       37441, 37451, 37464, 37469, 37554, 37598, 37602, 37651, 37725,
       37792, 37795, 37819, 37924, 37936, 37961, 38005, 38014, 38024,
       38072, 38083, 38130, 38137, 38189, 38193, 38227, 38286, 38294,
       38319, 38351, 38356, 38372, 38472, 38538, 38569, 38573, 38658,
       38669, 38673, 38705, 38734, 38787, 38832, 39025, 39078, 39117,
       39120, 39251, 39265, 39319, 39351, 39392, 39427, 39448, 39478,
       39496, 39514, 39544, 39678, 39756, 39773, 39885, 39988, 40041,
       40044, 40106, 40116, 40120, 40148, 40149, 40168, 40275, 40277,
       40312, 40362, 40463, 40559, 40572, 40591, 40674, 40695, 40773,
       40885, 40901, 40924, 40948, 41014, 41040, 41058, 41087, 41127,
       41131, 41187, 41226, 41303, 41307, 41370, 41401, 41556, 41568,
       41624, 41647, 41683, 41728, 41894, 41955, 42059, 42076, 42100,
       42109, 42132, 42180, 42256, 42287, 42299, 42323, 42354, 42365,
       42436, 42444, 42447, 42521, 42595, 42642, 42675, 42807, 42829,
       42854, 42959, 43008, 43010, 43025, 43039, 43134, 43154, 43156,
       43165, 43171, 43175, 43228, 43256, 43312, 43319, 43335, 43361,
       43468, 43539, 43558, 43575, 43592, 43646, 43658, 43661, 43746,
       43890, 43907, 43948, 43963, 44017, 44039, 44187, 44202, 44234,
       44243, 44252, 44440, 44471, 44503, 44514, 44564, 44574, 44708,
       44717, 44781, 44830, 44885, 44934, 44981, 45091, 45093, 45244,
       45295, 45338, 45367, 45406, 45407, 45462, 45491, 45505, 45637,
       45667, 45669, 45697, 45712, 45733, 45813, 45862, 45864, 45920,
       45997, 46013, 46099, 46136, 46141, 46151, 46166, 46216, 46299,
       46330, 46343, 46359, 46451, 46460, 46512, 46610, 46616, 46654,
       46673, 46688, 46703, 46729, 46776, 46811, 46882, 47067, 47101,
       47112, 47134, 47159, 47166, 47266, 47361, 47382, 47427, 47442,
       47493, 47577, 47584, 47693, 47728, 47764, 47847, 47904, 48044,
       48124, 48171, 48211, 48263, 48286, 48305, 48323, 48369, 48443,
       48455, 48517, 48607, 48641, 48805, 48852, 48875, 48891, 48919,
       48926, 49001, 49009, 49025, 49087, 49126, 49273, 49335, 49355,
       49410, 49463]), array([   22,   146,   248,   349,   520,   524,   582,   583,   614,
         620,   663,   719,   775,   801,   844,   859,   888,   913,
         954,  1023,  1054,  1118,  1127,  1145,  1155,  1166,  1167,
        1183,  1249,  1270,  1339,  1355,  1391,  1408,  1441,  1571,
        1629,  1728,  1753,  1780,  1830,  1903,  1957,  1968,  2029,
        2033,  2080,  2086,  2116,  2120,  2135,  2168,  2211,  2280,
        2340,  2354,  2394,  2401,  2422,  2516,  2583,  2585,  2611,
        2630,  2707,  2715,  2717,  2763,  2777,  2885,  2900,  2913,
        2915,  2930,  3022,  3080,  3097,  3110,  3111,  3143,  3181,
        3264,  3323,  3343,  3385,  3408,  3493,  3559,  3651,  3692,
        3762,  3793,  3794,  3811,  3879,  3974,  3988,  4053,  4090,
        4094,  4242,  4247,  4286,  4287,  4299,  4340,  4488,  4523,
        4676,  4688,  4831,  4902,  4922,  4997,  5059,  5062,  5072,
        5111,  5249,  5268,  5325,  5330,  5331,  5523,  5585,  5774,
        5826,  5848,  5980,  6016,  6052,  6171,  6194,  6239,  6242,
        6388,  6415,  6469,  6474,  6475,  6530,  6602,  6713,  6976,
        6994,  7021,  7081,  7270,  7474,  7478,  7516,  7589,  7692,
        7730,  7770,  7812,  7821,  7913,  7914,  7922,  8008,  8123,
        8170,  8280,  8285,  8348,  8359,  8363,  8377,  8612,  8618,
        8650,  8740,  8889,  8912,  8939,  8994,  8997,  9070,  9071,
        9148,  9225,  9230,  9238,  9312,  9346,  9364,  9388,  9409,
        9428,  9586,  9588,  9613,  9643,  9648,  9689,  9714,  9739,
        9763,  9784,  9867,  9879,  9906,  9924,  9938, 10012, 10078,
       10097, 10128, 10158, 10247, 10269, 10346, 10419, 10423, 10434,
       10452, 10453, 10536, 10537, 10604, 10647, 10698, 10818, 10838,
       10881, 10901, 10941, 11020, 11030, 11046, 11077, 11108, 11111,
       11165, 11240, 11330, 11363, 11417, 11428, 11525, 11562, 11580,
       11615, 11626, 11645, 11716, 11799, 11822, 11856, 11875, 11894,
       11945, 12004, 12028, 12055, 12101, 12125, 12150, 12191, 12265,
       12290, 12318, 12463, 12483, 12503, 12517, 12520, 12593, 12635,
       12679, 12764, 12923, 12943, 13004, 13042, 13167, 13207, 13278,
       13280, 13327, 13352, 13370, 13409, 13579, 13647, 13683, 13776,
       13785, 13918, 14035, 14056, 14069, 14123, 14161, 14171, 14191,
       14193, 14203, 14225, 14247, 14294, 14317, 14395, 14434, 14454,
       14472, 14557, 14567, 14633, 14763, 14782, 14786, 14827, 14847,
       14874, 14916, 14988, 15076, 15115, 15194, 15363, 15454, 15497,
       15553, 15556, 15629, 15717, 15748, 15775, 15782, 15901, 15985,
       16033, 16056, 16186, 16241, 16332, 16355, 16497, 16585, 16588,
       16672, 16728, 16768, 16842, 16888, 17036, 17164, 17269, 17376,
       17379, 17398, 17400, 17418, 17435, 17461, 17483, 17542, 17543,
       17563, 17589, 17674, 17753, 17774, 17783, 17787, 17816, 17822,
       17962, 17977, 17988, 18036, 18069, 18073, 18096, 18121, 18234,
       18332, 18356, 18415, 18462, 18481, 18487, 18491, 18547, 18576,
       18585, 18642, 18649, 18674, 18677, 18699, 18795, 18797, 18895,
       18942, 19110, 19122, 19311, 19407, 19503, 19621, 19666, 19677,
       19713, 19720, 19722, 19802, 19889, 19896, 19905, 19909, 19976,
       20026, 20032, 20068, 20229, 20295, 20296, 20311, 20352, 20496,
       20507, 20540, 20561, 20589, 20615, 20659, 20715, 20761, 20820,
       20891, 20911, 20919, 20942, 21089, 21138, 21174, 21337, 21389,
       21406, 21498, 21726, 21787, 21803, 21840, 21856, 21884, 21964,
       22014, 22065, 22125, 22130, 22179, 22196, 22244, 22296, 22340,
       22377, 22385, 22466, 22536, 22567, 22570, 22575, 22602, 22620,
       22704, 22789, 22800, 22815, 22848, 22869, 22934, 22967, 22994,
       23002, 23064, 23170, 23197, 23214, 23268, 23275, 23280, 23326,
       23329, 23368, 23438, 23459, 23506, 23523, 23654, 23742, 23743,
       23900, 23926, 23938, 23984, 24028, 24074, 24165, 24249, 24377,
       24529, 24582, 24589, 24823, 24880, 24901, 24969, 25043, 25140,
       25170, 25181, 25185, 25234, 25293, 25369, 25584, 25590, 25617,
       25625, 25670, 25800, 25826, 25859, 25927, 25948, 25968, 25982,
       25983, 26038, 26073, 26087, 26135, 26136, 26146, 26248, 26342,
       26410, 26448, 26570, 26599, 26791, 26826, 26858, 26900, 26904,
       26906, 27073, 27084, 27112, 27135, 27175, 27196, 27225, 27365,
       27500, 27503, 27597, 27708, 27890, 27937, 28015, 28128, 28229,
       28277, 28299, 28308, 28320, 28325, 28407, 28516, 28530, 28567,
       28809, 28835, 28868, 28950, 29059, 29085, 29129, 29224, 29242,
       29369, 29391, 29434, 29535, 29583, 29668, 29707, 29776, 29794,
       29842, 29874, 29929, 29930, 30147, 30182, 30282, 30313, 30324,
       30396, 30415, 30503, 30506, 30532, 30728, 30860, 30870, 30911,
       30983, 30985, 31025, 31055, 31071, 31146, 31262, 31311, 31365,
       31432, 31459, 31538, 31539, 31547, 31556, 31570, 31640, 31641,
       31712, 31757, 31851, 31870, 31929, 31931, 31997, 32098, 32111,
       32207, 32271, 32278, 32313, 32315, 32326, 32343, 32374, 32377,
       32378, 32433, 32519, 32528, 32532, 32584, 32595, 32617, 32635,
       32659, 32708, 32902, 32933, 32963, 32969, 32987, 33026, 33054,
       33083, 33094, 33127, 33149, 33150, 33156, 33160, 33292, 33293,
       33349, 33411, 33429, 33463, 33533, 33534, 33569, 33605, 33619,
       33686, 33707, 33781, 33794, 33846, 33937, 33939, 33955, 34199,
       34210, 34250, 34251, 34259, 34291, 34325, 34326, 34373, 34503,
       34558, 34631, 34733, 34740, 34860, 34910, 35050, 35119, 35322,
       35367, 35380, 35453, 35482, 35620, 35722, 35793, 35915, 35929,
       35936, 35972, 36006, 36125, 36208, 36261, 36269, 36385, 36399,
       36443, 36614, 36628, 36746, 36914, 36962, 37010, 37072, 37093,
       37103, 37194, 37251, 37268, 37284, 37395, 37398, 37408, 37441,
       37451, 37464, 37469, 37545, 37554, 37598, 37602, 37795, 37819,
       37924, 37936, 37961, 38014, 38024, 38072, 38083, 38130, 38137,
       38189, 38193, 38227, 38286, 38294, 38319, 38351, 38356, 38372,
       38464, 38538, 38569, 38573, 38658, 38669, 38673, 38705, 38734,
       38779, 38798, 38801, 38832, 39078, 39116, 39117, 39120, 39251,
       39265, 39385, 39392, 39427, 39448, 39478, 39496, 39514, 39538,
       39544, 39678, 39756, 39773, 39885, 39988, 40041, 40106, 40109,
       40116, 40120, 40149, 40168, 40275, 40312, 40362, 40463, 40546,
       40559, 40572, 40591, 40631, 40674, 40695, 40740, 40773, 40885,
       40901, 40924, 40939, 40948, 41014, 41040, 41058, 41127, 41131,
       41187, 41188, 41226, 41303, 41342, 41370, 41401, 41556, 41568,
       41624, 41647, 41683, 41728, 41839, 41894, 41955, 42059, 42076,
       42100, 42109, 42132, 42180, 42256, 42287, 42299, 42323, 42354,
       42365, 42444, 42447, 42521, 42595, 42642, 42854, 42959, 43010,
       43134, 43154, 43156, 43165, 43171, 43228, 43236, 43256, 43264,
       43312, 43319, 43522, 43539, 43575, 43592, 43646, 43658, 43661,
       43746, 43890, 43907, 43948, 43963, 43966, 44017, 44039, 44187,
       44202, 44234, 44243, 44245, 44252, 44440, 44469, 44471, 44503,
       44514, 44535, 44564, 44708, 44717, 44781, 44830, 44885, 44981,
       45091, 45093, 45156, 45295, 45305, 45319, 45338, 45367, 45407,
       45462, 45491, 45505, 45512, 45637, 45667, 45669, 45697, 45712,
       45733, 45813, 45864, 45920, 46013, 46099, 46136, 46141, 46151,
       46166, 46263, 46299, 46330, 46343, 46359, 46451, 46452, 46460,
       46512, 46610, 46616, 46662, 46673, 46688, 46703, 46729, 46730,
       46776, 46882, 47067, 47101, 47105, 47112, 47134, 47159, 47166,
       47266, 47361, 47382, 47427, 47442, 47493, 47577, 47584, 47693,
       47764, 47847, 48044, 48124, 48171, 48211, 48263, 48286, 48305,
       48323, 48443, 48455, 48607, 48641, 48805, 48816, 48852, 48875,
       48891, 48919, 48926, 49001, 49025, 49126, 49200, 49273, 49335,
       49355, 49410, 49463]), array([  349,   582,   583,   614,   620,   663,   801,   859,   888,
         913,   954,  1118,  1127,  1145,  1155,  1166,  1270,  1571,
        1629,  1728,  1753,  1903,  1957,  1968,  2086,  2120,  2168,
        2211,  2280,  2354,  2422,  2516,  2583,  2585,  2630,  2707,
        2715,  2717,  2763,  2885,  2900,  2913,  2915,  2930,  3080,
        3097,  3110,  3111,  3143,  3323,  3343,  3385,  3651,  3692,
        3793,  3794,  3811,  3988,  4090,  4242,  4287,  4340,  4488,
        4523,  4562,  4831,  4896,  4997,  5059,  5072,  5268,  5325,
        5330,  5331,  5826,  6052,  6239,  6242,  6388,  6415,  6474,
        6475,  6530,  6602,  6713,  6976,  6994,  7021,  7081,  7474,
        7516,  7589,  7664,  7730,  7812,  7913,  8008,  8123,  8348,
        8359,  8363,  8377,  8612,  8650,  8912,  9070,  9148,  9230,
        9336,  9346,  9364,  9388,  9409,  9613,  9643,  9648,  9739,
        9867,  9924, 10078, 10128, 10247, 10419, 10434, 10453, 10536,
       10537, 10604, 10818, 10838, 10881, 10941, 11020, 11046, 11108,
       11111, 11330, 11363, 11417, 11428, 11525, 11562, 11580, 11615,
       11645, 11799, 11822, 11856, 11945, 12101, 12150, 12191, 12265,
       12318, 12463, 12483, 12503, 12517, 12520, 12635, 12681, 12923,
       12943, 13004, 13042, 13207, 13267, 13278, 13280, 13327, 13352,
       13409, 13785, 14035, 14056, 14069, 14191, 14193, 14225, 14247,
       14294, 14317, 14395, 14454, 14472, 14567, 14763, 14786, 14827,
       14916, 14988, 15029, 15076, 15115, 15194, 15225, 15363, 15454,
       15497, 15556, 15717, 15782, 15901, 15985, 16355, 16497, 16585,
       16588, 16672, 16768, 16842, 16888, 17036, 17164, 17269, 17398,
       17418, 17461, 17542, 17543, 17563, 17589, 17753, 17774, 17787,
       17816, 17962, 17977, 17988, 18073, 18096, 18121, 18415, 18547,
       18797, 18942, 18993, 19110, 19122, 19311, 19407, 19503, 19713,
       19720, 19722, 19889, 19896, 20026, 20032, 20352, 20496, 20540,
       20561, 20589, 20761, 20820, 20919, 21060, 21174, 21337, 21389,
       21406, 21726, 21787, 21856, 21964, 22013, 22014, 22065, 22130,
       22134, 22157, 22377, 22567, 22570, 22800, 22815, 22848, 22869,
       22934, 23002, 23064, 23214, 23280, 23459, 23506, 23523, 23984,
       24074, 24249, 24529, 24582, 24880, 24901, 24969, 25043, 25170,
       25181, 25185, 25234, 25293, 25380, 25584, 25590, 25617, 25625,
       25800, 25859, 25927, 25948, 26087, 26248, 26342, 26410, 26448,
       26906, 27084, 27135, 27225, 27503, 27756, 27890, 27906, 27937,
       28229, 28277, 28325, 28530, 28567, 28809, 29059, 29085, 29129,
       29242, 29583, 29668, 29794, 29929, 29930, 30313, 30396, 30415,
       30506, 30860, 31025, 31055, 31146, 31213, 31262, 31311, 31432,
       31459, 31539, 31712, 31757, 31851, 32098, 32111, 32278, 32313,
       32326, 32378, 32433, 32519, 32528, 32532, 32584, 32708, 32902,
       32933, 32963, 32969, 32987, 33026, 33127, 33149, 33150, 33293,
       33349, 33411, 33429, 33463, 33619, 33781, 33937, 34136, 34199,
       34210, 34291, 34325, 34326, 34373, 34503, 34733, 34740, 34860,
       34910, 35367, 35380, 35482, 35584, 35620, 35628, 35722, 35929,
       35936, 35972, 36006, 36208, 36269, 36399, 36443, 36628, 36914,
       36962, 37103, 37194, 37408, 37441, 37464, 37469, 37554, 37795,
       37819, 37924, 37936, 38014, 38072, 38083, 38130, 38189, 38193,
       38286, 38294, 38372, 38472, 38538, 38573, 38658, 38669, 38705,
       38734, 38798, 39117, 39251, 39265, 39392, 39448, 39514, 39678,
       39756, 39885, 40041, 40116, 40149, 40168, 40312, 40362, 40572,
       40591, 40674, 40773, 40901, 40924, 40948, 41040, 41187, 41226,
       41303, 41342, 41370, 41401, 41647, 41728, 41955, 42059, 42076,
       42109, 42299, 42323, 42365, 42444, 42447, 42521, 42642, 42854,
       42959, 43154, 43156, 43165, 43171, 43256, 43539, 43575, 43646,
       43661, 43681, 43746, 43890, 43907, 43948, 43963, 44017, 44243,
       44469, 44564, 44708, 44830, 44885, 44981, 45093, 45131, 45338,
       45407, 45462, 45491, 45505, 45637, 45667, 45697, 45712, 45733,
       45813, 46141, 46151, 46166, 46330, 46343, 46452, 46460, 46610,
       46688, 46703, 46729, 46776, 46882, 47112, 47134, 47166, 47361,
       47382, 47442, 47493, 47577, 47584, 47693, 47764, 47847, 48044,
       48124, 48211, 48263, 48286, 48305, 48323, 48428, 48455, 48607,
       48852, 48875, 48891, 48919, 49001, 49126, 49273, 49355, 49410,
       49463]), array([   22,   349,   470,   524,   583,   614,   620,   801,   844,
         859,   888,   913,   954,  1023,  1054,  1127,  1145,  1155,
        1166,  1270,  1391,  1629,  1728,  1753,  1789,  1830,  1903,
        1957,  1968,  2029,  2086,  2120,  2135,  2168,  2211,  2280,
        2354,  2394,  2422,  2583,  2585,  2611,  2630,  2707,  2715,
        2717,  2885,  2900,  2913,  2915,  2930,  3080,  3097,  3110,
        3111,  3323,  3343,  3385,  3651,  3692,  3762,  3793,  3794,
        3811,  3879,  3988,  3999,  4053,  4090,  4094,  4107,  4242,
        4247,  4299,  4488,  4562,  4618,  4902,  4922,  4997,  5059,
        5268,  5325,  5330,  5331,  5462,  5826,  5980,  6052,  6239,
        6242,  6357,  6415,  6474,  6475,  6530,  6602,  6713,  6976,
        7021,  7081,  7474,  7516,  7589,  7730,  7812,  7913,  7914,
        7922,  8008,  8123,  8280,  8285,  8348,  8359,  8363,  8377,
        8612,  8618,  8650,  8787,  8912,  8939,  8994,  9070,  9071,
        9148,  9230,  9346,  9364,  9388,  9409,  9428,  9588,  9613,
        9643,  9648,  9714,  9763,  9867,  9879,  9885,  9924,  9938,
       10000, 10078, 10097, 10213, 10247, 10346, 10419, 10434, 10453,
       10536, 10537, 10604, 10818, 10881, 10941, 11020, 11030, 11046,
       11108, 11111, 11165, 11240, 11330, 11363, 11417, 11428, 11525,
       11562, 11580, 11615, 11626, 11645, 11716, 11799, 11822, 11856,
       11875, 11945, 12101, 12150, 12191, 12265, 12290, 12318, 12463,
       12483, 12503, 12517, 12520, 12593, 12635, 12679, 12681, 12764,
       12923, 12943, 13004, 13042, 13167, 13207, 13267, 13280, 13327,
       13408, 13409, 13459, 13683, 13776, 13785, 13861, 14035, 14056,
       14069, 14123, 14191, 14193, 14203, 14225, 14247, 14294, 14317,
       14395, 14434, 14454, 14472, 14557, 14567, 14763, 14786, 14827,
       14847, 14874, 14916, 14988, 15029, 15076, 15115, 15194, 15363,
       15454, 15497, 15553, 15556, 15717, 15748, 15782, 15901, 15985,
       16241, 16355, 16497, 16585, 16588, 16672, 16728, 16768, 16888,
       17035, 17154, 17244, 17269, 17376, 17398, 17418, 17483, 17542,
       17543, 17563, 17753, 17774, 17783, 17787, 17816, 17962, 17977,
       17988, 18036, 18073, 18096, 18121, 18332, 18415, 18462, 18487,
       18547, 18585, 18795, 18797, 18942, 19110, 19167, 19407, 19503,
       19621, 19677, 19713, 19720, 19722, 19802, 19889, 19896, 19931,
       20026, 20032, 20295, 20352, 20496, 20540, 20589, 20615, 20659,
       20715, 20761, 20820, 20942, 21089, 21174, 21337, 21389, 21406,
       21726, 21856, 21857, 21964, 22014, 22065, 22125, 22130, 22196,
       22296, 22340, 22377, 22468, 22536, 22567, 22570, 22602, 22704,
       22815, 22848, 22869, 22934, 22967, 23002, 23064, 23214, 23275,
       23459, 23506, 23523, 23654, 23743, 23926, 23938, 23984, 24028,
       24074, 24165, 24249, 24283, 24465, 24529, 24582, 24880, 24901,
       24969, 25043, 25102, 25170, 25181, 25234, 25293, 25369, 25380,
       25584, 25590, 25617, 25625, 25800, 25859, 25927, 25948, 25983,
       26087, 26135, 26146, 26248, 26410, 26448, 26826, 26906, 27052,
       27084, 27112, 27135, 27225, 27801, 27890, 27906, 27937, 28229,
       28277, 28299, 28308, 28530, 28567, 28795, 28809, 28846, 28868,
       28950, 29059, 29085, 29129, 29224, 29391, 29434, 29668, 29670,
       29707, 29794, 29929, 30147, 30182, 30313, 30324, 30415, 30506,
       30728, 30838, 30860, 30911, 31025, 31055, 31071, 31146, 31246,
       31262, 31311, 31432, 31459, 31640, 31641, 31712, 31757, 31851,
       31870, 32098, 32111, 32271, 32278, 32313, 32315, 32374, 32378,
       32433, 32519, 32532, 32584, 32708, 32902, 32963, 32987, 33054,
       33083, 33094, 33149, 33150, 33156, 33160, 33208, 33267, 33292,
       33293, 33349, 33411, 33429, 33533, 33619, 33794, 33846, 33937,
       33955, 34199, 34210, 34250, 34259, 34265, 34291, 34325, 34326,
       34503, 34558, 34631, 34740, 34860, 34910, 35050, 35367, 35380,
       35453, 35482, 35722, 35890, 35915, 35929, 35972, 36006, 36125,
       36208, 36269, 36399, 36443, 36614, 36628, 36914, 36962, 37010,
       37093, 37194, 37408, 37441, 37464, 37469, 37598, 37652, 37795,
       37819, 37924, 37936, 38024, 38072, 38083, 38130, 38189, 38193,
       38286, 38294, 38372, 38464, 38538, 38658, 38669, 38673, 38705,
       38734, 38832, 39117, 39385, 39392, 39448, 39514, 39544, 39756,
       39885, 40041, 40116, 40149, 40168, 40275, 40277, 40312, 40362,
       40546, 40572, 40591, 40674, 40695, 40773, 40885, 40901, 40924,
       40939, 40948, 41014, 41040, 41058, 41127, 41131, 41303, 41370,
       41401, 41405, 41556, 41568, 41636, 41647, 41728, 41955, 42059,
       42076, 42109, 42132, 42287, 42299, 42323, 42354, 42365, 42444,
       42447, 42521, 42868, 42959, 43010, 43025, 43154, 43156, 43165,
       43171, 43175, 43228, 43319, 43335, 43539, 43575, 43661, 43681,
       43746, 43890, 43907, 43948, 43963, 44017, 44187, 44243, 44469,
       44503, 44564, 44708, 44781, 44830, 44885, 44981, 45061, 45093,
       45295, 45338, 45407, 45462, 45505, 45637, 45667, 45697, 45712,
       45733, 45813, 45920, 46013, 46141, 46151, 46166, 46330, 46359,
       46451, 46452, 46460, 46512, 46610, 46673, 46688, 46703, 46729,
       46730, 46776, 46882, 47067, 47101, 47112, 47166, 47266, 47361,
       47382, 47442, 47493, 47577, 47584, 47764, 47847, 48044, 48124,
       48211, 48263, 48286, 48305, 48323, 48428, 48805, 48875, 48891,
       48919, 49001, 49025, 49126, 49212, 49273, 49355, 49463]), array([   22,   349,   461,   520,   524,   582,   583,   614,   620,
         660,   775,   801,   830,   832,   844,   859,   888,   907,
         913,   954,  1008,  1023,  1054,  1127,  1145,  1155,  1166,
        1183,  1249,  1270,  1339,  1355,  1391,  1441,  1571,  1629,
        1717,  1728,  1753,  1789,  1830,  1903,  1957,  1968,  2029,
        2033,  2086,  2116,  2120,  2135,  2168,  2211,  2280,  2293,
        2340,  2348,  2354,  2401,  2422,  2516,  2583,  2611,  2630,
        2692,  2707,  2715,  2717,  2729,  2777,  2852,  2885,  2900,
        2913,  2915,  2930,  3022,  3080,  3097,  3111,  3143,  3323,
        3343,  3385,  3408,  3440,  3493,  3559,  3560,  3675,  3680,
        3692,  3762,  3793,  3794,  3811,  3879,  3999,  4053,  4090,
        4094,  4107,  4242,  4247,  4287,  4299,  4340,  4410,  4424,
        4488,  4562,  4688,  4831,  4896,  4902,  4922,  4973,  4982,
        4997,  5020,  5059,  5111,  5180,  5268,  5325,  5330,  5331,
        5462,  5531,  5688,  5826,  5980,  6016,  6052,  6194,  6209,
        6239,  6242,  6357,  6388,  6474,  6475,  6530,  6602,  6713,
        6976,  6994,  7013,  7021,  7081,  7194,  7264,  7270,  7316,
        7474,  7516,  7589,  7730,  7770,  7821,  7913,  7914,  8008,
        8123,  8210,  8285,  8348,  8359,  8377,  8518,  8618,  8650,
        8889,  8912,  8931,  8939,  8994,  8997,  9070,  9071,  9148,
        9230,  9346,  9388,  9409,  9414,  9428,  9613,  9643,  9648,
        9703,  9714,  9739,  9763,  9867,  9879,  9885,  9924,  9938,
       10012, 10078, 10097, 10158, 10175, 10213, 10247, 10346, 10419,
       10423, 10434, 10452, 10453, 10536, 10537, 10698, 10818, 10838,
       10881, 10901, 10941, 11020, 11030, 11046, 11108, 11111, 11330,
       11363, 11417, 11428, 11525, 11562, 11580, 11615, 11626, 11645,
       11716, 11799, 11822, 11856, 11875, 11894, 11945, 12047, 12055,
       12101, 12150, 12191, 12265, 12290, 12318, 12463, 12483, 12503,
       12517, 12520, 12635, 12681, 12764, 12923, 12943, 12978, 13004,
       13042, 13207, 13315, 13327, 13409, 13647, 13776, 13785, 13955,
       14035, 14056, 14069, 14161, 14191, 14193, 14203, 14225, 14247,
       14294, 14308, 14317, 14395, 14398, 14434, 14454, 14472, 14567,
       14763, 14786, 14797, 14827, 14874, 14916, 14988, 15029, 15076,
       15115, 15186, 15194, 15285, 15363, 15454, 15497, 15553, 15556,
       15629, 15717, 15742, 15748, 15782, 15800, 15901, 15985, 16241,
       16308, 16332, 16355, 16497, 16585, 16672, 16728, 16768, 16831,
       16842, 16888, 17035, 17036, 17149, 17154, 17164, 17269, 17303,
       17376, 17379, 17398, 17418, 17420, 17480, 17483, 17542, 17543,
       17563, 17753, 17774, 17783, 17787, 17816, 17915, 17962, 17977,
       17988, 18036, 18073, 18096, 18121, 18159, 18234, 18400, 18415,
       18462, 18487, 18547, 18599, 18606, 18674, 18795, 18797, 18895,
       18912, 18942, 19110, 19167, 19311, 19345, 19407, 19503, 19547,
       19621, 19666, 19677, 19720, 19722, 19802, 19896, 19905, 19931,
       20026, 20032, 20060, 20068, 20073, 20229, 20295, 20324, 20352,
       20496, 20507, 20540, 20561, 20589, 20615, 20659, 20715, 20761,
       20820, 20919, 20942, 21089, 21138, 21174, 21337, 21389, 21406,
       21498, 21726, 21803, 21830, 21840, 21856, 21857, 21964, 22013,
       22065, 22124, 22125, 22130, 22134, 22244, 22316, 22340, 22377,
       22466, 22468, 22536, 22551, 22567, 22570, 22575, 22602, 22704,
       22732, 22781, 22789, 22800, 22815, 22848, 22869, 22934, 22967,
       23002, 23044, 23064, 23197, 23214, 23268, 23275, 23304, 23368,
       23438, 23459, 23506, 23523, 23654, 23742, 23743, 23900, 23926,
       23938, 23984, 24028, 24074, 24249, 24283, 24377, 24478, 24529,
       24546, 24582, 24723, 24741, 24823, 24880, 24901, 24930, 24969,
       25140, 25170, 25181, 25185, 25257, 25293, 25564, 25567, 25584,
       25590, 25617, 25625, 25800, 25859, 25927, 25948, 25968, 25969,
       25983, 26087, 26135, 26146, 26248, 26326, 26342, 26410, 26448,
       26826, 26900, 26906, 27052, 27084, 27112, 27135, 27196, 27225,
       27559, 27597, 27801, 27890, 27937, 28015, 28229, 28277, 28407,
       28567, 28701, 28767, 28795, 28809, 28835, 28950, 28957, 29059,
       29085, 29129, 29434, 29562, 29625, 29668, 29670, 29707, 29776,
       29794, 29874, 29994, 30147, 30182, 30282, 30313, 30324, 30415,
       30503, 30605, 30728, 30838, 30854, 30860, 30985, 31025, 31045,
       31055, 31071, 31146, 31226, 31246, 31262, 31311, 31365, 31432,
       31459, 31538, 31570, 31640, 31641, 31712, 31757, 31851, 31870,
       32098, 32111, 32207, 32278, 32313, 32315, 32374, 32491, 32519,
       32528, 32532, 32584, 32595, 32617, 32635, 32684, 32708, 32963,
       32969, 32987, 33054, 33083, 33094, 33127, 33149, 33150, 33156,
       33160, 33208, 33267, 33292, 33293, 33349, 33368, 33411, 33429,
       33533, 33569, 33605, 33619, 33686, 33707, 33781, 33794, 33846,
       33937, 33955, 34199, 34210, 34259, 34265, 34291, 34325, 34326,
       34463, 34503, 34558, 34584, 34631, 34732, 34733, 34740, 34772,
       34860, 34910, 34981, 35050, 35119, 35322, 35339, 35367, 35380,
       35453, 35482, 35534, 35722, 35793, 35890, 35915, 35929, 35972,
       36006, 36125, 36208, 36218, 36269, 36385, 36399, 36443, 36560,
       36614, 36628, 36707, 36914, 36962, 36995, 37010, 37072, 37103,
       37194, 37251, 37284, 37364, 37382, 37395, 37408, 37451, 37464,
       37469, 37598, 37602, 37652, 37792, 37795, 37819, 37924, 37936,
       37961, 38014, 38024, 38072, 38083, 38130, 38137, 38189, 38193,
       38286, 38287, 38294, 38351, 38356, 38372, 38472, 38538, 38569,
       38658, 38669, 38673, 38705, 38734, 38801, 38832, 39078, 39116,
       39117, 39251, 39385, 39392, 39414, 39448, 39478, 39496, 39514,
       39678, 39756, 39885, 40041, 40109, 40116, 40149, 40168, 40298,
       40362, 40546, 40559, 40572, 40591, 40674, 40706, 40740, 40773,
       40885, 40901, 40924, 40926, 40939, 40948, 41014, 41040, 41058,
       41127, 41131, 41303, 41342, 41370, 41401, 41443, 41556, 41636,
       41647, 41683, 41728, 41955, 41974, 42059, 42076, 42100, 42109,
       42256, 42287, 42299, 42354, 42365, 42444, 42447, 42500, 42521,
       42601, 42642, 42680, 42743, 42854, 42868, 42959, 43008, 43010,
       43025, 43134, 43154, 43156, 43165, 43171, 43228, 43236, 43319,
       43335, 43522, 43539, 43575, 43661, 43785, 43890, 43907, 43948,
       43963, 44017, 44039, 44187, 44202, 44234, 44243, 44503, 44514,
       44535, 44564, 44708, 44781, 44830, 44842, 44885, 44912, 44981,
       45091, 45093, 45131, 45295, 45305, 45338, 45367, 45406, 45411,
       45459, 45462, 45505, 45596, 45637, 45667, 45669, 45697, 45712,
       45733, 45813, 45920, 46099, 46141, 46151, 46166, 46299, 46330,
       46343, 46359, 46451, 46452, 46460, 46512, 46610, 46616, 46654,
       46673, 46688, 46703, 46729, 46730, 46776, 46882, 47067, 47112,
       47166, 47266, 47361, 47382, 47442, 47493, 47577, 47584, 47764,
       47847, 48044, 48124, 48171, 48211, 48263, 48286, 48305, 48428,
       48455, 48607, 48641, 48721, 48875, 48891, 48919, 49001, 49009,
       49126, 49200, 49212, 49258, 49273, 49355, 49410, 49463]), array([   22,   124,   349,   461,   520,   524,   582,   583,   614,
         620,   660,   775,   801,   830,   844,   859,   888,   907,
         911,   913,   954,  1008,  1023,  1054,  1127,  1145,  1155,
        1166,  1183,  1249,  1270,  1339,  1355,  1391,  1441,  1571,
        1629,  1728,  1753,  1830,  1903,  1957,  1968,  2029,  2033,
        2086,  2098,  2120,  2135,  2168,  2211,  2280,  2293,  2340,
        2348,  2354,  2394,  2401,  2422,  2516,  2583,  2611,  2630,
        2663,  2692,  2707,  2715,  2717,  2729,  2777,  2885,  2900,
        2913,  2915,  2930,  2940,  3022,  3080,  3097,  3111,  3263,
        3323,  3343,  3385,  3493,  3559,  3560,  3651,  3675,  3680,
        3692,  3762,  3793,  3794,  3811,  3879,  3960,  3999,  4053,
        4090,  4094,  4242,  4247,  4287,  4299,  4340,  4410,  4424,
        4488,  4562,  4676,  4688,  4831,  4902,  4922,  4973,  4997,
        5059,  5111,  5180,  5268,  5305,  5325,  5330,  5331,  5462,
        5531,  5585,  5688,  5980,  6016,  6052,  6194,  6209,  6215,
        6239,  6242,  6357,  6388,  6415,  6474,  6475,  6530,  6602,
        6659,  6713,  6859,  6976,  6994,  7013,  7021,  7081,  7194,
        7264,  7270,  7316,  7474,  7478,  7510,  7516,  7589,  7730,
        7770,  7821,  7871,  7913,  7914,  7993,  8008,  8123,  8269,
        8285,  8348,  8359,  8363,  8377,  8612,  8618,  8650,  8889,
        8912,  8939,  8994,  8997,  9070,  9071,  9079,  9148,  9225,
        9230,  9346,  9364,  9388,  9409,  9414,  9428,  9613,  9643,
        9648,  9703,  9714,  9763,  9867,  9879,  9885,  9924,  9938,
       10000, 10078, 10097, 10120, 10158, 10175, 10213, 10247, 10346,
       10419, 10423, 10434, 10453, 10536, 10537, 10698, 10818, 10838,
       10881, 10901, 10941, 11020, 11030, 11046, 11108, 11111, 11165,
       11330, 11363, 11417, 11428, 11525, 11541, 11562, 11580, 11615,
       11626, 11645, 11716, 11799, 11822, 11856, 11875, 11894, 11945,
       12004, 12028, 12047, 12055, 12101, 12150, 12159, 12191, 12265,
       12290, 12318, 12463, 12483, 12503, 12517, 12520, 12635, 12681,
       12764, 12923, 12943, 12978, 13004, 13042, 13207, 13278, 13315,
       13327, 13370, 13408, 13409, 13683, 13776, 13785, 13918, 14035,
       14056, 14069, 14161, 14171, 14191, 14193, 14203, 14225, 14249,
       14294, 14317, 14395, 14398, 14434, 14454, 14472, 14567, 14763,
       14786, 14797, 14827, 14874, 14916, 14930, 14988, 15029, 15076,
       15115, 15186, 15194, 15363, 15454, 15497, 15553, 15556, 15629,
       15717, 15782, 15800, 15901, 15985, 16241, 16308, 16332, 16355,
       16497, 16585, 16588, 16672, 16728, 16831, 16842, 16888, 17018,
       17035, 17036, 17149, 17154, 17269, 17376, 17379, 17398, 17418,
       17483, 17542, 17543, 17563, 17753, 17774, 17783, 17787, 17816,
       17915, 17962, 17977, 17988, 18036, 18073, 18096, 18121, 18151,
       18159, 18234, 18241, 18400, 18415, 18462, 18487, 18547, 18585,
       18674, 18713, 18795, 18797, 18866, 18912, 18942, 19110, 19167,
       19311, 19345, 19370, 19407, 19503, 19547, 19621, 19666, 19677,
       19720, 19722, 19802, 19896, 19905, 19909, 19931, 20026, 20032,
       20060, 20068, 20229, 20295, 20352, 20496, 20507, 20540, 20561,
       20589, 20615, 20659, 20715, 20761, 20820, 20919, 20942, 21089,
       21138, 21174, 21240, 21337, 21389, 21406, 21498, 21726, 21734,
       21803, 21830, 21840, 21843, 21856, 21857, 21964, 22013, 22014,
       22065, 22125, 22130, 22134, 22244, 22296, 22316, 22340, 22377,
       22468, 22536, 22551, 22567, 22570, 22602, 22704, 22732, 22781,
       22800, 22815, 22848, 22869, 22934, 22967, 23002, 23064, 23197,
       23214, 23268, 23275, 23368, 23438, 23443, 23459, 23506, 23523,
       23654, 23742, 23743, 23900, 23926, 23938, 23984, 24028, 24074,
       24127, 24249, 24283, 24377, 24465, 24529, 24582, 24629, 24723,
       24741, 24823, 24880, 24901, 24930, 24969, 25170, 25181, 25185,
       25293, 25380, 25564, 25567, 25584, 25590, 25617, 25625, 25670,
       25800, 25859, 25927, 25948, 25950, 25968, 25969, 25982, 25983,
       26072, 26087, 26135, 26146, 26201, 26248, 26249, 26342, 26410,
       26448, 26826, 26858, 26900, 26906, 27052, 27084, 27112, 27135,
       27196, 27225, 27315, 27328, 27395, 27500, 27559, 27597, 27708,
       27890, 27937, 28015, 28229, 28277, 28407, 28516, 28567, 28795,
       28809, 28835, 28846, 28950, 28957, 29059, 29085, 29129, 29369,
       29391, 29395, 29434, 29562, 29583, 29625, 29668, 29670, 29707,
       29776, 29794, 29842, 29874, 29984, 30147, 30182, 30282, 30313,
       30324, 30396, 30415, 30503, 30532, 30631, 30728, 30838, 30854,
       30860, 30983, 30985, 31025, 31045, 31055, 31071, 31146, 31246,
       31262, 31311, 31321, 31365, 31432, 31459, 31538, 31539, 31570,
       31577, 31640, 31641, 31712, 31757, 31851, 31870, 32098, 32111,
       32207, 32278, 32313, 32315, 32374, 32377, 32378, 32433, 32491,
       32519, 32532, 32584, 32595, 32617, 32635, 32659, 32684, 32708,
       32933, 32963, 32969, 32987, 33054, 33083, 33094, 33149, 33150,
       33156, 33160, 33208, 33292, 33293, 33349, 33411, 33429, 33533,
       33569, 33605, 33619, 33794, 33846, 33937, 33955, 34000, 34186,
       34199, 34210, 34291, 34321, 34325, 34326, 34373, 34463, 34503,
       34558, 34584, 34631, 34732, 34733, 34740, 34772, 34860, 34910,
       35050, 35119, 35339, 35367, 35380, 35482, 35617, 35722, 35793,
       35890, 35915, 35929, 35972, 36006, 36125, 36208, 36261, 36269,
       36273, 36399, 36443, 36560, 36614, 36628, 36739, 36914, 36962,
       37010, 37072, 37103, 37194, 37268, 37284, 37364, 37382, 37395,
       37408, 37464, 37469, 37598, 37602, 37651, 37652, 37795, 37819,
       37924, 37936, 37961, 38014, 38024, 38072, 38083, 38130, 38137,
       38189, 38193, 38286, 38287, 38294, 38351, 38356, 38372, 38472,
       38538, 38569, 38573, 38658, 38669, 38673, 38705, 38734, 38748,
       38801, 38832, 39116, 39117, 39251, 39351, 39385, 39392, 39414,
       39448, 39467, 39478, 39496, 39514, 39644, 39756, 39885, 39967,
       39988, 40041, 40101, 40106, 40109, 40116, 40149, 40160, 40168,
       40255, 40275, 40312, 40362, 40463, 40546, 40559, 40572, 40591,
       40674, 40695, 40706, 40740, 40773, 40794, 40885, 40901, 40924,
       40926, 40939, 40948, 41014, 41040, 41058, 41127, 41131, 41303,
       41342, 41370, 41401, 41556, 41568, 41579, 41636, 41647, 41683,
       41728, 41955, 42059, 42076, 42100, 42109, 42180, 42256, 42287,
       42299, 42323, 42354, 42365, 42412, 42447, 42500, 42521, 42601,
       42642, 42743, 42807, 42829, 42854, 42959, 43008, 43010, 43025,
       43154, 43156, 43165, 43171, 43228, 43319, 43335, 43341, 43468,
       43522, 43539, 43575, 43592, 43658, 43661, 43746, 43890, 43907,
       43948, 43963, 43978, 44039, 44187, 44202, 44234, 44243, 44469,
       44503, 44514, 44535, 44564, 44574, 44668, 44708, 44830, 44842,
       44885, 44901, 44912, 44981, 45093, 45131, 45295, 45305, 45338,
       45411, 45462, 45505, 45596, 45637, 45667, 45669, 45697, 45712,
       45733, 45798, 45813, 45920, 46141, 46151, 46166, 46263, 46299,
       46330, 46359, 46451, 46452, 46460, 46512, 46610, 46616, 46654,
       46673, 46688, 46703, 46729, 46730, 46776, 46882, 47105, 47112,
       47166, 47182, 47266, 47361, 47382, 47442, 47493, 47577, 47584,
       47764, 47847, 48044, 48171, 48211, 48263, 48286, 48305, 48323,
       48428, 48455, 48607, 48609, 48641, 48721, 48805, 48875, 48891,
       48919, 49001, 49009, 49212, 49273, 49355, 49410, 49463]), array([   22,   124,   163,   349,   461,   520,   524,   582,   583,
         614,   620,   660,   775,   801,   830,   832,   844,   859,
         888,   907,   911,   913,   954,  1008,  1023,  1054,  1127,
        1145,  1155,  1166,  1183,  1249,  1270,  1339,  1355,  1391,
        1441,  1571,  1629,  1728,  1753,  1789,  1830,  1903,  1957,
        1968,  2029,  2033,  2086,  2110,  2116,  2120,  2135,  2168,
        2211,  2280,  2293,  2340,  2348,  2354,  2401,  2422,  2516,
        2583,  2611,  2630,  2663,  2676,  2692,  2707,  2715,  2717,
        2729,  2777,  2885,  2913,  2915,  2930,  3022,  3080,  3097,
        3111,  3143,  3323,  3343,  3385,  3408,  3493,  3559,  3560,
        3601,  3675,  3680,  3692,  3762,  3793,  3794,  3811,  3879,
        3960,  3999,  4053,  4090,  4094,  4190,  4242,  4247,  4287,
        4299,  4340,  4410,  4424,  4488,  4562,  4618,  4676,  4688,
        4761,  4831,  4896,  4902,  4922,  4963,  4973,  4981,  4997,
        5059,  5062,  5072,  5111,  5155,  5180,  5268,  5305,  5325,
        5330,  5331,  5462,  5531,  5688,  5774,  5980,  6016,  6052,
        6194,  6239,  6242,  6357,  6388,  6474,  6475,  6530,  6602,
        6659,  6713,  6859,  6976,  6994,  7013,  7021,  7081,  7090,
        7194,  7264,  7270,  7277,  7316,  7474,  7510,  7516,  7589,
        7730,  7748,  7770,  7821,  7895,  7913,  7914,  8123,  8177,
        8269,  8280,  8285,  8348,  8359,  8363,  8377,  8518,  8612,
        8618,  8650,  8889,  8912,  8939,  8994,  8997,  9070,  9071,
        9079,  9148,  9225,  9230,  9238,  9346,  9388,  9404,  9409,
        9414,  9428,  9613,  9643,  9648,  9689,  9703,  9714,  9739,
        9763,  9867,  9879,  9885,  9906,  9924,  9938, 10000, 10012,
       10030, 10078, 10097, 10158, 10175, 10213, 10247, 10269, 10346,
       10419, 10423, 10434, 10452, 10453, 10536, 10537, 10594, 10647,
       10698, 10807, 10818, 10838, 10881, 10901, 10941, 11020, 11030,
       11046, 11108, 11111, 11240, 11330, 11363, 11417, 11428, 11525,
       11541, 11562, 11580, 11615, 11626, 11645, 11716, 11799, 11822,
       11856, 11875, 11894, 11945, 12004, 12028, 12047, 12055, 12101,
       12150, 12159, 12191, 12265, 12290, 12318, 12463, 12483, 12503,
       12517, 12520, 12593, 12594, 12635, 12642, 12681, 12729, 12764,
       12923, 12943, 12978, 13004, 13042, 13167, 13207, 13267, 13278,
       13315, 13327, 13370, 13408, 13409, 13647, 13683, 13776, 13785,
       13955, 14035, 14056, 14069, 14161, 14171, 14191, 14193, 14203,
       14225, 14247, 14294, 14308, 14317, 14395, 14398, 14434, 14454,
       14472, 14567, 14763, 14786, 14827, 14874, 14916, 14930, 14988,
       15029, 15076, 15115, 15186, 15194, 15363, 15454, 15497, 15503,
       15553, 15556, 15629, 15717, 15742, 15775, 15782, 15800, 15878,
       15901, 15985, 16056, 16241, 16308, 16332, 16345, 16355, 16497,
       16585, 16672, 16728, 16768, 16831, 16842, 16888, 17018, 17035,
       17036, 17149, 17154, 17269, 17376, 17379, 17398, 17418, 17420,
       17461, 17480, 17483, 17542, 17543, 17563, 17589, 17753, 17774,
       17783, 17787, 17816, 17844, 17915, 17962, 17977, 17988, 18036,
       18073, 18096, 18121, 18151, 18159, 18205, 18234, 18241, 18332,
       18400, 18415, 18462, 18487, 18547, 18576, 18606, 18674, 18713,
       18795, 18797, 18912, 18942, 19110, 19167, 19311, 19345, 19370,
       19407, 19503, 19510, 19547, 19621, 19666, 19677, 19713, 19720,
       19722, 19802, 19896, 19905, 19909, 19931, 20026, 20032, 20060,
       20068, 20229, 20352, 20496, 20507, 20540, 20561, 20589, 20615,
       20659, 20715, 20761, 20820, 20919, 20942, 21089, 21138, 21174,
       21337, 21389, 21406, 21498, 21726, 21749, 21787, 21803, 21840,
       21843, 21856, 21857, 21931, 21942, 21964, 22013, 22065, 22124,
       22125, 22130, 22134, 22196, 22244, 22296, 22316, 22340, 22377,
       22385, 22468, 22536, 22567, 22570, 22575, 22602, 22704, 22732,
       22781, 22789, 22800, 22815, 22818, 22848, 22869, 22934, 22967,
       23002, 23044, 23064, 23197, 23214, 23268, 23275, 23304, 23438,
       23443, 23459, 23506, 23523, 23654, 23742, 23743, 23926, 23938,
       23984, 24028, 24074, 24230, 24249, 24283, 24377, 24478, 24529,
       24582, 24589, 24629, 24650, 24723, 24741, 24880, 24901, 24930,
       24969, 25102, 25170, 25181, 25185, 25235, 25293, 25369, 25564,
       25567, 25584, 25590, 25617, 25625, 25670, 25800, 25826, 25859,
       25927, 25948, 25968, 25969, 25982, 25983, 26073, 26087, 26135,
       26146, 26201, 26248, 26342, 26410, 26448, 26826, 26858, 26900,
       26906, 26909, 27052, 27084, 27112, 27135, 27196, 27225, 27315,
       27328, 27376, 27395, 27500, 27559, 27597, 27708, 27890, 27906,
       27937, 28015, 28182, 28229, 28277, 28308, 28320, 28407, 28516,
       28567, 28701, 28782, 28795, 28809, 28835, 28846, 28950, 28957,
       29059, 29085, 29129, 29224, 29304, 29369, 29434, 29562, 29625,
       29668, 29670, 29707, 29776, 29794, 29874, 29984, 30147, 30182,
       30282, 30313, 30324, 30396, 30415, 30488, 30503, 30631, 30728,
       30736, 30838, 30854, 30860, 30983, 30985, 31021, 31025, 31045,
       31055, 31071, 31146, 31226, 31246, 31262, 31311, 31346, 31365,
       31432, 31459, 31538, 31539, 31570, 31577, 31640, 31641, 31683,
       31712, 31757, 31851, 31870, 32098, 32111, 32207, 32278, 32313,
       32315, 32374, 32377, 32378, 32491, 32519, 32528, 32532, 32584,
       32595, 32617, 32635, 32659, 32684, 32708, 32902, 32933, 32963,
       32969, 33054, 33083, 33094, 33127, 33149, 33150, 33156, 33160,
       33208, 33267, 33292, 33293, 33349, 33411, 33429, 33463, 33533,
       33569, 33590, 33605, 33619, 33707, 33794, 33846, 33870, 33937,
       33955, 34000, 34189, 34199, 34210, 34259, 34265, 34291, 34309,
       34325, 34326, 34503, 34558, 34584, 34631, 34635, 34732, 34733,
       34740, 34772, 34860, 34910, 35050, 35119, 35322, 35339, 35367,
       35380, 35453, 35482, 35534, 35722, 35793, 35890, 35915, 35929,
       35972, 36006, 36044, 36125, 36208, 36269, 36273, 36385, 36399,
       36443, 36614, 36628, 36739, 36746, 36914, 36962, 36987, 37010,
       37072, 37103, 37194, 37251, 37268, 37284, 37364, 37382, 37395,
       37408, 37464, 37469, 37598, 37602, 37651, 37652, 37795, 37819,
       37924, 37936, 37961, 38014, 38024, 38072, 38083, 38130, 38137,
       38156, 38189, 38193, 38286, 38287, 38294, 38344, 38351, 38356,
       38372, 38472, 38538, 38569, 38658, 38669, 38705, 38734, 38801,
       38832, 39116, 39117, 39251, 39351, 39385, 39392, 39414, 39448,
       39467, 39478, 39496, 39514, 39644, 39678, 39756, 39885, 39988,
       40041, 40101, 40109, 40116, 40120, 40149, 40168, 40275, 40362,
       40559, 40572, 40591, 40674, 40740, 40773, 40794, 40885, 40901,
       40924, 40926, 40939, 40948, 41014, 41040, 41044, 41058, 41127,
       41131, 41226, 41303, 41307, 41342, 41370, 41377, 41401, 41443,
       41556, 41568, 41579, 41636, 41647, 41683, 41728, 41955, 41974,
       42059, 42076, 42100, 42109, 42256, 42287, 42299, 42323, 42354,
       42365, 42412, 42444, 42447, 42500, 42521, 42601, 42642, 42680,
       42743, 42768, 42807, 42854, 42868, 42959, 43008, 43010, 43046,
       43134, 43154, 43156, 43165, 43171, 43228, 43236, 43264, 43319,
       43335, 43341, 43390, 43468, 43522, 43539, 43575, 43592, 43661,
       43746, 43785, 43819, 43890, 43907, 43948, 43963, 43978, 44017,
       44039, 44151, 44187, 44202, 44243, 44469, 44503, 44514, 44535,
       44564, 44574, 44668, 44708, 44717, 44781, 44830, 44842, 44885,
       44901, 44912, 44981, 45091, 45093, 45131, 45295, 45305, 45338,
       45367, 45406, 45411, 45462, 45505, 45589, 45596, 45637, 45667,
       45669, 45697, 45712, 45733, 45798, 45813, 45920, 46099, 46141,
       46151, 46166, 46263, 46299, 46330, 46343, 46359, 46451, 46452,
       46460, 46512, 46610, 46616, 46654, 46673, 46688, 46703, 46729,
       46730, 46776, 46882, 47101, 47105, 47112, 47166, 47182, 47266,
       47361, 47382, 47442, 47493, 47577, 47584, 47764, 47847, 48044,
       48171, 48211, 48263, 48286, 48305, 48428, 48455, 48607, 48609,
       48641, 48721, 48852, 48875, 48891, 48919, 49001, 49009, 49126,
       49212, 49258, 49273, 49335, 49355, 49410, 49463])]
