[array([19203, 16339, 33064, 16821, 16856, 16994, 17007,  1989, 48656,
       17960, 41797,   189, 18269, 18762, 41500, 41054, 41021, 19942,
       40879, 20299, 20546, 20731, 20765, 18579, 20859, 15866, 15515,
       11221, 44714, 11563, 11682, 11794, 48387, 12287, 12289, 44260,
       12649, 15520, 43999, 33538, 13446, 13453, 13457, 13916, 43419,
       35255, 35257, 14498, 33296, 43936, 20921, 21082,  1496, 38347,
       26269,   964, 26402, 38058, 31287, 37964, 36177, 28148, 28274,
       26186, 28879, 29109, 31052, 29259, 49248, 29606, 29626, 30952,
       29766, 29904, 30405, 29082, 25907, 36130, 25628, 21681, 48881,
       40194, 40115, 39950, 22550, 22947, 23018, 39675, 23172, 39519,
       23641, 23970,  1245, 24438, 39071, 39069, 38995, 24760, 24934,
       36084, 36111, 25470, 44785, 10983, 17928, 47558, 34679, 48114,
        3708,  7302,  5047,  9334,  3105, 49469, 34054,  7836, 45629,
       34935,  9069, 47349, 47794,  4935,  4914, 45754,  2984, 47505,
       46028,  8385,  4534,  8246,  3501, 10041, 45552, 47065, 10863,
        5817, 10215, 47148, 34257,  2775, 46702, 32450, 26394,  3392,
       19213, 18927, 19055, 18996, 23613, 41425,  6555, 39057, 19545,
       38128, 19625, 26650, 24835, 48942, 24166, 32757, 17983, 37863,
        8201, 37927, 41765, 39229, 26720, 18199, 18366, 48696, 37988,
       34999, 26975, 41522, 26894,  5755, 46004, 39561, 26084, 34266,
       21256, 48854, 21323, 38756,  5196, 25213, 47211,  6797, 31495,
       21729,  1467, 40128, 38866, 47190, 47184, 34193, 36060, 21167,
       35932, 21159, 25360, 39863, 23071,  6640, 20092, 20126, 20142,
       32297, 31360, 31769,  3096, 23036, 47345, 38565, 35519,  6655,
       20898, 40583, 48846, 25951, 24208, 31624, 10358,  2893, 12421,
       12386, 14431, 48503, 12374, 47981, 30113, 48241, 43296, 29592,
       14718,  2257, 10236, 29283, 42953, 30171,  2797, 47879, 43548,
       13034, 12738, 10005, 13230, 44089, 13238,  9552, 14137, 45498,
       13564, 13588, 13875,  9381, 12683, 49254, 12553, 43781, 15469,
       12743,  2174, 47804, 45101, 42185, 17217, 17305, 42086, 45975,
       47605, 36429, 42047, 10872, 11055, 17608, 10877, 17853, 35442,
       10377, 11752, 28397,  9032, 44329, 15888, 47776,   667, 11795,
       44345, 29018,  2114,   191, 16303, 28687, 11836, 36524, 24516,
       36401, 36674, 24870,  3535, 30624, 24655, 30619, 27360, 25725,
       29835, 37810, 37731, 27218, 27829, 27842, 27991,   755, 47520,
       28219, 28258,  4237, 28310, 28478, 47750, 38188, 28903, 47360,
       38416,   626,  3871, 25991, 38481, 47333, 27416, 47857, 25595,
        5148, 36809, 36795, 25136, 44876, 20363, 39198, 15994, 42623,
       16220,  8973,  8946,  2096, 16459, 16521,  8441, 42295, 45953,
       17077, 17413, 17422,  1982, 17445, 17555, 17707, 30780, 41848,
       45982,  2146, 15881,  2177, 15634, 10826, 11557, 10602, 11981,
       44336, 48392, 44249, 44222, 12711, 12712, 41818,  9945,  9603,
       13617, 14040, 14183, 14293,  9160, 43272, 43212, 15084, 15258,
       13334, 18033, 48679, 41744, 46525, 21145,  1545, 21546, 40302,
        6910, 21677, 40247,  6766, 40127, 40588,  6664, 22718,  1386,
        1371, 39696, 23576, 23665, 23916, 46719,  5880, 39280, 22381,
       24207, 40628,  7513, 18479, 18588, 48713,  8165, 18875, 18918,
       48731, 41365, 41289, 19386, 46297, 19404, 19511, 19530,  7946,
       19835, 19873,  7667, 10910, 20385, 20630, 20698, 19477, 30788,
       47952, 34659, 33740, 34389, 35515, 32250, 36023, 35209, 31342,
       33227, 35323, 49496, 32599, 35128, 36353, 31990, 36183, 33687,
       35133, 33751, 25490, 33755, 21160, 26530, 32045, 21080, 48353,
       37082, 20743, 29035, 10884, 44446, 40823, 44393, 40849,  2558,
       28858,  2649, 10704, 45184, 49236,  8086,    62, 35002, 22720,
        8533,  8551, 30944, 45790, 26263, 29681, 45623,  9138, 10621,
       45588, 36876, 45528,  9462, 38277, 40257, 49456,  9636, 48271,
       21632, 33863, 31015, 40363,  9253, 44328, 12624, 44238, 48692,
       18321, 41718, 15165, 15196, 27979, 15210, 15297, 37620, 42912,
       15527, 48519, 31208, 15555, 42722, 31247, 32783, 16004, 32809,
       16175, 42593, 42368, 49157, 32995, 42861, 38079,   863, 48706,
       12484, 37289, 22983, 48420, 12784, 28551, 12918, 12956, 28417,
       26984, 19402, 18531, 13444, 13541, 13543, 27060, 43582,  1784,
        2329, 37941, 14449, 14601, 32643, 14739, 41308, 34053, 10573,
       37746,  4680, 46432,  3144, 48937, 24829,  4804, 39501, 39465,
        6771,  4816, 31658,  4847, 25962, 31728, 30531,  6370,  6312,
       30289, 34288,  6000,  6061, 34885, 36561, 48009, 30232, 23894,
        6131, 31608,  5328, 39047,  5287, 24428, 38875, 34890, 31410,
       47989, 34657, 25299, 26093, 23218, 23138,  1047, 38720, 25071,
       25459, 44005, 28475, 42580, 35657, 25315,  5337, 30789,  5298,
       27697, 41268, 12261,  5228, 30494, 43752, 34395, 28791,  5382,
       44038, 48070, 19764, 12286, 19749, 36583,  3723, 36572, 26951,
       33594, 24314, 19603, 32394, 19159,  2017, 17178, 37737, 33435,
       48672, 42978, 15607,  4807, 43173, 18480, 41637, 41654,   221,
        4790, 18520,  4002, 42867, 43074,   350, 36076,   787, 38568,
        4554, 27917, 25753,  4808, 25663,  1132, 48474, 38982, 13963,
       24733, 32581, 38752, 24739,  2151, 17524,  1071, 33404, 18869,
       24778, 24819, 14533,  4944, 25275, 32775, 27753, 19138, 47401,
       26144, 21414, 23200, 45087, 10555, 22306, 48612, 21374,    47,
       39994, 44949, 21262, 44905,  6455, 48097, 29202,  9251, 11143,
       11156, 21411, 48242,  6742, 10283, 38456, 33936,  7178, 38452,
        9429,  7315,  7170, 40181, 34097, 49073,  1003,  9653, 46561,
        7357, 35862, 21588, 39458, 21486, 22223, 29177,  6348, 38345,
       46249,  2615, 20601, 44592, 20506, 31317, 37123, 48164, 26771,
       39235, 24091, 33721, 46207,  7724,  1363, 37122, 11518, 31067,
       46283,  7534, 20982, 22526, 39401, 23814, 29030,  8428, 44715,
       21915, 45931, 11460, 26678, 39874, 38290, 17444, 32887, 39725,
       31890, 17932, 16841, 48902,  1097, 42310, 39629, 16948,  1049,
       27427, 22352, 22935, 17667, 25877, 31763, 35779, 41179, 40659,
       41166, 41164, 40683,  1707, 20927, 38117,  1219, 20443, 41010,
       32345, 31673, 23065, 24187, 39153, 18056, 41221, 21043, 18191,
       21903, 35895, 40273, 39475, 26408, 40886, 21012, 18617, 18737,
       40420, 41447, 38208, 23629,  1153, 31375, 40382, 20162, 17409,
       33788, 45164, 10093, 36938,  9921,  2856, 36906, 45451, 10303,
        9506, 29631,  2905, 29656,  8892, 33992, 45814, 45884,  9464,
       10428, 10588, 44937, 44492, 44506, 28965, 37146, 11564, 11489,
       29042, 11468, 11405, 11305, 29123,   109, 11203, 44793, 11054,
       10971, 27580,  8341,  3033, 48158,  7422, 34405, 47290,  5053,
        5044, 36450,  4714, 30628,  4669,  3452,  4336, 30653, 47777,
       30837, 47977,  3522, 36377,  3665,  5429, 44369, 36569,  5529,
        7373,  7345,  7273,   548,  6971, 46513,  6922,  6832,  6725,
         531,  6279,  6161,  6009,  5934, 46983,  5877,  5754,  5495,
       28840, 14181, 43242,  2250, 12768, 15967, 48512, 15935, 33157,
        2445, 43976, 28162,  2327, 28059, 15081, 42858, 33412, 13553,
       27867, 13609,   139, 42525, 44062,   710, 27640,   820, 16731,
       28755, 12648, 12307, 42992, 16479, 33020, 33598, 43187, 16526,
        7086, 46885, 23852, 43077,  6206, 15082,  1849, 23298, 34262,
       23301, 18414, 24047,  6889, 14760,  7224, 15042, 14780,   324,
        6833, 12214, 41790, 17028,  3938,  2021, 42396,  3971, 34773,
        4196,  4261, 42669,  4737,  2157, 33178, 47277, 38970, 34840,
        3353, 15709,  5345, 15669, 32653,  1204, 32761, 41827, 34314,
       15431, 41745,  5430, 41530, 46209, 41245, 10345, 48309, 19340,
       49432, 33822, 13052, 19462, 33562, 32117,  2658, 48426, 11237,
       32186, 20815, 40663, 19730, 33653, 44580,   261, 32381, 44522,
       20441,  1667, 44444, 20294, 20253, 20144, 40890, 19303, 32008,
       13484, 10022, 23109, 46176,  7822,  7968,  8057, 12237,  8118,
        1370,  8282, 33353,  8580, 14334, 45705, 22282, 14720, 45654,
       22239, 14122, 40061, 18998, 21921,  9231,  9439, 19053, 14015,
       19068, 43622, 45416,  9971, 13498, 22264, 16746, 49499, 26792,
       37432, 49246, 29373, 30049, 29577, 29817, 26278, 27854, 26374,
       29157, 36532, 31061, 37611, 36336, 29853, 36179,   377, 30935,
       38518, 30617, 37831, 30586, 26414, 36389, 37886,   771, 27698,
       36959,  1006, 36669, 36948, 30128, 49131, 49163, 27178, 38355,
       40211, 47226,  7926, 46108, 17698, 48924, 36021,  1956,  5364,
       25976, 32773, 37217, 25893, 26351, 44270, 36539, 48925, 48703,
       12181, 48208,  8442, 39575, 41209, 33229,  2573,  8346, 17645,
       17450, 39655, 30547, 34036, 35299, 13324, 34174,  5167,  2567,
       47141,  7680, 23525, 23452,   549, 36708, 18117, 49437, 46914,
       18721, 12961,  7024, 37881, 43715, 23484, 12993, 22775, 23597,
       34131,  6189, 23524,  6983, 13896, 33419,   309, 37322, 14307,
       17886, 12464, 48972, 22169, 32542, 13074,  3298, 40015, 41350,
       39315,  6876, 46361, 28627, 37304, 37311, 25932, 39923, 14047,
       12788,  1419,  5741, 31355,  4429, 20611, 45126, 45681, 35012,
       25783,  4392, 29509, 34529, 11073, 33826, 42518, 32139, 20001,
       24790,  3848, 49461, 38166, 29388, 29616, 30738, 31295, 27848,
       25229,  4255,   184, 19774, 36396,  4244, 36397, 33187, 47682,
       38043, 16726, 25023, 16780, 15193, 45839, 38848, 29245,   445,
       25478, 10242, 25707, 35074, 38099, 29547,  2776, 25485, 29480,
       17134, 25436,  9395,   805,  2082, 31074,  8722, 29019,  4763,
       31001, 27645,  8804, 24989, 38348,  1385, 44019, 19974,  7064,
       26432, 10426, 22807, 23147, 40831, 26796, 31791, 13150, 23038,
       29444, 46555, 38379, 20151, 20408, 37381,  9968, 40763,  6921,
       26848,  9877, 31855, 22843, 12992, 12897, 22401, 41032,   569,
        8922, 29722,  8039, 19546, 26964, 21773, 21317,  3014, 21357,
       49395, 11392, 19516, 46598, 40380, 21618, 21447, 31107, 29800,
       38006, 29813, 11788, 21475, 11687, 12040,    76, 11322, 40185,
       20816, 22462, 33782, 39946, 48728, 20852, 12685, 22357,  2686,
       39998, 30998, 19790, 26596, 34984, 44226, 44250,  7713, 45582,
       48389, 29651,  9101, 37213, 46125,  9063, 45680, 31334, 45933,
       20777, 26065, 17078, 30603, 15189, 15173, 31597, 15093,  4931,
       47353, 14851,  5006, 28124, 24339, 24315, 36495, 14487,  5223,
       41979,  1959,  3327,  5415, 37501,  5465, 41905, 24041, 14213,
        1267, 28246,  4768, 41785, 48020, 31235,  3613, 42620, 48598,
       38654, 47834, 15925, 15908, 25563, 16674, 15907, 36411, 25215,
       15802, 15752, 15722, 35331, 24971, 27827,  4235, 16894, 37629,
       27476, 33206, 16970, 15277, 38541,  3422, 42253, 18083, 25854,
       41651, 46643, 23334, 25987, 25975, 48100, 13365, 23342,   327,
       18398, 34283,  6077, 13490, 30160, 18419, 23297, 38369, 11482,
       32925, 33946, 42977, 17027, 29181, 47494, 11381,  6568, 44643,
       47589, 38960,  4372,  4370,  4360, 42269, 46437,  3174, 14895,
       27403, 45879, 24509, 36211,  4879, 22889, 39739,  8563, 25935,
       11583, 17158, 11576, 17150, 17082,  8678,  6907, 49006, 30867,
       48765,  8766,  8838,   895, 47649, 35213, 38435, 29407, 40933,
       18533, 20090, 42397, 13263,  6756, 13243, 34634, 45280, 47838,
       20395, 38082,  3687, 16141, 45169, 16173, 10204,  3612, 29410,
       29380, 25143, 29518, 47660, 38165, 13114, 41046, 33935,   933,
       15560, 20259, 16806, 27168, 33544, 25092, 29316, 38822, 36423,
       26665,  9534, 10608, 45442,  9573, 10590, 11045, 32827, 27159,
         561, 41453, 33408, 22434, 14074,  7671, 18025,  1387,  7581,
       46465, 43545,  7808,  2533, 30346, 48689, 43654, 41526, 32736,
       22683, 17924,  8435, 30005, 27333, 12564, 44165,  7460, 17948,
       43464, 27136, 25925, 17933, 22208, 12541, 22192, 43453, 30328,
       41829, 28631, 27281, 14380, 31986, 12093,   403, 39613,  5077,
       33467, 40271, 23753, 31956, 37516, 24358, 34426, 13813, 36700,
        7113, 34121, 22881, 33471, 23596, 12639,  8092, 29845, 36517,
       12972,  2444, 22557, 31125, 37843, 35185, 13178,   243, 45157,
       18514, 16551, 16608, 44125, 13840, 15886, 20120,  2141,  2156,
       14239, 12837, 18776, 42619, 18518, 28203, 37710, 20095, 33861,
       10313, 28108, 44138, 35633, 17023, 41952, 29045, 37191,  2298,
       12983, 27035, 38011, 35262, 28872, 43266, 12076, 28880,   390,
       19486, 27997, 11975, 17265, 14441, 18178, 18611, 17803, 44155,
       10763, 32359, 10854, 42343, 19039, 10939, 44182, 14276, 29358,
       12505, 17893, 32977, 35142, 43676, 43943, 12327, 41897, 12322,
       11068, 13452, 19504, 16350, 46647, 40340, 21422, 39356, 23807,
       26506, 39345, 39342,  8742, 21284,  3279, 45739, 23956,  8942,
       39231,  5378,  5251,  1213,  9001,  5134, 24279,  9102,  9170,
        3366,  8477, 21606, 46874,  6130, 39937, 22448,  7161, 26246,
       22709,  7049, 34091, 22773, 46238,  6838, 35944, 39110,  6784,
       26113, 35957,  6724,  6711,  7910, 34025, 30202, 45959, 26397,
        8304, 38264, 38392,  5034,  3309, 45545, 45265, 20492,  4700,
       31419,  3800, 25402, 24644, 49353, 40670,  1077,  9773, 25489,
       24498, 45274, 20552,  9376, 25682, 34460, 36364, 32140, 46838,
       26051,  6641, 38594, 27237, 28363, 18363, 47705, 23578, 27734,
       30697, 23508, 46743, 31786, 26107, 16397, 25500, 39895, 38663,
       12854, 32621, 28539, 22579, 18502, 22669, 16557, 22796,  1380,
       48121, 15924, 25344, 27749, 25308, 36378, 24983, 37764, 31525,
       39939,  5472, 17046, 30374, 24568, 49003,  5136, 15018, 14577,
       14674, 35469, 33228, 14702, 42042, 42045, 27391, 27372, 28136,
       17457,   160,  5549, 31681,  5581, 13747, 30213,  2365, 39377,
        5988, 39370, 15538, 36605, 36428,   522, 15394, 24801, 49020,
       24780, 27894, 14067,  4346, 23848, 37495, 24657,  5874, 49269,
        2783, 10816, 29954,  8687, 29130,  8646,  9928,  9019, 22036,
       26433, 33734, 45329, 33943, 29244,  8743,  9387, 37259, 20600,
       45385,  9440, 45461, 45466, 48883, 11953,  3034,  8108, 33997,
        8152,  3060, 41124, 21700,  8791, 46325, 20192, 18974, 49114,
       20300,  2795, 38321, 34104, 21198,  7364, 10219,  9983, 32105,
       49266,  4923, 28096, 45481, 24495, 11272, 24510,  8965, 34818,
       36192, 47130, 27986, 41881, 15172, 43431, 47145, 43178, 49486,
       43180,  5160, 31623,  1220, 38511, 35289,  5329, 30585, 44815,
       30951, 26913, 36541, 31188,  9273, 20959, 47313, 14390, 40619,
       12662, 27355, 33586, 42196,  9827, 16730, 49164,  3488,  3958,
       31406, 42710, 42382,  3895, 47822, 32239, 34726,  9990, 29462,
       42698, 36381, 10044, 42682,     4, 34677, 49159, 10056, 16163,
        3648, 33102, 40928, 33805,  4156, 31511, 36034,  1172,  2013,
       32196, 47416, 35460,  2637,  3414, 15226, 40655, 10687,  4629,
       34814,  9594, 16975, 15332,  4298,  9771, 25765, 40973, 37784,
       24857,  1121,  4186, 16805,  9818, 11450, 37511,   519, 43775,
       44357, 37428, 19372, 49259, 43718, 13714, 39794,  6888, 31715,
       40297, 28453,  7563, 28517, 43892, 18144, 36615, 41768,  6998,
       46538, 22963, 36662, 12311,  6747, 18523, 46164, 36305, 37218,
        6829, 26321, 46628, 46232, 32645, 18477, 34942, 22981,   860,
       22978, 23401, 23406, 45175, 13856, 44176,   881, 22194, 44088,
        5858, 11504, 13865, 32741, 17992,  5742, 37308,  5700, 35600,
        1251, 18893]), array([23172, 24760, 47211, 47505,   964, 34054, 21323, 22947, 36583,
       26975, 30113, 36401, 12624, 41500, 13446, 34193, 11794, 20898,
        3501, 11563,   667, 26269, 35519, 39069,  7422, 19203, 31495,
       19625, 34679, 29202,  4237, 10863, 21080,  3871, 34257, 15520,
       40115, 12649, 16303,  6000, 41021, 21681, 45754,  1496, 26402,
       37964, 24166, 42086, 23970, 38995, 47776,  9636, 39071, 47184,
       47349, 16994, 26084, 47558, 28879, 40588, 13457, 44260, 46028,
       39696, 21043, 12374, 36084, 16856, 25907, 13453, 39561,  4935,
       29606, 13916,  3105, 48696, 17077, 13543, 17608, 35255, 39675,
       32297, 28397, 29109, 48241,  1245, 41522,  6655, 24516, 43419,
        2257, 20294, 38058, 12289, 20731, 12287,  8385, 39950, 33064,
        5755, 29681, 48881, 35128,  4914, 46004, 30405, 14498, 24934,
        7178, 26186, 44345, 19055, 31624, 31052, 29766, 21167, 28258,
       18579, 30531, 44876,  3392, 25951, 17960, 30952, 36060, 40628,
       35074, 44444, 35932,  2775, 47065,  7946,  1047, 29082, 33353,
       36429, 29259, 28274, 35002, 24733, 36177, 20126,  9552, 17178,
       23576, 41905, 22550, 12553, 47520, 30171, 19873, 41308,  8201,
        5196, 15297, 23071, 13238, 17217, 21256,  6664, 41425, 49469,
       29283,    47, 36411, 20443, 27753, 13541, 20299, 19835, 45582,
       26650, 38875, 29904, 10236, 44714, 44715,  9069, 10983, 20765,
       40194,  9334,  8246, 37863,  1467, 40247, 20921, 41797, 12683,
       27829, 31342, 44785,  7302, 25628,  9381, 10377, 39280, 25360,
        3096, 19942, 10358, 38117, 11752, 34935, 10005, 42047, 48846,
       14739, 28965,  2984, 45982,  8533, 41054, 41790, 33296, 22223,
       23018, 49236, 11221, 45498, 41818,  1989, 24438, 48731, 33538,
        2893, 23218, 43999,   626, 32887, 25136, 37731,  1371, 28903,
       31990, 48009, 47981, 20142, 31608, 13564, 41179, 18033,  8442,
       41209, 23138, 29626, 49254, 18191, 15881, 38188,  1363,  5880,
       44222, 32250, 31763, 46249, 18927, 15888, 38347, 23641, 17928,
       39229, 11795, 28551, 47804, 47190, 26894,    62, 19386, 32599,
       24829, 14293, 38866, 13230,  8946, 27360,  4554, 47794, 45629,
       33751, 34266, 15515, 17853, 20859, 46525, 11156, 29042, 36353,
       10872, 18269,  9032, 13875, 28219, 29817, 32008, 42185, 37213,
        1545, 47345, 13034, 24870, 34389, 47148, 28148,  4534,   787,
       24207, 16175, 36111, 18321, 10215, 48271, 32773, 40127, 10826,
       48519, 34288, 17007, 19511, 19402, 11054, 19159, 41453, 10704,
       10041,  3535, 26408,  1219, 14431,  2114, 15967, 27991, 26848,
       25991, 11468, 41654, 15527, 31410, 11583, 15866,  4244, 49496,
       14718, 42295,  2558, 20385, 49246, 42580, 31658, 12286,  6910,
       21082, 48387, 18366, 43296, 15469, 25663, 29592, 24339,  6797,
       39153, 34890, 21411,  3723, 45953, 40823, 17305, 40257, 19530,
        2096, 14137, 38099, 26394, 11489, 29123, 18479, 20546, 33755,
       14601, 45087, 43212,  8428,  5328, 44329, 21903, 24819, 17983,
         189, 36795, 15994, 46297,  2686, 23613,  6189, 34657, 36396,
       44369, 30624, 15084, 38565, 49163, 31287, 38128, 18531, 11564,
       18588, 27979, 37927, 30619, 26144, 47333, 42953,  9603, 35442,
       12956, 48392,  4196, 20363,   350,  9971, 15555, 38654, 40879,
       10426, 31247, 12711, 11518, 29444, 31673, 38290, 40302, 25470,
       45552,  4816, 16220,  4944, 17150, 10971, 47879, 21915, 29030,
       45884,  2146, 48353, 32139, 17445, 37122, 35862, 30547, 47857,
       33178,  7667, 22239, 43074,   569, 30788, 45184, 14533, 32809,
        3298, 36524, 37810, 18737, 20492, 17413,  6742, 28478, 35257,
        1386, 17450, 10283, 46914, 31769, 12237, 21486, 34885, 27842,
       20144, 36561, 39874, 42992, 41827, 31728, 23916, 17555,   561,
       16821, 36674, 31360, 29651,  1982, 40128, 26984, 29656,  1132,
        5228, 19053, 21145, 13444,  6161, 18869, 18875, 14780, 19404,
       19545,  5877, 25753,   139, 34314, 21159, 42593, 39401,  2017,
       15081, 24208, 48114, 48503, 25490, 36569, 28310, 38452, 36130,
       19749, 11557, 34097,  6312, 20630, 25299, 49248,  6640, 37620,
       28687, 16339,   191, 19213, 45739, 35515, 44492, 46702, 37988,
       21729,  2856, 34174, 12918, 24655,  3708,  8973, 46719, 26432,
       12738,  2797, 27645, 42623, 44336, 31107, 45933,  5047, 12464,
       29835,  5549, 43242, 17444, 15210, 20698, 43936, 40659, 22169,
        4002, 46209, 47750, 48942, 42722, 46885, 49128, 15607,  3033,
       17707,  6876, 32186, 28858, 33740,  5148,  1049, 39863, 38756,
       25275, 11143, 10621,  6206, 47360, 11981, 48656, 44393, 32775,
       20259, 30289, 45274, 36336,  5364, 24835, 45101,  2174, 14577,
       43654, 30232, 44905, 30738, 32757, 40886, 33822, 30935, 43272,
       26093, 26530, 11055, 12768, 30944, 12307,  4807, 40273, 41952,
         549, 14183, 42912, 20092, 14334,  7836, 39198, 33687, 41745,
       34999, 38481, 40181,  5298, 23065, 21921, 27867, 18762, 21546,
       39519, 32394, 28059,  4255, 47605, 24739, 36183,  2615, 19546,
        8441, 10910, 48713, 31208,  4680, 43781,  2444,  4669, 16459,
       38208, 40420,  9253, 49461, 11482, 44937, 10884, 35209, 25877,
       38416, 33412, 13074,  1071, 32542, 47141, 39315, 27035, 26792,
       49486,  9439, 27333, 18414, 44506, 36539, 34053, 36959, 48612,
        2573, 49456,  9462, 28124,  9138, 22526, 26720, 17422, 20162,
        7534, 46983, 32925,  9968, 25478, 41166, 36876, 37289, 35133,
       20927, 48972, 36450,  7513,  5465, 43173,  1956, 31355,   548,
       42368, 29577, 32450,  6922, 15907, 40185, 11405, 31375, 38720,
       41718, 47401, 40890, 27416, 22983, 48420, 11460, 19764, 24790,
       46427,  4804, 38348, 23894, 24047, 30160, 45451,   863, 25725,
       19138, 48512, 21677, 12421, 46561, 36809, 32643, 33404, 17046,
       22720, 48937, 48672, 34395, 33744, 20743, 10588,  6833, 36023,
       19730, 15042, 38970, 27698, 48692, 43187, 23629, 25459, 48164,
       29157, 48902, 28517, 16479, 23665, 38435, 33206, 40896, 23524,
       34726, 48854,  5287,  2329,   805, 23887, 36938, 35299, 34984,
       11687, 47989, 32761, 14015, 35323, 11203,  7968,  8086, 16521,
       28627, 48242,  8118, 43622,  5337,  5053, 11836,  9945,  4763,
       39465, 47226, 33157, 29509, 40382, 15258, 32381, 49159, 37432,
        3353, 24091, 39458, 29480,  3327, 41289, 25308, 19790, 18480,
       22194, 29853,   309, 40380, 33598, 15709, 44065, 28755, 42669,
       27697,  9429,  3522,  1784, 42518, 42525, 13052, 22881, 12484,
       24279, 37737, 34659,  7224,  6279, 18617,  4847, 48706, 24428,
        8892, 14760,   221,  8282,  6771, 47777, 30433,  5700, 17457,
       45975, 33419, 19462,  1849, 39200, 43715, 24315, 19477, 29722,
        3938, 44062, 23301,   710,  8165, 28417,  6131,  9231, 44446,
       39235, 39047,   324, 38568, 40683,   377, 26951, 41765, 13365,
       44249,  4790,  3687, 44089, 30475, 32045, 22282, 45814, 22357,
       41164, 48070, 42396, 14040, 35895, 19774, 41744, 47290, 41245,
       36572, 25315, 25595, 22264, 25436, 33992, 13490, 43453, 12983,
       23038,   403,  7273, 45681,  4714, 44226, 37516,   243, 36662,
       46283, 33788,  1097, 40297, 12386, 40928, 18419, 38011, 17667,
       15634, 35957, 23814,  6009,  6348, 10877, 29380, 31179, 43676,
       29995, 41365, 37881, 27749, 45157, 23933, 40763, 34131, 37123,
       20090, 45169, 29177,  1153, 38594, 13896, 29018, 24801, 10555,
       28203, 43976,  6711, 12214, 11237, 44005, 13588, 39629, 12505,
       23753, 48924, 37304, 33863,  7357,  1003, 21160,  8346,  2177,
       42978,  6725,  7822, 10573, 20852, 35262,  2151, 13840, 46432,
       23200, 37831,  2637, 16726, 15082, 48689, 16806, 17948, 38006,
       46513,  9160, 16841, 20611, 16894,  4346, 36076, 22557,  9251,
       29195, 38277, 20601, 20600,  5172, 37886,  8965, 44522, 17893,
        9464,  8922, 16780, 13334, 15165,  6455, 35657, 17933, 45790,
        5817,  6832,  5495, 21475, 17409, 29019,  3014,  5382, 30789,
       10602, 20120, 45416, 34116,  2327, 31061,  9771, 28989, 27917,
       44038, 41829, 22192, 13747, 45705, 29394, 27580, 45164, 36364,
       20441, 27848, 37146, 43752, 29045,   755, 23334,  6766, 36541,
        5754, 32828, 34121, 21012, 33227,  1380, 23119, 48208,  7170,
       14122, 32581, 31986, 25500, 12093, 18918, 46238, 14895, 31597,
       15886, 33187,  2795, 15752,  7161, 10093, 23597, 47385,  7459,
       21632, 12712, 25215, 25071, 32783, 10239, 31326, 10245, 48389,
       12788, 29035,  5345, 13150, 28791, 12261, 33435, 48703, 16551,
       40363, 12648, 13553, 12992, 40211,  7570, 20408, 13584, 24041,
        7724,  1204, 38518, 38043, 38519, 40340, 42620,  5431, 34773,
        1251,  2157, 12972, 25783, 34283, 42858, 42269, 25765, 47130,
       27372,  3665, 15908, 44949, 49266, 19770,  8646, 41651, 24778,
       44238, 22935, 25143, 39501, 39946, 39057, 41637, 27178,  9921,
       18056, 18996, 25213, 30006, 38456, 25229, 23036, 45208, 28363,
       20151, 27355, 28475, 30780, 35779, 20982, 45126, 25987, 30128,
       18398, 45903,  6756,  8743, 21039,  5044, 45197, 41848,  6724,
       33594, 26051,  6061,   519, 37082, 15935, 31074, 45839, 41221,
       36192, 19486, 40849,  4392,  9395, 32995,  9387, 17924, 28108,
       28162,  9376,   106,  4360, 27060, 22352,  2649, 32345, 15195,
       33020, 26219,  8804,  9653, 29181, 29903, 16397, 48100,  4429,
       27062,  7563, 36377, 45879, 16004, 47834, 24971, 22208, 31067,
       45588, 10763, 41350, 25402, 16848,  4372, 37217, 13617, 40583,
       10303, 41032,  8301,  8341, 14487,  3322,  3309, 24318, 31295,
       34262, 27827, 15722, 15172, 44285,  9534, 12743,  5472, 22718,
       20956, 31125,  1912, 35142, 26771, 45528, 19068, 19071, 27136,
       30005, 29800, 47277, 27722,  2082,  4261, 29845,  5429, 26263,
        7373, 27640, 29616, 29631, 19303,  8654, 46538, 30328, 35177,
       31235, 31890, 36116,   522, 49073, 36948, 35011, 40015, 14047,
       39994, 25962,  6907, 28539, 49006,  6971, 38079, 17524, 23596,
       11381, 23848, 11392, 18188,  5934, 36906,  5251, 47977, 45329,
       20253, 43103, 11305, 11103,  7024, 31711, 35012,  8580, 25485,
       13452, 31786, 24439, 23487,  7680, 13813, 27427,  1959, 29697,
        8678, 22306,  8057, 43545, 43548,   445,  4737, 45680, 23031,
       49259, 47952, 18998,  6641, 41124, 10204, 22981, 21422, 16674,
       48426, 35944, 18117, 17550, 49269, 26796,  4671, 30653, 17698,
       12993,  8942, 49432, 35213, 46108,  4235, 41447,  5529,  2658,
       33721,  5858, 16350, 48158, 13989, 21588, 26246, 30494, 33369,
       35185, 13324, 17028, 39345,  3917, 12784, 48474,  1387, 15669,
       17645, 31299, 21374, 25682, 45529, 20552, 17082, 36708, 49353,
       26678, 46207, 29986,  2445, 32645,  8864, 35460, 25925, 45385,
       25932, 36389, 18370, 33562, 24314, 38166, 41046, 10479, 31015,
       43991, 41010, 41897, 27570, 14380, 45931, 23298, 23297, 18594,
        1385, 12396, 19974, 33586,  6889, 38165, 18199, 18518, 29358,
       33936, 43077, 10946, 20095, 14307,  6074, 11073,   895, 37311,
       25773,  4808, 30586, 45654,  5167, 12040,  9063, 45752, 12837,
       16173,  2533, 32140,  3279,  2250, 11171, 19516, 24187,  5034,
       46824, 21761, 11504,  8016, 32819, 42196,  5378, 31317, 17134,
       31001, 16731,  2783, 38392,  9649, 13856, 41268, 46437,  2298,
       13005, 35309, 15189, 42310, 34840, 15217, 49437, 18363, 35361,
       34036, 47822,  4336, 36495, 25854,  8152, 33643, 27004, 48309,
       30202,  6370, 28631, 37511, 21798, 47772, 27781, 11576, 47838,
        9506, 16910,   730, 37322,  3422, 30020, 31791, 39613, 31419,
       42867,  4700, 14213,  1419,   465, 32117, 21414, 26964, 38345,
       48728, 47649, 37948,  2365, 10181, 43582, 13484,  2905, 44165,
       16253, 15802, 25059, 20395, 37941, 44270, 30904, 45333, 23055,
       30049, 12181, 45481, 10219, 38975, 27997, 33229, 39575, 37218,
       24358, 41456, 19603, 46615, 25498, 41470, 41802, 13294, 33861,
        3488, 34460, 29813, 15560, 21786, 14957,  9440, 28143,  9129,
       48121, 36933, 40061, 30837, 41785,    76, 14276, 44125, 42619,
       46743, 29407, 45280, 27854, 23956, 23115, 15538,  8563, 16644,
       16970, 40619, 11975,  7043, 28096, 41477, 12961, 16746, 45253,
       25935, 10608, 15173, 37764, 36211, 18533, 44328, 40777, 37473,
        3848, 11450, 39475, 13442, 30346, 17158, 40668,  6888, 32736,
       18974, 18502, 46628, 22775, 17986,  1006, 26321, 10474,  3233,
       44463,  8435, 14449,  9573, 11555, 21618, 43807, 40285,  8838,
       33544, 46465, 39377, 26665, 48365, 17750, 46555, 11262, 29388,
       27676, 31258, 48097, 47589,  9101, 39939, 18061,  3612,  9724,
       44182, 13178, 34025, 47568, 30951, 12854,  1667, 33791, 16975,
       10044,  8766, 37746, 39739,  1900, 33946,  5430, 25976, 33471,
       17886,  2156, 37501, 32671, 32977, 37707, 23525, 37691, 17872,
        3800, 22448, 19372, 28880,  7808, 43543, 39725, 49499, 15226,
        6617, 20773, 48707, 26596, 40933, 34822, 35996, 41526, 28416,
       34634, 38364, 14851, 24510, 41530, 34529, 14181,  7086,   881,
       42253,  5803,  7315,  7040, 16557, 38082, 30613, 40655, 15698,
       20815,  7049,  6555, 25563, 25092,  7113, 28130, 30648, 24879,
       41948,   820, 49182, 15196,  4879, 13486, 13498,  9788, 21606,
       19029, 30617,  9827, 38879, 20506, 18178, 40155, 42659, 49164,
       35387, 36021, 27391, 21906, 16051, 33782, 31855, 23401, 13963,
       35173, 25886, 11788,   184, 33653, 27016, 25344, 40663, 22709,
       48676,  3971, 11832, 21357, 40670,  9371, 43266, 11682, 32827,
       30628, 21317, 37191, 26278, 24634, 30893, 44580, 48673, 41593,
       27536, 30616, 10428, 21053, 18083, 45693, 32553,  8477, 43447,
       37308, 13609, 10074, 39052,  5329, 14825, 13735, 32223,  3613,
       32239, 18776, 24568, 14694, 35871, 27218, 38822,  9115,  8551,
       38264, 38541, 10056, 46176, 44250, 47682, 11307,  3452, 27734,
       36205, 27894, 46125, 24498, 45037, 29518, 26397,  5988, 37784,
       28392, 33826, 32653, 37165, 38321, 42288,  1267, 46307, 42163,
       10939, 16529,  1868, 43320, 14720, 17078, 49406, 15180, 13544,
       37428, 22683, 10242, 49398, 39786, 21091, 25884,  2056, 18611,
        2567, 29547, 25530, 38982, 21447, 47358, 41881, 21700, 46874,
         261,  6732,  8339, 11983, 18681, 34104,  9990, 26113, 40816,
       32033, 37169, 37401, 47473, 31334,  5415, 20001, 47499, 24495,
       27131,   220, 10345, 49306, 22843,  5223, 38220, 10590, 36179,
       15018,  9702,  7671, 33570, 13243, 35005, 36378, 45204,  6983,
       13279, 45265,  4499, 34426, 15277,  4283, 16908, 14221, 18204,
       18065, 33432, 34842, 48598, 20211, 19340, 25707, 35633,  5006,
       48646, 39895, 31525, 39178,  5581,  7926, 16266, 11044,  5599,
       24857, 28136,  4186, 45199,  3738, 13261,  1370, 20777,  6921,
       22462,  2013, 41029, 19550, 14604, 35625, 25526, 11953, 34091,
       32621,  1707, 31424, 15431, 22434, 19504, 17023,  9359, 11139,
       10256, 32480, 26506, 24693, 16313,  5821,  3318, 49157, 42343,
       14060, 18975, 18144, 48020, 36774, 12564,  6568,  9170, 22889,
       18893, 33681, 27168, 27403, 43892,  7824, 10488, 23852, 26392,
       20476,  1172, 10313, 29244, 47494, 16948, 14064,  3366, 25489,
       47705,   308, 18025,  6258, 13433, 10854, 44439, 20300, 10871,
       33931, 36423,  3060, 10248, 11816, 47302, 38355,  5366, 40086,
        4570, 19572, 14390, 11068, 20988, 48679, 12897, 41979, 41754,
       36700, 27476,  4768,  4156,   771, 27847, 16149, 24381, 33935,
       15394, 45175]), array([   47,    62,    76,   106,   139,   189,   191,   221,   243,
         261,   309,   324,   350,   377,   403,   445,   465,   472,
         548,   549,   561,   569,   626,   667,   710,   755,   787,
         805,   863,   895,   964,  1003,  1006,  1047,  1049,  1071,
        1097,  1132,  1153,  1204,  1219,  1245,  1363,  1371,  1380,
        1385,  1386,  1387,  1419,  1467,  1496,  1545,  1784,  1849,
        1868,  1956,  1959,  1982,  1989,  2017,  2082,  2096,  2114,
        2146,  2151,  2157,  2174,  2177,  2250,  2257,  2327,  2329,
        2444,  2445,  2558,  2567,  2573,  2615,  2637,  2649,  2658,
        2686,  2775,  2783,  2795,  2797,  2856,  2893,  2905,  2984,
        3014,  3033,  3034,  3096,  3105,  3119,  3190,  3233,  3298,
        3309,  3322,  3327,  3353,  3392,  3422,  3452,  3488,  3490,
        3501,  3522,  3535,  3665,  3687,  3708,  3723,  3800,  3848,
        3871,  3917,  3938,  4002,  4196,  4235,  4237,  4244,  4255,
        4261,  4346,  4360,  4372,  4392,  4429,  4534,  4554,  4669,
        4680,  4700,  4714,  4737,  4763,  4790,  4804,  4807,  4808,
        4816,  4914,  4931,  4935,  4944,  5006,  5044,  5047,  5053,
        5148,  5167,  5196,  5228,  5251,  5287,  5298,  5328,  5337,
        5345,  5364,  5378,  5382,  5429,  5430,  5465,  5472,  5495,
        5529,  5549,  5700,  5754,  5755,  5817,  5858,  5859,  5877,
        5880,  5934,  5988,  6000,  6009,  6074,  6131,  6161,  6189,
        6206,  6279,  6312,  6348,  6370,  6455,  6555,  6640,  6655,
        6664,  6711,  6724,  6725,  6742,  6756,  6766,  6771,  6797,
        6832,  6833,  6876,  6889,  6907,  6910,  6922,  6983,  7024,
        7040,  7043,  7049,  7113,  7170,  7178,  7224,  7273,  7302,
        7315,  7357,  7373,  7422,  7459,  7513,  7534,  7563,  7570,
        7667,  7671,  7724,  7808,  7822,  7836,  7946,  7994,  8016,
        8057,  8086,  8118,  8165,  8201,  8246,  8282,  8301,  8341,
        8346,  8385,  8428,  8441,  8442,  8533,  8551,  8563,  8580,
        8646,  8654,  8804,  8892,  8922,  8942,  8946,  8965,  8973,
        9032,  9063,  9069,  9115,  9129,  9138,  9231,  9251,  9253,
        9334,  9376,  9381,  9387,  9395,  9429,  9439,  9462,  9464,
        9506,  9534,  9552,  9603,  9636,  9653,  9702,  9724,  9771,
        9788,  9827,  9921,  9945,  9968,  9971, 10005, 10041, 10044,
       10074, 10181, 10215, 10236, 10239, 10245, 10283, 10303, 10358,
       10377, 10426, 10428, 10479, 10555, 10573, 10588, 10602, 10621,
       10704, 10763, 10826, 10863, 10872, 10877, 10884, 10910, 10939,
       10971, 10983, 11054, 11055, 11073, 11103, 11143, 11156, 11203,
       11221, 11237, 11305, 11381, 11392, 11405, 11450, 11460, 11468,
       11482, 11489, 11504, 11518, 11555, 11557, 11563, 11564, 11576,
       11583, 11682, 11687, 11752, 11788, 11794, 11795, 11832, 11836,
       11975, 11981, 12093, 12181, 12214, 12237, 12261, 12286, 12287,
       12289, 12307, 12374, 12386, 12396, 12421, 12464, 12484, 12505,
       12553, 12624, 12648, 12649, 12683, 12711, 12712, 12738, 12743,
       12768, 12837, 12918, 12956, 12972, 12983, 12992, 12993, 13005,
       13034, 13052, 13074, 13150, 13178, 13230, 13238, 13334, 13365,
       13442, 13444, 13446, 13452, 13453, 13457, 13484, 13490, 13541,
       13543, 13553, 13564, 13588, 13617, 13747, 13813, 13840, 13856,
       13875, 13896, 13916, 13963, 13989, 14015, 14040, 14122, 14137,
       14183, 14293, 14334, 14380, 14390, 14431, 14449, 14487, 14498,
       14533, 14577, 14601, 14694, 14718, 14739, 14760, 14780, 14895,
       15042, 15081, 15082, 15084, 15165, 15173, 15189, 15195, 15210,
       15258, 15277, 15297, 15469, 15515, 15520, 15527, 15538, 15555,
       15607, 15634, 15709, 15752, 15866, 15881, 15886, 15888, 15907,
       15908, 15935, 15967, 15994, 16004, 16173, 16175, 16220, 16253,
       16303, 16339, 16350, 16397, 16459, 16479, 16521, 16529, 16551,
       16557, 16644, 16674, 16726, 16731, 16780, 16806, 16821, 16841,
       16848, 16856, 16894, 16910, 16948, 16994, 17007, 17046, 17077,
       17082, 17150, 17178, 17217, 17305, 17409, 17413, 17422, 17444,
       17445, 17450, 17457, 17524, 17555, 17608, 17645, 17667, 17707,
       17853, 17893, 17928, 17933, 17948, 17960, 17983, 18033, 18056,
       18188, 18191, 18204, 18269, 18321, 18366, 18398, 18414, 18479,
       18480, 18502, 18518, 18531, 18579, 18588, 18617, 18737, 18762,
       18869, 18875, 18893, 18918, 18927, 18996, 19053, 19055, 19138,
       19159, 19203, 19213, 19386, 19402, 19404, 19462, 19477, 19486,
       19511, 19530, 19545, 19546, 19603, 19625, 19730, 19749, 19764,
       19770, 19774, 19790, 19835, 19873, 19942, 19974, 20001, 20092,
       20120, 20126, 20142, 20144, 20162, 20253, 20259, 20294, 20299,
       20363, 20385, 20441, 20443, 20492, 20546, 20552, 20600, 20601,
       20611, 20630, 20698, 20731, 20743, 20765, 20773, 20816, 20852,
       20859, 20898, 20921, 20927, 20956, 20982, 21012, 21039, 21043,
       21053, 21080, 21082, 21145, 21159, 21160, 21167, 21256, 21262,
       21323, 21411, 21414, 21422, 21475, 21486, 21546, 21588, 21632,
       21677, 21681, 21700, 21729, 21761, 21786, 21798, 21903, 21915,
       21921, 22169, 22192, 22194, 22223, 22239, 22264, 22282, 22352,
       22357, 22381, 22448, 22526, 22550, 22557, 22718, 22720, 22843,
       22881, 22889, 22947, 22981, 22983, 23018, 23036, 23038, 23065,
       23071, 23119, 23138, 23172, 23200, 23218, 23297, 23301, 23334,
       23487, 23524, 23525, 23576, 23596, 23597, 23613, 23629, 23641,
       23665, 23753, 23814, 23848, 23887, 23894, 23916, 23933, 23956,
       23970, 24041, 24047, 24091, 24166, 24187, 24207, 24208, 24279,
       24315, 24339, 24428, 24438, 24498, 24516, 24568, 24571, 24655,
       24733, 24739, 24760, 24778, 24790, 24801, 24819, 24829, 24835,
       24857, 24870, 24934, 24971, 25071, 25136, 25143, 25213, 25215,
       25229, 25275, 25299, 25308, 25315, 25360, 25402, 25436, 25459,
       25470, 25478, 25485, 25490, 25498, 25530, 25563, 25595, 25628,
       25663, 25682, 25725, 25753, 25765, 25773, 25783, 25845, 25854,
       25877, 25907, 25932, 25935, 25951, 25962, 25987, 25991, 26051,
       26084, 26093, 26113, 26144, 26186, 26219, 26246, 26269, 26394,
       26402, 26408, 26432, 26530, 26650, 26665, 26678, 26720, 26792,
       26796, 26848, 26894, 26951, 26964, 26975, 26984, 27004, 27035,
       27060, 27178, 27333, 27355, 27360, 27372, 27416, 27427, 27570,
       27580, 27640, 27645, 27697, 27698, 27722, 27749, 27753, 27828,
       27829, 27842, 27848, 27854, 27867, 27894, 27917, 27979, 27991,
       27997, 28059, 28108, 28124, 28130, 28148, 28162, 28203, 28219,
       28258, 28274, 28310, 28363, 28397, 28416, 28417, 28475, 28478,
       28517, 28551, 28627, 28631, 28687, 28755, 28858, 28879, 28903,
       28965, 29019, 29030, 29035, 29042, 29082, 29109, 29123, 29157,
       29177, 29181, 29202, 29259, 29283, 29358, 29373, 29380, 29388,
       29394, 29444, 29480, 29509, 29577, 29592, 29606, 29616, 29626,
       29631, 29651, 29656, 29681, 29697, 29722, 29766, 29800, 29817,
       29835, 29845, 29853, 29903, 29904, 29995, 30005, 30006, 30020,
       30049, 30113, 30128, 30160, 30171, 30202, 30232, 30289, 30328,
       30405, 30433, 30475, 30494, 30531, 30547, 30619, 30624, 30653,
       30738, 30752, 30788, 30789, 30904, 30935, 30944, 30952, 31001,
       31052, 31061, 31107, 31125, 31179, 31208, 31235, 31247, 31287,
       31295, 31299, 31317, 31326, 31334, 31342, 31355, 31360, 31375,
       31410, 31495, 31525, 31597, 31608, 31624, 31658, 31673, 31691,
       31711, 31728, 31763, 31769, 31786, 31791, 31890, 31911, 31986,
       31990, 32008, 32033, 32139, 32186, 32223, 32239, 32250, 32297,
       32381, 32394, 32450, 32542, 32581, 32599, 32643, 32736, 32757,
       32761, 32773, 32775, 32783, 32809, 32819, 32827, 32828, 32887,
       32925, 32995, 33020, 33064, 33157, 33178, 33206, 33227, 33229,
       33296, 33353, 33369, 33404, 33412, 33419, 33435, 33538, 33586,
       33598, 33643, 33687, 33721, 33740, 33744, 33751, 33755, 33788,
       33822, 33826, 33863, 33936, 33992, 34036, 34053, 34054, 34097,
       34116, 34121, 34131, 34174, 34193, 34257, 34266, 34283, 34288,
       34314, 34389, 34395, 34426, 34460, 34657, 34659, 34679, 34726,
       34773, 34885, 34890, 34935, 34984, 34999, 35002, 35011, 35012,
       35074, 35128, 35133, 35142, 35185, 35209, 35255, 35257, 35262,
       35299, 35309, 35323, 35361, 35387, 35442, 35444, 35515, 35519,
       35657, 35779, 35862, 35895, 35932, 35944, 36023, 36060, 36076,
       36084, 36111, 36116, 36130, 36177, 36183, 36192, 36336, 36353,
       36364, 36377, 36396, 36401, 36411, 36428, 36429, 36450, 36495,
       36524, 36539, 36541, 36561, 36569, 36572, 36583, 36662, 36669,
       36674, 36700, 36795, 36809, 36876, 36906, 36938, 36959, 37082,
       37122, 37123, 37146, 37213, 37217, 37289, 37304, 37311, 37322,
       37432, 37511, 37516, 37620, 37731, 37746, 37764, 37810, 37831,
       37863, 37881, 37886, 37927, 37948, 37964, 37988, 38006, 38011,
       38058, 38082, 38099, 38117, 38128, 38165, 38188, 38208, 38277,
       38290, 38321, 38347, 38348, 38369, 38416, 38435, 38452, 38456,
       38481, 38518, 38519, 38543, 38565, 38568, 38594, 38654, 38720,
       38756, 38866, 38875, 38879, 38970, 38975, 38995, 39047, 39057,
       39069, 39071, 39153, 39198, 39200, 39229, 39235, 39280, 39315,
       39345, 39377, 39401, 39458, 39465, 39501, 39519, 39561, 39575,
       39613, 39629, 39675, 39696, 39739, 39786, 39863, 39874, 39923,
       39946, 39950, 39994, 40015, 40061, 40115, 40127, 40128, 40155,
       40181, 40185, 40194, 40211, 40247, 40257, 40273, 40285, 40297,
       40302, 40340, 40363, 40380, 40382, 40420, 40588, 40619, 40628,
       40659, 40683, 40763, 40823, 40849, 40879, 40886, 40890, 40928,
       41021, 41032, 41046, 41054, 41164, 41166, 41179, 41209, 41245,
       41289, 41308, 41365, 41425, 41447, 41453, 41500, 41522, 41530,
       41651, 41654, 41718, 41744, 41745, 41765, 41790, 41797, 41818,
       41827, 41829, 41848, 41897, 41905, 41948, 41952, 42047, 42086,
       42185, 42196, 42295, 42368, 42396, 42518, 42525, 42580, 42593,
       42619, 42620, 42623, 42669, 42722, 42858, 42912, 42953, 42978,
       42992, 43074, 43077, 43103, 43173, 43187, 43212, 43242, 43266,
       43272, 43296, 43419, 43453, 43548, 43582, 43622, 43654, 43676,
       43715, 43752, 43781, 43936, 43991, 43999, 44038, 44062, 44065,
       44088, 44089, 44125, 44222, 44226, 44238, 44249, 44260, 44328,
       44329, 44336, 44345, 44369, 44393, 44444, 44446, 44463, 44492,
       44506, 44522, 44592, 44714, 44715, 44785, 44876, 44905, 44926,
       44937, 44949, 45037, 45087, 45101, 45126, 45157, 45164, 45169,
       45184, 45208, 45274, 45280, 45329, 45333, 45451, 45481, 45498,
       45528, 45552, 45582, 45588, 45629, 45654, 45680, 45681, 45705,
       45739, 45752, 45754, 45790, 45814, 45839, 45884, 45903, 45931,
       45933, 45953, 45971, 45975, 45982, 46004, 46028, 46108, 46207,
       46209, 46238, 46249, 46283, 46297, 46427, 46432, 46465, 46513,
       46525, 46538, 46561, 46702, 46719, 46824, 46885, 46914, 46983,
       47065, 47130, 47141, 47148, 47184, 47190, 47211, 47226, 47277,
       47290, 47302, 47333, 47345, 47349, 47360, 47385, 47401, 47505,
       47520, 47558, 47568, 47605, 47750, 47772, 47776, 47777, 47794,
       47804, 47834, 47838, 47857, 47879, 47952, 47977, 47981, 47989,
       48009, 48070, 48097, 48100, 48114, 48121, 48158, 48164, 48208,
       48241, 48242, 48268, 48271, 48309, 48353, 48365, 48387, 48392,
       48420, 48426, 48474, 48503, 48512, 48519, 48612, 48656, 48672,
       48689, 48692, 48696, 48703, 48706, 48713, 48728, 48731, 48846,
       48854, 48881, 48902, 48924, 48937, 48942, 48972, 49006, 49073,
       49128, 49159, 49163, 49236, 49246, 49248, 49254, 49259, 49266,
       49269, 49353, 49432, 49456, 49461, 49469, 49486, 49496]), array([   47,    62,   106,   139,   189,   191,   221,   243,   261,
         309,   350,   377,   445,   465,   548,   549,   561,   569,
         626,   667,   710,   755,   787,   805,   863,   964,  1003,
        1047,  1049,  1071,  1097,  1132,  1153,  1204,  1219,  1245,
        1251,  1363,  1371,  1380,  1385,  1386,  1387,  1419,  1467,
        1496,  1545,  1784,  1849,  1956,  1982,  1989,  2017,  2082,
        2096,  2114,  2146,  2151,  2157,  2174,  2177,  2257,  2329,
        2365,  2444,  2533,  2558,  2573,  2615,  2637,  2649,  2686,
        2775,  2783,  2795,  2797,  2856,  2893,  2905,  2984,  3014,
        3033,  3096,  3105,  3298,  3309,  3327,  3353,  3392,  3422,
        3501,  3522,  3535,  3708,  3723,  3800,  3871,  3917,  3938,
        4002,  4196,  4237,  4244,  4255,  4261,  4346,  4360,  4372,
        4392,  4429,  4534,  4554,  4669,  4671,  4680,  4714,  4737,
        4763,  4790,  4804,  4807,  4816,  4914,  4935,  4944,  5044,
        5047,  5053,  5148,  5172,  5196,  5228,  5251,  5287,  5298,
        5328,  5337,  5345,  5364,  5382,  5429,  5472,  5495,  5529,
        5549,  5700,  5754,  5755,  5817,  5858,  5859,  5877,  5880,
        5934,  5988,  6000,  6061,  6131,  6161,  6189,  6206,  6279,
        6312,  6348,  6359,  6455,  6640,  6641,  6655,  6664,  6711,
        6725,  6742,  6766,  6771,  6797,  6832,  6833,  6876,  6888,
        6907,  6910,  6922,  7024,  7040,  7043,  7049,  7178,  7224,
        7302,  7357,  7373,  7422,  7513,  7534,  7563,  7570,  7667,
        7822,  7836,  7946,  8057,  8086,  8118,  8165,  8201,  8246,
        8282,  8301,  8341,  8346,  8385,  8428,  8441,  8442,  8533,
        8646,  8804,  8892,  8922,  8946,  8965,  8973,  9032,  9069,
        9115,  9129,  9138,  9231,  9251,  9253,  9334,  9376,  9381,
        9387,  9429,  9439,  9462,  9464,  9506,  9552,  9603,  9636,
        9724,  9771,  9788,  9921,  9945,  9968,  9971, 10005, 10041,
       10044, 10181, 10215, 10219, 10236, 10239, 10245, 10283, 10303,
       10358, 10377, 10426, 10428, 10474, 10555, 10573, 10588, 10602,
       10621, 10704, 10826, 10863, 10872, 10877, 10884, 10910, 10971,
       10983, 11054, 11055, 11103, 11143, 11156, 11203, 11221, 11237,
       11392, 11405, 11450, 11460, 11468, 11482, 11489, 11518, 11557,
       11563, 11564, 11576, 11583, 11682, 11687, 11752, 11794, 11795,
       11836, 11981, 12214, 12237, 12286, 12287, 12289, 12307, 12374,
       12386, 12396, 12421, 12464, 12484, 12505, 12553, 12555, 12624,
       12648, 12649, 12683, 12711, 12712, 12738, 12743, 12768, 12854,
       12918, 12956, 12992, 13005, 13034, 13052, 13074, 13150, 13230,
       13238, 13294, 13444, 13446, 13452, 13453, 13457, 13490, 13541,
       13543, 13553, 13564, 13588, 13617, 13747, 13840, 13856, 13875,
       13896, 13916, 14015, 14040, 14137, 14183, 14293, 14334, 14431,
       14487, 14498, 14533, 14577, 14601, 14694, 14718, 14731, 14739,
       14760, 14780, 14895, 15042, 15081, 15084, 15165, 15210, 15297,
       15469, 15515, 15520, 15527, 15555, 15607, 15634, 15709, 15752,
       15866, 15881, 15886, 15888, 15907, 15908, 15935, 15967, 15994,
       16175, 16220, 16253, 16303, 16339, 16397, 16459, 16479, 16521,
       16529, 16644, 16674, 16726, 16806, 16821, 16841, 16856, 16910,
       16948, 16994, 17007, 17046, 17077, 17150, 17178, 17217, 17305,
       17409, 17413, 17422, 17444, 17445, 17450, 17457, 17555, 17608,
       17645, 17667, 17707, 17853, 17893, 17928, 17933, 17948, 17960,
       17983, 18033, 18191, 18204, 18269, 18321, 18366, 18398, 18414,
       18479, 18480, 18502, 18518, 18531, 18579, 18588, 18737, 18762,
       18875, 18893, 18927, 18996, 19053, 19055, 19138, 19159, 19203,
       19213, 19386, 19402, 19404, 19462, 19486, 19511, 19530, 19545,
       19546, 19625, 19730, 19749, 19764, 19774, 19790, 19835, 19873,
       19942, 20090, 20092, 20095, 20120, 20126, 20142, 20144, 20162,
       20253, 20259, 20294, 20299, 20363, 20385, 20441, 20443, 20492,
       20546, 20552, 20600, 20601, 20630, 20698, 20731, 20743, 20765,
       20816, 20852, 20859, 20898, 20921, 20927, 20956, 20982, 21012,
       21039, 21043, 21080, 21082, 21145, 21159, 21160, 21167, 21256,
       21323, 21374, 21411, 21414, 21422, 21475, 21486, 21546, 21588,
       21632, 21677, 21681, 21729, 21761, 21786, 21903, 21915, 21921,
       22169, 22192, 22194, 22223, 22239, 22264, 22282, 22352, 22448,
       22526, 22550, 22557, 22718, 22881, 22889, 22947, 22983, 23018,
       23036, 23038, 23065, 23071, 23119, 23138, 23172, 23200, 23218,
       23301, 23487, 23524, 23576, 23597, 23613, 23629, 23641, 23665,
       23753, 23814, 23848, 23887, 23894, 23916, 23933, 23956, 23970,
       24041, 24047, 24091, 24166, 24187, 24207, 24208, 24279, 24315,
       24318, 24339, 24438, 24498, 24516, 24655, 24733, 24739, 24760,
       24778, 24790, 24801, 24819, 24829, 24835, 24857, 24870, 24934,
       24971, 25071, 25136, 25143, 25213, 25215, 25229, 25275, 25299,
       25308, 25315, 25360, 25436, 25459, 25470, 25478, 25485, 25490,
       25500, 25595, 25628, 25663, 25682, 25753, 25765, 25783, 25877,
       25907, 25951, 25962, 25987, 25991, 26051, 26084, 26093, 26186,
       26219, 26246, 26269, 26321, 26392, 26394, 26402, 26408, 26432,
       26530, 26650, 26665, 26720, 26771, 26792, 26796, 26848, 26894,
       26951, 26964, 26975, 26984, 27004, 27035, 27060, 27178, 27333,
       27355, 27360, 27372, 27416, 27427, 27536, 27580, 27640, 27698,
       27722, 27749, 27753, 27781, 27829, 27842, 27848, 27854, 27867,
       27917, 27979, 27991, 28059, 28108, 28124, 28130, 28148, 28162,
       28203, 28219, 28258, 28274, 28310, 28363, 28397, 28478, 28517,
       28551, 28627, 28631, 28687, 28755, 28879, 28880, 28903, 28965,
       29018, 29019, 29030, 29042, 29082, 29109, 29157, 29177, 29202,
       29259, 29283, 29358, 29380, 29394, 29444, 29480, 29509, 29577,
       29592, 29606, 29616, 29626, 29651, 29656, 29681, 29697, 29722,
       29766, 29817, 29835, 29845, 29903, 29904, 29995, 30005, 30020,
       30113, 30128, 30160, 30171, 30202, 30232, 30289, 30328, 30405,
       30433, 30475, 30531, 30547, 30619, 30624, 30738, 30780, 30788,
       30904, 30935, 30944, 30952, 31052, 31061, 31107, 31125, 31179,
       31208, 31247, 31287, 31295, 31299, 31326, 31342, 31355, 31360,
       31375, 31410, 31495, 31597, 31608, 31624, 31658, 31673, 31728,
       31763, 31769, 31890, 31986, 31990, 32008, 32033, 32045, 32139,
       32186, 32250, 32297, 32345, 32381, 32382, 32394, 32450, 32542,
       32553, 32581, 32599, 32643, 32698, 32736, 32757, 32761, 32773,
       32775, 32783, 32809, 32819, 32828, 32887, 32925, 32995, 33020,
       33064, 33157, 33178, 33206, 33229, 33296, 33353, 33404, 33412,
       33419, 33435, 33471, 33538, 33562, 33598, 33643, 33687, 33740,
       33744, 33751, 33755, 33788, 33822, 33863, 33936, 33992, 34036,
       34054, 34097, 34121, 34131, 34174, 34193, 34257, 34266, 34283,
       34288, 34389, 34395, 34634, 34657, 34659, 34679, 34726, 34885,
       34890, 34935, 34984, 34999, 35002, 35011, 35012, 35074, 35128,
       35133, 35209, 35255, 35257, 35299, 35323, 35361, 35387, 35442,
       35515, 35519, 35657, 35779, 35862, 35895, 35932, 35957, 36023,
       36060, 36084, 36111, 36116, 36130, 36177, 36183, 36192, 36336,
       36353, 36364, 36396, 36401, 36411, 36429, 36450, 36495, 36524,
       36539, 36561, 36569, 36583, 36662, 36669, 36674, 36795, 36809,
       36876, 36938, 37082, 37122, 37123, 37146, 37213, 37217, 37289,
       37304, 37311, 37432, 37516, 37620, 37731, 37737, 37746, 37764,
       37810, 37863, 37881, 37927, 37948, 37964, 37988, 38058, 38082,
       38099, 38117, 38128, 38188, 38208, 38290, 38321, 38347, 38348,
       38416, 38435, 38452, 38456, 38481, 38519, 38565, 38568, 38594,
       38654, 38720, 38756, 38866, 38875, 38879, 38975, 38995, 39047,
       39069, 39071, 39153, 39198, 39200, 39229, 39235, 39280, 39345,
       39401, 39458, 39465, 39519, 39561, 39575, 39675, 39696, 39739,
       39786, 39863, 39874, 39950, 39994, 40061, 40115, 40127, 40128,
       40181, 40185, 40194, 40211, 40247, 40257, 40273, 40297, 40302,
       40340, 40380, 40382, 40420, 40588, 40628, 40659, 40763, 40823,
       40879, 40886, 40890, 40896, 40928, 41021, 41032, 41054, 41124,
       41164, 41166, 41179, 41209, 41245, 41289, 41308, 41365, 41425,
       41453, 41500, 41522, 41651, 41654, 41744, 41745, 41765, 41785,
       41790, 41797, 41802, 41818, 41827, 41829, 41848, 41905, 41952,
       42047, 42086, 42185, 42253, 42295, 42368, 42396, 42518, 42525,
       42580, 42593, 42619, 42620, 42623, 42669, 42722, 42858, 42912,
       42953, 42978, 43074, 43103, 43173, 43187, 43212, 43242, 43266,
       43272, 43296, 43419, 43453, 43548, 43582, 43654, 43676, 43715,
       43781, 43936, 43999, 44062, 44065, 44089, 44222, 44226, 44238,
       44249, 44260, 44329, 44336, 44345, 44369, 44393, 44439, 44444,
       44446, 44463, 44492, 44506, 44522, 44714, 44715, 44785, 44876,
       44905, 44937, 45087, 45101, 45157, 45164, 45169, 45184, 45197,
       45208, 45274, 45451, 45498, 45528, 45529, 45552, 45582, 45588,
       45629, 45654, 45681, 45705, 45739, 45752, 45754, 45790, 45814,
       45879, 45884, 45903, 45931, 45933, 45953, 45975, 45982, 46004,
       46028, 46108, 46209, 46249, 46297, 46427, 46437, 46465, 46513,
       46525, 46561, 46702, 46719, 46885, 46914, 46983, 47065, 47130,
       47141, 47148, 47184, 47190, 47211, 47226, 47290, 47333, 47345,
       47349, 47360, 47385, 47401, 47505, 47520, 47558, 47568, 47605,
       47750, 47776, 47777, 47794, 47804, 47822, 47834, 47838, 47857,
       47879, 47952, 47981, 48009, 48070, 48100, 48114, 48158, 48164,
       48241, 48242, 48271, 48309, 48353, 48387, 48389, 48392, 48420,
       48426, 48503, 48512, 48519, 48612, 48646, 48656, 48672, 48689,
       48692, 48696, 48706, 48707, 48713, 48731, 48846, 48854, 48881,
       48902, 48924, 48937, 48942, 48972, 49006, 49073, 49128, 49159,
       49163, 49236, 49246, 49248, 49254, 49259, 49266, 49269, 49432,
       49456, 49461, 49469, 49486, 49496]), array([   47,    62,   106,   139,   189,   191,   221,   243,   261,
         309,   350,   377,   465,   548,   549,   561,   569,   626,
         667,   710,   755,   787,   863,   964,  1003,  1047,  1049,
        1071,  1097,  1132,  1153,  1219,  1245,  1363,  1371,  1380,
        1385,  1386,  1387,  1419,  1467,  1496,  1545,  1784,  1849,
        1982,  2017,  2082,  2096,  2114,  2146,  2157,  2174,  2177,
        2257,  2327,  2329,  2444,  2558,  2573,  2615,  2637,  2649,
        2686,  2775,  2795,  2797,  2893,  2899,  2984,  3014,  3033,
        3096,  3105,  3298,  3309,  3327,  3392,  3422,  3501,  3522,
        3535,  3708,  3723,  3800,  3871,  3917,  3938,  4002,  4196,
        4235,  4237,  4244,  4261,  4346,  4360,  4392,  4534,  4554,
        4570,  4669,  4680,  4737,  4763,  4790,  4804,  4807,  4816,
        4914,  4935,  4944,  5047,  5148,  5172,  5196,  5298,  5328,
        5337,  5364,  5378,  5382,  5472,  5495,  5529,  5549,  5700,
        5755,  5803,  5817,  5858,  5859,  5880,  5934,  6000,  6161,
        6189,  6206,  6279,  6312,  6348,  6455,  6641,  6655,  6664,
        6711,  6725,  6742,  6766,  6771,  6797,  6832,  6833,  6876,
        6907,  6910,  6922,  7024,  7040,  7043,  7178,  7224,  7302,
        7357,  7373,  7422,  7513,  7534,  7667,  7671,  7822,  7836,
        7946,  8016,  8086,  8118,  8165,  8201,  8246,  8282,  8341,
        8346,  8385,  8428,  8441,  8442,  8533,  8646,  8743,  8804,
        8838,  8892,  8922,  8946,  8965,  8973,  9032,  9069,  9129,
        9231,  9251,  9253,  9334,  9376,  9381,  9387,  9429,  9462,
        9464,  9506,  9552,  9603,  9636,  9653,  9771,  9921,  9945,
        9968,  9971, 10005, 10041, 10181, 10215, 10236, 10239, 10245,
       10303, 10358, 10377, 10426, 10555, 10573, 10588, 10621, 10704,
       10826, 10863, 10872, 10877, 10884, 10910, 10971, 10983, 11054,
       11055, 11103, 11143, 11156, 11203, 11221, 11237, 11381, 11392,
       11405, 11460, 11468, 11482, 11489, 11518, 11557, 11563, 11564,
       11583, 11682, 11687, 11752, 11794, 11795, 11836, 11981, 12237,
       12286, 12287, 12289, 12307, 12374, 12396, 12421, 12464, 12484,
       12505, 12553, 12624, 12648, 12649, 12683, 12711, 12738, 12768,
       12918, 12956, 12992, 13005, 13034, 13052, 13074, 13230, 13238,
       13444, 13446, 13452, 13453, 13457, 13541, 13543, 13553, 13564,
       13588, 13747, 13856, 13875, 13896, 13916, 14015, 14040, 14137,
       14183, 14293, 14334, 14431, 14498, 14533, 14577, 14601, 14718,
       14739, 14760, 14780, 14895, 15042, 15081, 15084, 15165, 15210,
       15258, 15297, 15469, 15515, 15520, 15527, 15555, 15607, 15634,
       15709, 15722, 15752, 15866, 15881, 15886, 15888, 15907, 15908,
       15967, 15994, 16175, 16220, 16303, 16339, 16397, 16459, 16529,
       16644, 16726, 16806, 16821, 16841, 16856, 16894, 16910, 16948,
       16994, 17007, 17046, 17077, 17150, 17178, 17217, 17305, 17409,
       17413, 17422, 17445, 17450, 17457, 17524, 17555, 17608, 17645,
       17667, 17707, 17853, 17872, 17893, 17928, 17960, 17983, 18033,
       18188, 18191, 18204, 18269, 18321, 18366, 18414, 18479, 18480,
       18531, 18579, 18588, 18737, 18762, 18875, 18927, 19053, 19055,
       19071, 19159, 19203, 19213, 19386, 19402, 19404, 19462, 19511,
       19530, 19545, 19546, 19625, 19764, 19774, 19835, 19873, 19942,
       20092, 20120, 20126, 20142, 20144, 20162, 20253, 20259, 20294,
       20299, 20363, 20441, 20443, 20492, 20546, 20552, 20600, 20698,
       20731, 20743, 20765, 20852, 20859, 20898, 20921, 20927, 20956,
       20982, 21012, 21039, 21043, 21053, 21080, 21082, 21145, 21159,
       21160, 21167, 21256, 21323, 21374, 21411, 21414, 21422, 21475,
       21486, 21546, 21588, 21632, 21677, 21681, 21729, 21798, 21903,
       21915, 21921, 22169, 22192, 22194, 22223, 22239, 22264, 22282,
       22352, 22526, 22550, 22557, 22718, 22881, 22889, 22947, 22983,
       23018, 23038, 23065, 23071, 23119, 23138, 23172, 23200, 23218,
       23301, 23487, 23524, 23576, 23613, 23629, 23641, 23665, 23814,
       23848, 23887, 23894, 23916, 23933, 23956, 23970, 24166, 24187,
       24207, 24208, 24314, 24315, 24318, 24339, 24438, 24498, 24516,
       24655, 24733, 24739, 24760, 24778, 24790, 24801, 24819, 24829,
       24835, 24870, 24934, 24971, 25071, 25136, 25143, 25229, 25275,
       25299, 25308, 25315, 25360, 25436, 25459, 25470, 25478, 25485,
       25490, 25500, 25628, 25663, 25753, 25773, 25783, 25877, 25907,
       25951, 25987, 25991, 26051, 26084, 26093, 26113, 26186, 26219,
       26269, 26321, 26394, 26402, 26408, 26432, 26530, 26650, 26665,
       26720, 26792, 26796, 26894, 26951, 26964, 26975, 26984, 27004,
       27035, 27060, 27333, 27355, 27360, 27372, 27416, 27570, 27640,
       27645, 27698, 27722, 27753, 27829, 27842, 27848, 27867, 27917,
       27979, 27991, 28059, 28108, 28124, 28130, 28148, 28203, 28219,
       28258, 28274, 28310, 28397, 28478, 28517, 28551, 28627, 28631,
       28687, 28755, 28879, 28903, 28965, 29019, 29030, 29042, 29082,
       29109, 29157, 29177, 29202, 29259, 29283, 29394, 29444, 29480,
       29509, 29592, 29606, 29616, 29626, 29651, 29656, 29681, 29766,
       29817, 29835, 29903, 29904, 29995, 30049, 30113, 30128, 30160,
       30171, 30202, 30232, 30328, 30405, 30433, 30475, 30531, 30547,
       30613, 30619, 30624, 30738, 30788, 30904, 30935, 30944, 30952,
       31052, 31061, 31107, 31179, 31208, 31247, 31287, 31299, 31326,
       31342, 31355, 31360, 31375, 31410, 31495, 31608, 31624, 31658,
       31673, 31691, 31711, 31728, 31763, 31769, 31911, 31986, 31990,
       32008, 32139, 32186, 32250, 32297, 32345, 32381, 32394, 32450,
       32542, 32553, 32581, 32599, 32643, 32757, 32761, 32773, 32775,
       32783, 32809, 32819, 32828, 32887, 32995, 33020, 33064, 33157,
       33178, 33206, 33296, 33353, 33404, 33412, 33419, 33435, 33538,
       33598, 33643, 33687, 33740, 33744, 33751, 33755, 33788, 33822,
       33863, 33936, 33992, 34036, 34054, 34097, 34116, 34121, 34131,
       34174, 34193, 34257, 34266, 34283, 34288, 34389, 34395, 34657,
       34679, 34726, 34885, 34890, 34935, 34984, 34999, 35002, 35011,
       35074, 35128, 35133, 35209, 35255, 35257, 35299, 35323, 35361,
       35442, 35460, 35515, 35519, 35657, 35862, 35895, 35932, 35957,
       35996, 36023, 36060, 36084, 36111, 36116, 36130, 36177, 36183,
       36192, 36353, 36364, 36396, 36401, 36411, 36429, 36450, 36495,
       36524, 36541, 36561, 36569, 36583, 36662, 36674, 36809, 36876,
       36938, 36959, 37082, 37122, 37123, 37146, 37213, 37217, 37289,
       37311, 37432, 37516, 37620, 37731, 37746, 37810, 37863, 37881,
       37927, 37964, 37988, 38058, 38082, 38099, 38117, 38128, 38188,
       38208, 38290, 38321, 38347, 38348, 38416, 38435, 38452, 38481,
       38565, 38594, 38654, 38720, 38756, 38866, 38875, 38879, 38970,
       38995, 39047, 39069, 39071, 39153, 39198, 39200, 39229, 39235,
       39280, 39315, 39345, 39401, 39458, 39465, 39561, 39675, 39696,
       39739, 39786, 39874, 39950, 39994, 40061, 40115, 40127, 40128,
       40181, 40185, 40194, 40211, 40247, 40257, 40273, 40297, 40302,
       40380, 40382, 40420, 40588, 40619, 40628, 40659, 40763, 40823,
       40879, 40886, 40890, 40928, 41021, 41032, 41054, 41164, 41166,
       41179, 41209, 41245, 41308, 41365, 41425, 41453, 41500, 41522,
       41651, 41654, 41744, 41745, 41765, 41785, 41790, 41797, 41818,
       41827, 41829, 41848, 41952, 42047, 42086, 42185, 42295, 42368,
       42396, 42518, 42525, 42580, 42593, 42619, 42620, 42623, 42722,
       42912, 42953, 42978, 42992, 43074, 43077, 43103, 43187, 43212,
       43242, 43266, 43272, 43296, 43419, 43453, 43548, 43582, 43654,
       43676, 43715, 43781, 43936, 43999, 44038, 44062, 44065, 44222,
       44226, 44249, 44260, 44329, 44345, 44369, 44444, 44446, 44492,
       44506, 44522, 44714, 44715, 44785, 44876, 44905, 44937, 44949,
       45087, 45101, 45157, 45184, 45274, 45329, 45451, 45481, 45498,
       45552, 45582, 45588, 45629, 45654, 45680, 45681, 45705, 45717,
       45739, 45752, 45754, 45879, 45884, 45903, 45931, 45933, 45953,
       45975, 45982, 46004, 46028, 46108, 46209, 46238, 46249, 46297,
       46427, 46525, 46561, 46628, 46702, 46719, 46983, 47065, 47130,
       47141, 47148, 47184, 47190, 47211, 47226, 47290, 47302, 47333,
       47345, 47349, 47360, 47505, 47520, 47558, 47568, 47605, 47750,
       47776, 47777, 47794, 47804, 47834, 47838, 47857, 47879, 47981,
       48009, 48070, 48100, 48114, 48158, 48164, 48241, 48242, 48268,
       48271, 48309, 48353, 48387, 48392, 48420, 48503, 48512, 48519,
       48612, 48656, 48672, 48689, 48696, 48713, 48731, 48846, 48854,
       48881, 48902, 48924, 48937, 48942, 48972, 49073, 49128, 49159,
       49163, 49236, 49246, 49248, 49254, 49266, 49353, 49456, 49461,
       49469, 49486, 49496]), array([   47,    62,   139,   189,   191,   221,   243,   350,   377,
         548,   549,   561,   569,   626,   667,   710,   755,   787,
         964,  1003,  1047,  1049,  1097,  1132,  1153,  1219,  1245,
        1363,  1371,  1380,  1385,  1386,  1387,  1419,  1467,  1496,
        1545,  1784,  1849,  1982,  2017,  2096,  2114,  2174,  2257,
        2329,  2444,  2558,  2573,  2615,  2637,  2649,  2775,  2795,
        2797,  2984,  3014,  3033,  3096,  3105,  3298,  3327,  3392,
        3501,  3522,  3535,  3708,  3723,  3871,  3938,  4002,  4196,
        4237,  4244,  4261,  4346,  4360,  4392,  4534,  4554,  4669,
        4680,  4790,  4804,  4807,  4816,  4914,  4935,  4944,  5047,
        5148,  5196,  5298,  5328,  5337,  5364,  5382,  5429,  5472,
        5549,  5754,  5755,  5858,  5880,  5934,  6000,  6161,  6312,
        6455,  6655,  6664,  6725,  6742,  6771,  6797,  6832,  6833,
        6876,  6907,  6910,  7040,  7178,  7224,  7302,  7357,  7422,
        7534,  7946,  8086,  8165,  8201,  8246,  8282,  8341,  8346,
        8385,  8428,  8441,  8442,  8533,  8646,  8804,  8922,  8946,
        8965,  8973,  9032,  9069,  9231,  9253,  9334,  9381,  9387,
        9462,  9552,  9603,  9636,  9771,  9945,  9968, 10005, 10041,
       10215, 10236, 10358, 10377, 10426, 10573, 10621, 10704, 10826,
       10863, 10872, 10877, 10910, 10971, 10983, 11054, 11055, 11103,
       11156, 11203, 11221, 11392, 11405, 11460, 11468, 11482, 11489,
       11518, 11557, 11563, 11564, 11583, 11682, 11687, 11752, 11794,
       11795, 11836, 11981, 12237, 12286, 12287, 12289, 12307, 12374,
       12464, 12484, 12553, 12624, 12648, 12649, 12683, 12711, 12738,
       12768, 12918, 12956, 13034, 13052, 13074, 13230, 13238, 13442,
       13446, 13452, 13453, 13457, 13541, 13543, 13553, 13564, 13588,
       13747, 13875, 13896, 13916, 14015, 14137, 14183, 14293, 14334,
       14431, 14487, 14498, 14533, 14577, 14601, 14718, 14739, 14780,
       15042, 15084, 15165, 15210, 15297, 15469, 15515, 15520, 15527,
       15555, 15607, 15752, 15866, 15888, 15907, 15908, 15967, 15994,
       16175, 16220, 16303, 16459, 16479, 16529, 16806, 16821, 16856,
       16894, 16910, 16948, 16994, 17007, 17046, 17077, 17150, 17178,
       17217, 17305, 17413, 17422, 17444, 17445, 17450, 17457, 17555,
       17608, 17645, 17667, 17707, 17853, 17893, 17928, 17960, 17983,
       18033, 18191, 18204, 18269, 18321, 18366, 18414, 18479, 18480,
       18518, 18531, 18579, 18588, 18737, 18762, 18875, 18927, 19053,
       19055, 19159, 19203, 19213, 19386, 19402, 19404, 19462, 19486,
       19511, 19530, 19546, 19625, 19764, 19774, 19835, 19873, 19942,
       20092, 20126, 20142, 20144, 20162, 20259, 20294, 20299, 20363,
       20441, 20443, 20492, 20546, 20552, 20600, 20630, 20698, 20731,
       20765, 20852, 20859, 20898, 20921, 20927, 20956, 21012, 21039,
       21043, 21080, 21082, 21145, 21159, 21167, 21256, 21323, 21374,
       21411, 21486, 21546, 21632, 21677, 21681, 21729, 21903, 21915,
       21921, 22169, 22194, 22223, 22239, 22282, 22352, 22526, 22550,
       22557, 22881, 22889, 22947, 22983, 23018, 23038, 23065, 23071,
       23119, 23138, 23172, 23200, 23218, 23524, 23576, 23613, 23629,
       23641, 23814, 23894, 23916, 23933, 23970, 24166, 24187, 24207,
       24315, 24318, 24339, 24438, 24498, 24516, 24655, 24733, 24739,
       24760, 24778, 24790, 24819, 24829, 24870, 24934, 25071, 25136,
       25213, 25275, 25299, 25308, 25315, 25360, 25436, 25459, 25470,
       25478, 25490, 25500, 25628, 25663, 25753, 25783, 25877, 25907,
       25951, 25987, 25991, 26051, 26084, 26093, 26186, 26219, 26269,
       26394, 26402, 26408, 26432, 26530, 26650, 26720, 26792, 26894,
       26951, 26975, 26984, 27333, 27360, 27676, 27698, 27722, 27753,
       27829, 27842, 27848, 27867, 27894, 27979, 27991, 28059, 28108,
       28124, 28130, 28148, 28203, 28219, 28258, 28274, 28310, 28397,
       28478, 28517, 28551, 28627, 28631, 28687, 28755, 28879, 28965,
       29030, 29042, 29082, 29109, 29157, 29177, 29202, 29259, 29283,
       29358, 29394, 29444, 29480, 29509, 29592, 29606, 29626, 29651,
       29656, 29681, 29697, 29766, 29817, 29835, 29904, 29995, 30020,
       30049, 30113, 30128, 30160, 30171, 30232, 30328, 30405, 30433,
       30475, 30531, 30547, 30619, 30624, 30780, 30935, 30944, 30952,
       31052, 31107, 31179, 31208, 31247, 31287, 31299, 31326, 31342,
       31355, 31360, 31375, 31410, 31495, 31608, 31624, 31658, 31673,
       31711, 31728, 31763, 31769, 31986, 31990, 32139, 32186, 32250,
       32297, 32381, 32394, 32542, 32599, 32643, 32757, 32761, 32773,
       32809, 32819, 32828, 32925, 32995, 33020, 33064, 33157, 33178,
       33206, 33296, 33353, 33404, 33419, 33538, 33598, 33643, 33687,
       33740, 33744, 33751, 33755, 33822, 33863, 33992, 34054, 34097,
       34116, 34121, 34131, 34174, 34193, 34257, 34266, 34283, 34288,
       34389, 34395, 34657, 34659, 34679, 34726, 34885, 34890, 34935,
       34984, 34999, 35002, 35011, 35074, 35128, 35133, 35209, 35255,
       35257, 35299, 35323, 35387, 35442, 35519, 35657, 35862, 35895,
       35932, 36060, 36084, 36111, 36130, 36177, 36192, 36353, 36364,
       36401, 36411, 36429, 36524, 36561, 36569, 36583, 36662, 36674,
       36809, 36876, 36938, 36959, 37122, 37123, 37146, 37213, 37289,
       37311, 37516, 37620, 37731, 37810, 37863, 37881, 37927, 37964,
       37988, 38058, 38099, 38117, 38128, 38188, 38208, 38290, 38347,
       38416, 38435, 38452, 38543, 38565, 38568, 38594, 38654, 38720,
       38756, 38866, 38875, 38879, 38995, 39047, 39069, 39071, 39153,
       39198, 39229, 39235, 39280, 39315, 39458, 39465, 39561, 39675,
       39696, 39874, 39950, 39994, 40061, 40115, 40127, 40128, 40185,
       40194, 40247, 40257, 40273, 40297, 40302, 40380, 40382, 40420,
       40588, 40628, 40659, 40763, 40823, 40879, 40886, 40928, 41021,
       41032, 41054, 41166, 41179, 41209, 41308, 41425, 41453, 41500,
       41522, 41654, 41744, 41745, 41765, 41785, 41790, 41797, 41818,
       41827, 41829, 41848, 41952, 42047, 42086, 42185, 42295, 42368,
       42396, 42518, 42525, 42580, 42593, 42623, 42953, 42978, 43074,
       43212, 43272, 43296, 43419, 43453, 43548, 43582, 43654, 43781,
       43999, 44062, 44222, 44226, 44249, 44260, 44329, 44345, 44369,
       44444, 44446, 44492, 44506, 44522, 44714, 44715, 44785, 44876,
       44937, 45087, 45101, 45157, 45169, 45184, 45208, 45274, 45451,
       45498, 45552, 45582, 45629, 45654, 45681, 45705, 45739, 45754,
       45884, 45903, 45931, 45933, 45953, 45975, 45982, 46004, 46028,
       46209, 46249, 46297, 46525, 46561, 46628, 46702, 46719, 46983,
       47065, 47130, 47141, 47148, 47184, 47190, 47211, 47333, 47345,
       47349, 47505, 47520, 47558, 47605, 47651, 47750, 47776, 47777,
       47794, 47804, 47857, 47879, 47981, 48009, 48114, 48164, 48241,
       48242, 48271, 48309, 48353, 48387, 48392, 48420, 48503, 48512,
       48519, 48612, 48656, 48689, 48696, 48713, 48731, 48846, 48881,
       48902, 48924, 48937, 48942, 48972, 49073, 49128, 49159, 49236,
       49246, 49248, 49254, 49456, 49461, 49469, 49496]), array([   47,    62,   189,   191,   243,   350,   377,   465,   549,
         561,   569,   626,   667,   710,   787,   964,  1047,  1049,
        1097,  1132,  1153,  1219,  1245,  1363,  1371,  1380,  1385,
        1386,  1387,  1419,  1467,  1496,  1545,  1784,  1849,  1868,
        1982,  2017,  2096,  2114,  2174,  2444,  2558,  2573,  2615,
        2637,  2649,  2686,  2775,  2795,  2797,  2984,  3014,  3033,
        3096,  3105,  3298,  3327,  3392,  3501,  3535,  3708,  3723,
        3871,  3938,  4002,  4196,  4237,  4244,  4261,  4346,  4392,
        4534,  4554,  4669,  4680,  4790,  4804,  4807,  4816,  4914,
        4935,  4944,  5047,  5196,  5228,  5337,  5364,  5429,  5472,
        5549,  5754,  5755,  5817,  5858,  5880,  5934,  6000,  6131,
        6161,  6189,  6206,  6312,  6359,  6455,  6655,  6711,  6797,
        6833,  6876,  6907,  6910,  7040,  7178,  7224,  7302,  7422,
        7534,  7946,  8086,  8165,  8201,  8246,  8341,  8346,  8385,
        8428,  8441,  8442,  8533,  8646,  8743,  8892,  8922,  8946,
        8965,  8973,  9032,  9069,  9253,  9334,  9381,  9462,  9552,
        9636,  9771,  9945,  9968, 10005, 10041, 10181, 10215, 10236,
       10245, 10358, 10377, 10426, 10621, 10704, 10826, 10863, 10872,
       10877, 10971, 10983, 11054, 11055, 11103, 11156, 11203, 11221,
       11392, 11405, 11450, 11460, 11468, 11489, 11518, 11557, 11563,
       11583, 11682, 11687, 11752, 11794, 11795, 12237, 12286, 12287,
       12289, 12307, 12374, 12464, 12484, 12553, 12624, 12649, 12683,
       12711, 12738, 12918, 12956, 13034, 13052, 13074, 13230, 13238,
       13446, 13452, 13453, 13457, 13541, 13543, 13553, 13564, 13747,
       13875, 13896, 13916, 14015, 14137, 14183, 14293, 14334, 14431,
       14487, 14498, 14533, 14577, 14601, 14739, 15042, 15081, 15084,
       15210, 15297, 15469, 15515, 15520, 15527, 15555, 15752, 15866,
       15888, 15907, 15967, 15994, 16175, 16220, 16303, 16339, 16479,
       16529, 16821, 16856, 16910, 16994, 17007, 17046, 17077, 17150,
       17217, 17305, 17413, 17445, 17450, 17457, 17555, 17608, 17667,
       17707, 17853, 17893, 17928, 17983, 18033, 18191, 18204, 18269,
       18321, 18366, 18414, 18479, 18480, 18518, 18531, 18579, 18588,
       18737, 18762, 18875, 18927, 19053, 19055, 19159, 19203, 19213,
       19386, 19402, 19404, 19462, 19511, 19530, 19545, 19546, 19625,
       19764, 19835, 19873, 19942, 20095, 20126, 20142, 20144, 20253,
       20259, 20294, 20299, 20363, 20441, 20443, 20492, 20546, 20552,
       20731, 20743, 20765, 20852, 20859, 20898, 20921, 20927, 20956,
       21012, 21043, 21080, 21082, 21145, 21159, 21167, 21256, 21323,
       21411, 21486, 21546, 21681, 21729, 21903, 21915, 21921, 22169,
       22194, 22223, 22239, 22264, 22282, 22352, 22526, 22550, 22557,
       22881, 22889, 22947, 23018, 23065, 23071, 23119, 23138, 23172,
       23200, 23218, 23524, 23576, 23613, 23629, 23641, 23814, 23894,
       23916, 23933, 23956, 23970, 24166, 24187, 24207, 24315, 24339,
       24438, 24516, 24655, 24733, 24760, 24790, 24819, 24870, 24934,
       25071, 25136, 25215, 25275, 25299, 25308, 25360, 25436, 25459,
       25470, 25478, 25628, 25663, 25753, 25765, 25783, 25877, 25907,
       25951, 25991, 26051, 26084, 26093, 26186, 26219, 26269, 26394,
       26402, 26408, 26432, 26650, 26792, 26894, 26951, 26975, 26984,
       27004, 27060, 27333, 27360, 27416, 27698, 27722, 27753, 27829,
       27867, 27979, 27991, 28059, 28108, 28124, 28148, 28203, 28219,
       28258, 28274, 28310, 28397, 28478, 28517, 28551, 28627, 28631,
       28687, 28755, 28879, 28965, 29019, 29030, 29042, 29082, 29109,
       29177, 29202, 29259, 29283, 29358, 29444, 29480, 29592, 29606,
       29626, 29651, 29681, 29697, 29766, 29817, 29904, 29995, 30113,
       30128, 30160, 30171, 30232, 30328, 30405, 30433, 30475, 30531,
       30547, 30619, 30624, 30904, 30944, 30952, 31052, 31107, 31179,
       31208, 31247, 31299, 31326, 31342, 31355, 31360, 31375, 31495,
       31608, 31624, 31658, 31673, 31728, 31763, 31769, 31986, 31990,
       32139, 32250, 32297, 32381, 32542, 32599, 32643, 32761, 32773,
       32775, 32809, 32995, 33020, 33064, 33157, 33178, 33296, 33404,
       33419, 33538, 33598, 33687, 33740, 33744, 33751, 33755, 33822,
       33992, 34054, 34097, 34121, 34131, 34174, 34193, 34257, 34266,
       34283, 34288, 34389, 34395, 34657, 34679, 34885, 34890, 34935,
       34984, 34999, 35002, 35011, 35074, 35128, 35133, 35209, 35255,
       35257, 35299, 35323, 35442, 35519, 35657, 35862, 35932, 36060,
       36084, 36111, 36130, 36177, 36353, 36401, 36411, 36429, 36561,
       36569, 36583, 36662, 36674, 36809, 36876, 36938, 37123, 37213,
       37289, 37311, 37516, 37731, 37810, 37863, 37881, 37927, 37964,
       38058, 38099, 38117, 38128, 38188, 38208, 38347, 38435, 38452,
       38519, 38565, 38594, 38654, 38720, 38756, 38866, 38875, 38879,
       38995, 39047, 39069, 39071, 39153, 39198, 39229, 39235, 39280,
       39315, 39458, 39561, 39675, 39696, 39739, 39950, 39994, 40061,
       40115, 40127, 40128, 40185, 40194, 40211, 40247, 40257, 40273,
       40297, 40302, 40382, 40420, 40588, 40628, 40659, 40763, 40823,
       40928, 41021, 41032, 41054, 41166, 41179, 41209, 41308, 41425,
       41453, 41500, 41522, 41654, 41744, 41745, 41785, 41790, 41797,
       41818, 41827, 41829, 41952, 42047, 42086, 42185, 42295, 42396,
       42518, 42525, 42580, 42593, 42623, 42953, 42978, 43074, 43212,
       43272, 43296, 43419, 43453, 43654, 43676, 43715, 43781, 44062,
       44226, 44249, 44260, 44329, 44345, 44369, 44444, 44446, 44492,
       44506, 44522, 44714, 44715, 44785, 44876, 44937, 45087, 45101,
       45157, 45184, 45274, 45329, 45451, 45498, 45552, 45582, 45681,
       45705, 45739, 45754, 45933, 45953, 45975, 45982, 46004, 46028,
       46209, 46249, 46297, 46525, 46561, 46719, 46983, 47065, 47141,
       47148, 47184, 47190, 47211, 47333, 47345, 47349, 47505, 47520,
       47558, 47605, 47651, 47750, 47776, 47777, 47794, 47804, 47857,
       47879, 47981, 48114, 48164, 48241, 48242, 48271, 48309, 48353,
       48387, 48392, 48420, 48503, 48519, 48612, 48656, 48689, 48696,
       48713, 48731, 48802, 48846, 48881, 48902, 48924, 48937, 48942,
       48972, 49073, 49128, 49159, 49236, 49246, 49248, 49254, 49456,
       49461, 49469, 49496]), array([   47,    62,   189,   191,   221,   243,   350,   377,   549,
         561,   569,   626,   667,   710,   755,   787,   964,  1047,
        1097,  1132,  1219,  1245,  1363,  1371,  1385,  1386,  1387,
        1467,  1496,  1784,  1849,  1982,  2017,  2096,  2114,  2257,
        2444,  2558,  2573,  2637,  2649,  2686,  2775,  2795,  2797,
        2984,  3033,  3096,  3105,  3327,  3392,  3501,  3535,  3708,
        3723,  3871,  3938,  4002,  4196,  4237,  4261,  4392,  4534,
        4554,  4680,  4804,  4807,  4816,  4914,  4935,  4944,  5047,
        5196,  5337,  5754,  5755,  5858,  6000,  6161,  6189,  6455,
        6655,  6797,  6833,  6876,  6910,  7040,  7178,  7302,  7422,
        7946,  8086,  8201,  8246,  8341,  8346,  8385,  8441,  8442,
        8892,  8946,  8973,  9032,  9069,  9231,  9251,  9253,  9334,
        9381,  9462,  9552,  9636,  9771,  9945,  9968, 10005, 10041,
       10215, 10236, 10358, 10377, 10704, 10826, 10863, 10872, 10877,
       10971, 10983, 11054, 11055, 11203, 11221, 11392, 11405, 11460,
       11468, 11482, 11489, 11518, 11557, 11563, 11564, 11583, 11682,
       11687, 11752, 11794, 11795, 11836, 12237, 12286, 12287, 12289,
       12307, 12374, 12553, 12624, 12649, 12683, 12711, 12738, 12918,
       12956, 13034, 13052, 13074, 13230, 13238, 13444, 13446, 13452,
       13453, 13457, 13541, 13543, 13553, 13564, 13875, 13896, 13916,
       14015, 14137, 14183, 14293, 14334, 14431, 14487, 14498, 14533,
       14577, 14601, 14739, 15042, 15084, 15165, 15297, 15469, 15515,
       15520, 15527, 15555, 15752, 15866, 15888, 15907, 15908, 15967,
       15994, 16175, 16220, 16303, 16529, 16821, 16856, 16908, 16994,
       17007, 17046, 17077, 17150, 17217, 17305, 17413, 17445, 17450,
       17457, 17555, 17608, 17707, 17853, 17928, 17960, 17983, 18033,
       18191, 18204, 18269, 18321, 18366, 18414, 18479, 18480, 18531,
       18579, 18588, 18737, 18762, 18927, 19053, 19055, 19159, 19203,
       19213, 19386, 19404, 19462, 19511, 19530, 19545, 19546, 19625,
       19835, 19873, 19942, 20095, 20126, 20142, 20144, 20259, 20294,
       20299, 20441, 20443, 20492, 20546, 20600, 20731, 20765, 20852,
       20859, 20898, 20921, 21012, 21043, 21080, 21082, 21145, 21159,
       21167, 21256, 21323, 21411, 21475, 21486, 21677, 21681, 21729,
       21915, 21921, 22169, 22194, 22223, 22239, 22282, 22526, 22550,
       22881, 22889, 22947, 23018, 23038, 23065, 23071, 23119, 23138,
       23172, 23200, 23218, 23576, 23613, 23629, 23641, 23753, 23814,
       23916, 23933, 23970, 24166, 24207, 24315, 24339, 24438, 24498,
       24516, 24655, 24733, 24760, 24790, 24819, 24870, 24934, 25071,
       25136, 25299, 25308, 25315, 25360, 25436, 25459, 25478, 25628,
       25663, 25753, 25877, 25907, 25951, 25991, 26051, 26084, 26093,
       26186, 26219, 26269, 26394, 26402, 26408, 26432, 26530, 26650,
       26665, 26792, 26894, 26951, 26975, 26984, 27060, 27333, 27360,
       27416, 27698, 27753, 27829, 27848, 27867, 27979, 27991, 28059,
       28108, 28148, 28219, 28258, 28274, 28310, 28397, 28478, 28517,
       28551, 28627, 28631, 28687, 28755, 28879, 28965, 29019, 29030,
       29042, 29082, 29109, 29177, 29202, 29259, 29283, 29358, 29444,
       29480, 29592, 29606, 29626, 29681, 29766, 29817, 29904, 29995,
       30113, 30160, 30171, 30232, 30328, 30405, 30531, 30547, 30619,
       30624, 30944, 30952, 31052, 31107, 31179, 31208, 31247, 31299,
       31326, 31342, 31355, 31360, 31375, 31495, 31608, 31624, 31658,
       31673, 31728, 31763, 31990, 32139, 32250, 32297, 32381, 32542,
       32599, 32643, 32761, 32773, 32775, 32809, 32995, 33064, 33157,
       33178, 33296, 33404, 33538, 33598, 33687, 33740, 33751, 33822,
       34054, 34097, 34121, 34174, 34193, 34257, 34266, 34283, 34288,
       34389, 34395, 34657, 34679, 34885, 34890, 34935, 34984, 34999,
       35002, 35011, 35074, 35128, 35133, 35209, 35255, 35257, 35323,
       35442, 35519, 35657, 35862, 35932, 36084, 36111, 36130, 36177,
       36192, 36336, 36353, 36396, 36401, 36411, 36429, 36569, 36583,
       36662, 36674, 36876, 36938, 36959, 37123, 37213, 37289, 37311,
       37516, 37620, 37731, 37810, 37863, 37927, 37964, 38058, 38117,
       38128, 38188, 38208, 38347, 38435, 38452, 38565, 38594, 38654,
       38720, 38756, 38866, 38875, 38879, 38995, 39047, 39069, 39071,
       39153, 39198, 39229, 39280, 39458, 39561, 39675, 39696, 39950,
       39994, 40061, 40115, 40127, 40128, 40194, 40211, 40247, 40297,
       40302, 40382, 40420, 40588, 40619, 40628, 40659, 40763, 40823,
       40928, 41021, 41032, 41054, 41166, 41179, 41209, 41308, 41425,
       41453, 41500, 41522, 41744, 41745, 41785, 41790, 41797, 41818,
       41952, 42086, 42185, 42295, 42518, 42580, 42593, 42623, 42953,
       42978, 43074, 43212, 43272, 43296, 43419, 43453, 43654, 44062,
       44226, 44260, 44329, 44345, 44369, 44444, 44446, 44492, 44506,
       44714, 44715, 44785, 44876, 45087, 45101, 45184, 45274, 45451,
       45498, 45552, 45582, 45705, 45739, 45754, 45933, 45953, 45975,
       45982, 46004, 46028, 46209, 46249, 46297, 46525, 46561, 46719,
       46983, 47065, 47141, 47148, 47184, 47190, 47211, 47333, 47345,
       47349, 47505, 47520, 47558, 47605, 47750, 47776, 47777, 47794,
       47804, 47857, 47879, 47981, 48114, 48164, 48241, 48242, 48268,
       48271, 48353, 48387, 48392, 48420, 48503, 48519, 48612, 48656,
       48689, 48696, 48713, 48731, 48802, 48846, 48881, 48902, 48924,
       48937, 48942, 48972, 49159, 49236, 49246, 49248, 49254, 49461,
       49469, 49496]), array([   47,    62,   189,   191,   309,   350,   377,   549,   561,
         569,   626,   667,   710,   787,   964,  1047,  1049,  1097,
        1132,  1219,  1245,  1363,  1371,  1380,  1385,  1386,  1387,
        1467,  1496,  1784,  1849,  1982,  2017,  2096,  2114,  2329,
        2444,  2558,  2573,  2637,  2649,  2775,  2795,  2797,  2984,
        3014,  3033,  3096,  3105,  3298,  3327,  3392,  3501,  3535,
        3723,  3871,  3938,  4002,  4196,  4237,  4261,  4392,  4534,
        4554,  4669,  4680,  4763,  4790,  4804,  4807,  4816,  4935,
        4944,  5047,  5196,  5337,  5364,  5754,  5755,  5858,  5880,
        5934,  6000,  6161,  6359,  6455,  6655,  6797,  6832,  6833,
        6876,  6907,  6910,  7040,  7178,  7224,  7302,  7422,  7534,
        7946,  8086,  8165,  8246,  8341,  8346,  8385,  8428,  8441,
        8442,  8533,  8743,  8804,  8892,  8946,  8965,  8973,  9032,
        9069,  9115,  9251,  9253,  9334,  9381,  9387,  9462,  9552,
        9636,  9771,  9945,  9968, 10005, 10041, 10215, 10236, 10239,
       10358, 10377, 10426, 10704, 10826, 10863, 10872, 10877, 10971,
       10983, 11054, 11055, 11103, 11156, 11203, 11221, 11392, 11405,
       11460, 11468, 11482, 11489, 11518, 11563, 11583, 11682, 11687,
       11752, 11794, 11795, 11836, 12237, 12286, 12287, 12289, 12307,
       12374, 12464, 12484, 12505, 12553, 12624, 12649, 12683, 12711,
       12738, 12918, 12956, 13034, 13052, 13074, 13230, 13238, 13446,
       13452, 13453, 13457, 13541, 13543, 13553, 13564, 13875, 13896,
       13916, 14015, 14137, 14183, 14293, 14334, 14431, 14498, 14533,
       14577, 14601, 14780, 15042, 15084, 15210, 15297, 15469, 15515,
       15520, 15527, 15555, 15866, 15888, 15907, 15967, 15994, 16175,
       16220, 16303, 16529, 16644, 16821, 16856, 16948, 16994, 17007,
       17046, 17077, 17150, 17217, 17305, 17413, 17445, 17450, 17457,
       17555, 17608, 17667, 17707, 17853, 17928, 17983, 18033, 18191,
       18204, 18269, 18321, 18366, 18414, 18479, 18480, 18531, 18579,
       18588, 18737, 18762, 18927, 19053, 19055, 19159, 19203, 19213,
       19386, 19404, 19462, 19511, 19530, 19546, 19625, 19835, 19873,
       19942, 20126, 20142, 20144, 20259, 20299, 20441, 20443, 20492,
       20546, 20731, 20765, 20859, 20898, 20921, 21012, 21039, 21043,
       21053, 21080, 21082, 21145, 21167, 21256, 21323, 21411, 21486,
       21681, 21729, 21761, 21903, 21915, 21921, 22169, 22194, 22223,
       22239, 22282, 22526, 22550, 22881, 22889, 22947, 23018, 23038,
       23065, 23071, 23119, 23138, 23172, 23200, 23218, 23576, 23613,
       23629, 23641, 23814, 23916, 23933, 23970, 24166, 24207, 24315,
       24339, 24438, 24516, 24655, 24733, 24760, 24790, 24819, 24870,
       24934, 25071, 25136, 25299, 25308, 25360, 25436, 25478, 25595,
       25628, 25753, 25783, 25907, 25951, 25991, 26051, 26084, 26093,
       26186, 26219, 26269, 26394, 26402, 26408, 26432, 26530, 26665,
       26792, 26894, 26951, 26975, 26984, 27333, 27360, 27698, 27753,
       27829, 27867, 27979, 27991, 28059, 28124, 28148, 28203, 28219,
       28258, 28274, 28310, 28397, 28478, 28627, 28631, 28755, 28879,
       28965, 29030, 29042, 29082, 29109, 29177, 29202, 29259, 29283,
       29358, 29394, 29444, 29480, 29592, 29606, 29626, 29681, 29766,
       29817, 29904, 29995, 30020, 30113, 30160, 30171, 30232, 30328,
       30405, 30433, 30531, 30547, 30619, 30624, 30952, 31052, 31107,
       31208, 31247, 31299, 31326, 31355, 31360, 31375, 31495, 31608,
       31624, 31658, 31673, 31763, 31990, 32139, 32186, 32250, 32297,
       32381, 32599, 32643, 32761, 32773, 32809, 32925, 33020, 33064,
       33157, 33178, 33296, 33404, 33419, 33538, 33687, 33751, 33755,
       34054, 34097, 34121, 34174, 34193, 34257, 34266, 34283, 34288,
       34389, 34395, 34657, 34679, 34885, 34890, 34935, 34984, 34999,
       35002, 35011, 35074, 35128, 35133, 35209, 35255, 35257, 35442,
       35519, 35657, 35862, 35932, 36084, 36111, 36130, 36177, 36192,
       36353, 36401, 36411, 36429, 36495, 36561, 36569, 36583, 36674,
       36876, 36938, 37123, 37213, 37289, 37620, 37731, 37810, 37863,
       37927, 37964, 38058, 38099, 38117, 38128, 38208, 38347, 38435,
       38452, 38565, 38594, 38654, 38720, 38756, 38866, 38875, 38879,
       38995, 39047, 39069, 39071, 39153, 39198, 39200, 39229, 39280,
       39401, 39458, 39561, 39675, 39696, 39950, 39994, 40115, 40127,
       40128, 40194, 40247, 40273, 40297, 40302, 40382, 40420, 40588,
       40628, 40659, 40763, 40823, 40928, 41021, 41032, 41054, 41166,
       41179, 41209, 41308, 41425, 41453, 41500, 41522, 41744, 41745,
       41785, 41790, 41797, 41818, 41827, 41829, 41952, 42047, 42086,
       42185, 42295, 42525, 42580, 42623, 42953, 42978, 43074, 43212,
       43266, 43272, 43419, 43453, 43676, 44062, 44226, 44260, 44329,
       44345, 44369, 44444, 44446, 44492, 44522, 44714, 44715, 44785,
       44876, 44937, 45087, 45101, 45184, 45208, 45451, 45498, 45552,
       45582, 45681, 45705, 45739, 45754, 45933, 45953, 45975, 45982,
       46004, 46028, 46209, 46249, 46297, 46525, 46561, 46719, 46983,
       47065, 47141, 47148, 47184, 47190, 47211, 47333, 47345, 47349,
       47505, 47520, 47558, 47605, 47750, 47776, 47794, 47804, 47857,
       47981, 48114, 48164, 48241, 48242, 48271, 48309, 48353, 48387,
       48392, 48420, 48503, 48519, 48612, 48689, 48696, 48713, 48731,
       48802, 48846, 48881, 48902, 48924, 48937, 48942, 48972, 49159,
       49236, 49246, 49248, 49254, 49461, 49469, 49496]), array([   47,    62,   106,   139,   189,   191,   221,   243,   261,
         308,   309,   350,   377,   445,   465,   548,   549,   561,
         569,   626,   667,   710,   755,   787,   931,   964,  1003,
        1047,  1049,  1097,  1132,  1153,  1172,  1219,  1245,  1251,
        1363,  1371,  1380,  1385,  1386,  1387,  1419,  1467,  1496,
        1545,  1738,  1784,  1849,  1900,  1912,  1982,  1989,  2017,
        2082,  2096,  2114,  2146,  2157,  2174,  2177,  2257,  2329,
        2444,  2558,  2573,  2615,  2637,  2649,  2658,  2686,  2775,
        2795,  2797,  2856,  2893,  2899,  2905,  2984,  3014,  3033,
        3096,  3105,  3298,  3327,  3392,  3422,  3452,  3501,  3535,
        3708,  3723,  3738,  3871,  3917,  3938,  4002,  4186,  4196,
        4235,  4237,  4244,  4261,  4346,  4360,  4392,  4534,  4554,
        4669,  4671,  4680,  4715,  4763,  4790,  4804,  4807,  4816,
        4847,  4879,  4914,  4935,  4944,  5044,  5047,  5172,  5196,
        5228,  5298,  5328,  5337,  5364,  5378,  5382,  5429,  5472,
        5495,  5549,  5700,  5754,  5755,  5817,  5858,  5859,  5877,
        5880,  5934,  6000,  6109,  6131,  6161,  6189,  6206,  6279,
        6312,  6348,  6359,  6455,  6605,  6641,  6655,  6664,  6711,
        6739,  6742,  6771,  6797,  6832,  6833,  6876,  6888,  6907,
        6910,  6945,  6971,  6983,  7024,  7040,  7043,  7178,  7212,
        7224,  7302,  7357,  7373,  7415,  7422,  7439,  7534,  7570,
        7779,  7822,  7836,  7946,  8086,  8118,  8165,  8190,  8201,
        8246,  8282,  8301,  8341,  8346,  8385,  8428,  8441,  8442,
        8533,  8646,  8743,  8804,  8864,  8892,  8922,  8946,  8965,
        8973,  9032,  9063,  9069,  9115,  9129,  9231,  9251,  9253,
        9334,  9371,  9376,  9381,  9387,  9429,  9462,  9506,  9552,
        9603,  9636,  9649,  9653,  9702,  9724,  9771,  9921,  9945,
        9968,  9971, 10005, 10041, 10044, 10056, 10170, 10181, 10185,
       10215, 10219, 10236, 10239, 10245, 10283, 10303, 10358, 10377,
       10474, 10555, 10573, 10588, 10621, 10704, 10826, 10863, 10872,
       10877, 10884, 10910, 10946, 10971, 10983, 11044, 11054, 11055,
       11103, 11123, 11143, 11156, 11171, 11203, 11221, 11237, 11262,
       11392, 11405, 11450, 11460, 11468, 11482, 11489, 11518, 11555,
       11557, 11563, 11564, 11576, 11583, 11682, 11687, 11719, 11752,
       11794, 11795, 11836, 11975, 11981, 12040, 12237, 12286, 12287,
       12289, 12304, 12307, 12374, 12396, 12421, 12464, 12484, 12505,
       12553, 12555, 12624, 12648, 12649, 12683, 12711, 12738, 12768,
       12908, 12918, 12956, 12992, 12993, 13034, 13052, 13074, 13140,
       13150, 13178, 13230, 13238, 13243, 13261, 13294, 13407, 13444,
       13445, 13446, 13452, 13453, 13457, 13486, 13490, 13541, 13543,
       13553, 13564, 13588, 13735, 13747, 13840, 13856, 13875, 13896,
       13916, 13989, 14015, 14047, 14137, 14183, 14293, 14334, 14415,
       14431, 14487, 14498, 14533, 14577, 14601, 14694, 14718, 14731,
       14739, 14760, 14780, 14895, 15042, 15081, 15084, 15165, 15195,
       15210, 15297, 15469, 15515, 15520, 15527, 15538, 15555, 15607,
       15722, 15752, 15866, 15881, 15886, 15888, 15907, 15908, 15967,
       15994, 16059, 16175, 16220, 16253, 16303, 16339, 16479, 16529,
       16558, 16644, 16726, 16806, 16821, 16856, 16908, 16910, 16948,
       16994, 17007, 17028, 17046, 17077, 17082, 17150, 17178, 17217,
       17305, 17413, 17422, 17444, 17445, 17450, 17457, 17524, 17555,
       17608, 17645, 17667, 17707, 17853, 17893, 17928, 17960, 17983,
       17986, 18033, 18191, 18204, 18269, 18321, 18366, 18414, 18479,
       18480, 18502, 18518, 18531, 18579, 18582, 18588, 18594, 18617,
       18737, 18762, 18875, 18893, 18927, 19053, 19055, 19071, 19159,
       19203, 19213, 19386, 19402, 19404, 19406, 19462, 19511, 19530,
       19545, 19546, 19625, 19749, 19764, 19820, 19835, 19873, 19942,
       19990, 20092, 20095, 20120, 20126, 20142, 20144, 20162, 20253,
       20259, 20294, 20299, 20363, 20385, 20395, 20441, 20443, 20492,
       20546, 20552, 20600, 20630, 20698, 20731, 20743, 20765, 20773,
       20852, 20859, 20898, 20921, 20927, 20956, 21012, 21039, 21043,
       21053, 21080, 21082, 21145, 21159, 21160, 21167, 21256, 21323,
       21374, 21411, 21422, 21475, 21486, 21546, 21677, 21681, 21729,
       21761, 21786, 21798, 21903, 21915, 21921, 22169, 22194, 22223,
       22239, 22264, 22282, 22344, 22448, 22526, 22550, 22557, 22718,
       22881, 22889, 22947, 22983, 23018, 23065, 23071, 23119, 23138,
       23172, 23200, 23218, 23301, 23482, 23487, 23524, 23576, 23597,
       23613, 23629, 23641, 23753, 23814, 23848, 23887, 23894, 23916,
       23933, 23956, 23970, 24081, 24166, 24187, 24207, 24208, 24314,
       24315, 24318, 24339, 24381, 24438, 24498, 24510, 24516, 24655,
       24695, 24733, 24739, 24760, 24778, 24790, 24801, 24819, 24829,
       24835, 24870, 24934, 24971, 25071, 25136, 25143, 25215, 25229,
       25275, 25299, 25308, 25315, 25360, 25433, 25436, 25459, 25470,
       25478, 25490, 25500, 25595, 25628, 25663, 25682, 25753, 25765,
       25773, 25783, 25877, 25907, 25951, 25991, 26051, 26084, 26093,
       26113, 26186, 26195, 26219, 26246, 26269, 26321, 26394, 26402,
       26408, 26432, 26530, 26650, 26665, 26792, 26894, 26951, 26964,
       26975, 26984, 27004, 27016, 27035, 27062, 27092, 27333, 27355,
       27360, 27372, 27391, 27416, 27427, 27536, 27570, 27645, 27698,
       27722, 27749, 27753, 27781, 27829, 27842, 27848, 27867, 27894,
       27917, 27979, 27991, 28059, 28108, 28124, 28143, 28148, 28203,
       28219, 28227, 28258, 28274, 28310, 28392, 28397, 28416, 28478,
       28517, 28551, 28627, 28631, 28687, 28755, 28879, 28903, 28965,
       29019, 29030, 29042, 29082, 29109, 29157, 29177, 29202, 29259,
       29283, 29358, 29380, 29394, 29444, 29480, 29484, 29509, 29577,
       29592, 29606, 29616, 29626, 29651, 29656, 29681, 29697, 29722,
       29766, 29800, 29817, 29835, 29903, 29904, 29995, 30005, 30006,
       30020, 30113, 30128, 30160, 30171, 30202, 30232, 30328, 30405,
       30433, 30475, 30531, 30547, 30616, 30619, 30624, 30648, 30738,
       30752, 30780, 30935, 30944, 30952, 31052, 31061, 31107, 31125,
       31179, 31208, 31247, 31276, 31287, 31299, 31317, 31326, 31354,
       31355, 31360, 31375, 31410, 31495, 31608, 31624, 31658, 31673,
       31728, 31763, 31769, 31791, 31911, 31986, 31990, 32008, 32139,
       32186, 32250, 32297, 32345, 32381, 32382, 32394, 32450, 32542,
       32553, 32581, 32599, 32643, 32698, 32736, 32757, 32761, 32773,
       32775, 32783, 32809, 32819, 32828, 32887, 32925, 32995, 33020,
       33064, 33157, 33178, 33206, 33296, 33353, 33369, 33404, 33412,
       33419, 33471, 33538, 33598, 33643, 33681, 33687, 33740, 33744,
       33751, 33755, 33822, 33826, 33992, 34054, 34097, 34121, 34174,
       34193, 34257, 34266, 34283, 34288, 34314, 34389, 34395, 34460,
       34634, 34657, 34679, 34723, 34726, 34885, 34890, 34935, 34984,
       34999, 35002, 35011, 35074, 35128, 35133, 35209, 35255, 35257,
       35299, 35323, 35361, 35442, 35444, 35460, 35519, 35657, 35779,
       35842, 35862, 35895, 35932, 35957, 35996, 36004, 36023, 36060,
       36084, 36111, 36116, 36130, 36177, 36183, 36192, 36211, 36336,
       36353, 36364, 36378, 36396, 36401, 36411, 36429, 36450, 36495,
       36524, 36539, 36541, 36561, 36569, 36583, 36662, 36674, 36795,
       36809, 36876, 36933, 36938, 37122, 37123, 37146, 37213, 37217,
       37289, 37304, 37311, 37432, 37473, 37516, 37620, 37731, 37737,
       37746, 37764, 37810, 37863, 37881, 37927, 37948, 37964, 37973,
       37988, 38006, 38058, 38082, 38099, 38117, 38128, 38188, 38208,
       38290, 38347, 38348, 38416, 38435, 38452, 38456, 38481, 38519,
       38543, 38565, 38594, 38654, 38720, 38756, 38866, 38875, 38879,
       38970, 38975, 38995, 39047, 39054, 39069, 39071, 39153, 39198,
       39200, 39229, 39235, 39236, 39280, 39315, 39345, 39377, 39401,
       39458, 39465, 39561, 39575, 39675, 39696, 39739, 39750, 39786,
       39863, 39950, 39994, 40061, 40115, 40127, 40128, 40181, 40185,
       40194, 40211, 40247, 40257, 40273, 40297, 40302, 40340, 40353,
       40380, 40382, 40420, 40588, 40619, 40628, 40659, 40763, 40823,
       40862, 40879, 40886, 40890, 40896, 40928, 41021, 41032, 41054,
       41166, 41179, 41209, 41245, 41308, 41425, 41453, 41456, 41500,
       41522, 41651, 41654, 41744, 41745, 41765, 41785, 41790, 41797,
       41802, 41818, 41827, 41829, 41848, 41905, 41948, 41952, 41962,
       42047, 42086, 42185, 42253, 42270, 42288, 42295, 42368, 42518,
       42525, 42580, 42593, 42619, 42623, 42659, 42722, 42858, 42912,
       42953, 42978, 42992, 43074, 43178, 43212, 43266, 43272, 43296,
       43320, 43381, 43419, 43453, 43548, 43654, 43676, 43715, 43781,
       43936, 44038, 44062, 44065, 44222, 44226, 44232, 44249, 44260,
       44329, 44345, 44369, 44439, 44444, 44446, 44463, 44492, 44506,
       44522, 44714, 44715, 44785, 44876, 44905, 44937, 44948, 44949,
       45087, 45101, 45157, 45169, 45184, 45197, 45208, 45274, 45329,
       45451, 45468, 45481, 45498, 45529, 45552, 45582, 45606, 45629,
       45654, 45681, 45705, 45739, 45752, 45754, 45814, 45879, 45884,
       45903, 45933, 45953, 45971, 45975, 45982, 46004, 46028, 46209,
       46214, 46238, 46249, 46297, 46427, 46437, 46483, 46525, 46538,
       46561, 46615, 46628, 46702, 46719, 46885, 46983, 47065, 47130,
       47141, 47148, 47184, 47190, 47211, 47226, 47290, 47333, 47345,
       47349, 47360, 47385, 47401, 47505, 47520, 47558, 47568, 47605,
       47651, 47750, 47772, 47776, 47777, 47794, 47804, 47822, 47834,
       47838, 47857, 47879, 47952, 47981, 48009, 48039, 48100, 48114,
       48158, 48164, 48241, 48242, 48268, 48271, 48273, 48309, 48353,
       48365, 48387, 48389, 48392, 48420, 48503, 48512, 48519, 48598,
       48612, 48646, 48656, 48672, 48689, 48696, 48706, 48707, 48713,
       48728, 48731, 48802, 48846, 48881, 48902, 48924, 48937, 48942,
       48972, 49006, 49073, 49128, 49159, 49164, 49236, 49246, 49248,
       49254, 49259, 49353, 49437, 49456, 49461, 49469, 49486, 49496])]
