training accuracy when lambda=0.3
[0.6710909090860926, 0.7660202020298351, 0.7861414141462307, 0.7954141413996918, 0.7998585858730355, 0.8070303030399361, 0.8077979798027963, 0.8126262626407122, 0.8166666666714832, 0.8175151515055185, 0.8182828282780118, 0.8218787878932375, 0.8241616161760658, 0.825555555550739, 0.8252323232226901, 0.8262626262578098, 0.8283434343482509, 0.8310909090957256, 0.831535353530537, 0.8309090909235405, 0.8316363636459967, 0.8339393939297609, 0.8324040403895908, 0.832888888898522, 0.8328080808225304, 0.830989898999532, 0.8322828282972778, 0.8342222222174057, 0.8327272727176397, 0.8325050505050505, 0.8321010101154597, 0.8341010101010101, 0.8332121212073047, 0.8341414141317811, 0.8310707070658905, 0.8312727272727273, 0.8305858585762255, 0.8297373737325572, 0.8291111110966615, 0.8274949494901329, 0.8268484848581179, 0.826565656551207, 0.8266666666618502, 0.8251515151418821, 0.8266868686965018, 0.8244040404040404, 0.8247272727417223, 0.8236767676719512, 0.8240202020105689, 0.822585858571409]
test accuracy when lambda=0.3
[0.3867, 0.3944, 0.3984, 0.4012, 0.3937, 0.3975, 0.399, 0.3985, 0.4001, 0.4012, 0.3993, 0.4014, 0.4011, 0.4036, 0.4024, 0.4012, 0.4001, 0.4002, 0.3989, 0.3994, 0.3978, 0.3969, 0.401, 0.4011, 0.4022, 0.4025, 0.4031, 0.4036, 0.4002, 0.3953, 0.4003, 0.4005, 0.406, 0.4002, 0.4053, 0.4001, 0.4034, 0.4022, 0.399, 0.4043, 0.4014, 0.4018, 0.4006, 0.3999, 0.3987, 0.3995, 0.4004, 0.396, 0.402, 0.3996]
training accuracy when lambda=0.4
[0.5427878788023284, 0.6153333333188837, 0.627010101000468, 0.633111111101478, 0.6371919191774695, 0.6397777777825944, 0.6443232323184158, 0.6460808080952577, 0.6484444444444445, 0.6506262626358957, 0.6521414141365977, 0.6543030302885807, 0.6555757575902071, 0.6568080808225304, 0.6592929292881128, 0.6598585858682189, 0.6621818181770016, 0.6640606060702391, 0.6653939393987559, 0.6674747474651144, 0.6689898990043486, 0.6705656565752897, 0.6735151515247846, 0.6744444444588941, 0.6725050505098671, 0.6750505050360555, 0.6765252525348856, 0.6759191919143753, 0.6780404040307709, 0.679292929307379, 0.6811919191967357, 0.6812727272775438, 0.6787676767532271, 0.6792121212265708, 0.683070707061074, 0.6805656565560235, 0.6817373737373738, 0.6821414141414142, 0.6821010100865605, 0.6805050505050505, 0.6818989898845403, 0.6807070707022542, 0.681414141418958, 0.6813939393891228, 0.6798181818278148, 0.6811515151466986, 0.6812727272775438, 0.6814545454400959, 0.682525252530069, 0.6800404040548537]
test accuracy when lambda=0.4
[0.3916, 0.3909, 0.39, 0.3981, 0.3983, 0.3988, 0.3991, 0.4034, 0.4006, 0.3992, 0.3992, 0.4047, 0.4004, 0.405, 0.4039, 0.4022, 0.4023, 0.4008, 0.402, 0.3998, 0.4028, 0.4052, 0.4032, 0.4035, 0.4044, 0.404, 0.4066, 0.4011, 0.4032, 0.4025, 0.3981, 0.4016, 0.3976, 0.3999, 0.3979, 0.3988, 0.4012, 0.3959, 0.3972, 0.3993, 0.3979, 0.3976, 0.3968, 0.3985, 0.3988, 0.3972, 0.3975, 0.3949, 0.3942, 0.3961]
training accuracy when lambda=0.5
[0.12642424242484449, 0.13434343434403642, 0.13735353535594363, 0.1405252525276608, 0.1409292929317012, 0.14325252525433146, 0.1455151515157536, 0.14797979798220626, 0.15086868687109514, 0.15395959595959596, 0.1570303030309051, 0.1597575757581778, 0.16404040404401643, 0.16846464646524853, 0.17248484848846088, 0.17890909091149917, 0.18464646464706672, 0.18937373737614563, 0.1979595959608001, 0.20662626262987502, 0.21359595959355132, 0.22454545454605662, 0.22925252525252526, 0.24193939394661876, 0.25010101010221425, 0.2579595959644125, 0.26694949495190323, 0.2760404040428123, 0.2868484848533014, 0.29519191918951093, 0.30383838383838385, 0.3111515151491069, 0.3188888888888889, 0.3250707070779319, 0.3355151515175598, 0.34040404040404043, 0.34836363635641154, 0.35444444444444445, 0.3596363636315471, 0.3696969697041945, 0.3710505050649547, 0.37585858585858584, 0.38050505050986705, 0.38868686868927693, 0.39375757575998405, 0.39672727272486447, 0.4047070706998459, 0.40434343435065917, 0.4116969696981738, 0.41595959595237114]
test accuracy when lambda=0.5
[0.3858, 0.4017, 0.4046, 0.4053, 0.4013, 0.4047, 0.4088, 0.4093, 0.4109, 0.4062, 0.4089, 0.4116, 0.4112, 0.4059, 0.4116, 0.4096, 0.4094, 0.4028, 0.4054, 0.4038, 0.4058, 0.4055, 0.4055, 0.4051, 0.401, 0.3971, 0.4006, 0.4054, 0.3966, 0.3983, 0.3974, 0.3942, 0.3957, 0.3986, 0.3949, 0.3932, 0.3922, 0.3938, 0.3913, 0.3907, 0.3898, 0.3889, 0.3909, 0.3894, 0.3905, 0.3894, 0.3863, 0.3874, 0.3891, 0.3869]
training accuracy when lambda=0.6
[0.12731313131373337, 0.13567676767917594, 0.13890909091149917, 0.1403030303030303, 0.14397979797979799, 0.14739393939454146, 0.15046464646524854, 0.15436363636423844, 0.15787878788240028, 0.16278787879028705, 0.16814141414863895, 0.17418181818422646, 0.18242424243146724, 0.19145454545695373, 0.20240404040163212, 0.2143232323256406, 0.2269696969709011, 0.24050505050986704, 0.25575757575998403, 0.2695757575769617, 0.28579797979557153, 0.30169696969215315, 0.3153131313203561, 0.328242424240016, 0.3411111111159276, 0.3580404040452206, 0.3668686868735034, 0.3824040404016321, 0.39478787879028704, 0.4063232323232323, 0.4170909090836843, 0.42642424242665067, 0.4371515151491069, 0.4431515151539234, 0.45224242424362837, 0.4653535353487188, 0.4677575757527592, 0.4805656565560235, 0.48749494949254124, 0.492787878780654, 0.4979393939442105, 0.5045858586003082, 0.5144242424242425, 0.5180404040404041, 0.5203232323087827, 0.5277979797883467, 0.531070707070707, 0.5372121212265708, 0.5427272727272727, 0.5494545454689951]
test accuracy when lambda=0.6
[0.3861, 0.3968, 0.405, 0.4054, 0.4059, 0.4105, 0.41, 0.4163, 0.4168, 0.4183, 0.4108, 0.4131, 0.4172, 0.407, 0.4071, 0.4079, 0.406, 0.4057, 0.397, 0.3926, 0.3918, 0.3885, 0.3894, 0.3844, 0.3829, 0.3825, 0.3792, 0.3817, 0.3781, 0.3784, 0.3779, 0.3781, 0.3758, 0.373, 0.3743, 0.3713, 0.3754, 0.3751, 0.3701, 0.3723, 0.3672, 0.3707, 0.3734, 0.3732, 0.3683, 0.3685, 0.3715, 0.372, 0.3682, 0.3749]
training accuracy when lambda=0.7
[0.12458585858646065, 0.13357575757936999, 0.138727272729681, 0.14195959596682076, 0.1457777777789819, 0.15022222222342635, 0.15480808080868289, 0.16135353535714775, 0.16935353536076017, 0.17666666667389147, 0.18684848485209726, 0.20022222222342637, 0.21393939393939393, 0.22929292929774583, 0.2513131313203561, 0.2698989899026023, 0.292181818189043, 0.31018181818181817, 0.33363636364118016, 0.3525656565668607, 0.3731515151466986, 0.39422222221740566, 0.41274747474506646, 0.4292121212048964, 0.44947474746993094, 0.46296969696488044, 0.4762020201947954, 0.4926868687013183, 0.5053939393987559, 0.519474747479564, 0.5266464646464647, 0.5413535353583518, 0.5523434343386178, 0.5603434343482508, 0.5696363636411802, 0.5790707070707071, 0.5857373737373738, 0.5931919191967358, 0.5992323232347315, 0.6097171717171718, 0.6156565656710152, 0.6195151515055184, 0.6279595959644125, 0.6356363636315471, 0.6340404040259544, 0.6459393939538436, 0.6469090909042744, 0.6520606060654226, 0.6588282828234663, 0.6605050504906009]
test accuracy when lambda=0.7
[0.3812, 0.4001, 0.4054, 0.4068, 0.4115, 0.4238, 0.4209, 0.4194, 0.415, 0.4207, 0.4152, 0.4103, 0.405, 0.3956, 0.3953, 0.3895, 0.3897, 0.3874, 0.3804, 0.3709, 0.3711, 0.3663, 0.3614, 0.3678, 0.3618, 0.3595, 0.3506, 0.3547, 0.3551, 0.3499, 0.3501, 0.3513, 0.3512, 0.354, 0.3507, 0.352, 0.3517, 0.3464, 0.3474, 0.3498, 0.3431, 0.3471, 0.3481, 0.3447, 0.3507, 0.3476, 0.3501, 0.3504, 0.3492, 0.3525]
training accuracy when lambda=0.8
[0.12242424243146723, 0.13323232323412942, 0.13854545454906694, 0.1427070707070707, 0.14832323232443645, 0.15549494949615364, 0.16109090909331736, 0.17200000000120413, 0.18432323233045714, 0.19767676767917594, 0.2149090909127033, 0.23533333333453746, 0.26004040404762885, 0.282545454540638, 0.31038383838143013, 0.33361616161134505, 0.36149494950458255, 0.38587878787397134, 0.41066666666185014, 0.43337373737614565, 0.45480808079844776, 0.47763636362673056, 0.49703030303030304, 0.5157575757479427, 0.5327878787878788, 0.5483838383838384, 0.5612525252669749, 0.5776767676719511, 0.5901414141462307, 0.6018787878836044, 0.6111515151370656, 0.6260202020250185, 0.6327474747474747, 0.6432727272630941, 0.6525252525276608, 0.6642828282731952, 0.6694949494804999, 0.6809090909235406, 0.6868484848629345, 0.6897171717268048, 0.6996565656613822, 0.7060202020153855, 0.7079393939345774, 0.7161818181673686, 0.7215959596007762, 0.7287474747330251, 0.72903030302067, 0.7372525252428922, 0.7390505050456885, 0.744444444449261]
test accuracy when lambda=0.8
[0.3781, 0.3956, 0.4086, 0.4156, 0.4241, 0.422, 0.4206, 0.4203, 0.4123, 0.4038, 0.3896, 0.3873, 0.3798, 0.3653, 0.3605, 0.356, 0.3413, 0.3301, 0.3373, 0.326, 0.3256, 0.3264, 0.3162, 0.3183, 0.3106, 0.319, 0.3065, 0.3119, 0.31, 0.3081, 0.311, 0.306, 0.3069, 0.3033, 0.2983, 0.3022, 0.3053, 0.3041, 0.3079, 0.3075, 0.3087, 0.3099, 0.3062, 0.3087, 0.3087, 0.3089, 0.3085, 0.3123, 0.3076, 0.3057]
