training accuracy when lambda=0.3
[0.6568282828330994, 0.7573939393939394, 0.7793939393843063, 0.7927676767580437, 0.8008282828330994, 0.8099393939538435, 0.8165252525252525, 0.822929292929293, 0.8295555555459225, 0.8313333333477829, 0.8343838383693888, 0.8369292929148433, 0.8428080807984477, 0.8449898989850825, 0.8500202020346517, 0.8503232323135993, 0.8504242424146093, 0.8531515151563317, 0.8569898989850825, 0.8618585858634024, 0.859636363621914, 0.8628282828186498, 0.8645656565608401, 0.8634343434295269, 0.8634747474699309, 0.8654343434198938, 0.8669494949446784, 0.8671515151611482, 0.8672525252621583, 0.8664646464501968, 0.8667676767773098, 0.8662020201923871, 0.8667878787975118, 0.8667676767821264, 0.8649696969648805, 0.864909090918724, 0.8636767676719511, 0.8644040403895908, 0.8647272727224562, 0.8621212121163956, 0.8637575757623923, 0.8621818181866348, 0.8616767676671346, 0.8593535353487188, 0.8600606060654226, 0.8568282828234662, 0.857898989908623, 0.8601212121260287, 0.8560404040500371, 0.8557575757720254]
test accuracy when lambda=0.3
[0.3801, 0.388, 0.3864, 0.3897, 0.3956, 0.3959, 0.3957, 0.3953, 0.398, 0.3981, 0.3953, 0.392, 0.3956, 0.3972, 0.3942, 0.3948, 0.392, 0.3985, 0.3974, 0.3949, 0.3962, 0.395, 0.3935, 0.3955, 0.3957, 0.3984, 0.3946, 0.3952, 0.3959, 0.3945, 0.396, 0.3942, 0.3936, 0.395, 0.3929, 0.3938, 0.3943, 0.3957, 0.3945, 0.3918, 0.3925, 0.3928, 0.3954, 0.3948, 0.394, 0.388, 0.3904, 0.3903, 0.3928, 0.3925]
training accuracy when lambda=0.4
[0.5792727272630942, 0.6754747474602979, 0.6926262626262626, 0.7048484848484848, 0.7104040404040404, 0.7198989899134395, 0.7229898989754494, 0.7294141414141414, 0.7302828282731952, 0.7343838383742053, 0.7384444444299948, 0.7407272727176396, 0.7428686868590538, 0.7440808080856246, 0.7477373737373737, 0.748929292938926, 0.7508686868686869, 0.7518383838480169, 0.7529292929244764, 0.7545656565608401, 0.7572525252573418, 0.7547070706974376, 0.7560808080663585, 0.7569696969600639, 0.7565454545454545, 0.7537979797931632, 0.7568282828186498, 0.7528686868590538, 0.7551515151515151, 0.752525252520436, 0.754848484858118, 0.7518383838287508, 0.7520808080808081, 0.7527272727224562, 0.7481818181962678, 0.7495151515151515, 0.745898989908623, 0.7465858585810421, 0.747656565642116, 0.7448282828330993, 0.7427474747426582, 0.7418383838432003, 0.7435757575757576, 0.7422828282683787, 0.7385858586003082, 0.7384040403944073, 0.7357171717171718, 0.7392929292832963, 0.7339191919336415, 0.7329696969648805]
test accuracy when lambda=0.4
[0.3816, 0.3877, 0.3896, 0.3927, 0.3976, 0.3945, 0.3968, 0.3977, 0.398, 0.3936, 0.3996, 0.4031, 0.3966, 0.3976, 0.3973, 0.3991, 0.3929, 0.3994, 0.3983, 0.397, 0.3968, 0.3959, 0.3945, 0.3988, 0.3974, 0.395, 0.3948, 0.394, 0.3942, 0.3959, 0.3929, 0.3945, 0.3939, 0.3961, 0.3904, 0.3883, 0.3921, 0.3884, 0.3863, 0.3928, 0.3897, 0.3915, 0.3906, 0.3935, 0.3914, 0.3891, 0.3882, 0.3907, 0.3893, 0.3946]
training accuracy when lambda=0.5
[0.12741414141474347, 0.13543434343795585, 0.13763636363696571, 0.14006060606421847, 0.1419797979810021, 0.1440000000036124, 0.14658585858706272, 0.14844444444805685, 0.15030303030363237, 0.15381818181818183, 0.1567070707079738, 0.15937373737614563, 0.1628888888961137, 0.16731313131674372, 0.17086868687229928, 0.17521212121452948, 0.17953535353776182, 0.18698989898989898, 0.19331313131493752, 0.20107070707311533, 0.2091313131337214, 0.214747474749883, 0.22408080808201222, 0.2344040404112652, 0.2413333333357416, 0.2514747474759516, 0.2573737373785539, 0.26838383838624663, 0.27612121211639556, 0.2825858585864606, 0.29139393939393937, 0.2998989899026023, 0.3057777777850026, 0.3149494949494949, 0.3201212121139873, 0.3222828282876448, 0.33238383838624663, 0.33698989899230725, 0.34294949495190324, 0.3500202020226103, 0.35642424241701764, 0.3596767676743594, 0.36676767676045197, 0.37040404040885694, 0.371696969699378, 0.3807474747450665, 0.3818383838432004, 0.384747474749883, 0.3886262626214461, 0.39343434343915995]
test accuracy when lambda=0.5
[0.3925, 0.3995, 0.3956, 0.4053, 0.4062, 0.4054, 0.4065, 0.4051, 0.4029, 0.4051, 0.3992, 0.4069, 0.4063, 0.4072, 0.4103, 0.4007, 0.4038, 0.4059, 0.4063, 0.4074, 0.4048, 0.3974, 0.4017, 0.3972, 0.4005, 0.3977, 0.3958, 0.3975, 0.3942, 0.3921, 0.3933, 0.3907, 0.3885, 0.3894, 0.392, 0.3869, 0.3875, 0.3879, 0.3933, 0.3894, 0.3897, 0.3948, 0.3937, 0.3901, 0.3868, 0.3864, 0.3833, 0.3846, 0.3871, 0.3924]
training accuracy when lambda=0.6
[0.12735353535534155, 0.13468686868927696, 0.1370303030309051, 0.138929292929895, 0.14353535353896593, 0.1443030303030303, 0.1477979798015922, 0.15157575757635963, 0.15680808080928493, 0.15981818182540664, 0.16456565656625863, 0.17032323232443647, 0.177595959599572, 0.18525252525342836, 0.19440404040644868, 0.20634343434463848, 0.21739393939514354, 0.23113131313311933, 0.24199999999759172, 0.25620202020322436, 0.272202020209245, 0.2903636363660446, 0.3015151515175598, 0.3127676767628602, 0.3269696969624722, 0.3417777777777778, 0.3495959596031844, 0.36385858585136105, 0.37577777778018606, 0.38585858585979, 0.3916767676791759, 0.40824242424242424, 0.4115151515175598, 0.4233333333357416, 0.43226262626262624, 0.44414141414863895, 0.4498787878932375, 0.45557575756853275, 0.46210101010341836, 0.46842424241460934, 0.4723232323232323, 0.480808080800856, 0.48808080808321636, 0.493454545459362, 0.49935353534390226, 0.50610101010101, 0.5078787878787879, 0.5125454545599042, 0.5162828282876448, 0.5195757575902071]
test accuracy when lambda=0.6
[0.3829, 0.3895, 0.4018, 0.4075, 0.4001, 0.4095, 0.4059, 0.4099, 0.4091, 0.4073, 0.4056, 0.409, 0.4027, 0.4027, 0.3995, 0.4001, 0.3965, 0.4008, 0.3916, 0.3893, 0.3908, 0.3869, 0.3837, 0.3862, 0.3848, 0.3782, 0.3833, 0.3808, 0.376, 0.3796, 0.3808, 0.375, 0.3767, 0.373, 0.3751, 0.3777, 0.3742, 0.3724, 0.3714, 0.3717, 0.3653, 0.373, 0.37, 0.3709, 0.3701, 0.3693, 0.3685, 0.3718, 0.37, 0.3748]
training accuracy when lambda=0.7
[0.12519191919312334, 0.13337373737464048, 0.13826262626443248, 0.1419191919209981, 0.14501010101130515, 0.15030303030363237, 0.1538787878763796, 0.16058585858646066, 0.16694949495310735, 0.17456565656926898, 0.18670707070827483, 0.19880808081530563, 0.21365656565716773, 0.23115151515873997, 0.2521212121224163, 0.27092929293049706, 0.29268686868686866, 0.3130101010173258, 0.33165656565656565, 0.35571717172198825, 0.3763838383910632, 0.39280808080808083, 0.4103434343362095, 0.42474747475469954, 0.44288888888407235, 0.4598585858634024, 0.4761414141486389, 0.48521212120489643, 0.4974949494949495, 0.5140202020129773, 0.5196161616209781, 0.5303838383790218, 0.542383838398288, 0.5545050505098671, 0.5571717171861668, 0.5674343434247103, 0.5737777777681448, 0.5806666666714833, 0.5919191919240084, 0.5945050505195001, 0.6004848484800319, 0.6082626262529932, 0.6101818181914512, 0.6163434343482509, 0.6217979798027964, 0.6281616161519831, 0.6344646464598299, 0.6422222222222222, 0.6445050505050505, 0.648343434357884]
test accuracy when lambda=0.7
[0.3807, 0.3972, 0.3996, 0.4136, 0.409, 0.4057, 0.4131, 0.4111, 0.4184, 0.4086, 0.4036, 0.4003, 0.4007, 0.3944, 0.3898, 0.3822, 0.3855, 0.3785, 0.3759, 0.3675, 0.3681, 0.3713, 0.3679, 0.3599, 0.3544, 0.3532, 0.3577, 0.3577, 0.3529, 0.3508, 0.3456, 0.3506, 0.3487, 0.3469, 0.3545, 0.3523, 0.3547, 0.3464, 0.3492, 0.3502, 0.3415, 0.3445, 0.3455, 0.3465, 0.3474, 0.3474, 0.3446, 0.3495, 0.3406, 0.3516]
training accuracy when lambda=0.8
[0.12448484848575159, 0.13507070707311533, 0.13826262626503452, 0.14248484848665469, 0.14739393939393938, 0.15268686868686868, 0.16046464646825886, 0.1700606060618102, 0.18214141414141413, 0.1950303030327113, 0.2148080808153056, 0.23593939393939395, 0.2595757575829824, 0.284747474749883, 0.3094141414093249, 0.33422222222703873, 0.3578989898917651, 0.3848484848436683, 0.4105858585810421, 0.4290303030230782, 0.45090909091149917, 0.47361616160652853, 0.49353535354980316, 0.510080808071175, 0.5258989898941734, 0.5419595959499629, 0.5578383838287507, 0.5699393939538435, 0.5855959595911431, 0.5957979797931633, 0.606383838388655, 0.6169292929292929, 0.628060606050973, 0.6387272727272727, 0.6456767676864007, 0.6528080808032642, 0.6616969697066027, 0.6641212121163956, 0.6721010100961936, 0.6833535353535354, 0.687979797970165, 0.6884040404088569, 0.6976363636459967, 0.7027676767628602, 0.709414141428591, 0.714404040408857, 0.7170909091053587, 0.7249898990043486, 0.725878787888421, 0.7313131313083148]
test accuracy when lambda=0.8
[0.3801, 0.3918, 0.4018, 0.4071, 0.42, 0.4249, 0.4175, 0.4174, 0.4123, 0.407, 0.3994, 0.3909, 0.3791, 0.3715, 0.3552, 0.3594, 0.3426, 0.3313, 0.3381, 0.3371, 0.3297, 0.3312, 0.3218, 0.3193, 0.3174, 0.3147, 0.3139, 0.3095, 0.3085, 0.3135, 0.3139, 0.3119, 0.3067, 0.3091, 0.3126, 0.3105, 0.3083, 0.309, 0.3175, 0.306, 0.3074, 0.3042, 0.3099, 0.3081, 0.3096, 0.3095, 0.3107, 0.308, 0.3096, 0.3029]
