training accuracy when lambda=0.3
[0.6310909091005422, 0.7409292929244764, 0.7665858586003081, 0.7808686868831365, 0.7899393939442104, 0.797393939408389, 0.805616161601712, 0.8094545454449124, 0.8159595959499629, 0.8208888888888889, 0.8244040403944073, 0.8293131313083147, 0.8319999999951835, 0.83543434343916, 0.8373737373641043, 0.8406060606108772, 0.8440808080663584, 0.8474545454400958, 0.8485050505195001, 0.850363636378086, 0.8544242424194259, 0.8531313131313132, 0.8537171717171718, 0.8556161616113451, 0.8601616161471666, 0.8592929293073789, 0.8593939393891229, 0.8591111111255607, 0.8590101010245507, 0.8587878787782457, 0.8596363636508132, 0.8602626262578097, 0.8596767676815842, 0.8588888888840723, 0.859636363631547, 0.8579393939538436, 0.8581414141558638, 0.8595353535401701, 0.8596969696825201, 0.8568888888840723, 0.853919191928825, 0.857090909081276, 0.8578787878932375, 0.8555757575805741, 0.8545252525397021, 0.8549898989850825, 0.852525252520436, 0.8534747474602978, 0.8499191919336415, 0.8512323232323232]
test accuracy when lambda=0.3
[0.4013, 0.4027, 0.4053, 0.4084, 0.4065, 0.4073, 0.408, 0.4111, 0.4068, 0.4032, 0.4112, 0.4058, 0.403, 0.4069, 0.4076, 0.4076, 0.4114, 0.4091, 0.4084, 0.411, 0.4078, 0.4072, 0.4097, 0.4072, 0.4053, 0.4091, 0.4036, 0.4059, 0.4078, 0.405, 0.4048, 0.4042, 0.4034, 0.4074, 0.402, 0.4006, 0.4003, 0.4022, 0.4025, 0.4043, 0.3958, 0.4032, 0.403, 0.4057, 0.4005, 0.4021, 0.4, 0.3987, 0.3989, 0.3991]
training accuracy when lambda=0.4
[0.5615555555459225, 0.661515151510335, 0.6810101010245506, 0.6910303030254865, 0.7014545454545454, 0.7098787878643382, 0.7155353535257205, 0.7199595959644125, 0.7239393939490271, 0.728363636378086, 0.7299191919047423, 0.7363838383742053, 0.7369898989802659, 0.7400808080663585, 0.7422626262529932, 0.7447272727176396, 0.74696969697933, 0.7472525252525253, 0.7483434343338012, 0.7484040403992238, 0.7520404040355875, 0.7496767676912173, 0.7503434343338012, 0.7518585858730354, 0.7518585858441362, 0.7493737373592878, 0.7519393939249444, 0.7488282828427324, 0.7494343434198938, 0.7497777777777778, 0.7484242424242424, 0.7471717171620841, 0.7467676767773098, 0.7448888888888889, 0.743070707061074, 0.7419797979653484, 0.7427070707215203, 0.7404040403992239, 0.7405656565656565, 0.7391919192063688, 0.7394747474747475, 0.7377979797835302, 0.7371515151659648, 0.7361818181818182, 0.7368484848388518, 0.7339393939297608, 0.7316969697017862, 0.7348686868831364, 0.7308282828138332, 0.732080808071175]
test accuracy when lambda=0.4
[0.3971, 0.4031, 0.4007, 0.4077, 0.4128, 0.4135, 0.4103, 0.4115, 0.412, 0.4132, 0.4148, 0.4146, 0.4163, 0.4167, 0.4132, 0.4131, 0.4151, 0.4129, 0.4125, 0.4101, 0.414, 0.4133, 0.4142, 0.4154, 0.4125, 0.4104, 0.4099, 0.4138, 0.4084, 0.4106, 0.4101, 0.4081, 0.4042, 0.4077, 0.4105, 0.4067, 0.4057, 0.408, 0.4062, 0.4063, 0.4004, 0.4061, 0.4027, 0.4048, 0.4057, 0.4023, 0.4069, 0.4028, 0.4012, 0.4039]
training accuracy when lambda=0.5
[0.1304040404049435, 0.13618181818242026, 0.1391515151521172, 0.14046464646705473, 0.14387878787938996, 0.1473131313131313, 0.14967676767736973, 0.15288888889129715, 0.15492929293290533, 0.15868686868867488, 0.1603030303066427, 0.16448484848545056, 0.16907070707130914, 0.1724242424266507, 0.17688888888648063, 0.18345454545213719, 0.18973737373737373, 0.19440404040644868, 0.20244444444685272, 0.2116363636369657, 0.2201010101082349, 0.22692929293290534, 0.23820202020262227, 0.24616161616522855, 0.25636363636604464, 0.2619191919264167, 0.27337373738096216, 0.28135353535353536, 0.29127272727754383, 0.3002020202044285, 0.3034949494949495, 0.31143434343916, 0.3184646464718713, 0.32692929293049705, 0.3320808080808081, 0.3391111111135194, 0.3456363636315471, 0.35050505050264225, 0.3566060606060606, 0.36131313130831477, 0.3663434343386178, 0.3698989899062147, 0.377616161619774, 0.3800404040452206, 0.3805858585906751, 0.3865656565632483, 0.3908888888792558, 0.39480808081289737, 0.401737373739782, 0.40391919191437536]
test accuracy when lambda=0.5
[0.3966, 0.4052, 0.4049, 0.4144, 0.4068, 0.4169, 0.4156, 0.4127, 0.4175, 0.4187, 0.4103, 0.4153, 0.4137, 0.4134, 0.4145, 0.4107, 0.4123, 0.4098, 0.407, 0.414, 0.4113, 0.4101, 0.4125, 0.408, 0.3996, 0.4011, 0.4014, 0.4035, 0.4015, 0.3976, 0.3981, 0.4013, 0.3976, 0.397, 0.3935, 0.3987, 0.3961, 0.3976, 0.3964, 0.3927, 0.3917, 0.3964, 0.3966, 0.3932, 0.3938, 0.3949, 0.3919, 0.397, 0.3951, 0.3898]
training accuracy when lambda=0.6
[0.12769696969937797, 0.13383838384199623, 0.1369292929317012, 0.14143434343795583, 0.1444040404049435, 0.14789898990139816, 0.15236363636604464, 0.15363636363756777, 0.1590101010110041, 0.16292929293019603, 0.17165656565897391, 0.17614141414502654, 0.18371717171837584, 0.19086868686868688, 0.20191919191919191, 0.21373737373737373, 0.22800000000120413, 0.24145454545936199, 0.25870707070827487, 0.2710303030327113, 0.2821616161640244, 0.299616161619774, 0.31375757576239227, 0.3265252525300691, 0.33997979797257316, 0.35648484848484846, 0.36848484848484847, 0.3793131313059065, 0.3952121212073047, 0.40238383837902186, 0.4100404040452206, 0.41971717172198825, 0.4286060606060606, 0.4356969696969697, 0.4435353535377618, 0.4526262626190378, 0.4604444444396279, 0.4691919191895109, 0.4775151515007019, 0.47903030302307825, 0.48608080808080806, 0.49424242425205733, 0.5003434343386178, 0.5065858586003082, 0.5084444444372196, 0.5161818181962677, 0.5171717171765338, 0.5254343434343435, 0.5243636363636364, 0.5309292929196598]
test accuracy when lambda=0.6
[0.3892, 0.4018, 0.4248, 0.4125, 0.416, 0.4191, 0.4195, 0.4159, 0.4226, 0.4263, 0.4153, 0.4166, 0.4184, 0.4148, 0.4109, 0.4125, 0.4093, 0.4014, 0.4014, 0.4021, 0.3974, 0.3967, 0.3921, 0.3962, 0.3903, 0.384, 0.3875, 0.3888, 0.3885, 0.3825, 0.3819, 0.3863, 0.3815, 0.3828, 0.3846, 0.3797, 0.3814, 0.3807, 0.381, 0.3741, 0.3791, 0.38, 0.3764, 0.3737, 0.3788, 0.3787, 0.3778, 0.3776, 0.375, 0.3789]
training accuracy when lambda=0.7
[0.12385858585918792, 0.13547474747534954, 0.13995959595959595, 0.1429494949519032, 0.1481212121236204, 0.15177777778018606, 0.15626262626322834, 0.16175757575998403, 0.16967676767917594, 0.17743434343915998, 0.18864646464827084, 0.2005858585858586, 0.21618181818302232, 0.23319191919432747, 0.25286868686868685, 0.2732323232347315, 0.29587878788119615, 0.3171515151551276, 0.33822222222583465, 0.35604040404040405, 0.3769090909066826, 0.3950505050577299, 0.413232323229915, 0.4313939393987559, 0.44664646465368946, 0.4594747474771557, 0.47581818181095703, 0.48799999999518345, 0.5017575757479427, 0.5154949494973577, 0.5254343434439765, 0.5383030302958055, 0.5467676767580437, 0.5534949494949495, 0.5660808080952577, 0.5710707070634823, 0.5793535353463105, 0.5867272727272728, 0.5933333333333334, 0.6004646464598299, 0.6069696969600639, 0.6180202020346516, 0.6153131313131314, 0.6247070707167037, 0.630323232337682, 0.6359191919095588, 0.6375555555651886, 0.6411515151563317, 0.6494343434295269, 0.6527272727320893]
test accuracy when lambda=0.7
[0.4063, 0.4146, 0.4214, 0.4201, 0.42, 0.4231, 0.4287, 0.4311, 0.4203, 0.4179, 0.4153, 0.4192, 0.415, 0.4082, 0.3948, 0.3945, 0.3893, 0.382, 0.3847, 0.372, 0.3731, 0.3735, 0.3653, 0.3679, 0.3635, 0.3644, 0.3663, 0.369, 0.3571, 0.362, 0.3589, 0.3632, 0.3612, 0.3637, 0.3591, 0.3593, 0.3571, 0.3561, 0.3585, 0.3566, 0.3579, 0.3585, 0.3651, 0.3565, 0.3572, 0.3562, 0.3573, 0.3548, 0.3543, 0.354]
training accuracy when lambda=0.8
[0.12117171717894197, 0.13193939394059806, 0.13888888889250128, 0.14410101010161216, 0.14816161616884096, 0.15543434343554757, 0.1621010101046225, 0.17096969697150316, 0.1848282828306911, 0.19743434343795585, 0.2164646464658506, 0.2389696969709011, 0.2621010101028163, 0.28761616162338643, 0.31430303030423445, 0.3395353535353535, 0.36531313131072307, 0.39218181817700165, 0.41511111110629456, 0.4347070707142955, 0.45581818181818184, 0.48076767676286025, 0.5000202020129773, 0.5201010101010101, 0.5343434343362096, 0.5553535353679849, 0.5666464646368315, 0.5771919191967357, 0.5947474747619244, 0.6028686868686869, 0.6176161616161616, 0.6305858585810421, 0.6381818181914513, 0.6471515151370656, 0.65640404041849, 0.6657575757623923, 0.6730505050408719, 0.680080808071175, 0.6857373737373738, 0.6919595959451463, 0.6997171717316213, 0.7072929293073789, 0.7113333333477829, 0.7168888888744392, 0.7209494949398618, 0.7221818181818181, 0.7290909090909091, 0.7321616161616161, 0.7340606060702392, 0.7431515151563317]
test accuracy when lambda=0.8
[0.3683, 0.393, 0.4206, 0.433, 0.4366, 0.4312, 0.4212, 0.4299, 0.4222, 0.408, 0.4016, 0.3925, 0.3688, 0.3685, 0.3594, 0.3497, 0.347, 0.3356, 0.3373, 0.3247, 0.3126, 0.3203, 0.3202, 0.3167, 0.3091, 0.3066, 0.3146, 0.3103, 0.3106, 0.3115, 0.3084, 0.3092, 0.3077, 0.3046, 0.2986, 0.302, 0.3104, 0.3112, 0.3003, 0.3037, 0.3106, 0.3141, 0.3076, 0.3119, 0.3052, 0.3163, 0.3167, 0.3076, 0.3205, 0.3136]
training accuracy when lambda=0.9
[0.11541414141654968, 0.13006060606241227, 0.13711111111291732, 0.14406060606301432, 0.14894949495009702, 0.15917171717231923, 0.16800000000120413, 0.1818181818205901, 0.1991313131319152, 0.2164040404040404, 0.24426262626262626, 0.2662020202032243, 0.2952727272727273, 0.3227070707046624, 0.3539999999927752, 0.3811111111111111, 0.40870707070827483, 0.43719191918710265, 0.46117171716690064, 0.48967676767917595, 0.5085454545358215, 0.5346262626407122, 0.5531313131216801, 0.5715555555603721, 0.5909494949398619, 0.6076161616209782, 0.6197373737277406, 0.6360808080808081, 0.6502828282876448, 0.6586464646560978, 0.6730707070851567, 0.6798585858489528, 0.6919797979942476, 0.6987676767676768, 0.7107070707070707, 0.7231919191871027, 0.7266868686916852, 0.7329696969600639, 0.7407474747426582, 0.7524646464550134, 0.7523838383934714, 0.7595757575853906, 0.7657777777729612, 0.7707070706974376, 0.776848484858118, 0.7792525252573418, 0.781838383848017, 0.7876363636508132, 0.7916565656517491, 0.7970707070658906]
test accuracy when lambda=0.9
[0.3384, 0.3901, 0.4166, 0.4015, 0.4301, 0.4304, 0.4256, 0.4101, 0.3938, 0.371, 0.3555, 0.3387, 0.3084, 0.3053, 0.2808, 0.2751, 0.2688, 0.2524, 0.2617, 0.2556, 0.2507, 0.253, 0.2457, 0.2443, 0.2369, 0.2417, 0.2397, 0.2449, 0.2345, 0.245, 0.232, 0.2429, 0.2353, 0.2433, 0.2327, 0.2411, 0.2447, 0.2428, 0.2418, 0.2451, 0.235, 0.2444, 0.2455, 0.245, 0.2482, 0.246, 0.2449, 0.25, 0.2534, 0.2442]
training accuracy when lambda=1
[0.10747474747715574, 0.11690909090969298, 0.1261414141438224, 0.13022222222583463, 0.13341414141594762, 0.1408282828306911, 0.14789898989959196, 0.1554343434349455, 0.1688888888906951, 0.18587878788119613, 0.2060202020208041, 0.22676767677128917, 0.25224242424242427, 0.27604040404040403, 0.3034545454521372, 0.3339797979773897, 0.36391919192039607, 0.3827070707070707, 0.4151919191967357, 0.44080808081289735, 0.4673131313131313, 0.4938383838407921, 0.5152727272679107, 0.5397575757720253, 0.554525252530069, 0.5719191919119672, 0.5905858586003082, 0.6051919191774696, 0.6208484848388518, 0.6367070707215203, 0.6486666666570335, 0.6593535353535354, 0.6749090908994578, 0.6838383838287507, 0.6946868686820522, 0.7027474747571079, 0.7102626262770759, 0.7203434343338013, 0.7302828282876448, 0.7380808080904412, 0.744969696969697, 0.7491717171620841, 0.7558181818326314, 0.7600404040259544, 0.7661212121163956, 0.7709898989802659, 0.7764444444348114, 0.7846060606108771, 0.7871717171572675, 0.7923434343434343]
test accuracy when lambda=1
[0.2141, 0.3104, 0.3179, 0.3175, 0.3481, 0.3591, 0.3488, 0.3373, 0.3207, 0.2962, 0.286, 0.2597, 0.2464, 0.2343, 0.2269, 0.2106, 0.2023, 0.1964, 0.195, 0.1863, 0.1768, 0.1772, 0.1746, 0.1729, 0.1673, 0.1709, 0.17, 0.167, 0.1684, 0.1629, 0.1621, 0.1726, 0.1691, 0.1652, 0.1676, 0.1686, 0.1655, 0.168, 0.1635, 0.1637, 0.1614, 0.1668, 0.1617, 0.162, 0.1653, 0.1636, 0.1643, 0.1573, 0.1612, 0.1604]
