training accuracy when lambda=0.3
[0.6279797979846146, 0.7412929293073789, 0.7644040404136735, 0.7779797979846145, 0.78759595958151, 0.7988484848629345, 0.8032525252525252, 0.811454545449729, 0.8139999999903669, 0.8196565656613822, 0.8257373737277407, 0.8283434343530675, 0.8321616161712493, 0.8368080808225304, 0.8389494949543115, 0.8422222222366719, 0.8431111111255607, 0.8471515151515151, 0.8505454545502711, 0.8485858585906751, 0.8529292929437425, 0.8552323232226902, 0.8550707070851566, 0.8576767676767677, 0.8586868686965018, 0.8622828282683787, 0.8602020202020202, 0.8608080808225305, 0.8602424242568738, 0.86096969697933, 0.8599191919240085, 0.8610101010052845, 0.8587070707022542, 0.8612727272775438, 0.8599595959451464, 0.8594141414093249, 0.858585858571409, 0.8589494949494949, 0.8592323232467728, 0.857515151519968, 0.8568686868686869, 0.8563232323376819, 0.8557575757527592, 0.8532121212073047, 0.8528080808032643, 0.8524444444492609, 0.8517171717219882, 0.8530707070707071, 0.8510505050360554, 0.8509292929148433]
test accuracy when lambda=0.3
[0.3997, 0.4064, 0.4071, 0.4118, 0.4135, 0.4126, 0.4084, 0.4141, 0.4125, 0.4097, 0.4164, 0.4143, 0.411, 0.4115, 0.4122, 0.4096, 0.4148, 0.413, 0.4146, 0.4094, 0.4122, 0.4144, 0.4109, 0.4077, 0.4122, 0.4128, 0.4108, 0.4122, 0.4107, 0.4173, 0.4075, 0.4126, 0.4049, 0.4103, 0.4112, 0.4107, 0.4069, 0.4073, 0.4108, 0.407, 0.4096, 0.4074, 0.406, 0.4079, 0.4056, 0.4055, 0.4045, 0.4077, 0.4089, 0.4045]
training accuracy when lambda=0.4
[0.5585050504906008, 0.6585050504906009, 0.6809292929437425, 0.6949494949591281, 0.7037777777874108, 0.7099797979942476, 0.715555555550739, 0.7199595959595959, 0.7246262626118131, 0.727515151519968, 0.7324848484703989, 0.7349090909139074, 0.7375555555459224, 0.7393737373592878, 0.7425252525252525, 0.7466060606060606, 0.7431919192015523, 0.746464646479096, 0.749434343448793, 0.7497171717123552, 0.7506060606108771, 0.7507272727176396, 0.7513737373737374, 0.7497979797979798, 0.7492121212024881, 0.7499797979653484, 0.7502020201923871, 0.7493535353390858, 0.7496565656469326, 0.7509696969648805, 0.749111111101478, 0.749111111101478, 0.7476767676912173, 0.7440808080808081, 0.7443030302982138, 0.744949494959128, 0.7432929293025624, 0.7416767676864008, 0.7397575757575757, 0.737919191928825, 0.7370101010245507, 0.7383838383838384, 0.740646464632015, 0.7356767676912173, 0.7369696969648805, 0.7355757575709411, 0.733858585868219, 0.7322828282731952, 0.7342424242279746, 0.7309696969552474]
test accuracy when lambda=0.4
[0.3943, 0.4098, 0.4116, 0.4075, 0.4062, 0.4142, 0.4133, 0.4138, 0.4164, 0.4177, 0.4137, 0.4121, 0.4092, 0.4105, 0.4163, 0.4105, 0.4123, 0.4088, 0.4169, 0.415, 0.4139, 0.4173, 0.4093, 0.4087, 0.405, 0.4088, 0.4068, 0.4086, 0.4067, 0.4099, 0.4089, 0.4073, 0.4044, 0.4027, 0.4004, 0.4008, 0.4015, 0.4037, 0.3994, 0.4026, 0.4017, 0.3997, 0.3999, 0.3977, 0.4024, 0.4029, 0.4018, 0.3944, 0.3998, 0.4023]
training accuracy when lambda=0.5
[0.12808080808141015, 0.13537373737614564, 0.13901010101190722, 0.1400000000036124, 0.14309090909331737, 0.1451717171729213, 0.1480808080820122, 0.1510303030309051, 0.15260606060696372, 0.15602020202080408, 0.15959595959716372, 0.16260606060666266, 0.16824242424603664, 0.17151515151876393, 0.17753535353535355, 0.1824444444468527, 0.18795959596080009, 0.19424242424603663, 0.20098989899230726, 0.21127272726791074, 0.21733333333333332, 0.22571717171777378, 0.23476767676767676, 0.24537373737132911, 0.25402020202020203, 0.2628888888864806, 0.26955555555555555, 0.27981818182179424, 0.2879595959620042, 0.2961616161592079, 0.3011111111147235, 0.3090707070743195, 0.31654545455027105, 0.3225858585834503, 0.3289696969769218, 0.33628282828523653, 0.3427474747546996, 0.3479999999927752, 0.35272727273449755, 0.35965656564934084, 0.36672727272486444, 0.36965656566379046, 0.37549494949976603, 0.37933333334055813, 0.3785656565632483, 0.3849292929341095, 0.39228282828523653, 0.39608080807599155, 0.39555555557000516, 0.40022222221981396]
test accuracy when lambda=0.5
[0.4008, 0.4136, 0.4165, 0.4155, 0.4114, 0.4139, 0.4184, 0.4232, 0.4179, 0.4165, 0.4157, 0.4212, 0.4149, 0.416, 0.416, 0.4154, 0.4145, 0.4198, 0.411, 0.4119, 0.4102, 0.4098, 0.4095, 0.4073, 0.4021, 0.4097, 0.404, 0.4041, 0.4041, 0.3994, 0.3983, 0.4031, 0.4, 0.399, 0.4035, 0.3988, 0.3974, 0.3984, 0.3954, 0.3976, 0.3958, 0.3923, 0.3957, 0.3948, 0.3924, 0.3954, 0.3916, 0.3907, 0.3981, 0.3903]
training accuracy when lambda=0.6
[0.1252727272739314, 0.13474747474928095, 0.13719191919252127, 0.14175757575938197, 0.1433939393975518, 0.14662626262626263, 0.15220202020563262, 0.1537979798015922, 0.16014141414201621, 0.16541414141534555, 0.16915151515392343, 0.176464646469463, 0.18612121212482452, 0.19236363636724876, 0.2063030303066427, 0.21692929293170118, 0.23040404040404042, 0.24466666666666667, 0.25682828283189524, 0.27240404040885696, 0.28745454546177024, 0.3017575757623923, 0.3168888888888889, 0.33086868686868687, 0.3449898989850825, 0.3569494949506991, 0.3695757575805741, 0.3824242424248445, 0.39286868686868687, 0.4057171717099469, 0.41329292929292927, 0.4212929292929293, 0.4290303030351196, 0.44325252524289216, 0.44777777778018607, 0.45484848484848484, 0.4641010100937853, 0.4676565656493408, 0.47509090909572566, 0.4854949494949495, 0.4896767676695429, 0.49490909091390745, 0.4989494949519032, 0.5061414141462307, 0.5129494949446785, 0.5122020202164698, 0.519090909081276, 0.5225252525252525, 0.5303030303054386, 0.5320606060461565]
test accuracy when lambda=0.6
[0.4006, 0.4117, 0.4113, 0.415, 0.4255, 0.4173, 0.4196, 0.4193, 0.4243, 0.4137, 0.4181, 0.4212, 0.4183, 0.4183, 0.4066, 0.41, 0.4037, 0.4026, 0.4, 0.4013, 0.3991, 0.3924, 0.3906, 0.3899, 0.3887, 0.3889, 0.3881, 0.3886, 0.3905, 0.3824, 0.3848, 0.3836, 0.3808, 0.3794, 0.3783, 0.3825, 0.3765, 0.3811, 0.374, 0.3753, 0.3787, 0.375, 0.3803, 0.3784, 0.3728, 0.3774, 0.3689, 0.3745, 0.3768, 0.3787]
training accuracy when lambda=0.7
[0.12462626262686469, 0.13442424242514553, 0.14012121211880385, 0.14153535353595562, 0.1472929292938324, 0.15080808080868288, 0.15660606060726473, 0.16212121212181418, 0.16971717172078413, 0.17876767677008504, 0.1893939393975518, 0.202909090909994, 0.21860606060726473, 0.2362222222246305, 0.254727272729681, 0.27602020202742683, 0.2980808080844205, 0.31735353536076016, 0.3380404040355875, 0.3598383838407921, 0.37751515151755977, 0.39814141414623067, 0.418444444449261, 0.4301212121212121, 0.4485252525300691, 0.46383838382875076, 0.4769494949446784, 0.49026262625780975, 0.5002222222270387, 0.5135757575685328, 0.528444444449261, 0.5352929293073789, 0.5472121212024882, 0.5509494949422702, 0.5657373737373738, 0.5721414141558637, 0.5785252525397021, 0.5849292929220681, 0.5927272727320892, 0.6026464646512811, 0.6061616161543913, 0.6102424242568738, 0.6155353535209039, 0.6237777777777778, 0.6260202020226103, 0.6331717171861668, 0.637090909090909, 0.6426868686796439, 0.6444848484992981, 0.648484848480032]
test accuracy when lambda=0.7
[0.3924, 0.4073, 0.4143, 0.4114, 0.4248, 0.426, 0.4269, 0.4262, 0.424, 0.4131, 0.4114, 0.4126, 0.4085, 0.4053, 0.3977, 0.3853, 0.3872, 0.3854, 0.3772, 0.3771, 0.3746, 0.3633, 0.365, 0.3645, 0.3605, 0.363, 0.3561, 0.3594, 0.3547, 0.3522, 0.3524, 0.3499, 0.3525, 0.355, 0.3581, 0.3542, 0.3462, 0.3468, 0.3498, 0.3467, 0.3499, 0.353, 0.3522, 0.3509, 0.3493, 0.349, 0.3481, 0.3506, 0.3505, 0.353]
training accuracy when lambda=0.8
[0.12173737374098614, 0.13355555555796383, 0.13905050505411745, 0.14254545454545456, 0.14660606060666267, 0.1532525252537294, 0.16008080808171118, 0.1705252525258546, 0.1827878787914912, 0.19836363636604462, 0.2133535353547395, 0.23729292929533757, 0.25739393939514355, 0.28604040404040404, 0.3088888888937054, 0.3331919192063688, 0.36105050504328023, 0.38339393939634764, 0.40935353536076013, 0.4331111111062946, 0.4550505050553216, 0.4755959596104092, 0.4965252525276608, 0.5104848484752154, 0.5318181818133653, 0.5483838383862466, 0.5636565656613822, 0.5745656565680648, 0.5862626262481766, 0.6001212121115791, 0.6121212121356617, 0.6209494949398618, 0.6342424242568738, 0.6383232323232323, 0.6528282828234663, 0.6606868686965017, 0.6668888888888889, 0.6742626262578097, 0.6824242424146093, 0.6883232323232323, 0.6920404040500371, 0.7017171717123551, 0.7069494949591281, 0.7080606060557896, 0.7152525252669749, 0.7227676767580437, 0.725616161601712, 0.7288888888744393, 0.733353535367985, 0.7372929293073789]
test accuracy when lambda=0.8
[0.3895, 0.4173, 0.4128, 0.4292, 0.4209, 0.4231, 0.4287, 0.4273, 0.4251, 0.4147, 0.4052, 0.3981, 0.3892, 0.365, 0.3679, 0.3595, 0.3465, 0.3447, 0.3402, 0.3292, 0.3224, 0.3304, 0.3182, 0.3177, 0.3136, 0.319, 0.3173, 0.3199, 0.3136, 0.3162, 0.3123, 0.3105, 0.312, 0.3141, 0.3008, 0.3161, 0.3061, 0.3097, 0.3047, 0.3054, 0.3101, 0.3073, 0.3155, 0.3142, 0.3109, 0.3204, 0.3156, 0.3161, 0.3206, 0.3141]
training accuracy when lambda=0.9
[0.11769696969937797, 0.1267474747486789, 0.13814141414322034, 0.1420000000018062, 0.14751515151755978, 0.1565656565668607, 0.16535353535443845, 0.18345454545454545, 0.19709090909211321, 0.218868686869891, 0.24301010101491755, 0.27092929293651774, 0.29670707071188723, 0.3250101010113051, 0.3520000000048165, 0.3795757575733493, 0.4102424242351994, 0.4382222222149974, 0.46155555555796385, 0.48537373736651257, 0.5091313131361297, 0.5304242424266506, 0.5498989898845403, 0.5692323232226901, 0.5894949495093991, 0.6030505050553215, 0.6187474747571078, 0.6331111111255607, 0.6455959595959596, 0.6613333333237003, 0.6703434343289847, 0.6818383838287507, 0.6913737373785539, 0.697474747469931, 0.7058383838239343, 0.7233333333429665, 0.7266666666618501, 0.7341010101154597, 0.7384040403895908, 0.745151515141882, 0.7540404040548536, 0.7613737373833704, 0.7644242424194259, 0.7683030302885807, 0.7738585858585859, 0.7772727272582777, 0.7840202020298351, 0.7895353535257205, 0.7898181818085488, 0.7944848484944815]
test accuracy when lambda=0.9
[0.3198, 0.3949, 0.4137, 0.4236, 0.4188, 0.4278, 0.4303, 0.406, 0.3788, 0.36, 0.3303, 0.3283, 0.3318, 0.2954, 0.2842, 0.2733, 0.2665, 0.2656, 0.2569, 0.2583, 0.2587, 0.2483, 0.2528, 0.2587, 0.2534, 0.2499, 0.2435, 0.2457, 0.25, 0.2533, 0.2456, 0.2484, 0.2509, 0.2518, 0.2423, 0.2477, 0.2513, 0.2485, 0.2402, 0.2479, 0.2465, 0.2525, 0.247, 0.2516, 0.2551, 0.2514, 0.2499, 0.2558, 0.2606, 0.2554]
training accuracy when lambda=1
[0.10785858585918792, 0.1192323232329253, 0.12543434343614965, 0.12923232323352737, 0.13523232323593565, 0.14383838384199624, 0.14876767676827884, 0.1602020202020202, 0.17543434343614964, 0.1933535353511271, 0.2109292929317012, 0.23183838383838384, 0.25464646464766877, 0.28206060606060607, 0.30751515151755976, 0.33424242424964906, 0.3635757575769617, 0.3870101010052845, 0.4137575757551675, 0.438505050500234, 0.4663838383910632, 0.48488888888888887, 0.5085858585762255, 0.5265858585786338, 0.5531717171717172, 0.568404040408857, 0.5845858585906751, 0.6011717171644924, 0.615656565642116, 0.6314343434391599, 0.6435353535498032, 0.6592929292881128, 0.6687474747474748, 0.6796161616209782, 0.6923030302982137, 0.7012525252669749, 0.709919191928825, 0.71886868687832, 0.727414141418958, 0.7388888888888889, 0.7415959595863265, 0.7477575757479427, 0.7556565656661988, 0.7607676767773098, 0.7618585858585859, 0.7708484848388518, 0.7770505050649547, 0.7808080808080808, 0.7837373737421903, 0.7906868687013183]
test accuracy when lambda=1
[0.2521, 0.2706, 0.336, 0.3442, 0.3588, 0.3695, 0.3584, 0.3556, 0.3233, 0.2974, 0.2891, 0.2437, 0.2366, 0.2257, 0.2156, 0.2157, 0.1992, 0.1962, 0.1989, 0.1778, 0.1839, 0.1813, 0.177, 0.1751, 0.1775, 0.1706, 0.1776, 0.1663, 0.171, 0.1709, 0.1677, 0.1636, 0.1584, 0.1579, 0.1571, 0.1626, 0.1591, 0.1562, 0.1579, 0.1564, 0.1613, 0.1624, 0.1568, 0.1607, 0.16, 0.159, 0.1613, 0.161, 0.1597, 0.1616]
