training accuracy when lambda=0.1
[0.65878, 0.7349, 0.75102, 0.75878, 0.76546, 0.7763, 0.77732, 0.77726, 0.78366, 0.78334, 0.7854, 0.78874, 0.78818, 0.79034, 0.7938, 0.79366, 0.79466, 0.7927, 0.79336, 0.79582, 0.79652, 0.79626, 0.79758, 0.7953, 0.7975, 0.79794, 0.79916, 0.79928, 0.79848, 0.79846, 0.79994, 0.79944, 0.80026, 0.8038, 0.80088, 0.80148, 0.80148, 0.80118, 0.80108, 0.7995, 0.8035, 0.79972, 0.80314, 0.8008, 0.80546, 0.80192, 0.80234, 0.80296, 0.80162, 0.80078, 0.80714, 0.80452, 0.80196, 0.8027, 0.80502, 0.80442, 0.80338, 0.80266, 0.803, 0.80558, 0.80222, 0.80518, 0.8059, 0.80432, 0.8048, 0.80548, 0.8039, 0.80688, 0.80474, 0.80414, 0.80452, 0.80512, 0.8052, 0.80682, 0.8052, 0.80554, 0.80514, 0.80502, 0.80554, 0.80522, 0.80648, 0.836, 0.84056, 0.84514, 0.84548, 0.84626, 0.84744, 0.8492, 0.84834, 0.85068, 0.85024, 0.85076, 0.85024, 0.85318, 0.85218, 0.85298, 0.85446, 0.8508, 0.8552, 0.85438]
test accuracy when lambda=0.1
[0.4693, 0.533, 0.5379, 0.5595, 0.5946, 0.5566, 0.5979, 0.4686, 0.6224, 0.5935, 0.5846, 0.6126, 0.5916, 0.5966, 0.6181, 0.5886, 0.5878, 0.6264, 0.6082, 0.6205, 0.6103, 0.6261, 0.625, 0.5532, 0.5848, 0.6308, 0.6108, 0.5887, 0.5783, 0.5779, 0.6102, 0.6009, 0.6082, 0.6315, 0.616, 0.6178, 0.6026, 0.6101, 0.6034, 0.6356, 0.575, 0.6171, 0.6363, 0.6312, 0.6031, 0.6288, 0.6137, 0.6029, 0.6336, 0.6121, 0.6137, 0.6263, 0.6187, 0.5948, 0.6126, 0.5665, 0.6092, 0.5686, 0.5833, 0.6159, 0.6122, 0.6242, 0.5665, 0.6073, 0.5959, 0.5668, 0.6313, 0.6258, 0.6277, 0.5923, 0.6258, 0.6282, 0.577, 0.581, 0.5955, 0.6066, 0.6143, 0.5401, 0.5681, 0.5802, 0.5763, 0.6553, 0.652, 0.6554, 0.6518, 0.654, 0.6522, 0.6469, 0.6486, 0.6561, 0.6522, 0.6522, 0.6559, 0.6543, 0.6472, 0.6522, 0.649, 0.656, 0.6429, 0.6495]
training accuracy when lambda=0.2
[0.6399, 0.71508, 0.7323, 0.74044, 0.746, 0.7509, 0.75398, 0.75354, 0.75788, 0.75826, 0.75924, 0.76428, 0.7671, 0.7662, 0.7679, 0.76992, 0.76816, 0.76942, 0.77228, 0.7742, 0.77306, 0.77412, 0.77312, 0.77308, 0.77316, 0.77596, 0.7758, 0.77566, 0.77582, 0.77492, 0.77534, 0.77812, 0.77688, 0.77494, 0.7767, 0.77898, 0.7774, 0.7786, 0.77952, 0.77914, 0.7801, 0.78086, 0.7788, 0.7777, 0.78032, 0.7788, 0.78088, 0.77866, 0.7808, 0.7805, 0.78054, 0.77926, 0.77902, 0.78142, 0.78126, 0.78208, 0.78104, 0.78046, 0.78286, 0.78042, 0.78244, 0.7805, 0.78246, 0.78142, 0.78202, 0.7828, 0.78038, 0.7823, 0.78254, 0.78106, 0.78024, 0.78056, 0.78164, 0.77946, 0.77968, 0.78246, 0.78184, 0.78114, 0.7818, 0.7818, 0.7792, 0.8102, 0.81386, 0.81726, 0.81862, 0.81726, 0.82192, 0.82112, 0.8226, 0.8229, 0.82228, 0.82398, 0.8248, 0.82318, 0.82518, 0.82412, 0.82384, 0.82692, 0.8268, 0.82548]
test accuracy when lambda=0.2
[0.5084, 0.4463, 0.5507, 0.5975, 0.6008, 0.5833, 0.6169, 0.5765, 0.581, 0.533, 0.5657, 0.5779, 0.586, 0.5916, 0.6235, 0.6239, 0.5882, 0.644, 0.6121, 0.6308, 0.6249, 0.6113, 0.6075, 0.6016, 0.629, 0.6305, 0.6315, 0.6053, 0.6391, 0.6242, 0.6253, 0.5946, 0.6137, 0.6175, 0.6123, 0.638, 0.6033, 0.6269, 0.5973, 0.6222, 0.6134, 0.6238, 0.6419, 0.6107, 0.5968, 0.6209, 0.5605, 0.5982, 0.6354, 0.6429, 0.6419, 0.6396, 0.5786, 0.6184, 0.6424, 0.5974, 0.615, 0.6125, 0.6294, 0.6245, 0.6249, 0.6171, 0.6023, 0.6449, 0.6183, 0.6277, 0.616, 0.6087, 0.6279, 0.6239, 0.6122, 0.6127, 0.6467, 0.5923, 0.6152, 0.5986, 0.5795, 0.6071, 0.5878, 0.6272, 0.5666, 0.6708, 0.6727, 0.6677, 0.6638, 0.6678, 0.6664, 0.6741, 0.6726, 0.6654, 0.6669, 0.6729, 0.6697, 0.6648, 0.667, 0.6724, 0.6723, 0.6637, 0.6685, 0.668]
training accuracy when lambda=0.3
[0.5814, 0.65122, 0.6646, 0.6712, 0.67998, 0.68518, 0.68922, 0.69188, 0.69526, 0.69612, 0.69668, 0.69892, 0.70028, 0.70254, 0.7008, 0.7046, 0.70544, 0.70328, 0.70514, 0.7052, 0.70618, 0.70776, 0.70938, 0.70862, 0.70916, 0.70914, 0.70808, 0.71002, 0.71004, 0.71156, 0.71022, 0.71026, 0.71098, 0.71154, 0.71096, 0.71384, 0.71272, 0.7109, 0.71356, 0.71242, 0.71296, 0.7147, 0.71378, 0.71262, 0.71588, 0.7143, 0.71538, 0.7131, 0.71664, 0.71592, 0.71588, 0.71504, 0.71426, 0.7153, 0.7145, 0.71586, 0.71742, 0.71722, 0.71624, 0.71544, 0.71678, 0.71624, 0.7157, 0.71426, 0.7143, 0.71682, 0.71628, 0.71588, 0.71656, 0.71686, 0.71644, 0.71706, 0.71758, 0.71444, 0.71482, 0.7176, 0.71764, 0.71438, 0.71904, 0.7172, 0.71414, 0.74168, 0.74388, 0.74818, 0.7474, 0.74906, 0.74944, 0.75108, 0.752, 0.75304, 0.75278, 0.75392, 0.75416, 0.75416, 0.75482, 0.75388, 0.75592, 0.75558, 0.75456, 0.75628]
test accuracy when lambda=0.3
[0.5198, 0.5396, 0.4818, 0.5754, 0.5303, 0.6109, 0.5821, 0.5744, 0.5894, 0.56, 0.5917, 0.614, 0.5792, 0.6209, 0.5802, 0.5674, 0.6035, 0.6184, 0.5791, 0.6008, 0.5146, 0.613, 0.6394, 0.632, 0.5975, 0.6387, 0.6467, 0.5952, 0.6255, 0.5954, 0.6246, 0.6124, 0.6184, 0.6114, 0.6294, 0.6534, 0.5831, 0.6084, 0.6364, 0.5923, 0.6245, 0.619, 0.6381, 0.6285, 0.6079, 0.6027, 0.6059, 0.6238, 0.6564, 0.6012, 0.5567, 0.6328, 0.5504, 0.6492, 0.6109, 0.6106, 0.6326, 0.6335, 0.5975, 0.6363, 0.6425, 0.5974, 0.5863, 0.6227, 0.652, 0.5822, 0.6354, 0.6152, 0.5868, 0.6352, 0.6181, 0.592, 0.6337, 0.6134, 0.6108, 0.6378, 0.6314, 0.6465, 0.595, 0.6057, 0.5982, 0.6814, 0.6839, 0.6855, 0.6852, 0.6785, 0.68, 0.6826, 0.6818, 0.6835, 0.6829, 0.6841, 0.6782, 0.6801, 0.6798, 0.6818, 0.679, 0.6807, 0.6786, 0.6798]
training accuracy when lambda=0.4
[0.46632, 0.52372, 0.53756, 0.5452, 0.5509, 0.55866, 0.56282, 0.56534, 0.56854, 0.57044, 0.5714, 0.57304, 0.5736, 0.57422, 0.5768, 0.578, 0.57832, 0.57596, 0.57892, 0.57996, 0.5818, 0.58034, 0.5808, 0.58178, 0.58228, 0.58178, 0.58306, 0.5832, 0.5838, 0.58212, 0.5836, 0.58434, 0.58456, 0.58442, 0.58468, 0.58444, 0.5868, 0.58582, 0.58548, 0.58484, 0.5854, 0.58838, 0.58904, 0.5889, 0.58564, 0.58684, 0.58554, 0.58832, 0.58872, 0.58728, 0.58822, 0.5864, 0.58702, 0.58824, 0.58662, 0.58878, 0.58934, 0.58776, 0.58726, 0.5899, 0.58922, 0.588, 0.5876, 0.58828, 0.59032, 0.58898, 0.59072, 0.58828, 0.58928, 0.58932, 0.59094, 0.5903, 0.58918, 0.59134, 0.5901, 0.5917, 0.59028, 0.58866, 0.59064, 0.5903, 0.5887, 0.6077, 0.61216, 0.61338, 0.61358, 0.61534, 0.6164, 0.61714, 0.6176, 0.62034, 0.61756, 0.62026, 0.62006, 0.62094, 0.62084, 0.6208, 0.62248, 0.62416, 0.62232, 0.62148]
test accuracy when lambda=0.4
[0.5124, 0.5661, 0.5221, 0.5317, 0.586, 0.5518, 0.5468, 0.5205, 0.5874, 0.59, 0.5724, 0.552, 0.6106, 0.5656, 0.5983, 0.5987, 0.5889, 0.6323, 0.6348, 0.5877, 0.6093, 0.6519, 0.6177, 0.6317, 0.6302, 0.5734, 0.6274, 0.5811, 0.5801, 0.6485, 0.6502, 0.6425, 0.6262, 0.6029, 0.6343, 0.6465, 0.6485, 0.6561, 0.6675, 0.6109, 0.6369, 0.644, 0.6556, 0.6156, 0.6457, 0.6266, 0.6533, 0.6292, 0.6466, 0.6425, 0.6632, 0.5576, 0.6222, 0.6479, 0.6462, 0.624, 0.5645, 0.6221, 0.5964, 0.5452, 0.6624, 0.5728, 0.6559, 0.5725, 0.6403, 0.6181, 0.6264, 0.5494, 0.642, 0.588, 0.592, 0.6148, 0.6293, 0.6181, 0.6038, 0.6722, 0.6139, 0.644, 0.5916, 0.6538, 0.6285, 0.7002, 0.6966, 0.6971, 0.6947, 0.6988, 0.6999, 0.6956, 0.6968, 0.699, 0.6845, 0.6982, 0.6969, 0.6975, 0.6967, 0.6975, 0.6933, 0.7033, 0.692, 0.6918]
training accuracy when lambda=0.5
[0.28732, 0.3209, 0.33182, 0.34082, 0.34474, 0.34952, 0.35128, 0.35548, 0.35726, 0.3612, 0.36244, 0.36416, 0.36344, 0.3653, 0.36496, 0.36694, 0.36744, 0.36806, 0.36894, 0.37006, 0.37002, 0.37146, 0.37218, 0.37452, 0.37396, 0.37428, 0.3743, 0.37422, 0.37454, 0.37532, 0.37616, 0.37568, 0.37734, 0.37756, 0.37852, 0.37878, 0.37846, 0.3778, 0.38018, 0.37954, 0.37976, 0.37878, 0.38116, 0.38126, 0.381, 0.38268, 0.38114, 0.3811, 0.38156, 0.38148, 0.38136, 0.38262, 0.38078, 0.38352, 0.38132, 0.38302, 0.38304, 0.38308, 0.38268, 0.38374, 0.3824, 0.38344, 0.38348, 0.38462, 0.38326, 0.3824, 0.3848, 0.38426, 0.38124, 0.38406, 0.38532, 0.38372, 0.38452, 0.38386, 0.38424, 0.38642, 0.38686, 0.38398, 0.38632, 0.38752, 0.38574, 0.39924, 0.40566, 0.4078, 0.40854, 0.41054, 0.4099, 0.41178, 0.41178, 0.4132, 0.41482, 0.41416, 0.41518, 0.41598, 0.4143, 0.4163, 0.41814, 0.4187, 0.41958, 0.418]
test accuracy when lambda=0.5
[0.4943, 0.5029, 0.5714, 0.5298, 0.4688, 0.5543, 0.6005, 0.57, 0.6012, 0.5037, 0.5751, 0.5782, 0.5663, 0.5904, 0.6485, 0.5579, 0.6374, 0.6204, 0.6417, 0.6268, 0.5938, 0.5891, 0.6434, 0.6628, 0.594, 0.5784, 0.5791, 0.6115, 0.5645, 0.6062, 0.6427, 0.6388, 0.6221, 0.61, 0.6136, 0.5946, 0.6303, 0.6506, 0.6537, 0.6626, 0.6405, 0.6499, 0.6448, 0.6254, 0.6552, 0.5928, 0.6366, 0.6507, 0.6031, 0.6002, 0.6112, 0.6426, 0.6347, 0.6377, 0.6483, 0.6324, 0.5805, 0.6017, 0.6241, 0.5652, 0.653, 0.5643, 0.6418, 0.665, 0.6409, 0.61, 0.6239, 0.6119, 0.5952, 0.6223, 0.6345, 0.6385, 0.6147, 0.6726, 0.6659, 0.6448, 0.6577, 0.6412, 0.6094, 0.6569, 0.6585, 0.7155, 0.7122, 0.7097, 0.7175, 0.7147, 0.7201, 0.709, 0.7124, 0.7112, 0.713, 0.7153, 0.7131, 0.7071, 0.7129, 0.716, 0.7109, 0.7016, 0.7124, 0.7115]
training accuracy when lambda=0.6
[0.27316, 0.31158, 0.32568, 0.3317, 0.3395, 0.3422, 0.3464, 0.35236, 0.35388, 0.35396, 0.35534, 0.35902, 0.36186, 0.36212, 0.36276, 0.36398, 0.36392, 0.36522, 0.36626, 0.36816, 0.36738, 0.36718, 0.37062, 0.37016, 0.3703, 0.37198, 0.37248, 0.3713, 0.37224, 0.37274, 0.37266, 0.37416, 0.37524, 0.3762, 0.37546, 0.37674, 0.37794, 0.37844, 0.37882, 0.3783, 0.37486, 0.38076, 0.381, 0.38028, 0.38026, 0.381, 0.38136, 0.3804, 0.3824, 0.38404, 0.38242, 0.38236, 0.38178, 0.38438, 0.38502, 0.38416, 0.3835, 0.38336, 0.3848, 0.38302, 0.38482, 0.38308, 0.38326, 0.38532, 0.38488, 0.38662, 0.38588, 0.3878, 0.38598, 0.38448, 0.38588, 0.38548, 0.3873, 0.38552, 0.38722, 0.38626, 0.38694, 0.38724, 0.38758, 0.38704, 0.38768, 0.4058, 0.41174, 0.41268, 0.4137, 0.4154, 0.41654, 0.41886, 0.41718, 0.41934, 0.42052, 0.42132, 0.4223, 0.42304, 0.42406, 0.42216, 0.42406, 0.42542, 0.4248, 0.42408]
test accuracy when lambda=0.6
[0.4652, 0.4294, 0.5316, 0.4697, 0.5366, 0.5127, 0.5744, 0.5872, 0.5459, 0.5689, 0.5926, 0.6067, 0.5445, 0.5716, 0.5848, 0.6108, 0.611, 0.5578, 0.6259, 0.6177, 0.6311, 0.5956, 0.6419, 0.6079, 0.6088, 0.617, 0.6033, 0.6646, 0.6212, 0.6004, 0.6451, 0.6258, 0.4715, 0.6561, 0.6212, 0.607, 0.6377, 0.6104, 0.6275, 0.6288, 0.5929, 0.59, 0.6205, 0.6238, 0.638, 0.6189, 0.6029, 0.5289, 0.6174, 0.5899, 0.627, 0.6282, 0.6621, 0.6738, 0.6118, 0.6187, 0.6357, 0.6651, 0.6467, 0.6451, 0.5541, 0.6385, 0.551, 0.6176, 0.5925, 0.6659, 0.6317, 0.596, 0.6322, 0.6133, 0.6736, 0.5949, 0.6388, 0.6098, 0.648, 0.6738, 0.6024, 0.6535, 0.6475, 0.6092, 0.6523, 0.7202, 0.7247, 0.7184, 0.7247, 0.7284, 0.7156, 0.7235, 0.7282, 0.7193, 0.7214, 0.723, 0.7267, 0.7251, 0.7189, 0.717, 0.7139, 0.7226, 0.7178, 0.7198]
