[array([25555, 23474, 20174, 43960,  7907, 47179, 36729, 25041,  6326,
       34100, 38255, 11107, 18662, 38899, 38925, 28523,  7056, 27054,
        7319, 11558, 33953, 25691,  7604, 34886, 27502, 42883, 36300,
       27707,  3424, 23207, 48026, 13906, 47636, 27383, 27784,  5002,
       38381, 33604, 14094, 29531,  5158, 17323, 41336, 26095, 40514,
       32947, 10719, 48895, 24709,  9010,  3035, 10342, 12491,  8079,
       26681, 34447, 37327, 34485, 14103, 35835,  2290, 29400, 28679,
         228, 34252, 14260, 24800, 28712, 43297, 41985, 12941, 40522,
       37336, 42922, 22758, 45831, 30736, 16475, 43120, 21244, 10329,
       20727, 36805, 30461, 30465, 20315, 30356, 34086, 34073, 46628,
       43014, 13801, 16250, 31909, 15078, 37442, 10326, 44762, 19988,
       34047,  1339, 15692, 38684, 29693, 41134, 42399, 25103, 42392,
       25029, 18883,  7182, 27601,  6679,  3146, 45507, 12369, 47778,
       23449,  8903,  3724, 46711, 19671,  1491, 32455, 23201, 24824,
        9520,  1828, 12462,  8589, 47638, 17120, 33609, 41274, 20980,
       42440, 29980, 13367, 33053, 10916, 17369,  6915, 26465, 40534,
       32906, 17527, 17540, 12324, 40439, 38777, 18271, 27628, 27659,
       38360, 11222, 27773, 27350, 32351, 33592, 11211, 47588, 28043,
       39098, 19222,  7823, 28191, 20214, 32267, 38706, 33462, 42638,
       16915,  3932, 42198, 18434, 33487, 35575, 17580, 34831, 49407,
       40737, 44020, 46862, 25799, 31951,  1934, 23996, 24009, 41090,
        8425, 41163, 21877, 34687, 31470, 24513, 14177, 41197, 25910,
       35706,  9392, 48527, 14875, 32463, 12968, 42059, 45054,  1351,
        8516, 31038,  1897, 31811, 36594, 30986, 45053,  4357, 36599,
       27310,  8427, 33968, 22626,  6318, 20223,  2452, 13121, 20291,
       43793,   359, 14723, 27771, 28451, 14080, 17103, 33233, 45440,
        5458, 18642, 28661, 39663,  5454, 14500, 42427, 35736, 35547,
       42475, 23229,  5331, 28370, 36236, 27793, 32499, 43907, 32230,
        4744, 18670, 42108, 44512,   786, 28133, 18957,  4231, 38772,
       27965, 27083,  7945, 15525, 37898, 21935, 34483, 21468, 48843,
        3884, 32055, 43579, 40487, 41770, 26779, 13331, 37005,  6294,
       26013, 21634, 20653, 45888, 43041,  2034, 36921, 44824, 20406,
       16785, 41122, 35076,  8736, 11821,  9495,  6534,  7272, 45304,
       14018, 11625, 29802, 45902, 11516, 10284, 32472,  2035, 11421,
       14904, 40714, 31247, 10724,  3127, 42625, 21640, 39456, 35674,
       17706, 24241, 17889, 17431, 39594, 43404,  2159, 48238, 39152,
       49228, 43325, 37252, 24809, 10622,    33, 18413, 13481, 12660,
       18468, 28564, 46438, 13503, 26102, 14023, 21321, 42592, 11895,
       27622, 21724, 48146, 25766, 20850, 11168, 40735, 46535, 20417,
       34761, 27488, 30341, 13028, 40381, 45052, 16103, 20206, 34753,
       16586, 47448, 11298,  7867, 31878, 11011, 48889, 11368, 10062,
       25898, 30396, 44410, 36610,  2842, 34769, 31368, 38039, 34770,
       44991,  9399, 18526, 24930, 42197, 47867, 38064, 13656, 45973,
       13227, 16975,  6999, 12227, 34873, 49135,  6748, 10021, 29162,
       45627, 35612,  2990, 48102, 14317, 29282, 29100,  1007, 17751,
       35692,  6895,   628, 32802, 29186, 30675, 33070,  9252, 37985,
       37989,  9264, 47824,  8859, 24040, 32644, 32764,  2395, 46581,
       39255, 17264,  3565, 37379, 10777, 27407, 11742, 12864, 41105,
       19268, 19825, 32557, 48988, 31019, 16410,  6209, 45024, 45757,
       10319, 34349, 29826, 12820, 48429,  7470, 10959, 43479,  1836,
       25251, 38338, 14778,  6143, 34692, 34807, 45809, 45134, 47918,
       11871, 30778, 22109,  4488, 18774, 48055, 11253,  8711, 35184,
        6417, 28908,  9060, 47002,  9183, 21665, 23082, 25552,  4653,
       12477, 17936, 37609, 17925,  4657, 27559, 27549, 37613,  4656,
       24590, 20871, 27672, 19343, 19368,  2500, 23761, 44858, 33370,
       18637,  1706, 34616, 18577, 18908,  1439,  7767, 33263, 38019,
       33214, 36676,  8655, 10736, 10058, 28684, 28090, 26604,  9922,
       19868, 47973, 18270, 12257, 43035, 25400, 45469, 26633, 38174,
       44679, 23059,  3542,  6538, 41989, 31983, 30409,   442, 39981,
        3359, 16474, 29314, 40109, 39715,  5780, 39591, 45639, 13431,
       49480, 16020, 46148, 41834, 41824,  3786, 13322, 41580, 16114,
       31512, 17386, 15833, 32574,  5550, 16380, 41661, 14912, 29712,
       36525, 22380, 35066,  1973, 46649, 33648, 21513,  6164, 34006,
       37310, 32030, 35083, 35109, 19481, 21573, 26457, 28718, 36093,
       39072,   741, 29694, 29456, 32062, 19540,  5322, 38738, 46575,
       26520,  4755, 46811, 10312, 16714, 28496, 38629, 42562, 48799,
        5890, 30763, 26142, 43837, 23320, 14929, 48291,  8590,  4565,
       15368, 12830, 36828,  8111,  6519, 18492, 18470, 11927, 33256,
       38984,  9734, 32715, 31211, 33224, 36817, 48258, 28468, 44682,
       27946, 44973, 25032, 39607, 17376, 32392, 35533, 47601, 11333,
       40358,  5390,  2540, 44352,  2959, 30306, 37773,  4393, 39396,
       30408, 44157, 24621, 26969, 32198, 24274, 27276, 26804, 11129,
        9087, 15880, 38062, 46144,  3223, 24501, 46380, 44017, 28801,
       42083, 20102, 39166, 23772, 29943,  2909, 32777, 21072, 22197,
       27070, 48970, 45743, 30796, 40288, 27230, 43675, 48062, 41955,
       27164, 41937, 41944, 15290, 41649, 11157,  6329, 30833, 16233,
       38685, 48782, 30149, 48344, 40272, 25918, 18973,  7655, 34651,
       42910, 37242, 12934, 20780,  6383, 16663, 27596, 21510, 45804,
       16624, 30506, 43183, 29881, 40537, 41804, 10596, 37693,  6363,
       48263, 36973,  4272, 19852, 45962, 16759, 26632, 13007, 41699,
       44834,  3261, 21836,  3991, 16487,  2358, 30717, 26266, 11615,
        2225, 39938, 31704, 17016, 44425, 28849, 39021, 18141, 35050,
       46633, 25594, 12656, 17747,   688, 45492, 33293, 25643, 14865,
       39091, 14801, 39187, 42263, 35804, 48443, 24056, 38953,  3796,
       35829, 24830, 17138, 31411,  8804, 42227, 14212, 11947, 31724,
        9076, 12224, 35552, 15050, 24419, 29408,  8429,  7141,  3068,
       47764, 29161, 34857, 42312, 29269, 18489, 49465, 13863, 24981,
        6981, 44498, 33362, 17650, 45665,  3399,  3365, 46975, 39232,
        2560, 30453, 24916, 19698,  5796, 38301, 23795, 38293, 34335,
       37491, 11357, 24884, 20804, 43726,   897, 17657, 34093, 27381,
       17652,   545,  6313, 24326,  9181,  3023, 20063, 17629, 30262,
       27264,  6808, 27196, 16258, 20060, 24255, 30389, 42955, 16523,
        5443, 12357, 12518, 17878,  9328, 29026, 27448, 19837, 41217,
        6864, 45536, 16081, 46248,  1534,   257,  1541, 33854, 35406,
        1449, 42754, 28216, 47161, 18560, 19247, 25515, 26486, 25767,
       28033, 22399, 16724, 31009, 36412, 10569, 23454, 13630, 31226,
       46100, 12122, 46110, 25406, 18986,  8507, 17145, 22725, 39033,
       40684, 14582, 29558,  6016, 15775,  3549, 14609, 10315, 27858,
       42636,  5108, 42693,  1407,  7090, 18904, 42726,  4508, 47997,
       22537, 36947, 15076, 21874, 27039, 34887,   265, 23049,  5618,
       44581, 20140, 31570, 24483, 22687,  5547, 41297,  5634, 44236,
       13839, 47480, 22999, 13852, 35620, 43784,  9039, 22261, 20256,
       40290,  9151, 13128, 22974, 48778,   284, 23103,  2239, 41337,
       49373,  4517,  4800, 25303, 20887, 23825, 34297, 37513, 10653,
       20841, 21441,  4756, 25006, 26445, 23531, 37450, 21174,  4677,
        4783, 14569, 34468, 13204, 43938, 10929, 13548, 20563,  3464,
       14882, 25486, 26164, 44071, 44731, 20728, 36143, 37075, 41504,
       31409,   178,  6145, 41738, 24903,  1792, 40378, 47327, 43405,
         170, 12510, 18336, 12061, 19869, 42088, 18950,   848,  5504,
       42657, 28609, 17199, 16650,   471,  4318, 45203, 42865,  3066,
       11714, 12273, 39945, 33183, 17349,  3224, 11816, 19004, 16626,
       38696, 45785, 33808, 18041, 18972, 18569, 45139, 16635, 27505,
       11455, 17476, 28859,  3032, 33625, 40024, 12635,  7386, 16883,
       17244,  7014,  7353, 32873, 17664, 27317, 18825, 47972,  6783,
       16735, 12157, 49200, 17616,  8571,  7017,  3635, 34350, 38493,
        3394, 35276, 38506, 32461, 27953, 19567, 37480, 49454, 19643,
       23909,  6232, 18534,  7023, 35866, 11608,  4329,  5595, 23500,
       21194, 32721, 29769, 46375, 15737, 47538, 23536,  6666, 46892,
       10668, 28029, 31743,  5953, 19409, 47994, 14683, 17130, 19547,
       14545,  8258,  2179, 13376, 34522, 12260, 13524, 32096, 45441,
       21488,  8279, 10756,  8759, 15547,  3534,  6424, 24192, 46730,
       42957,  8944, 18649, 42173,  5537, 40457, 29302, 30882,  9295,
        2393, 18888, 31073,  9929, 16457, 20388, 11147,  4694,  6810,
       24507, 39904,  7726,  3748, 14346, 24348, 13112, 25720, 17480,
       12730, 29275, 40963,   994, 34160, 27000, 11091, 31445,  6285,
       47723, 17088, 16577,  8023, 45059, 46408, 11819,   238, 19704,
       20847,  3926, 32155,  3109, 12005, 39956, 44090,  1665, 17465,
       14901,   103,  3569, 16777, 22113, 43798, 45379, 16811, 12747,
       18815, 13933, 23088, 25978, 33284, 46818,  4999, 22789,  1312,
       11684,  4539, 11777,  5626, 33355,  2728, 36410, 35578, 34612,
       33315, 25589, 42745, 36247, 47908,  3474, 36731, 33499,  9881,
       22641, 28549, 25671, 42661, 43929, 37049, 32602, 43826, 45951,
       10341, 42162, 16945, 27805,  7021, 24100, 48142, 35793, 27477,
       37725, 46160,  8828, 48998, 14507, 16619, 29355, 42901, 39065,
        1089, 31672,  6460, 37463, 33712,  5126, 26932, 46736,  5217,
       43037,  4876,  7739,  3740, 39467, 44263, 29268, 48551, 16370,
       48963, 28802, 37962, 13130, 14342, 24212, 44154, 24167, 46191,
       37869,  6341, 27406,  7688, 32097, 47661, 41148, 39659,  8672,
        8171, 48462,  4770, 37399,  9554, 27808,   196,  5502, 15698,
       28768, 29900,  9492,  4956, 36135, 12215,  4789, 30554, 23771,
        6989, 44772, 23781,   382, 35268,  3887, 12208, 25270, 47752,
       17587, 24251, 18440, 29060, 31260,  2978, 29127, 47730, 35663,
       48546, 25325, 24204, 12495, 40956, 25335, 23501, 23492, 25257,
       45411,  4184,  7070, 28545, 33107, 28790,  9438, 29383, 34932,
       33134, 24915, 31369, 41022, 17116, 18001, 39257,  1499, 31314,
       18461, 23112, 46166,  5453,  4773, 39781, 23428, 14430, 31058,
       40970, 18159,  7759, 48300, 30112,   888,  5555, 31938, 16186,
       27394, 16761, 26815, 19596,  4491, 29799, 11185, 38328, 15536,
        3472, 21698,  1193,  3195, 38572, 21827,   397, 30231, 26218,
        2106, 21685,   772, 44769, 27863,  4506,  3185, 48975,  6345,
        5100, 21917, 44773, 38378, 41954, 13834, 40248, 34452, 25908,
       11673, 13819,   911, 30375, 26376, 29679, 40867, 13188, 15710,
       26372, 49423,  4399, 11241, 46479, 40500, 48903, 21269, 44431,
       30573, 23733, 46135,  1543,  8748, 39901, 37357, 23719,  2221,
       13419,  9516, 21427, 44764, 48654, 10835,  2583, 26834, 27589,
       12352, 28971,  5748, 19728, 24804, 32956, 24070, 32806, 24672,
       17876, 43066, 42936, 35425, 49349, 31476,  9389, 17699, 39211,
       41840, 18167, 45655, 33094, 39658, 43024, 46344, 31353, 43166,
       29095,   486, 48628, 14193, 42888,  6954,  6714,  1483, 37630,
       33797,  9012,  8182, 11462,  9699,  3110, 35542,  9684, 47434,
       25580, 44567, 15321, 36295, 46451, 41320, 43966, 18537, 38069,
       12776,  7166, 20191, 22466, 12749, 36584, 15025,   725, 16939,
       28321, 28379,  9744, 44234,  4877, 22655,  1334,  2468, 39817,
        7154, 25895, 17069, 38764, 15444, 48131, 11744, 20018,  4292,
        8649, 26289, 30284, 41981,  4543, 19986, 34125, 23607,  7694,
       35158, 25116,  6162, 46941, 45248, 17233,  8609, 34641, 45001,
        2690, 40619, 16325, 43412, 19314, 46457, 11649, 16783, 43454,
       19981, 20129, 19955, 14429, 16148, 20106, 20197, 16237, 47215,
       16332, 38061, 24247, 13179, 19951, 48084, 24220, 12497, 47216,
       40941, 37832, 42796,  2629, 21611, 10519, 11612,  2094, 22049,
       36240, 36836, 38637, 36276, 19009, 41529, 40756, 16815, 10027,
       40788, 16860, 17062, 36413, 38765, 42613, 39909,  1937, 18846,
       13972, 37836, 21568, 41753, 42266, 11289, 20625, 24079, 38233,
       42380, 35807, 12957, 16043, 19722, 41188, 20806, 43158, 19670,
       11414, 23915, 37529, 15826, 15817, 48014, 41792,  2224, 40033,
       10637, 12594,  9543, 48472, 14246, 45807,   800, 33570,  1102,
        7509, 33763, 30161,  1072, 25688, 26791, 33806, 24625, 32076,
       32635,  5109,  8016, 27495, 33087, 32107, 33872, 28815, 31237,
        5548, 27430,  8628, 33903, 46174, 44904, 28678, 32103, 24555,
       30639, 34003, 26064, 44259, 34676, 34495,    45, 46622, 32452,
       30819, 31949,  1248, 25904, 25990, 33469,  6462, 24479, 45977,
        5788,  7269, 28231, 34709, 33527, 30011, 16600, 42700, 30358,
       27246, 27306, 41095, 19182,  5834, 45032, 19776, 49313, 49058,
       11632, 27987, 45258,  9519,  2609, 45858, 31725, 25208, 11442,
       27715, 23565,  5815,  2664, 46770,  5807,  2665, 40190,  5993,
        2542,  4998, 37400, 15658, 47531, 45938, 49402,  8186,  1189,
       21687, 34548, 37157, 22697, 34777, 30993, 37057, 21944, 43432,
       26069, 36951,  9951, 10222,  3830, 43615, 43662, 26671, 26676,
       30634, 36488, 46260, 46636, 25509,  1829,  7928, 49368, 23222,
       27027, 20416, 20454, 33489, 16125, 20522, 23113, 25604, 46304,
        8025, 43829,  2322,  6198,  9739,  1082, 37592, 43195, 43065,
       30471, 15100, 32565, 39866, 40008, 24730, 29321, 12043, 14198,
       17502, 18389, 39485, 29022, 32578, 38877,  6861,  2883, 29154,
       44405,  7087, 24797, 17680, 29498,  3057, 14288, 12044,  1648,
       39929,  7198, 39907, 17350, 14526, 23935, 29472, 35882, 48564,
       12865, 47709, 44047, 17236, 38688, 34124, 17742, 14925, 20917,
       37610, 31507, 10865, 17688, 44562,  5488, 32673, 26925, 14345,
       28835, 46995,  3624, 33088, 32101,  2353, 14807,  1866, 41819,
       44828, 40505, 28998, 37651, 37642, 46223,  2961, 10941, 40481,
        5411, 49243,  5703, 21942, 43723, 24398, 44235, 30843, 13842,
       49413, 25892, 48793,  1965, 46005,  3536, 29483, 43609, 32767,
       22426,   489, 10509, 13549, 41327, 40550, 43795, 45567, 21103,
       46721, 44777,  6812, 29190, 32710, 36546, 24298, 43293, 17599,
       37274, 37255, 26320, 30776, 31963, 12663, 37534, 28724, 35565,
        9536, 32229, 20030, 27305, 16719,  4181, 23704, 16448, 48466,
        4806, 45183, 23453, 35030, 33257,  5218, 28573, 11570, 28371,
       41195,  7589, 11987, 27535,  7609, 32316,  2587, 28524, 19765,
        7062, 23494, 11304,  4313, 47213,  7080,  1475,   962, 23308,
       23854, 36255, 43959,  6290, 47060, 31209, 18346, 14744, 47554,
       14440, 27769,  6433, 11810,  8785,   977, 36274, 35274, 33193,
       47414,  8598, 47039, 33396, 23803, 46755, 33678, 38382,  4564,
       17500, 17485,  6717, 11443,  3044, 37101, 19506, 44718, 19471,
       30444,  7426,  2704,  4638, 45664, 17247, 22275, 22259, 28145,
       16543, 34592, 48788,   368, 32515,  8270, 30856, 36990, 29352,
       40760, 30830, 46450, 40149, 13468, 17597, 42492, 18424, 17984,
       33198, 11030, 34183, 11180,  3152, 37752, 18094,  2947, 20189,
       34041, 44862, 28710, 33124,   633, 49355, 33133, 16040, 20374,
       37916, 33165, 42352, 37632,  5141, 29848,  3465, 26318, 21545,
       11428, 21515, 21416, 28428, 29793, 16737, 16038, 34425, 40242,
       10706, 17639,  6850, 32566,  6855, 27450, 37571, 16231, 18443,
       42978,  1184, 19030, 46550, 23900, 35687, 44615, 41281,  3731,
       22695, 40959, 22495, 31378, 22586, 36011,  1523, 14732, 24619,
        9014, 22763]), array([   33,    45,   156,   170,   178,   196,   228,   238,   257,
         265,   359,   382,   397,   442,   461,   471,   486,   545,
         628,   633,   688,   725,   741,   772,   786,   848,   888,
         897,   911,   994,  1007,  1072,  1102,  1193,  1248,  1312,
        1339,  1351,  1439,  1449,  1483,  1491,  1541,  1543,  1648,
        1665,  1706,  1792,  1828,  1836,  1897,  1934,  1973,  2034,
        2035,  2094,  2159,  2179,  2208,  2224,  2225,  2239,  2255,
        2290,  2322,  2358,  2395,  2452,  2500,  2540,  2629,  2842,
        2909,  2959,  2978,  2990,  3023,  3032,  3035,  3066,  3109,
        3127,  3146,  3223,  3224,  3261,  3345,  3359,  3365,  3394,
        3424,  3472,  3474,  3534,  3542,  3549,  3565,  3635,  3724,
        3748,  3786,  3884,  3887,  3926,  3932,  3991,  4181,  4184,
        4231,  4272,  4292,  4313,  4318,  4329,  4357,  4393,  4399,
        4453,  4488,  4491,  4506,  4508,  4517,  4539,  4543,  4565,
        4656,  4657,  4677,  4694,  4744,  4755,  4756,  4770,  4783,
        4789,  4800,  4877,  4956,  4998,  4999,  5002,  5100,  5108,
        5158,  5218,  5322,  5331,  5390,  5443,  5454,  5458,  5496,
        5504,  5537,  5547,  5548,  5550,  5595,  5618,  5634,  5780,
        5796,  5890,  6016,  6143,  6145,  6164,  6209,  6232,  6285,
        6294,  6313,  6318,  6326,  6329,  6345,  6383,  6417,  6424,
        6519,  6534,  6538,  6666,  6679,  6748,  6808,  6839,  6855,
        6895,  6915,  6981,  6989,  6999,  7001,  7014,  7021,  7056,
        7090,  7141,  7166,  7182,  7269,  7272,  7319,  7353,  7386,
        7470,  7509,  7589,  7604,  7688,  7694,  7739,  7767,  7823,
        7867,  7907,  7945,  8079,  8111,  8171,  8186,  8279,  8425,
        8427,  8429,  8507,  8516,  8571,  8589,  8590,  8598,  8628,
        8655,  8672,  8711,  8736,  8785,  8804,  8828,  8859,  8903,
        8944,  9010,  9039,  9060,  9076,  9087,  9151,  9181,  9183,
        9252,  9264,  9295,  9328,  9389,  9392,  9398,  9399,  9438,
        9492,  9495,  9520,  9554,  9734,  9739,  9838,  9881,  9922,
        9951, 10021, 10027, 10058, 10062, 10158, 10284, 10312, 10315,
       10319, 10326, 10329, 10342, 10458, 10509, 10519, 10596, 10622,
       10653, 10719, 10724, 10736, 10756, 10777, 10865, 10916, 10929,
       10944, 10959, 11011, 11091, 11107, 11129, 11147, 11157, 11168,
       11211, 11222, 11241, 11253, 11289, 11298, 11333, 11357, 11368,
       11421, 11442, 11516, 11558, 11608, 11612, 11615, 11625, 11673,
       11714, 11742, 11744, 11777, 11810, 11819, 11821, 11871, 11895,
       11927, 11947, 11987, 12005, 12043, 12061, 12157, 12215, 12224,
       12227, 12257, 12260, 12273, 12324, 12357, 12369, 12462, 12477,
       12491, 12510, 12518, 12656, 12660, 12663, 12747, 12776, 12820,
       12830, 12864, 12865, 12934, 12941, 12957, 12968, 13007, 13028,
       13112, 13121, 13128, 13179, 13204, 13227, 13322, 13331, 13367,
       13419, 13431, 13481, 13503, 13524, 13548, 13630, 13656, 13790,
       13801, 13839, 13852, 13863, 13906, 13933, 14018, 14023, 14080,
       14094, 14103, 14177, 14212, 14260, 14288, 14317, 14345, 14346,
       14430, 14440, 14500, 14507, 14545, 14582, 14583, 14609, 14683,
       14723, 14732, 14778, 14800, 14801, 14865, 14875, 14882, 14901,
       14904, 14912, 14929, 15076, 15078, 15240, 15290, 15368, 15444,
       15525, 15536, 15547, 15692, 15737, 15775, 15817, 15826, 15833,
       15880, 16020, 16043, 16081, 16103, 16114, 16125, 16233, 16250,
       16258, 16325, 16370, 16379, 16380, 16410, 16457, 16474, 16475,
       16487, 16586, 16614, 16619, 16624, 16626, 16635, 16650, 16663,
       16714, 16724, 16759, 16761, 16777, 16783, 16785, 16860, 16915,
       16975, 17016, 17062, 17069, 17103, 17116, 17120, 17138, 17145,
       17199, 17244, 17264, 17323, 17349, 17369, 17376, 17386, 17431,
       17480, 17527, 17540, 17580, 17587, 17616, 17629, 17650, 17652,
       17657, 17664, 17706, 17747, 17751, 17878, 17889, 17925, 17936,
       17991, 18001, 18041, 18141, 18167, 18270, 18271, 18336, 18346,
       18413, 18424, 18434, 18440, 18443, 18468, 18470, 18489, 18492,
       18526, 18534, 18560, 18569, 18577, 18637, 18642, 18662, 18670,
       18774, 18815, 18825, 18846, 18883, 18904, 18908, 18950, 18957,
       18972, 18973, 18986, 19004, 19222, 19247, 19268, 19314, 19343,
       19368, 19409, 19493, 19547, 19596, 19643, 19670, 19671, 19684,
       19728, 19825, 19852, 19868, 19869, 19986, 19988, 20030, 20102,
       20106, 20174, 20206, 20214, 20223, 20256, 20291, 20315, 20374,
       20388, 20406, 20417, 20522, 20563, 20653, 20727, 20728, 20780,
       20804, 20841, 20847, 20850, 20871, 20887, 20980, 21072, 21174,
       21244, 21269, 21277, 21321, 21441, 21468, 21488, 21510, 21513,
       21525, 21573, 21602, 21634, 21640, 21665, 21724, 21836, 21858,
       21874, 21877, 21935, 22049, 22109, 22197, 22261, 22380, 22537,
       22571, 22626, 22641, 22687, 22695, 22725, 22758, 22779, 22789,
       22974, 23049, 23059, 23082, 23088, 23103, 23112, 23201, 23207,
       23229, 23320, 23428, 23449, 23454, 23474, 23492, 23494, 23500,
       23501, 23531, 23536, 23565, 23589, 23704, 23733, 23761, 23772,
       23781, 23795, 23854, 23935, 23996, 24009, 24040, 24056, 24100,
       24167, 24192, 24204, 24220, 24241, 24255, 24274, 24326, 24348,
       24419, 24483, 24501, 24507, 24513, 24555, 24590, 24621, 24709,
       24797, 24800, 24809, 24824, 24830, 24884, 24903, 24915, 24916,
       24930, 24981, 25006, 25029, 25032, 25041, 25103, 25251, 25257,
       25303, 25400, 25406, 25486, 25515, 25552, 25555, 25580, 25594,
       25643, 25671, 25691, 25720, 25766, 25767, 25799, 25898, 25908,
       25910, 25918, 25978, 25990, 26013, 26063, 26095, 26102, 26142,
       26164, 26218, 26266, 26376, 26445, 26457, 26465, 26486, 26520,
       26604, 26632, 26633, 26676, 26681, 26779, 26791, 26804, 26815,
       26891, 27000, 27039, 27054, 27070, 27083, 27164, 27196, 27230,
       27246, 27264, 27276, 27310, 27317, 27350, 27381, 27383, 27406,
       27407, 27430, 27448, 27488, 27495, 27502, 27505, 27549, 27559,
       27589, 27596, 27601, 27622, 27628, 27659, 27672, 27707, 27771,
       27773, 27784, 27793, 27805, 27858, 27863, 27946, 27953, 27965,
       27987, 28029, 28033, 28043, 28090, 28133, 28191, 28216, 28321,
       28370, 28379, 28451, 28468, 28496, 28523, 28545, 28549, 28564,
       28661, 28679, 28684, 28712, 28718, 28724, 28801, 28802, 28815,
       28849, 28859, 28908, 29026, 29060, 29100, 29127, 29161, 29162,
       29186, 29269, 29275, 29282, 29314, 29352, 29355, 29400, 29408,
       29456, 29531, 29558, 29693, 29694, 29712, 29769, 29799, 29802,
       29826, 29881, 29943, 29980, 30112, 30149, 30262, 30284, 30306,
       30341, 30356, 30358, 30375, 30389, 30396, 30408, 30409, 30444,
       30453, 30461, 30465, 30506, 30549, 30554, 30573, 30639, 30675,
       30717, 30736, 30763, 30778, 30796, 30833, 30882, 30986, 31019,
       31038, 31058, 31073, 31211, 31226, 31237, 31247, 31353, 31368,
       31369, 31409, 31411, 31445, 31470, 31512, 31570, 31672, 31704,
       31724, 31725, 31811, 31878, 31909, 31938, 31949, 31951, 31983,
       32030, 32055, 32062, 32076, 32096, 32097, 32155, 32198, 32230,
       32267, 32351, 32392, 32440, 32452, 32455, 32463, 32472, 32499,
       32535, 32557, 32574, 32602, 32635, 32644, 32715, 32721, 32764,
       32777, 32802, 32873, 32906, 32947, 32956, 33053, 33070, 33094,
       33107, 33193, 33214, 33224, 33233, 33256, 33257, 33263, 33284,
       33293, 33315, 33355, 33362, 33370, 33396, 33462, 33487, 33489,
       33499, 33592, 33604, 33609, 33648, 33712, 33763, 33806, 33808,
       33854, 33903, 33953, 33968, 34006, 34047, 34073, 34086, 34093,
       34100, 34252, 34297, 34335, 34349, 34425, 34447, 34483, 34485,
       34522, 34612, 34616, 34641, 34651, 34687, 34692, 34753, 34761,
       34767, 34769, 34770, 34807, 34831, 34857, 34873, 34886, 34887,
       34932, 35050, 35066, 35076, 35083, 35109, 35184, 35406, 35533,
       35547, 35552, 35575, 35578, 35612, 35674, 35692, 35706, 35736,
       35793, 35804, 35807, 35829, 35835, 36093, 36135, 36143, 36236,
       36240, 36247, 36295, 36300, 36412, 36488, 36525, 36529, 36584,
       36594, 36599, 36610, 36676, 36729, 36731, 36805, 36817, 36828,
       36836, 36921, 36947, 36951, 36973, 37005, 37075, 37101, 37242,
       37252, 37274, 37310, 37327, 37336, 37379, 37399, 37400, 37442,
       37463, 37480, 37491, 37513, 37529, 37609, 37613, 37630, 37693,
       37725, 37752, 37773, 37832, 37868, 37898, 37962, 37985, 37989,
       38019, 38039, 38061, 38062, 38064, 38069, 38174, 38255, 38293,
       38328, 38338, 38360, 38378, 38381, 38493, 38506, 38572, 38629,
       38637, 38684, 38685, 38696, 38706, 38738, 38772, 38777, 38899,
       38925, 38953, 38984, 39021, 39033, 39072, 39078, 39091, 39098,
       39152, 39166, 39187, 39232, 39255, 39257, 39396, 39456, 39467,
       39591, 39594, 39607, 39658, 39663, 39715, 39901, 39904, 39909,
       39945, 39956, 39981, 40008, 40024, 40109, 40190, 40272, 40288,
       40290, 40358, 40381, 40439, 40457, 40481, 40487, 40500, 40514,
       40522, 40534, 40537, 40589, 40714, 40735, 40737, 40760, 40788,
       40956, 40963, 41020, 41090, 41105, 41122, 41134, 41163, 41188,
       41197, 41217, 41274, 41297, 41320, 41336, 41397, 41504, 41529,
       41579, 41580, 41649, 41661, 41699, 41738, 41770, 41804, 41824,
       41834, 41840, 41932, 41955, 41985, 41989, 42059, 42083, 42088,
       42108, 42162, 42173, 42197, 42198, 42227, 42263, 42266, 42312,
       42380, 42392, 42399, 42423, 42427, 42440, 42475, 42562, 42592,
       42625, 42636, 42638, 42661, 42693, 42726, 42754, 42796, 42865,
       42883, 42901, 42910, 42922, 42955, 42957, 43014, 43024, 43035,
       43037, 43041, 43120, 43158, 43183, 43297, 43325, 43404, 43405,
       43479, 43579, 43609, 43662, 43675, 43726, 43784, 43790, 43793,
       43798, 43826, 43837, 43907, 43929, 43949, 43960, 44017, 44020,
       44047, 44071, 44090, 44146, 44157, 44234, 44235, 44236, 44259,
       44263, 44352, 44410, 44425, 44498, 44512, 44567, 44581, 44629,
       44679, 44682, 44731, 44762, 44764, 44769, 44773, 44824, 44834,
       44858, 44973, 44991, 45001, 45024, 45052, 45053, 45054, 45059,
       45134, 45139, 45183, 45203, 45304, 45411, 45440, 45469, 45492,
       45507, 45536, 45627, 45639, 45655, 45665, 45743, 45757, 45804,
       45809, 45831, 45837, 45888, 45902, 45919, 45962, 45973, 45977,
       46100, 46110, 46135, 46144, 46148, 46166, 46174, 46191, 46223,
       46248, 46260, 46344, 46375, 46380, 46408, 46438, 46450, 46479,
       46535, 46575, 46581, 46628, 46633, 46649, 46711, 46730, 46736,
       46811, 46818, 46862, 46892, 46941, 46975, 46999, 47002, 47039,
       47118, 47161, 47179, 47327, 47448, 47538, 47588, 47601, 47636,
       47638, 47723, 47752, 47764, 47778, 47815, 47824, 47867, 47918,
       47972, 47973, 47994, 47997, 48026, 48055, 48084, 48102, 48131,
       48146, 48238, 48258, 48263, 48291, 48300, 48344, 48429, 48443,
       48462, 48466, 48472, 48527, 48654, 48782, 48799, 48843, 48889,
       48895, 48903, 48963, 48970, 48971, 48975, 48988, 48998, 49135,
       49200, 49228, 49243, 49407, 49454, 49465, 49480]), array([   33,   156,   170,   178,   228,   265,   359,   397,   628,
         688,   725,   741,   772,   786,   848,   911,   994,  1007,
        1339,  1351,  1439,  1449,  1491,  1648,  1665,  1792,  1828,
        1836,  1897,  1934,  1973,  2034,  2035,  2159,  2208,  2225,
        2239,  2290,  2358,  2395,  2452,  2500,  2540,  2842,  2909,
        2990,  3023,  3035,  3066,  3127,  3146,  3261,  3359,  3394,
        3424,  3534,  3542,  3549,  3565,  3724,  3748,  3786,  3884,
        3887,  3932,  4181,  4231,  4313,  4318,  4357,  4393,  4508,
        4517,  4543,  4565,  4656,  4657,  4677,  4744,  4755,  4770,
        4783,  4800,  4956,  5002,  5100,  5108,  5158,  5322,  5331,
        5390,  5443,  5454,  5458,  5496,  5547,  5550,  5595,  5634,
        5780,  5796,  6016,  6143,  6145,  6209,  6294,  6313,  6318,
        6326,  6329,  6383,  6417,  6424,  6519,  6534,  6538,  6666,
        6679,  6748,  6839,  6895,  6915,  6981,  7056,  7141,  7182,
        7272,  7319,  7386,  7470,  7509,  7589,  7604,  7694,  7739,
        7767,  7823,  7867,  7907,  7928,  7945,  8079,  8111,  8279,
        8425,  8427,  8507,  8571,  8589,  8590,  8655,  8672,  8711,
        8736,  8828,  8859,  8903,  8944,  9010,  9039,  9076,  9151,
        9183,  9252,  9264,  9295,  9328,  9392,  9399,  9492,  9495,
        9520,  9699,  9739,  9838,  9881,  9922, 10021, 10027, 10058,
       10062, 10284, 10312, 10315, 10319, 10326, 10329, 10342, 10596,
       10622, 10653, 10719, 10724, 10736, 10756, 10777, 10916, 11011,
       11107, 11157, 11168, 11211, 11222, 11298, 11333, 11368, 11421,
       11558, 11612, 11625, 11649, 11714, 11777, 11821, 11871, 11895,
       11927, 11947, 12005, 12043, 12061, 12215, 12224, 12227, 12260,
       12273, 12324, 12357, 12369, 12462, 12477, 12491, 12518, 12660,
       12830, 12864, 12941, 12957, 12968, 13028, 13121, 13128, 13204,
       13331, 13367, 13419, 13431, 13481, 13503, 13548, 13656, 13801,
       13839, 13852, 13863, 13906, 13933, 14018, 14023, 14080, 14094,
       14103, 14177, 14212, 14260, 14346, 14500, 14507, 14545, 14609,
       14723, 14778, 14801, 14875, 14882, 14904, 14912, 14929, 15076,
       15078, 15368, 15444, 15525, 15536, 15692, 15775, 15833, 15880,
       16020, 16043, 16103, 16114, 16233, 16250, 16258, 16370, 16380,
       16410, 16457, 16474, 16475, 16586, 16650, 16714, 16724, 16759,
       16785, 16903, 16915, 16975, 17088, 17103, 17120, 17138, 17199,
       17233, 17264, 17323, 17369, 17376, 17431, 17465, 17480, 17527,
       17540, 17580, 17652, 17657, 17706, 17747, 17751, 17889, 18001,
       18167, 18271, 18413, 18434, 18440, 18470, 18492, 18526, 18534,
       18569, 18577, 18642, 18662, 18670, 18774, 18883, 18904, 18908,
       18950, 18957, 18972, 18973, 19222, 19247, 19268, 19343, 19368,
       19547, 19596, 19671, 19684, 19728, 19825, 19852, 19868, 19988,
       20106, 20174, 20206, 20214, 20223, 20291, 20315, 20406, 20417,
       20522, 20563, 20653, 20727, 20728, 20780, 20850, 20871, 20980,
       21174, 21244, 21277, 21321, 21468, 21513, 21525, 21602, 21634,
       21640, 21665, 21724, 21877, 21935, 22049, 22109, 22197, 22261,
       22380, 22537, 22626, 22641, 22687, 22725, 22758, 22789, 22974,
       23059, 23082, 23088, 23201, 23207, 23229, 23449, 23454, 23474,
       23494, 23501, 23607, 23772, 23795, 23996, 24009, 24040, 24056,
       24100, 24220, 24241, 24255, 24274, 24326, 24348, 24419, 24501,
       24507, 24513, 24555, 24590, 24621, 24709, 24800, 24809, 24824,
       24930, 24981, 25029, 25041, 25103, 25251, 25257, 25270, 25303,
       25400, 25406, 25486, 25515, 25552, 25555, 25691, 25766, 25799,
       25898, 25908, 25910, 25978, 26013, 26063, 26095, 26102, 26142,
       26164, 26266, 26457, 26465, 26486, 26520, 26604, 26632, 26633,
       26681, 26779, 26815, 26891, 27000, 27054, 27083, 27164, 27230,
       27276, 27317, 27350, 27383, 27406, 27407, 27488, 27502, 27505,
       27549, 27559, 27601, 27622, 27628, 27659, 27672, 27707, 27771,
       27773, 27784, 27793, 27858, 27863, 27965, 28029, 28043, 28090,
       28133, 28191, 28216, 28370, 28451, 28468, 28496, 28523, 28564,
       28661, 28679, 28684, 28712, 28718, 28802, 28849, 29026, 29100,
       29161, 29186, 29269, 29282, 29314, 29355, 29400, 29531, 29693,
       29694, 29712, 29802, 29826, 29881, 29943, 29980, 30149, 30284,
       30306, 30341, 30356, 30358, 30389, 30396, 30408, 30409, 30453,
       30461, 30506, 30639, 30675, 30717, 30736, 30763, 30778, 30796,
       30833, 30882, 30986, 31019, 31038, 31073, 31211, 31226, 31247,
       31368, 31369, 31409, 31411, 31445, 31470, 31512, 31704, 31724,
       31725, 31811, 31878, 31909, 31938, 31951, 31983, 32030, 32055,
       32096, 32155, 32198, 32230, 32267, 32351, 32392, 32452, 32455,
       32463, 32472, 32499, 32557, 32574, 32578, 32602, 32635, 32644,
       32721, 32764, 32777, 32802, 32873, 32906, 32947, 33053, 33070,
       33214, 33224, 33233, 33256, 33263, 33293, 33355, 33362, 33370,
       33462, 33487, 33499, 33592, 33604, 33609, 33712, 33806, 33808,
       33953, 33968, 34006, 34047, 34073, 34086, 34093, 34100, 34252,
       34335, 34349, 34447, 34483, 34485, 34522, 34616, 34692, 34753,
       34761, 34769, 34770, 34807, 34831, 34857, 34886, 35050, 35076,
       35083, 35184, 35406, 35425, 35547, 35575, 35612, 35674, 35692,
       35706, 35736, 35793, 35804, 35807, 35829, 35835, 36093, 36236,
       36300, 36525, 36594, 36610, 36729, 36805, 36817, 36828, 36921,
       36947, 36973, 37005, 37101, 37310, 37327, 37336, 37379, 37399,
       37442, 37463, 37480, 37513, 37529, 37609, 37613, 37693, 37773,
       37898, 37962, 37985, 37989, 38039, 38062, 38064, 38069, 38174,
       38255, 38293, 38328, 38338, 38360, 38381, 38629, 38684, 38685,
       38696, 38706, 38772, 38777, 38899, 38925, 38953, 38984, 39021,
       39033, 39098, 39152, 39166, 39187, 39257, 39456, 39467, 39591,
       39594, 39663, 39715, 39904, 39981, 40008, 40024, 40109, 40272,
       40288, 40290, 40381, 40439, 40481, 40487, 40514, 40522, 40534,
       40561, 40737, 40956, 40963, 41020, 41090, 41105, 41122, 41134,
       41163, 41197, 41217, 41274, 41320, 41336, 41504, 41580, 41661,
       41699, 41738, 41770, 41804, 41955, 41985, 41989, 42059, 42083,
       42108, 42197, 42198, 42227, 42312, 42392, 42399, 42427, 42440,
       42475, 42592, 42625, 42636, 42638, 42661, 42693, 42726, 42754,
       42796, 42883, 42901, 42910, 42922, 42955, 42957, 43014, 43035,
       43037, 43041, 43120, 43158, 43183, 43297, 43404, 43405, 43579,
       43662, 43675, 43793, 43907, 43929, 43938, 43949, 43960, 44020,
       44090, 44236, 44259, 44352, 44410, 44425, 44498, 44512, 44682,
       44762, 44764, 44824, 44834, 44858, 44991, 45024, 45053, 45054,
       45059, 45134, 45183, 45203, 45304, 45440, 45469, 45507, 45627,
       45655, 45665, 45743, 45757, 45804, 45809, 45831, 45888, 45902,
       45973, 46100, 46144, 46191, 46248, 46260, 46344, 46438, 46628,
       46633, 46649, 46711, 46736, 46811, 46862, 46892, 47002, 47179,
       47327, 47448, 47538, 47588, 47636, 47638, 47723, 47752, 47778,
       47824, 47867, 47918, 47972, 47973, 47994, 47997, 48026, 48062,
       48102, 48146, 48238, 48263, 48291, 48300, 48429, 48443, 48462,
       48466, 48527, 48654, 48843, 48889, 48895, 48970, 48988, 49135,
       49228, 49407, 49454, 49465, 49480]), array([   33,   228,   359,   442,   628,   786,   888,   911,   994,
        1007,  1339,  1351,  1449,  1491,  1792,  1828,  1836,  1897,
        1934,  1973,  2034,  2035,  2159,  2208,  2239,  2290,  2358,
        2395,  2452,  2540,  2842,  2909,  3035,  3066,  3127,  3146,
        3261,  3359,  3394,  3424,  3542,  3565,  3724,  3748,  3884,
        3932,  4313,  4318,  4357,  4508,  4517,  4656,  4657,  4677,
        4744,  4755,  4770,  4783,  4800,  4956,  5002,  5158,  5218,
        5322,  5331,  5390,  5454,  5547,  5550,  5634,  5780,  5796,
        6143,  6145,  6209,  6294,  6313,  6318,  6326,  6341,  6383,
        6424,  6519,  6538,  6666,  6679,  6839,  6915,  7056,  7141,
        7182,  7272,  7319,  7386,  7470,  7604,  7694,  7767,  7823,
        7867,  7907,  7945,  8079,  8111,  8279,  8425,  8427,  8507,
        8571,  8589,  8590,  8655,  8711,  8736,  8859,  8903,  9010,
        9076,  9252,  9264,  9295,  9392,  9399,  9492,  9495,  9520,
        9922, 10058, 10062, 10284, 10312, 10315, 10319, 10326, 10342,
       10596, 10622, 10719, 10724, 10756, 10777, 10916, 10944, 11011,
       11107, 11147, 11157, 11168, 11211, 11222, 11253, 11298, 11333,
       11368, 11421, 11558, 11612, 11625, 11777, 11821, 11871, 11895,
       11927, 11947, 12061, 12215, 12224, 12227, 12273, 12324, 12357,
       12369, 12462, 12477, 12491, 12660, 12830, 12864, 12941, 12968,
       13028, 13121, 13128, 13227, 13331, 13367, 13431, 13481, 13503,
       13801, 13839, 13906, 13933, 14018, 14023, 14080, 14094, 14103,
       14177, 14260, 14500, 14545, 14609, 14723, 14778, 14875, 14912,
       14929, 15076, 15078, 15368, 15525, 15692, 15775, 15833, 16043,
       16103, 16114, 16233, 16250, 16410, 16474, 16475, 16586, 16650,
       16714, 16759, 16785, 16915, 16975, 17103, 17120, 17138, 17199,
       17264, 17323, 17369, 17431, 17465, 17480, 17527, 17540, 17580,
       17652, 17706, 17747, 17751, 17889, 18271, 18413, 18434, 18470,
       18492, 18526, 18569, 18577, 18642, 18662, 18670, 18774, 18883,
       18908, 18972, 18973, 19222, 19268, 19368, 19547, 19671, 19868,
       19988, 20174, 20206, 20214, 20223, 20291, 20315, 20406, 20417,
       20522, 20563, 20653, 20727, 20850, 20871, 20980, 21244, 21277,
       21321, 21634, 21640, 21877, 21935, 22049, 22109, 22197, 22261,
       22380, 22537, 22626, 22687, 22725, 22758, 22999, 23059, 23088,
       23201, 23207, 23229, 23449, 23474, 23996, 24009, 24040, 24056,
       24100, 24241, 24274, 24419, 24501, 24507, 24513, 24590, 24709,
       24800, 24809, 24824, 24916, 24930, 24981, 25029, 25041, 25103,
       25251, 25270, 25303, 25515, 25552, 25555, 25691, 25766, 25799,
       25898, 25910, 26095, 26102, 26266, 26465, 26520, 26604, 26632,
       26633, 26681, 26779, 27054, 27083, 27317, 27350, 27383, 27406,
       27488, 27502, 27505, 27549, 27559, 27601, 27622, 27628, 27659,
       27672, 27707, 27771, 27773, 27784, 27793, 27965, 28033, 28043,
       28090, 28133, 28191, 28216, 28370, 28451, 28468, 28496, 28523,
       28564, 28661, 28679, 28684, 28712, 28718, 28802, 28849, 29026,
       29186, 29269, 29314, 29400, 29531, 29693, 29694, 29802, 29980,
       30306, 30341, 30356, 30358, 30408, 30453, 30461, 30717, 30736,
       30763, 30778, 30882, 30986, 31019, 31038, 31073, 31211, 31226,
       31247, 31369, 31411, 31470, 31512, 31704, 31811, 31878, 31909,
       31938, 31951, 32030, 32055, 32155, 32198, 32230, 32267, 32351,
       32455, 32463, 32472, 32499, 32557, 32574, 32602, 32644, 32777,
       32802, 32906, 32947, 33053, 33214, 33224, 33233, 33256, 33263,
       33293, 33355, 33362, 33370, 33462, 33487, 33499, 33592, 33604,
       33609, 33806, 33808, 33953, 33968, 34006, 34047, 34073, 34086,
       34100, 34252, 34335, 34349, 34447, 34483, 34485, 34616, 34753,
       34761, 34769, 34770, 34807, 34857, 34886, 35066, 35076, 35083,
       35184, 35547, 35575, 35706, 35736, 35829, 35835, 36093, 36236,
       36300, 36525, 36594, 36610, 36729, 36805, 36828, 36836, 36921,
       36973, 37005, 37310, 37327, 37336, 37442, 37463, 37513, 37613,
       37773, 37832, 37898, 37985, 37989, 38039, 38061, 38062, 38069,
       38174, 38255, 38293, 38338, 38360, 38381, 38684, 38685, 38706,
       38772, 38777, 38899, 38925, 38984, 39098, 39152, 39166, 39187,
       39456, 39467, 39591, 39594, 39715, 39981, 40024, 40109, 40272,
       40288, 40381, 40439, 40487, 40514, 40522, 40534, 40737, 40963,
       41020, 41090, 41122, 41134, 41163, 41197, 41274, 41336, 41661,
       41699, 41738, 41770, 41804, 41955, 41985, 41989, 42059, 42083,
       42108, 42197, 42198, 42227, 42392, 42399, 42427, 42440, 42475,
       42592, 42625, 42693, 42883, 42901, 42922, 42955, 43014, 43035,
       43041, 43120, 43158, 43297, 43404, 43579, 43662, 43793, 43907,
       43929, 43960, 44020, 44410, 44425, 44512, 44682, 44762, 44824,
       44834, 44858, 45001, 45024, 45053, 45054, 45059, 45134, 45440,
       45469, 45507, 45627, 45655, 45665, 45757, 45804, 45809, 45831,
       45888, 45902, 45973, 46100, 46148, 46450, 46628, 46711, 46811,
       46862, 47002, 47179, 47448, 47588, 47636, 47638, 47723, 47778,
       47918, 47973, 47997, 48026, 48062, 48102, 48146, 48238, 48263,
       48291, 48443, 48527, 48654, 48843, 48889, 48895, 48988, 49228,
       49407, 49454, 49465]), array([   33,   156,   170,   178,   196,   228,   238,   359,   382,
         397,   461,   471,   486,   628,   688,   741,   786,   848,
         888,   911,   994,  1007,  1102,  1127,  1339,  1351,  1439,
        1449,  1491,  1541,  1543,  1648,  1665,  1706,  1792,  1828,
        1836,  1897,  1934,  1973,  2034,  2035,  2094,  2159,  2179,
        2208,  2225,  2239,  2255,  2290,  2358,  2393,  2395,  2452,
        2468,  2540,  2583,  2842,  2909,  2959,  2990,  3023,  3032,
        3035,  3066,  3068,  3127,  3146,  3261,  3359,  3394,  3424,
        3464,  3472,  3474,  3534,  3542,  3558,  3565,  3635,  3724,
        3748,  3786,  3884,  3887,  3932,  3951,  4184,  4231,  4272,
        4313,  4318,  4357,  4393,  4399,  4488,  4491,  4508,  4517,
        4539,  4543,  4656,  4657,  4677,  4694,  4744,  4755,  4756,
        4770,  4783,  4800,  4806,  4956,  4998,  4999,  5002,  5100,
        5108,  5158,  5322,  5331,  5389,  5390,  5443,  5454,  5458,
        5496,  5504,  5537,  5547,  5550,  5595,  5618,  5634,  5778,
        5780,  5796,  5815,  6016,  6143,  6145,  6209,  6294,  6313,
        6318,  6326,  6329,  6341,  6345,  6383,  6417,  6424,  6460,
        6519,  6538,  6580,  6666,  6679,  6748,  6783,  6808,  6839,
        6895,  6915,  6954,  6989,  6999,  7017,  7056,  7090,  7122,
        7141,  7182,  7272,  7319,  7386,  7470,  7509,  7589,  7604,
        7694,  7759,  7767,  7823,  7867,  7907,  7945,  8079,  8111,
        8171,  8186,  8279,  8308,  8425,  8427,  8429,  8507,  8571,
        8589,  8590,  8655,  8672,  8711,  8736,  8804,  8859,  8903,
        9010,  9039,  9060,  9076,  9087,  9151,  9252,  9264,  9295,
        9392,  9399,  9438,  9492,  9495,  9520,  9699,  9717,  9739,
        9747,  9881,  9922, 10021, 10058, 10062, 10222, 10284, 10312,
       10315, 10319, 10326, 10329, 10342, 10569, 10596, 10622, 10719,
       10724, 10736, 10756, 10777, 10916, 10944, 10959, 11011, 11091,
       11107, 11147, 11157, 11168, 11211, 11222, 11241, 11253, 11298,
       11333, 11357, 11368, 11421, 11558, 11612, 11625, 11649, 11673,
       11714, 11777, 11816, 11821, 11871, 11895, 11927, 11947, 12043,
       12061, 12215, 12224, 12227, 12260, 12273, 12324, 12357, 12369,
       12462, 12477, 12491, 12660, 12663, 12747, 12749, 12830, 12864,
       12934, 12941, 12957, 12968, 13007, 13028, 13121, 13128, 13227,
       13322, 13331, 13367, 13419, 13431, 13481, 13503, 13548, 13656,
       13801, 13839, 13852, 13863, 13906, 13933, 14018, 14023, 14080,
       14094, 14103, 14177, 14212, 14260, 14328, 14346, 14429, 14430,
       14500, 14507, 14545, 14582, 14609, 14723, 14778, 14801, 14865,
       14875, 14901, 14912, 14929, 15076, 15078, 15290, 15368, 15444,
       15525, 15536, 15692, 15737, 15775, 15833, 15880, 16020, 16043,
       16081, 16103, 16114, 16125, 16233, 16250, 16370, 16380, 16410,
       16474, 16475, 16487, 16586, 16626, 16650, 16714, 16735, 16759,
       16761, 16785, 16860, 16915, 16975, 17016, 17088, 17103, 17116,
       17120, 17138, 17199, 17233, 17244, 17264, 17323, 17349, 17369,
       17376, 17431, 17465, 17480, 17527, 17540, 17580, 17629, 17652,
       17657, 17706, 17747, 17751, 17876, 17878, 17889, 17925, 17936,
       18001, 18159, 18167, 18270, 18271, 18346, 18413, 18424, 18434,
       18440, 18468, 18470, 18489, 18492, 18526, 18534, 18569, 18577,
       18637, 18642, 18662, 18670, 18774, 18883, 18904, 18908, 18957,
       18972, 18973, 18986, 19222, 19247, 19268, 19547, 19596, 19671,
       19684, 19728, 19825, 19852, 19868, 19869, 19951, 19955, 19988,
       20174, 20197, 20206, 20214, 20223, 20256, 20291, 20315, 20406,
       20417, 20522, 20563, 20653, 20727, 20728, 20780, 20804, 20850,
       20871, 20980, 21072, 21244, 21277, 21302, 21321, 21441, 21468,
       21510, 21513, 21573, 21634, 21640, 21665, 21698, 21724, 21877,
       21935, 22049, 22109, 22197, 22261, 22380, 22399, 22537, 22626,
       22641, 22655, 22687, 22697, 22725, 22758, 22763, 22789, 22999,
       23059, 23088, 23113, 23201, 23207, 23229, 23320, 23449, 23474,
       23492, 23500, 23501, 23589, 23607, 23704, 23761, 23772, 23795,
       23996, 24009, 24040, 24056, 24100, 24220, 24241, 24242, 24255,
       24274, 24326, 24419, 24483, 24501, 24507, 24513, 24555, 24590,
       24621, 24672, 24709, 24800, 24809, 24824, 24884, 24903, 24916,
       24930, 24981, 24992, 25029, 25041, 25054, 25103, 25251, 25257,
       25270, 25303, 25325, 25400, 25406, 25486, 25515, 25552, 25555,
       25643, 25691, 25766, 25799, 25898, 25910, 25918, 26013, 26095,
       26102, 26142, 26218, 26266, 26457, 26465, 26486, 26520, 26604,
       26632, 26633, 26676, 26681, 26779, 26815, 26834, 26932, 26969,
       27054, 27057, 27083, 27164, 27230, 27264, 27276, 27310, 27317,
       27350, 27381, 27383, 27406, 27448, 27488, 27502, 27505, 27549,
       27559, 27596, 27601, 27622, 27628, 27659, 27672, 27707, 27771,
       27773, 27784, 27793, 27863, 27946, 27953, 27965, 27987, 28033,
       28043, 28090, 28133, 28191, 28216, 28321, 28370, 28451, 28468,
       28496, 28523, 28549, 28564, 28661, 28679, 28684, 28712, 28718,
       28801, 28802, 28849, 28971, 29026, 29100, 29161, 29186, 29269,
       29282, 29302, 29314, 29355, 29400, 29408, 29472, 29531, 29693,
       29694, 29712, 29799, 29802, 29826, 29943, 29980, 30306, 30341,
       30356, 30358, 30375, 30408, 30444, 30453, 30549, 30554, 30639,
       30675, 30717, 30736, 30763, 30778, 30819, 30840, 30882, 30986,
       31019, 31038, 31058, 31073, 31211, 31226, 31247, 31260, 31315,
       31353, 31368, 31369, 31378, 31409, 31411, 31445, 31470, 31512,
       31704, 31724, 31811, 31878, 31909, 31951, 32030, 32055, 32062,
       32096, 32097, 32103, 32155, 32198, 32230, 32267, 32351, 32392,
       32440, 32455, 32463, 32472, 32499, 32535, 32557, 32574, 32578,
       32602, 32635, 32644, 32764, 32777, 32802, 32873, 32906, 32947,
       32956, 33053, 33070, 33193, 33214, 33224, 33233, 33256, 33263,
       33284, 33293, 33315, 33355, 33362, 33370, 33462, 33487, 33592,
       33604, 33609, 33625, 33763, 33806, 33808, 33854, 33872, 33953,
       33968, 34006, 34047, 34073, 34086, 34093, 34100, 34252, 34335,
       34349, 34350, 34447, 34483, 34485, 34616, 34641, 34687, 34692,
       34753, 34761, 34769, 34770, 34807, 34831, 34857, 34873, 34886,
       35050, 35066, 35076, 35083, 35109, 35184, 35251, 35268, 35406,
       35547, 35575, 35578, 35674, 35692, 35706, 35736, 35793, 35804,
       35829, 35835, 35860, 36093, 36135, 36236, 36300, 36412, 36525,
       36529, 36584, 36594, 36610, 36729, 36805, 36828, 36836, 36921,
       36947, 36973, 37005, 37101, 37252, 37310, 37327, 37336, 37379,
       37387, 37399, 37442, 37463, 37513, 37529, 37592, 37609, 37613,
       37773, 37832, 37898, 37962, 37985, 37989, 38039, 38061, 38062,
       38064, 38069, 38174, 38233, 38255, 38293, 38328, 38338, 38360,
       38381, 38493, 38572, 38629, 38684, 38685, 38696, 38701, 38706,
       38772, 38777, 38899, 38925, 38953, 38984, 39021, 39033, 39072,
       39098, 39152, 39166, 39187, 39232, 39255, 39396, 39419, 39456,
       39467, 39591, 39594, 39607, 39637, 39715, 39907, 39956, 39981,
       40008, 40024, 40109, 40272, 40288, 40290, 40358, 40378, 40381,
       40439, 40457, 40487, 40514, 40522, 40534, 40684, 40714, 40735,
       40737, 40760, 40963, 41020, 41090, 41105, 41122, 41134, 41163,
       41197, 41217, 41274, 41297, 41336, 41504, 41580, 41661, 41699,
       41738, 41753, 41770, 41804, 41824, 41834, 41955, 41981, 41985,
       41989, 42059, 42083, 42108, 42197, 42198, 42227, 42266, 42312,
       42392, 42399, 42427, 42440, 42475, 42562, 42592, 42625, 42636,
       42638, 42657, 42661, 42693, 42726, 42754, 42865, 42883, 42888,
       42901, 42910, 42922, 42955, 42957, 42978, 43014, 43035, 43041,
       43120, 43158, 43183, 43297, 43325, 43404, 43412, 43479, 43579,
       43662, 43716, 43793, 43826, 43837, 43907, 43929, 43938, 43960,
       44020, 44047, 44071, 44090, 44234, 44246, 44259, 44410, 44425,
       44498, 44512, 44567, 44629, 44679, 44682, 44731, 44762, 44769,
       44824, 44834, 44858, 44973, 45001, 45024, 45053, 45054, 45059,
       45134, 45203, 45304, 45440, 45469, 45507, 45627, 45639, 45655,
       45665, 45743, 45757, 45804, 45809, 45831, 45837, 45888, 45902,
       45919, 45973, 46006, 46100, 46110, 46135, 46144, 46148, 46248,
       46380, 46450, 46457, 46479, 46628, 46633, 46649, 46711, 46730,
       46736, 46811, 46862, 46872, 46892, 46975, 47002, 47161, 47179,
       47414, 47448, 47538, 47554, 47588, 47601, 47636, 47638, 47723,
       47752, 47778, 47824, 47867, 47918, 47973, 47994, 47997, 48014,
       48026, 48055, 48062, 48084, 48102, 48131, 48146, 48238, 48263,
       48291, 48300, 48429, 48443, 48462, 48466, 48527, 48564, 48654,
       48782, 48843, 48889, 48895, 48970, 48988, 48998, 49135, 49228,
       49407, 49413, 49454, 49465, 49480]), array([   33,   156,   170,   178,   196,   228,   238,   359,   382,
         397,   461,   486,   628,   725,   741,   786,   848,   888,
         911,   994,  1007,  1102,  1312,  1339,  1351,  1439,  1449,
        1491,  1541,  1543,  1648,  1665,  1706,  1792,  1828,  1836,
        1897,  1934,  1973,  2034,  2035,  2094,  2179,  2208,  2225,
        2239,  2290,  2358,  2395,  2452,  2468,  2540,  2583,  2664,
        2842,  2909,  2990,  3023,  3035,  3057,  3066,  3127,  3146,
        3223,  3261,  3394,  3424,  3464,  3472,  3474,  3534,  3542,
        3565,  3635,  3724,  3748,  3786,  3884,  3932,  4181,  4184,
        4231,  4272,  4313,  4318,  4329,  4357,  4393,  4399,  4488,
        4491,  4508,  4517,  4539,  4543,  4565,  4656,  4657,  4677,
        4694,  4744,  4755,  4756,  4770,  4783,  4800,  4806,  4956,
        4998,  4999,  5002,  5100,  5108,  5158,  5253,  5322,  5331,
        5389,  5390,  5443,  5454,  5458,  5488,  5496,  5504,  5537,
        5547,  5548,  5550,  5595,  5618,  5634,  5778,  5780,  5788,
        5796,  5890,  6143,  6145,  6209,  6294,  6313,  6318,  6326,
        6341,  6345,  6363,  6383,  6417,  6424,  6469,  6519,  6534,
        6538,  6575,  6580,  6666,  6667,  6679,  6748,  6783,  6808,
        6915,  6981,  6989,  6999,  7017,  7056,  7062,  7090,  7141,
        7182,  7272,  7319,  7386,  7470,  7509,  7589,  7604,  7694,
        7758,  7759,  7767,  7823,  7867,  7907,  7945,  8079,  8111,
        8186,  8219,  8308,  8425,  8427,  8507,  8571,  8589,  8590,
        8655,  8672,  8711,  8736,  8804,  8859,  8903,  9010,  9039,
        9060,  9076,  9087,  9151,  9252,  9264,  9295,  9392,  9398,
        9399,  9438,  9492,  9495,  9520,  9591,  9699,  9717,  9881,
        9922, 10021, 10058, 10062, 10222, 10284, 10312, 10315, 10319,
       10326, 10329, 10342, 10519, 10569, 10596, 10622, 10719, 10724,
       10736, 10756, 10777, 10916, 10929, 10944, 10959, 11011, 11091,
       11107, 11147, 11157, 11168, 11211, 11222, 11241, 11253, 11298,
       11333, 11357, 11368, 11421, 11516, 11558, 11612, 11625, 11649,
       11673, 11714, 11777, 11816, 11821, 11871, 11895, 11927, 11947,
       12061, 12215, 12224, 12227, 12260, 12273, 12324, 12357, 12369,
       12462, 12477, 12491, 12660, 12698, 12747, 12751, 12820, 12830,
       12864, 12934, 12941, 12968, 13007, 13028, 13121, 13128, 13227,
       13322, 13331, 13367, 13419, 13431, 13481, 13503, 13548, 13656,
       13720, 13801, 13839, 13852, 13906, 13933, 14018, 14023, 14080,
       14094, 14103, 14177, 14212, 14260, 14328, 14342, 14346, 14429,
       14430, 14500, 14507, 14545, 14609, 14683, 14723, 14778, 14801,
       14865, 14875, 14901, 14912, 14929, 15076, 15078, 15290, 15368,
       15525, 15692, 15737, 15775, 15833, 16020, 16043, 16081, 16103,
       16114, 16125, 16233, 16250, 16332, 16370, 16380, 16410, 16457,
       16474, 16475, 16586, 16626, 16650, 16714, 16759, 16761, 16783,
       16785, 16903, 16915, 16975, 17016, 17062, 17088, 17103, 17116,
       17120, 17138, 17199, 17233, 17244, 17264, 17323, 17349, 17369,
       17376, 17431, 17465, 17480, 17527, 17540, 17580, 17629, 17650,
       17652, 17706, 17747, 17751, 17876, 17889, 17925, 17936, 18001,
       18094, 18167, 18270, 18271, 18346, 18389, 18413, 18424, 18434,
       18468, 18470, 18492, 18526, 18560, 18569, 18577, 18637, 18642,
       18662, 18670, 18774, 18794, 18846, 18883, 18904, 18908, 18957,
       18972, 18973, 18986, 19004, 19222, 19247, 19268, 19368, 19409,
       19547, 19596, 19671, 19684, 19825, 19852, 19868, 19869, 19951,
       19955, 19986, 19988, 20174, 20206, 20214, 20223, 20256, 20291,
       20315, 20406, 20417, 20482, 20522, 20563, 20653, 20727, 20728,
       20780, 20804, 20850, 20871, 20980, 21041, 21072, 21244, 21269,
       21277, 21302, 21321, 21441, 21468, 21510, 21511, 21513, 21573,
       21634, 21640, 21665, 21698, 21836, 21877, 21935, 22049, 22109,
       22197, 22261, 22380, 22399, 22537, 22626, 22641, 22655, 22687,
       22697, 22725, 22758, 22763, 22789, 22926, 22999, 23059, 23082,
       23088, 23201, 23207, 23229, 23320, 23449, 23454, 23474, 23492,
       23500, 23501, 23589, 23607, 23704, 23772, 23795, 23854, 23996,
       24009, 24040, 24056, 24100, 24220, 24241, 24242, 24255, 24274,
       24419, 24483, 24501, 24507, 24513, 24555, 24590, 24621, 24672,
       24709, 24800, 24809, 24824, 24884, 24903, 24916, 24930, 24981,
       24992, 25029, 25041, 25054, 25103, 25208, 25251, 25257, 25270,
       25303, 25325, 25400, 25406, 25486, 25515, 25552, 25555, 25643,
       25691, 25720, 25766, 25767, 25799, 25898, 25910, 25911, 25918,
       26013, 26095, 26102, 26142, 26218, 26266, 26457, 26465, 26486,
       26520, 26604, 26632, 26633, 26681, 26779, 26791, 26815, 26834,
       27054, 27057, 27070, 27083, 27164, 27246, 27264, 27276, 27310,
       27317, 27350, 27381, 27383, 27406, 27407, 27430, 27448, 27488,
       27502, 27505, 27549, 27559, 27589, 27601, 27622, 27628, 27659,
       27672, 27707, 27771, 27773, 27784, 27793, 27863, 27953, 27965,
       27987, 28033, 28043, 28090, 28133, 28191, 28216, 28321, 28370,
       28451, 28468, 28496, 28523, 28549, 28564, 28661, 28679, 28684,
       28712, 28718, 28849, 28954, 28971, 29026, 29100, 29161, 29162,
       29186, 29269, 29282, 29302, 29314, 29355, 29400, 29408, 29472,
       29531, 29693, 29694, 29712, 29799, 29802, 29826, 29881, 29943,
       29980, 30112, 30306, 30341, 30356, 30358, 30408, 30444, 30453,
       30549, 30554, 30675, 30717, 30736, 30750, 30763, 30778, 30819,
       30840, 30882, 30960, 30986, 30993, 31019, 31038, 31058, 31073,
       31151, 31211, 31226, 31247, 31260, 31315, 31368, 31369, 31378,
       31409, 31411, 31445, 31470, 31512, 31672, 31704, 31724, 31811,
       31878, 31909, 31951, 31983, 32030, 32055, 32062, 32096, 32097,
       32103, 32155, 32198, 32230, 32267, 32346, 32351, 32392, 32440,
       32455, 32461, 32463, 32472, 32499, 32535, 32557, 32574, 32578,
       32635, 32644, 32715, 32764, 32777, 32802, 32873, 32906, 32947,
       32956, 33053, 33070, 33193, 33224, 33233, 33256, 33263, 33284,
       33293, 33315, 33355, 33362, 33370, 33462, 33487, 33499, 33567,
       33592, 33604, 33609, 33625, 33648, 33763, 33806, 33808, 33854,
       33872, 33953, 33968, 34006, 34042, 34047, 34073, 34086, 34093,
       34100, 34178, 34252, 34335, 34349, 34350, 34447, 34483, 34485,
       34616, 34641, 34687, 34692, 34753, 34761, 34769, 34770, 34807,
       34831, 34857, 34873, 34886, 34932, 35066, 35076, 35083, 35184,
       35251, 35406, 35547, 35552, 35575, 35578, 35674, 35692, 35706,
       35736, 35804, 35829, 35835, 36093, 36135, 36236, 36240, 36300,
       36413, 36525, 36529, 36584, 36594, 36610, 36676, 36729, 36805,
       36828, 36836, 36921, 36947, 36973, 37005, 37101, 37252, 37310,
       37327, 37336, 37379, 37387, 37399, 37442, 37463, 37513, 37529,
       37609, 37613, 37632, 37693, 37773, 37832, 37898, 37916, 37962,
       37985, 37989, 38039, 38061, 38062, 38064, 38069, 38174, 38191,
       38233, 38255, 38293, 38328, 38338, 38360, 38381, 38493, 38572,
       38629, 38684, 38685, 38696, 38701, 38706, 38772, 38777, 38899,
       38925, 38953, 38984, 38991, 39021, 39033, 39065, 39072, 39098,
       39152, 39166, 39187, 39232, 39255, 39396, 39419, 39456, 39467,
       39591, 39594, 39607, 39637, 39689, 39715, 39907, 39945, 39981,
       40008, 40024, 40109, 40272, 40288, 40290, 40358, 40378, 40381,
       40439, 40457, 40487, 40514, 40522, 40534, 40684, 40714, 40737,
       40760, 40788, 40867, 40963, 41020, 41090, 41105, 41122, 41134,
       41163, 41197, 41274, 41297, 41336, 41504, 41661, 41699, 41738,
       41753, 41770, 41804, 41824, 41834, 41841, 41955, 41981, 41985,
       41989, 42059, 42083, 42108, 42197, 42198, 42227, 42312, 42392,
       42399, 42427, 42440, 42475, 42562, 42592, 42625, 42636, 42638,
       42661, 42676, 42693, 42726, 42754, 42796, 42865, 42883, 42888,
       42901, 42910, 42922, 42955, 42957, 42978, 43014, 43035, 43037,
       43041, 43120, 43158, 43183, 43297, 43325, 43339, 43404, 43412,
       43479, 43579, 43716, 43790, 43793, 43826, 43837, 43907, 43927,
       43929, 43938, 43960, 44020, 44047, 44071, 44090, 44234, 44246,
       44259, 44263, 44410, 44425, 44512, 44567, 44629, 44679, 44682,
       44731, 44762, 44769, 44824, 44834, 44858, 45001, 45024, 45053,
       45054, 45059, 45134, 45183, 45203, 45304, 45440, 45469, 45507,
       45627, 45639, 45655, 45665, 45743, 45757, 45804, 45809, 45831,
       45888, 45902, 45919, 45973, 45977, 46005, 46006, 46100, 46135,
       46144, 46148, 46248, 46375, 46380, 46450, 46457, 46479, 46535,
       46628, 46633, 46649, 46711, 46730, 46736, 46811, 46862, 46872,
       46892, 46975, 47002, 47161, 47179, 47414, 47448, 47538, 47554,
       47588, 47601, 47636, 47638, 47723, 47752, 47778, 47824, 47867,
       47918, 47973, 47994, 47997, 48014, 48026, 48055, 48062, 48084,
       48102, 48131, 48146, 48238, 48263, 48291, 48300, 48344, 48429,
       48443, 48462, 48467, 48527, 48564, 48654, 48782, 48817, 48843,
       48889, 48895, 48970, 48988, 48998, 49135, 49228, 49349, 49368,
       49373, 49407, 49413, 49454, 49465, 49480]), array([   33,   156,   170,   178,   196,   228,   238,   359,   382,
         397,   461,   486,   628,   725,   741,   786,   848,   888,
         911,   994,  1007,  1072,  1102,  1127,  1312,  1339,  1351,
        1439,  1449,  1491,  1541,  1543,  1648,  1665,  1706,  1792,
        1828,  1836,  1897,  1934,  1969,  1973,  2034,  2035,  2094,
        2179,  2208,  2225,  2239,  2255,  2290,  2358,  2393,  2395,
        2452,  2468,  2540,  2664,  2842,  2909,  2961,  2990,  3023,
        3035,  3066,  3127,  3146,  3223,  3261,  3359,  3394,  3424,
        3464,  3466,  3472,  3474,  3534,  3542,  3558,  3565,  3635,
        3724,  3748,  3786,  3884,  3932,  3951,  4184,  4231,  4272,
        4313,  4318,  4329,  4357,  4393,  4399,  4488,  4491,  4506,
        4508,  4517,  4539,  4543,  4565,  4656,  4657,  4677,  4694,
        4744,  4755,  4756,  4770,  4783,  4800,  4806,  4956,  4998,
        4999,  5002,  5100,  5108,  5158,  5322,  5331,  5389,  5390,
        5443,  5454,  5458,  5488,  5504,  5537,  5547,  5548,  5550,
        5595,  5618,  5634,  5778,  5780,  5788,  5796,  5890,  6016,
        6143,  6145,  6164,  6209,  6232,  6294,  6313,  6318,  6326,
        6341,  6345,  6363,  6383,  6417,  6424,  6519,  6534,  6538,
        6575,  6580,  6637,  6666,  6667,  6679,  6748,  6783,  6808,
        6839,  6895,  6915,  6981,  6989,  6999,  7017,  7046,  7056,
        7062,  7090,  7141,  7182,  7272,  7319,  7386,  7470,  7509,
        7589,  7604,  7655,  7688,  7694,  7758,  7759,  7767,  7823,
        7867,  7907,  7945,  8079,  8111,  8186,  8308,  8425,  8427,
        8429,  8507,  8571,  8589,  8590,  8649,  8655,  8672,  8711,
        8736,  8804,  8859,  8903,  9010,  9039,  9060,  9076,  9087,
        9106,  9151,  9244,  9252,  9264,  9295,  9392,  9398,  9399,
        9438,  9492,  9495,  9520,  9591,  9699,  9717,  9747,  9838,
        9881,  9922,  9929, 10021, 10058, 10062, 10222, 10284, 10312,
       10315, 10319, 10326, 10329, 10342, 10509, 10519, 10569, 10596,
       10622, 10719, 10724, 10736, 10756, 10777, 10916, 10929, 10944,
       10959, 11011, 11091, 11107, 11147, 11157, 11168, 11211, 11222,
       11241, 11253, 11289, 11298, 11333, 11357, 11368, 11421, 11516,
       11558, 11625, 11641, 11649, 11673, 11714, 11777, 11810, 11816,
       11821, 11871, 11895, 11927, 11947, 12061, 12215, 12224, 12227,
       12260, 12273, 12324, 12357, 12369, 12397, 12462, 12477, 12491,
       12594, 12660, 12698, 12747, 12751, 12820, 12830, 12864, 12934,
       12941, 12968, 13007, 13028, 13121, 13128, 13227, 13322, 13331,
       13367, 13419, 13431, 13481, 13503, 13548, 13630, 13656, 13720,
       13801, 13819, 13839, 13852, 13906, 13933, 14018, 14023, 14080,
       14094, 14103, 14177, 14193, 14212, 14260, 14328, 14342, 14345,
       14346, 14429, 14430, 14440, 14500, 14507, 14545, 14582, 14609,
       14683, 14723, 14778, 14801, 14803, 14865, 14875, 14901, 14912,
       14929, 15025, 15050, 15076, 15078, 15290, 15368, 15444, 15525,
       15536, 15692, 15737, 15775, 15833, 15880, 16020, 16043, 16081,
       16103, 16114, 16125, 16233, 16250, 16292, 16325, 16332, 16370,
       16380, 16410, 16457, 16474, 16475, 16487, 16586, 16619, 16626,
       16635, 16650, 16714, 16735, 16759, 16761, 16777, 16785, 16903,
       16915, 16975, 17062, 17088, 17103, 17116, 17120, 17138, 17199,
       17233, 17244, 17264, 17323, 17349, 17369, 17376, 17431, 17465,
       17480, 17527, 17540, 17580, 17629, 17650, 17652, 17706, 17747,
       17751, 17876, 17889, 17925, 17936, 18001, 18159, 18167, 18271,
       18346, 18413, 18424, 18434, 18443, 18468, 18470, 18489, 18492,
       18526, 18534, 18569, 18577, 18637, 18642, 18662, 18670, 18774,
       18794, 18883, 18904, 18908, 18957, 18972, 18973, 18986, 19222,
       19247, 19268, 19368, 19409, 19547, 19596, 19643, 19671, 19684,
       19698, 19728, 19825, 19852, 19868, 19869, 19951, 19955, 19988,
       20174, 20206, 20214, 20223, 20256, 20291, 20315, 20406, 20417,
       20482, 20522, 20563, 20653, 20727, 20728, 20780, 20804, 20847,
       20850, 20871, 20980, 21072, 21103, 21244, 21269, 21277, 21302,
       21321, 21441, 21468, 21510, 21511, 21513, 21573, 21634, 21640,
       21665, 21698, 21836, 21877, 21935, 22049, 22109, 22197, 22261,
       22380, 22399, 22537, 22606, 22626, 22635, 22641, 22655, 22687,
       22697, 22725, 22758, 22763, 22789, 22926, 22999, 23059, 23088,
       23112, 23113, 23201, 23207, 23229, 23308, 23320, 23449, 23474,
       23492, 23494, 23500, 23501, 23589, 23607, 23704, 23761, 23772,
       23795, 23803, 23854, 23996, 24009, 24040, 24056, 24100, 24220,
       24241, 24242, 24255, 24274, 24419, 24483, 24501, 24507, 24513,
       24555, 24590, 24621, 24672, 24709, 24800, 24809, 24824, 24884,
       24903, 24916, 24930, 24981, 24992, 25029, 25032, 25041, 25054,
       25103, 25208, 25251, 25257, 25270, 25303, 25325, 25400, 25406,
       25486, 25515, 25552, 25555, 25643, 25691, 25720, 25766, 25767,
       25799, 25808, 25898, 25910, 25911, 25918, 26013, 26095, 26102,
       26142, 26218, 26266, 26457, 26465, 26486, 26520, 26604, 26632,
       26633, 26676, 26681, 26779, 26791, 26815, 26834, 26930, 26932,
       27054, 27057, 27070, 27083, 27164, 27196, 27246, 27264, 27276,
       27310, 27317, 27350, 27381, 27383, 27406, 27407, 27448, 27488,
       27502, 27505, 27549, 27559, 27589, 27596, 27601, 27622, 27628,
       27659, 27672, 27707, 27771, 27773, 27784, 27793, 27863, 27953,
       27965, 27987, 28033, 28043, 28090, 28133, 28191, 28216, 28321,
       28370, 28378, 28451, 28468, 28496, 28523, 28545, 28549, 28564,
       28661, 28679, 28684, 28712, 28718, 28790, 28801, 28849, 28954,
       28971, 29026, 29095, 29100, 29161, 29162, 29186, 29269, 29282,
       29302, 29314, 29355, 29400, 29408, 29472, 29483, 29531, 29558,
       29693, 29694, 29712, 29799, 29802, 29826, 29881, 29943, 29980,
       30112, 30161, 30262, 30306, 30341, 30356, 30358, 30375, 30408,
       30444, 30453, 30461, 30465, 30515, 30549, 30554, 30573, 30639,
       30675, 30717, 30736, 30750, 30763, 30778, 30833, 30882, 30960,
       30986, 30993, 31019, 31038, 31058, 31073, 31211, 31226, 31247,
       31260, 31315, 31353, 31368, 31369, 31378, 31409, 31411, 31445,
       31470, 31512, 31704, 31724, 31811, 31878, 31909, 31951, 31983,
       32030, 32055, 32062, 32096, 32097, 32103, 32155, 32198, 32230,
       32267, 32346, 32351, 32392, 32455, 32463, 32472, 32499, 32535,
       32557, 32574, 32578, 32602, 32635, 32644, 32715, 32764, 32777,
       32802, 32873, 32906, 32947, 32956, 32993, 33053, 33070, 33165,
       33183, 33193, 33224, 33233, 33256, 33263, 33284, 33293, 33315,
       33355, 33362, 33370, 33462, 33487, 33499, 33567, 33592, 33604,
       33609, 33625, 33648, 33763, 33806, 33808, 33854, 33872, 33953,
       33968, 34006, 34042, 34047, 34073, 34086, 34093, 34100, 34178,
       34252, 34335, 34349, 34350, 34447, 34483, 34485, 34612, 34616,
       34641, 34651, 34687, 34692, 34753, 34761, 34769, 34770, 34807,
       34831, 34857, 34873, 34886, 34932, 35066, 35076, 35083, 35109,
       35184, 35251, 35406, 35547, 35552, 35575, 35578, 35674, 35692,
       35706, 35736, 35793, 35804, 35807, 35829, 35835, 35860, 36093,
       36135, 36236, 36300, 36412, 36413, 36525, 36529, 36584, 36594,
       36610, 36676, 36729, 36805, 36828, 36836, 36921, 36947, 36973,
       37005, 37101, 37252, 37310, 37327, 37336, 37379, 37387, 37399,
       37442, 37463, 37513, 37529, 37592, 37609, 37613, 37632, 37693,
       37773, 37832, 37836, 37898, 37962, 37985, 37989, 38039, 38061,
       38062, 38064, 38069, 38174, 38191, 38233, 38255, 38293, 38338,
       38360, 38381, 38493, 38572, 38629, 38684, 38685, 38696, 38701,
       38706, 38772, 38777, 38899, 38925, 38953, 38984, 39021, 39033,
       39065, 39072, 39098, 39152, 39166, 39187, 39232, 39255, 39257,
       39318, 39396, 39419, 39456, 39467, 39591, 39594, 39607, 39637,
       39663, 39689, 39715, 39907, 39938, 39945, 39956, 39981, 40008,
       40024, 40109, 40272, 40288, 40290, 40358, 40378, 40381, 40439,
       40457, 40487, 40514, 40522, 40534, 40684, 40714, 40735, 40737,
       40760, 40788, 40867, 40963, 40969, 41020, 41090, 41105, 41122,
       41134, 41163, 41197, 41274, 41297, 41336, 41504, 41649, 41661,
       41699, 41738, 41753, 41770, 41804, 41824, 41834, 41944, 41955,
       41981, 41985, 41989, 42059, 42083, 42108, 42197, 42198, 42227,
       42266, 42312, 42392, 42399, 42427, 42440, 42475, 42560, 42562,
       42592, 42613, 42625, 42636, 42638, 42661, 42676, 42693, 42726,
       42796, 42865, 42883, 42888, 42901, 42910, 42922, 42955, 42957,
       42975, 42978, 43014, 43035, 43037, 43041, 43120, 43158, 43166,
       43183, 43297, 43325, 43404, 43412, 43479, 43579, 43662, 43675,
       43716, 43741, 43790, 43793, 43826, 43837, 43907, 43927, 43929,
       43938, 43960, 44020, 44047, 44071, 44090, 44246, 44259, 44263,
       44298, 44410, 44425, 44498, 44512, 44567, 44629, 44679, 44682,
       44731, 44762, 44769, 44824, 44834, 44858, 44973, 44991, 45001,
       45024, 45052, 45053, 45054, 45059, 45099, 45134, 45183, 45203,
       45304, 45375, 45440, 45469, 45507, 45627, 45639, 45655, 45665,
       45743, 45757, 45804, 45809, 45831, 45888, 45902, 45919, 45973,
       45977, 46006, 46100, 46135, 46144, 46148, 46223, 46248, 46380,
       46450, 46457, 46535, 46628, 46633, 46649, 46711, 46730, 46736,
       46811, 46862, 46872, 46892, 46975, 47002, 47161, 47179, 47323,
       47327, 47414, 47448, 47538, 47554, 47588, 47601, 47636, 47638,
       47723, 47778, 47824, 47867, 47918, 47972, 47973, 47994, 47997,
       48014, 48026, 48055, 48062, 48084, 48102, 48131, 48146, 48238,
       48258, 48263, 48291, 48300, 48344, 48429, 48443, 48462, 48467,
       48527, 48564, 48654, 48782, 48799, 48817, 48843, 48877, 48889,
       48895, 48970, 48988, 48998, 49135, 49228, 49407, 49413, 49454,
       49465, 49480]), array([   33,   103,   156,   178,   196,   228,   238,   359,   382,
         397,   461,   486,   628,   688,   725,   741,   786,   848,
         888,   911,   994,  1007,  1072,  1102,  1127,  1312,  1339,
        1351,  1439,  1449,  1491,  1541,  1543,  1648,  1665,  1706,
        1792,  1828,  1836,  1897,  1934,  1969,  1973,  2034,  2035,
        2094,  2106,  2159,  2179,  2208,  2225,  2239,  2255,  2290,
        2358,  2393,  2395,  2452,  2468,  2540,  2546,  2664,  2728,
        2842,  2909,  2990,  3023,  3035,  3066,  3127,  3146,  3223,
        3261,  3359,  3394,  3424,  3464,  3472,  3474,  3534,  3542,
        3558,  3565,  3635,  3724,  3748,  3786,  3884,  3887,  3932,
        4181,  4184,  4231,  4272,  4313,  4318,  4329,  4357,  4393,
        4399,  4488,  4491,  4506,  4508,  4517,  4539,  4543,  4565,
        4656,  4657,  4677,  4694,  4744,  4755,  4756,  4770,  4783,
        4800,  4806,  4877,  4956,  4998,  4999,  5002,  5100,  5108,
        5158,  5253,  5322,  5331,  5389,  5390,  5443,  5454,  5458,
        5488,  5504,  5537,  5547,  5548,  5550,  5595,  5618,  5634,
        5778,  5780,  5788,  5796,  5815,  5890,  6143,  6145,  6159,
        6209,  6294,  6313,  6318,  6326,  6341,  6345,  6363,  6383,
        6417,  6424,  6519,  6534,  6538,  6580,  6666,  6679,  6748,
        6783,  6808,  6839,  6915,  6954,  6981,  6989,  6999,  7017,
        7021,  7056,  7062,  7090,  7141,  7166,  7182,  7272,  7319,
        7386,  7470,  7509,  7589,  7604,  7655,  7688,  7694,  7759,
        7767,  7823,  7867,  7907,  7945,  8079,  8111,  8186,  8219,
        8279,  8308,  8425,  8427,  8429,  8507,  8516,  8571,  8589,
        8590,  8649,  8655,  8672,  8711,  8736,  8804,  8859,  8903,
        9010,  9039,  9060,  9076,  9087,  9151,  9244,  9252,  9264,
        9295,  9392,  9398,  9399,  9438,  9492,  9495,  9520,  9591,
        9699,  9717,  9838,  9881,  9922,  9929, 10058, 10062, 10222,
       10284, 10312, 10315, 10319, 10326, 10329, 10342, 10519, 10569,
       10596, 10622, 10637, 10719, 10724, 10736, 10756, 10777, 10916,
       10944, 10959, 11011, 11091, 11107, 11147, 11157, 11168, 11211,
       11222, 11241, 11253, 11298, 11333, 11357, 11368, 11421, 11516,
       11558, 11612, 11625, 11641, 11649, 11671, 11673, 11777, 11810,
       11816, 11821, 11871, 11895, 11927, 11947, 12061, 12215, 12224,
       12227, 12273, 12324, 12357, 12369, 12462, 12477, 12491, 12510,
       12594, 12656, 12660, 12698, 12747, 12751, 12820, 12830, 12864,
       12934, 12941, 12968, 13007, 13028, 13121, 13128, 13227, 13322,
       13331, 13367, 13419, 13431, 13481, 13503, 13524, 13548, 13656,
       13720, 13801, 13819, 13839, 13852, 13906, 13933, 14018, 14023,
       14080, 14094, 14103, 14177, 14193, 14212, 14260, 14328, 14342,
       14346, 14429, 14430, 14500, 14507, 14545, 14582, 14609, 14683,
       14723, 14778, 14801, 14865, 14875, 14901, 14912, 14929, 15076,
       15078, 15290, 15368, 15444, 15446, 15525, 15644, 15692, 15737,
       15775, 15833, 15880, 16020, 16043, 16081, 16103, 16114, 16125,
       16148, 16233, 16250, 16292, 16325, 16332, 16370, 16380, 16410,
       16457, 16474, 16475, 16487, 16586, 16619, 16626, 16635, 16650,
       16714, 16735, 16759, 16761, 16777, 16785, 16903, 16915, 16975,
       17088, 17103, 17120, 17138, 17199, 17233, 17244, 17264, 17323,
       17349, 17369, 17376, 17431, 17465, 17480, 17527, 17540, 17580,
       17629, 17650, 17652, 17706, 17747, 17751, 17876, 17889, 17925,
       17936, 18001, 18159, 18167, 18270, 18271, 18346, 18413, 18424,
       18434, 18468, 18470, 18492, 18526, 18569, 18577, 18637, 18642,
       18662, 18670, 18774, 18794, 18883, 18904, 18908, 18943, 18972,
       18973, 18986, 19222, 19247, 19268, 19368, 19409, 19493, 19506,
       19547, 19596, 19671, 19704, 19728, 19825, 19852, 19868, 19951,
       19955, 19988, 20174, 20182, 20197, 20206, 20214, 20223, 20256,
       20291, 20315, 20406, 20417, 20482, 20522, 20563, 20653, 20727,
       20728, 20780, 20804, 20850, 20871, 20980, 21072, 21244, 21269,
       21277, 21302, 21321, 21334, 21389, 21416, 21441, 21510, 21513,
       21573, 21634, 21640, 21665, 21698, 21836, 21877, 21935, 21944,
       22049, 22109, 22197, 22261, 22380, 22399, 22537, 22606, 22626,
       22641, 22655, 22687, 22697, 22725, 22758, 22763, 22789, 22926,
       22999, 23059, 23082, 23088, 23112, 23201, 23207, 23229, 23308,
       23320, 23449, 23474, 23492, 23494, 23500, 23501, 23589, 23607,
       23704, 23761, 23771, 23772, 23795, 23854, 23996, 24009, 24040,
       24056, 24100, 24220, 24241, 24242, 24255, 24274, 24419, 24483,
       24501, 24507, 24513, 24533, 24555, 24590, 24621, 24672, 24709,
       24800, 24809, 24824, 24884, 24903, 24916, 24930, 24981, 24992,
       25029, 25032, 25041, 25103, 25208, 25251, 25257, 25270, 25303,
       25325, 25400, 25406, 25486, 25515, 25552, 25555, 25643, 25691,
       25720, 25766, 25799, 25808, 25898, 25910, 25911, 25918, 26013,
       26095, 26102, 26142, 26218, 26266, 26457, 26465, 26520, 26604,
       26632, 26633, 26676, 26681, 26779, 26791, 26815, 26834, 26930,
       26932, 26969, 27054, 27057, 27070, 27083, 27164, 27230, 27246,
       27264, 27276, 27310, 27317, 27350, 27381, 27383, 27406, 27407,
       27430, 27448, 27488, 27502, 27505, 27549, 27559, 27601, 27622,
       27628, 27659, 27672, 27707, 27771, 27773, 27784, 27793, 27953,
       27965, 27987, 28033, 28043, 28090, 28133, 28191, 28216, 28321,
       28370, 28378, 28451, 28468, 28496, 28523, 28549, 28564, 28661,
       28679, 28684, 28710, 28712, 28718, 28790, 28801, 28802, 28849,
       28954, 29026, 29100, 29161, 29162, 29186, 29269, 29282, 29302,
       29314, 29355, 29400, 29408, 29456, 29516, 29531, 29558, 29693,
       29694, 29712, 29799, 29802, 29826, 29881, 29943, 29980, 30112,
       30161, 30306, 30341, 30356, 30358, 30375, 30408, 30444, 30453,
       30515, 30549, 30554, 30675, 30717, 30736, 30750, 30763, 30778,
       30819, 30840, 30882, 30960, 30986, 30993, 31019, 31038, 31058,
       31073, 31211, 31226, 31247, 31315, 31368, 31369, 31378, 31409,
       31411, 31445, 31470, 31512, 31672, 31704, 31724, 31811, 31878,
       31909, 31951, 31983, 32030, 32055, 32062, 32097, 32103, 32155,
       32198, 32230, 32267, 32346, 32351, 32392, 32440, 32455, 32461,
       32463, 32472, 32499, 32535, 32557, 32574, 32578, 32635, 32644,
       32715, 32721, 32764, 32777, 32802, 32873, 32906, 32947, 32956,
       32993, 33053, 33070, 33107, 33183, 33193, 33214, 33224, 33233,
       33256, 33263, 33284, 33293, 33315, 33355, 33362, 33370, 33462,
       33487, 33499, 33567, 33592, 33604, 33609, 33625, 33648, 33763,
       33806, 33808, 33854, 33872, 33903, 33953, 33968, 34006, 34042,
       34047, 34073, 34086, 34093, 34100, 34178, 34252, 34335, 34349,
       34350, 34447, 34483, 34485, 34612, 34616, 34641, 34687, 34692,
       34753, 34761, 34769, 34770, 34807, 34831, 34857, 34873, 34886,
       34932, 35066, 35076, 35083, 35109, 35184, 35251, 35268, 35279,
       35406, 35425, 35547, 35552, 35575, 35578, 35674, 35706, 35736,
       35804, 35829, 35835, 35860, 36093, 36135, 36168, 36236, 36295,
       36300, 36412, 36413, 36525, 36529, 36584, 36594, 36610, 36676,
       36729, 36805, 36828, 36836, 36921, 36947, 36973, 37005, 37101,
       37252, 37310, 37327, 37336, 37379, 37387, 37399, 37442, 37463,
       37513, 37546, 37592, 37609, 37613, 37632, 37693, 37773, 37832,
       37898, 37916, 37962, 37985, 37989, 38039, 38061, 38062, 38064,
       38069, 38174, 38191, 38233, 38255, 38293, 38328, 38338, 38360,
       38381, 38493, 38572, 38629, 38684, 38685, 38696, 38701, 38706,
       38772, 38777, 38899, 38925, 38953, 38984, 39021, 39033, 39065,
       39072, 39098, 39152, 39166, 39187, 39232, 39255, 39257, 39396,
       39419, 39456, 39467, 39591, 39594, 39607, 39637, 39658, 39663,
       39689, 39715, 39904, 39907, 39945, 39956, 39981, 39985, 40008,
       40024, 40109, 40272, 40288, 40290, 40358, 40378, 40381, 40439,
       40457, 40487, 40514, 40522, 40534, 40561, 40589, 40684, 40714,
       40718, 40719, 40735, 40737, 40760, 40773, 40788, 40867, 40963,
       40969, 41020, 41090, 41105, 41122, 41134, 41163, 41197, 41274,
       41297, 41336, 41504, 41580, 41649, 41661, 41699, 41738, 41753,
       41770, 41804, 41824, 41834, 41955, 41981, 41985, 41989, 42059,
       42083, 42108, 42197, 42198, 42227, 42312, 42352, 42392, 42395,
       42399, 42427, 42440, 42475, 42562, 42592, 42613, 42625, 42636,
       42638, 42661, 42693, 42726, 42754, 42796, 42865, 42883, 42888,
       42901, 42922, 42955, 42957, 42975, 42978, 43014, 43035, 43037,
       43041, 43120, 43158, 43183, 43297, 43325, 43339, 43404, 43412,
       43479, 43579, 43675, 43716, 43790, 43793, 43826, 43837, 43907,
       43927, 43929, 43938, 43960, 44020, 44047, 44071, 44090, 44246,
       44256, 44259, 44263, 44298, 44410, 44425, 44498, 44512, 44567,
       44629, 44679, 44682, 44731, 44762, 44769, 44824, 44834, 44858,
       44973, 44991, 45001, 45024, 45052, 45053, 45054, 45059, 45134,
       45183, 45203, 45304, 45440, 45469, 45492, 45507, 45627, 45639,
       45655, 45665, 45743, 45757, 45804, 45809, 45831, 45849, 45888,
       45902, 45919, 45973, 46005, 46006, 46100, 46135, 46144, 46148,
       46248, 46380, 46450, 46457, 46479, 46535, 46628, 46633, 46649,
       46711, 46730, 46736, 46811, 46862, 46872, 46892, 46975, 47002,
       47161, 47179, 47264, 47323, 47414, 47448, 47538, 47554, 47588,
       47601, 47636, 47638, 47723, 47752, 47778, 47824, 47867, 47918,
       47972, 47973, 47994, 47997, 48014, 48026, 48055, 48062, 48084,
       48102, 48131, 48146, 48238, 48258, 48263, 48291, 48300, 48344,
       48429, 48443, 48466, 48527, 48564, 48654, 48782, 48843, 48889,
       48895, 48970, 48988, 48998, 49135, 49228, 49373, 49407, 49413,
       49454, 49465, 49480]), array([   33,   156,   178,   196,   228,   238,   359,   382,   397,
         461,   486,   628,   633,   688,   725,   741,   786,   848,
         888,   911,   994,  1007,  1102,  1127,  1312,  1339,  1351,
        1439,  1449,  1491,  1541,  1543,  1648,  1665,  1706,  1792,
        1828,  1836,  1897,  1934,  1969,  1973,  2034,  2035,  2094,
        2208,  2225,  2239,  2255,  2290,  2322,  2358,  2393,  2395,
        2452,  2468,  2540,  2546,  2583,  2664,  2842,  2909,  2990,
        3023,  3035,  3057,  3066,  3068,  3127,  3146,  3223,  3261,
        3359,  3394,  3424,  3464,  3472,  3534,  3542,  3558,  3565,
        3619,  3635,  3724,  3748,  3786,  3884,  3932,  3951,  4181,
        4184,  4231,  4272,  4287,  4313,  4318,  4329,  4357,  4393,
        4399,  4488,  4491,  4506,  4508,  4517,  4539,  4543,  4565,
        4656,  4657,  4677,  4694,  4744,  4755,  4756,  4770,  4783,
        4800,  4806,  4877,  4956,  4998,  4999,  5002,  5100,  5108,
        5141,  5158,  5322,  5331,  5389,  5390,  5443,  5454,  5458,
        5488,  5496,  5504,  5537,  5547,  5548,  5550,  5595,  5618,
        5634,  5778,  5780,  5788,  5796,  5890,  6143,  6145,  6209,
        6232,  6294,  6313,  6318,  6326,  6341,  6345,  6363,  6383,
        6417,  6424,  6469,  6519,  6534,  6538,  6580,  6666,  6679,
        6748,  6783,  6808,  6839,  6915,  6954,  6981,  6989,  6999,
        7017,  7021,  7046,  7056,  7062,  7090,  7141,  7166,  7182,
        7272,  7319,  7386,  7470,  7509,  7589,  7604,  7655,  7688,
        7694,  7758,  7759,  7767,  7823,  7867,  7907,  7945,  7959,
        8079,  8111,  8171,  8186,  8219,  8279,  8308,  8425,  8427,
        8429,  8507,  8571,  8589,  8590,  8649,  8655,  8672,  8711,
        8736,  8804,  8859,  8903,  9010,  9039,  9059,  9060,  9076,
        9087,  9092,  9106,  9151,  9244,  9252,  9264,  9295,  9392,
        9399,  9438,  9492,  9495,  9520,  9699,  9717,  9747,  9838,
        9881,  9922,  9929, 10021, 10058, 10062, 10222, 10284, 10312,
       10315, 10319, 10326, 10329, 10342, 10519, 10569, 10596, 10622,
       10637, 10719, 10724, 10736, 10756, 10777, 10916, 10929, 10944,
       10959, 11011, 11091, 11107, 11147, 11157, 11168, 11211, 11222,
       11241, 11253, 11298, 11333, 11357, 11368, 11421, 11516, 11558,
       11612, 11625, 11641, 11649, 11671, 11673, 11714, 11744, 11777,
       11810, 11816, 11821, 11871, 11895, 11927, 11947, 11987, 12043,
       12061, 12215, 12224, 12227, 12260, 12273, 12324, 12357, 12369,
       12397, 12462, 12477, 12491, 12518, 12594, 12656, 12660, 12747,
       12751, 12820, 12830, 12864, 12934, 12941, 12968, 13007, 13028,
       13121, 13128, 13227, 13322, 13331, 13367, 13376, 13419, 13431,
       13481, 13503, 13548, 13656, 13720, 13801, 13839, 13852, 13906,
       13933, 14018, 14023, 14080, 14094, 14103, 14177, 14193, 14212,
       14260, 14328, 14342, 14346, 14429, 14430, 14500, 14507, 14526,
       14545, 14582, 14609, 14683, 14723, 14778, 14801, 14802, 14803,
       14865, 14875, 14901, 14912, 14929, 15050, 15076, 15078, 15290,
       15368, 15444, 15446, 15525, 15644, 15692, 15737, 15775, 15833,
       15880, 16020, 16043, 16081, 16103, 16114, 16125, 16148, 16233,
       16250, 16292, 16325, 16332, 16370, 16380, 16410, 16457, 16474,
       16475, 16487, 16523, 16531, 16586, 16626, 16635, 16650, 16714,
       16759, 16761, 16785, 16815, 16903, 16915, 16975, 17016, 17062,
       17088, 17103, 17116, 17120, 17138, 17199, 17233, 17244, 17264,
       17323, 17349, 17369, 17376, 17431, 17465, 17480, 17527, 17540,
       17580, 17629, 17652, 17706, 17747, 17751, 17876, 17889, 17925,
       17936, 18001, 18094, 18141, 18159, 18167, 18271, 18346, 18413,
       18424, 18434, 18443, 18468, 18470, 18489, 18492, 18526, 18534,
       18537, 18569, 18577, 18637, 18642, 18649, 18662, 18670, 18774,
       18794, 18883, 18904, 18908, 18943, 18972, 18973, 18986, 19004,
       19222, 19247, 19268, 19368, 19409, 19547, 19596, 19605, 19671,
       19684, 19698, 19728, 19825, 19852, 19868, 19869, 19951, 19955,
       19986, 19988, 20174, 20182, 20197, 20206, 20214, 20223, 20256,
       20291, 20315, 20406, 20417, 20454, 20482, 20522, 20530, 20563,
       20653, 20727, 20728, 20780, 20847, 20850, 20871, 20980, 21041,
       21072, 21244, 21269, 21277, 21302, 21321, 21389, 21441, 21468,
       21510, 21511, 21513, 21525, 21573, 21634, 21640, 21665, 21698,
       21836, 21874, 21877, 21935, 21944, 22049, 22109, 22197, 22261,
       22380, 22399, 22537, 22606, 22626, 22641, 22655, 22687, 22697,
       22725, 22758, 22763, 22789, 22926, 22999, 23059, 23088, 23103,
       23112, 23113, 23201, 23207, 23229, 23308, 23449, 23474, 23492,
       23500, 23501, 23589, 23607, 23704, 23733, 23761, 23771, 23772,
       23795, 23803, 23854, 23915, 23996, 24009, 24040, 24056, 24100,
       24220, 24241, 24242, 24255, 24274, 24419, 24483, 24501, 24507,
       24513, 24533, 24555, 24590, 24621, 24709, 24800, 24809, 24824,
       24884, 24903, 24916, 24930, 24981, 24992, 25006, 25029, 25041,
       25103, 25208, 25251, 25257, 25270, 25303, 25325, 25400, 25406,
       25486, 25515, 25552, 25555, 25643, 25691, 25720, 25766, 25767,
       25799, 25855, 25898, 25910, 25911, 25918, 26013, 26095, 26102,
       26142, 26218, 26266, 26457, 26465, 26520, 26604, 26632, 26633,
       26681, 26779, 26791, 26815, 26834, 26930, 26932, 26969, 27054,
       27057, 27070, 27083, 27164, 27196, 27230, 27246, 27264, 27276,
       27310, 27317, 27337, 27350, 27381, 27383, 27406, 27407, 27430,
       27448, 27450, 27488, 27502, 27505, 27549, 27559, 27589, 27601,
       27622, 27628, 27659, 27672, 27707, 27771, 27773, 27784, 27793,
       27863, 27953, 27965, 27987, 28033, 28043, 28090, 28133, 28191,
       28216, 28321, 28370, 28378, 28451, 28468, 28496, 28523, 28545,
       28549, 28564, 28661, 28679, 28684, 28710, 28712, 28718, 28724,
       28743, 28801, 28849, 28971, 28998, 29026, 29095, 29100, 29161,
       29162, 29186, 29269, 29282, 29302, 29314, 29355, 29400, 29408,
       29516, 29531, 29538, 29558, 29693, 29694, 29712, 29799, 29802,
       29826, 29881, 29943, 29980, 30112, 30161, 30262, 30306, 30341,
       30356, 30358, 30375, 30389, 30408, 30444, 30453, 30515, 30549,
       30554, 30573, 30639, 30675, 30717, 30736, 30750, 30763, 30778,
       30833, 30840, 30882, 30950, 30960, 30986, 30993, 31019, 31038,
       31058, 31073, 31211, 31226, 31247, 31260, 31315, 31368, 31369,
       31378, 31409, 31411, 31445, 31470, 31512, 31565, 31672, 31704,
       31724, 31811, 31878, 31909, 31938, 31951, 31983, 32030, 32055,
       32062, 32096, 32097, 32103, 32155, 32198, 32229, 32230, 32267,
       32346, 32351, 32392, 32440, 32455, 32461, 32463, 32472, 32499,
       32535, 32557, 32574, 32578, 32602, 32635, 32644, 32715, 32721,
       32764, 32777, 32802, 32873, 32906, 32947, 32956, 32993, 33053,
       33070, 33165, 33183, 33193, 33214, 33224, 33233, 33256, 33263,
       33284, 33293, 33315, 33355, 33362, 33370, 33462, 33487, 33567,
       33592, 33604, 33609, 33625, 33648, 33763, 33797, 33806, 33808,
       33854, 33872, 33896, 33903, 33953, 33968, 34006, 34042, 34047,
       34073, 34086, 34093, 34100, 34178, 34252, 34335, 34349, 34350,
       34447, 34483, 34485, 34592, 34612, 34616, 34641, 34651, 34687,
       34692, 34753, 34761, 34769, 34770, 34807, 34831, 34857, 34873,
       34886, 34932, 35066, 35076, 35083, 35109, 35184, 35251, 35279,
       35406, 35542, 35547, 35552, 35575, 35578, 35674, 35692, 35706,
       35736, 35772, 35793, 35804, 35807, 35829, 35835, 35860, 36093,
       36135, 36168, 36236, 36300, 36358, 36412, 36413, 36525, 36529,
       36584, 36594, 36610, 36729, 36805, 36828, 36836, 36848, 36921,
       36947, 36973, 37005, 37101, 37252, 37310, 37327, 37336, 37379,
       37387, 37399, 37442, 37463, 37513, 37529, 37546, 37592, 37609,
       37613, 37693, 37773, 37832, 37836, 37898, 37907, 37962, 37985,
       37989, 38039, 38061, 38062, 38064, 38069, 38174, 38191, 38233,
       38255, 38293, 38328, 38338, 38360, 38381, 38493, 38506, 38572,
       38629, 38684, 38685, 38696, 38701, 38706, 38772, 38777, 38899,
       38925, 38953, 38984, 38991, 39021, 39033, 39065, 39072, 39078,
       39098, 39152, 39166, 39187, 39211, 39232, 39255, 39257, 39396,
       39419, 39456, 39467, 39591, 39594, 39607, 39637, 39663, 39689,
       39715, 39904, 39907, 39909, 39945, 39956, 39981, 40008, 40024,
       40109, 40272, 40288, 40290, 40358, 40378, 40381, 40439, 40457,
       40487, 40514, 40522, 40534, 40589, 40684, 40714, 40719, 40735,
       40737, 40752, 40760, 40773, 40788, 40867, 40956, 40963, 40969,
       41020, 41090, 41105, 41122, 41134, 41163, 41185, 41197, 41274,
       41281, 41297, 41336, 41504, 41661, 41699, 41738, 41753, 41770,
       41804, 41824, 41834, 41944, 41955, 41981, 41985, 41989, 42059,
       42083, 42108, 42197, 42198, 42227, 42312, 42352, 42392, 42399,
       42427, 42440, 42454, 42475, 42562, 42592, 42613, 42625, 42636,
       42638, 42661, 42676, 42693, 42726, 42754, 42796, 42865, 42883,
       42901, 42922, 42955, 42957, 42975, 42978, 43014, 43035, 43037,
       43041, 43095, 43120, 43158, 43166, 43183, 43195, 43258, 43297,
       43325, 43339, 43404, 43412, 43479, 43579, 43662, 43675, 43716,
       43790, 43793, 43798, 43826, 43837, 43907, 43927, 43929, 43938,
       43960, 44020, 44047, 44071, 44090, 44246, 44256, 44259, 44263,
       44298, 44410, 44425, 44498, 44512, 44567, 44629, 44679, 44682,
       44731, 44762, 44769, 44824, 44834, 44858, 44973, 44991, 45001,
       45024, 45052, 45053, 45054, 45059, 45134, 45183, 45203, 45304,
       45440, 45441, 45469, 45492, 45507, 45627, 45639, 45655, 45665,
       45743, 45757, 45804, 45809, 45831, 45837, 45888, 45902, 45919,
       45973, 45977, 46006, 46100, 46110, 46135, 46144, 46148, 46248,
       46375, 46380, 46450, 46457, 46479, 46535, 46581, 46628, 46633,
       46649, 46711, 46721, 46730, 46736, 46811, 46862, 46872, 46892,
       46975, 47002, 47118, 47161, 47179, 47414, 47448, 47538, 47554,
       47588, 47601, 47636, 47638, 47723, 47752, 47778, 47824, 47867,
       47918, 47972, 47973, 47994, 47997, 48014, 48026, 48055, 48062,
       48084, 48102, 48131, 48146, 48238, 48258, 48263, 48291, 48300,
       48344, 48429, 48443, 48462, 48466, 48467, 48527, 48564, 48654,
       48782, 48799, 48843, 48877, 48889, 48895, 48962, 48970, 48988,
       48998, 49135, 49228, 49368, 49407, 49413, 49454, 49465, 49480]), array([   33,   156,   178,   196,   228,   238,   359,   382,   397,
         461,   486,   628,   633,   688,   725,   741,   786,   848,
         888,   911,   977,   994,  1007,  1102,  1127,  1312,  1339,
        1351,  1439,  1449,  1491,  1541,  1543,  1648,  1665,  1706,
        1792,  1828,  1829,  1836,  1897,  1934,  1969,  1973,  2034,
        2035,  2094,  2179,  2208,  2225,  2239,  2255,  2290,  2358,
        2393,  2395,  2452,  2468,  2540,  2546,  2583,  2664,  2842,
        2909,  2990,  3023,  3035,  3066,  3127,  3146,  3261,  3359,
        3394,  3424,  3464,  3472,  3534,  3542,  3558,  3565,  3619,
        3635,  3724,  3748,  3777,  3786,  3884,  3932,  3951,  4181,
        4184,  4231,  4272,  4287,  4313,  4318,  4357,  4393,  4399,
        4488,  4491,  4506,  4508,  4517,  4539,  4543,  4565,  4656,
        4657,  4677,  4694,  4744,  4755,  4756,  4770,  4783,  4800,
        4806,  4956,  4998,  4999,  5002,  5100,  5103,  5108,  5141,
        5158,  5253,  5322,  5331,  5389,  5390,  5443,  5454,  5458,
        5488,  5496,  5504,  5537,  5547,  5548,  5550,  5595,  5618,
        5634,  5778,  5780,  5788,  5796,  5815,  5890,  6143,  6145,
        6159,  6209,  6232,  6294,  6313,  6318,  6326,  6341,  6345,
        6363,  6383,  6417,  6424,  6469,  6519,  6534,  6538,  6580,
        6637,  6666,  6667,  6679,  6748,  6783,  6808,  6839,  6915,
        6954,  6981,  6989,  6999,  7017,  7021,  7046,  7056,  7062,
        7080,  7090,  7141,  7166,  7182,  7272,  7319,  7386,  7470,
        7509,  7577,  7589,  7604,  7655,  7688,  7694,  7759,  7767,
        7823,  7867,  7907,  7945,  8079,  8111,  8171,  8186,  8219,
        8279,  8308,  8425,  8427,  8429,  8507,  8571,  8589,  8590,
        8649,  8655,  8672,  8711,  8736,  8804,  8859,  8903,  9010,
        9039,  9060,  9076,  9087,  9106,  9151,  9244,  9245,  9252,
        9264,  9295,  9392,  9398,  9399,  9438,  9492,  9495,  9520,
        9591,  9699,  9717,  9747,  9838,  9881,  9922,  9929, 10021,
       10058, 10062, 10222, 10284, 10299, 10312, 10315, 10319, 10326,
       10329, 10342, 10519, 10569, 10591, 10596, 10622, 10637, 10719,
       10724, 10736, 10756, 10777, 10916, 10944, 10959, 11011, 11091,
       11107, 11147, 11157, 11168, 11211, 11222, 11241, 11253, 11298,
       11333, 11357, 11368, 11421, 11516, 11558, 11612, 11625, 11641,
       11649, 11671, 11673, 11714, 11777, 11810, 11816, 11821, 11871,
       11895, 11927, 11947, 11987, 12005, 12043, 12061, 12215, 12224,
       12227, 12260, 12273, 12324, 12357, 12369, 12397, 12462, 12477,
       12480, 12491, 12518, 12575, 12594, 12656, 12660, 12663, 12698,
       12747, 12751, 12820, 12830, 12864, 12865, 12934, 12941, 12968,
       13007, 13028, 13121, 13128, 13227, 13322, 13331, 13367, 13376,
       13419, 13431, 13481, 13503, 13548, 13656, 13720, 13739, 13801,
       13839, 13852, 13906, 13933, 14018, 14023, 14080, 14094, 14103,
       14161, 14177, 14193, 14212, 14260, 14328, 14342, 14346, 14429,
       14430, 14440, 14500, 14507, 14526, 14545, 14609, 14683, 14723,
       14778, 14801, 14802, 14803, 14865, 14875, 14901, 14912, 14929,
       15076, 15078, 15368, 15444, 15525, 15536, 15644, 15692, 15737,
       15775, 15833, 15880, 16020, 16043, 16081, 16103, 16114, 16125,
       16148, 16233, 16250, 16292, 16325, 16332, 16380, 16410, 16457,
       16474, 16475, 16487, 16586, 16626, 16650, 16714, 16735, 16759,
       16761, 16785, 16815, 16903, 16915, 16975, 17016, 17062, 17088,
       17103, 17116, 17120, 17138, 17199, 17233, 17244, 17264, 17323,
       17349, 17369, 17376, 17431, 17465, 17480, 17527, 17540, 17580,
       17629, 17652, 17706, 17747, 17751, 17876, 17889, 17925, 17936,
       17991, 18001, 18094, 18141, 18159, 18167, 18271, 18346, 18413,
       18424, 18434, 18468, 18470, 18489, 18492, 18526, 18534, 18537,
       18560, 18569, 18577, 18637, 18642, 18649, 18662, 18670, 18774,
       18794, 18846, 18883, 18904, 18908, 18957, 18972, 18973, 18986,
       19004, 19222, 19247, 19268, 19332, 19368, 19409, 19521, 19547,
       19596, 19671, 19684, 19698, 19704, 19728, 19765, 19825, 19852,
       19868, 19951, 19955, 19988, 20174, 20182, 20197, 20206, 20214,
       20223, 20256, 20291, 20315, 20406, 20417, 20482, 20522, 20563,
       20653, 20727, 20728, 20780, 20847, 20850, 20871, 20980, 21041,
       21072, 21244, 21269, 21277, 21302, 21321, 21334, 21389, 21441,
       21510, 21511, 21513, 21525, 21573, 21634, 21640, 21665, 21698,
       21724, 21836, 21857, 21877, 21935, 21944, 22049, 22109, 22197,
       22261, 22380, 22399, 22537, 22606, 22626, 22635, 22655, 22687,
       22697, 22725, 22758, 22763, 22926, 22999, 23059, 23082, 23088,
       23103, 23201, 23207, 23229, 23308, 23320, 23449, 23474, 23492,
       23500, 23501, 23589, 23607, 23704, 23761, 23772, 23795, 23803,
       23854, 23996, 24009, 24040, 24056, 24100, 24220, 24241, 24242,
       24255, 24274, 24419, 24483, 24501, 24507, 24513, 24533, 24555,
       24590, 24621, 24672, 24709, 24800, 24809, 24824, 24884, 24903,
       24915, 24916, 24930, 24981, 24992, 25029, 25041, 25103, 25208,
       25251, 25257, 25270, 25303, 25325, 25400, 25406, 25486, 25515,
       25552, 25555, 25643, 25691, 25720, 25766, 25767, 25799, 25848,
       25855, 25898, 25910, 25911, 25918, 26013, 26095, 26102, 26142,
       26218, 26266, 26457, 26465, 26520, 26604, 26632, 26633, 26676,
       26681, 26779, 26791, 26815, 26834, 26930, 26932, 27054, 27057,
       27070, 27083, 27164, 27196, 27230, 27246, 27264, 27276, 27310,
       27317, 27350, 27381, 27383, 27406, 27407, 27430, 27448, 27488,
       27502, 27505, 27549, 27559, 27589, 27601, 27622, 27628, 27659,
       27672, 27707, 27771, 27773, 27784, 27793, 27808, 27953, 27965,
       27987, 28033, 28043, 28090, 28133, 28191, 28216, 28321, 28370,
       28378, 28451, 28468, 28496, 28523, 28545, 28549, 28564, 28661,
       28679, 28684, 28712, 28718, 28724, 28801, 28849, 28954, 28971,
       29026, 29095, 29100, 29161, 29162, 29186, 29269, 29282, 29302,
       29314, 29355, 29383, 29400, 29408, 29456, 29472, 29516, 29531,
       29558, 29693, 29694, 29712, 29799, 29802, 29826, 29881, 29943,
       29980, 30112, 30161, 30262, 30306, 30341, 30356, 30358, 30375,
       30389, 30408, 30444, 30453, 30515, 30549, 30554, 30675, 30717,
       30736, 30750, 30763, 30778, 30819, 30833, 30840, 30882, 30950,
       30960, 30986, 30993, 31019, 31038, 31058, 31073, 31211, 31226,
       31247, 31315, 31368, 31369, 31378, 31409, 31411, 31445, 31470,
       31512, 31543, 31704, 31724, 31811, 31878, 31909, 31938, 31951,
       31983, 32030, 32055, 32062, 32103, 32155, 32198, 32229, 32230,
       32267, 32346, 32351, 32392, 32440, 32455, 32463, 32472, 32499,
       32535, 32557, 32574, 32578, 32602, 32635, 32644, 32715, 32764,
       32777, 32802, 32873, 32906, 32947, 32956, 32993, 33053, 33070,
       33165, 33183, 33193, 33214, 33224, 33233, 33256, 33263, 33293,
       33315, 33355, 33362, 33370, 33462, 33487, 33499, 33567, 33592,
       33604, 33609, 33625, 33648, 33659, 33763, 33806, 33808, 33854,
       33872, 33896, 33903, 33953, 33968, 34006, 34042, 34047, 34073,
       34086, 34093, 34100, 34178, 34252, 34335, 34349, 34350, 34447,
       34483, 34485, 34492, 34592, 34612, 34616, 34641, 34687, 34692,
       34753, 34761, 34769, 34770, 34807, 34831, 34857, 34873, 34886,
       34888, 34932, 35050, 35066, 35076, 35083, 35109, 35184, 35251,
       35279, 35406, 35425, 35436, 35479, 35547, 35552, 35575, 35578,
       35649, 35674, 35692, 35706, 35736, 35772, 35804, 35824, 35829,
       35835, 36093, 36135, 36168, 36236, 36300, 36412, 36413, 36525,
       36529, 36584, 36594, 36610, 36729, 36805, 36828, 36836, 36848,
       36947, 36973, 37005, 37101, 37252, 37310, 37327, 37336, 37379,
       37387, 37399, 37442, 37463, 37513, 37529, 37592, 37609, 37613,
       37693, 37773, 37832, 37836, 37898, 37907, 37916, 37962, 37985,
       37989, 38039, 38061, 38062, 38064, 38069, 38174, 38191, 38233,
       38255, 38293, 38338, 38360, 38381, 38493, 38552, 38572, 38629,
       38684, 38685, 38696, 38701, 38706, 38772, 38777, 38899, 38925,
       38953, 38984, 39021, 39033, 39065, 39072, 39078, 39098, 39152,
       39166, 39187, 39232, 39255, 39257, 39318, 39396, 39419, 39456,
       39467, 39591, 39594, 39607, 39637, 39663, 39689, 39715, 39904,
       39907, 39909, 39956, 39981, 39985, 40008, 40024, 40109, 40272,
       40288, 40290, 40358, 40371, 40378, 40381, 40439, 40457, 40487,
       40488, 40514, 40522, 40534, 40561, 40589, 40684, 40714, 40719,
       40737, 40752, 40760, 40773, 40788, 40867, 40883, 40963, 40969,
       41020, 41022, 41090, 41105, 41122, 41134, 41163, 41197, 41274,
       41281, 41297, 41336, 41504, 41661, 41699, 41738, 41753, 41770,
       41804, 41824, 41834, 41955, 41981, 41985, 41989, 42059, 42083,
       42108, 42197, 42198, 42227, 42312, 42352, 42392, 42395, 42399,
       42427, 42440, 42454, 42475, 42562, 42592, 42613, 42625, 42636,
       42638, 42661, 42693, 42726, 42754, 42796, 42865, 42883, 42888,
       42901, 42910, 42922, 42955, 42957, 42975, 43014, 43035, 43037,
       43041, 43095, 43120, 43158, 43166, 43183, 43195, 43258, 43297,
       43325, 43339, 43404, 43412, 43479, 43491, 43579, 43662, 43716,
       43790, 43793, 43795, 43826, 43837, 43907, 43927, 43929, 43938,
       43960, 44020, 44047, 44071, 44090, 44246, 44256, 44259, 44410,
       44425, 44512, 44567, 44573, 44629, 44679, 44682, 44731, 44762,
       44769, 44824, 44834, 44858, 44991, 45001, 45024, 45053, 45054,
       45059, 45099, 45134, 45183, 45246, 45304, 45375, 45394, 45440,
       45469, 45492, 45507, 45627, 45639, 45655, 45665, 45743, 45757,
       45804, 45809, 45831, 45837, 45888, 45902, 45919, 45973, 45977,
       46006, 46100, 46135, 46144, 46148, 46248, 46375, 46380, 46450,
       46457, 46479, 46535, 46628, 46633, 46649, 46711, 46730, 46736,
       46811, 46862, 46872, 46892, 46975, 47002, 47161, 47179, 47312,
       47327, 47414, 47448, 47538, 47554, 47588, 47601, 47636, 47638,
       47723, 47752, 47778, 47824, 47867, 47918, 47972, 47973, 47994,
       47997, 48014, 48026, 48055, 48062, 48084, 48102, 48131, 48146,
       48238, 48258, 48263, 48291, 48300, 48344, 48429, 48443, 48462,
       48467, 48527, 48564, 48654, 48726, 48782, 48799, 48843, 48889,
       48895, 48970, 48988, 48998, 49135, 49228, 49407, 49413, 49454,
       49465, 49480])]
