training accuracy when lambda=0.4
[0.44096, 0.52942, 0.54662, 0.55602, 0.5654, 0.57054, 0.57418, 0.5794, 0.58328, 0.58694, 0.58912, 0.59556, 0.59722, 0.60054, 0.60284, 0.6058, 0.6079, 0.60926, 0.6135, 0.6169, 0.61894, 0.62254, 0.62558, 0.6261, 0.62882, 0.63106, 0.6336, 0.63468, 0.63724, 0.6403, 0.6399, 0.64084, 0.64548, 0.64694, 0.646, 0.64742, 0.64818, 0.64788, 0.65116, 0.65114, 0.65372, 0.65018, 0.65162, 0.6562, 0.6565, 0.65476, 0.65566, 0.65714, 0.6562, 0.65936]
test accuracy when lambda=0.4
[0.5043, 0.5328, 0.54, 0.5433, 0.5537, 0.5523, 0.5424, 0.5514, 0.5541, 0.5492, 0.5585, 0.5524, 0.5567, 0.5501, 0.5554, 0.5523, 0.5514, 0.5499, 0.5483, 0.5435, 0.5447, 0.5514, 0.5438, 0.546, 0.5453, 0.5417, 0.5362, 0.5338, 0.5402, 0.537, 0.5351, 0.5383, 0.5365, 0.5354, 0.5377, 0.5319, 0.5341, 0.538, 0.5267, 0.5356, 0.5326, 0.5289, 0.5252, 0.5266, 0.5302, 0.5284, 0.5288, 0.5283, 0.5279, 0.5258]
training accuracy when lambda=0.45
[0.36058, 0.42158, 0.43584, 0.4429, 0.4476, 0.45152, 0.45706, 0.46134, 0.46354, 0.4696, 0.47318, 0.47574, 0.48126, 0.48254, 0.48838, 0.49216, 0.49694, 0.50094, 0.50522, 0.50964, 0.51366, 0.5192, 0.5225, 0.52854, 0.53352, 0.53644, 0.5408, 0.5459, 0.54868, 0.55322, 0.55664, 0.55848, 0.56386, 0.56674, 0.57348, 0.57186, 0.57704, 0.5762, 0.57866, 0.58088, 0.58392, 0.58856, 0.58878, 0.58914, 0.58894, 0.59092, 0.59386, 0.5975, 0.59604, 0.6009]
test accuracy when lambda=0.45
[0.5008, 0.5207, 0.5451, 0.5433, 0.5501, 0.5555, 0.547, 0.5545, 0.5535, 0.5556, 0.5537, 0.5484, 0.5552, 0.5526, 0.554, 0.5536, 0.5473, 0.5469, 0.5467, 0.5472, 0.5452, 0.5381, 0.5372, 0.5375, 0.5389, 0.5376, 0.5375, 0.5379, 0.5311, 0.533, 0.5275, 0.5338, 0.5318, 0.5275, 0.5305, 0.5297, 0.5309, 0.5257, 0.5233, 0.5245, 0.5277, 0.5246, 0.5224, 0.5255, 0.5257, 0.5206, 0.5207, 0.5225, 0.5238, 0.5205]
training accuracy when lambda=0.5
[0.15166, 0.16704, 0.17516, 0.17878, 0.18328, 0.18866, 0.19316, 0.19598, 0.20098, 0.2057, 0.2102, 0.21468, 0.22242, 0.22672, 0.233, 0.24102, 0.24612, 0.25604, 0.26304, 0.27208, 0.28082, 0.2905, 0.29924, 0.30774, 0.31904, 0.32416, 0.33746, 0.34322, 0.35528, 0.36008, 0.37302, 0.37856, 0.38278, 0.39278, 0.39678, 0.40512, 0.40872, 0.41698, 0.42248, 0.43028, 0.43602, 0.44222, 0.4457, 0.45126, 0.45762, 0.45596, 0.46568, 0.4661, 0.47136, 0.47352]
test accuracy when lambda=0.5
[0.4971, 0.5165, 0.536, 0.5332, 0.5479, 0.5484, 0.5498, 0.5498, 0.55, 0.5499, 0.549, 0.5452, 0.5458, 0.5466, 0.5423, 0.5372, 0.5436, 0.5368, 0.5323, 0.5368, 0.5327, 0.5293, 0.5299, 0.527, 0.5224, 0.5228, 0.5217, 0.5207, 0.518, 0.5145, 0.5155, 0.515, 0.5147, 0.5179, 0.5153, 0.5124, 0.5191, 0.512, 0.5125, 0.5118, 0.5127, 0.5143, 0.5136, 0.5072, 0.5105, 0.5047, 0.507, 0.5072, 0.5103, 0.5104]
training accuracy when lambda=0.55
[0.14862, 0.1661, 0.17426, 0.17786, 0.1823, 0.18872, 0.19476, 0.19778, 0.20368, 0.20856, 0.21472, 0.2211, 0.2288, 0.23682, 0.24418, 0.25602, 0.26492, 0.27622, 0.2844, 0.29912, 0.30928, 0.32288, 0.33492, 0.3469, 0.35876, 0.37136, 0.38014, 0.39078, 0.40294, 0.41138, 0.41638, 0.42654, 0.43276, 0.44442, 0.45012, 0.4578, 0.46574, 0.47196, 0.47696, 0.48628, 0.49094, 0.49512, 0.50146, 0.50838, 0.51142, 0.51832, 0.52364, 0.52282, 0.52888, 0.53238]
test accuracy when lambda=0.55
[0.4848, 0.5177, 0.5305, 0.5405, 0.5438, 0.5463, 0.5542, 0.553, 0.5485, 0.5364, 0.5485, 0.5481, 0.5389, 0.5433, 0.5392, 0.5309, 0.5296, 0.5313, 0.5271, 0.5277, 0.5242, 0.52, 0.5177, 0.5129, 0.5181, 0.5075, 0.509, 0.5114, 0.5037, 0.5023, 0.5045, 0.5044, 0.5086, 0.5017, 0.5002, 0.5001, 0.4987, 0.5035, 0.5038, 0.5006, 0.4991, 0.5007, 0.4968, 0.4944, 0.4975, 0.4996, 0.4933, 0.4946, 0.4983, 0.4958]
training accuracy when lambda=0.6
[0.14788, 0.16358, 0.17154, 0.17886, 0.18412, 0.18978, 0.19438, 0.20228, 0.20694, 0.21344, 0.22066, 0.22908, 0.23898, 0.25008, 0.26132, 0.27482, 0.28634, 0.29974, 0.31448, 0.33058, 0.34168, 0.3559, 0.374, 0.3871, 0.4032, 0.41576, 0.427, 0.43384, 0.45106, 0.45824, 0.4704, 0.47998, 0.49114, 0.49698, 0.50728, 0.5154, 0.51842, 0.5298, 0.5392, 0.54138, 0.54966, 0.55058, 0.56002, 0.5675, 0.57124, 0.57562, 0.57836, 0.58428, 0.58838, 0.59076]
test accuracy when lambda=0.6
[0.4907, 0.525, 0.5401, 0.5427, 0.5335, 0.554, 0.5449, 0.5492, 0.5489, 0.5444, 0.5401, 0.5423, 0.5392, 0.538, 0.5289, 0.5285, 0.5222, 0.517, 0.5152, 0.5142, 0.5069, 0.5067, 0.5032, 0.499, 0.5054, 0.5015, 0.5022, 0.4933, 0.4919, 0.4893, 0.4852, 0.4898, 0.4877, 0.4857, 0.4871, 0.486, 0.4865, 0.4842, 0.4918, 0.4813, 0.4846, 0.4782, 0.4844, 0.4804, 0.4833, 0.4847, 0.4815, 0.4822, 0.4852, 0.4804]
training accuracy when lambda=0.65
[0.14462, 0.16378, 0.17116, 0.17738, 0.18262, 0.18816, 0.19366, 0.19802, 0.20652, 0.21274, 0.22076, 0.23204, 0.24248, 0.25302, 0.26726, 0.2811, 0.29704, 0.31194, 0.32872, 0.34696, 0.365, 0.37698, 0.39832, 0.40774, 0.42588, 0.43742, 0.45472, 0.46886, 0.47722, 0.4932, 0.50408, 0.5163, 0.52548, 0.53288, 0.54386, 0.54974, 0.5565, 0.5666, 0.57276, 0.58134, 0.58764, 0.59178, 0.6005, 0.60586, 0.61418, 0.61576, 0.62202, 0.62656, 0.628, 0.63862]
test accuracy when lambda=0.65
[0.479, 0.4954, 0.5133, 0.5382, 0.5439, 0.5473, 0.5517, 0.5463, 0.5405, 0.5464, 0.5435, 0.5407, 0.5323, 0.5325, 0.5242, 0.513, 0.5144, 0.512, 0.5044, 0.4915, 0.4921, 0.4912, 0.4842, 0.4818, 0.4774, 0.4779, 0.4713, 0.4739, 0.4735, 0.4653, 0.4634, 0.467, 0.4656, 0.4672, 0.4654, 0.4635, 0.4605, 0.4625, 0.4674, 0.4644, 0.4606, 0.4636, 0.4655, 0.4603, 0.462, 0.4568, 0.4603, 0.4593, 0.4574, 0.4614]
training accuracy when lambda=0.7
[0.14156, 0.16176, 0.17124, 0.17696, 0.18472, 0.19142, 0.19718, 0.20494, 0.21338, 0.22132, 0.23348, 0.24784, 0.26412, 0.2793, 0.2964, 0.31642, 0.33474, 0.35436, 0.37302, 0.39164, 0.40962, 0.42866, 0.45026, 0.46864, 0.47964, 0.49648, 0.51412, 0.52276, 0.5349, 0.5475, 0.55732, 0.56978, 0.58008, 0.59058, 0.5958, 0.60284, 0.61238, 0.6186, 0.6278, 0.63616, 0.64126, 0.6486, 0.65324, 0.65532, 0.66514, 0.66716, 0.67454, 0.68038, 0.68146, 0.6893]
test accuracy when lambda=0.7
[0.457, 0.5005, 0.5073, 0.5298, 0.5269, 0.5416, 0.5389, 0.5319, 0.5281, 0.5292, 0.5225, 0.5159, 0.5176, 0.5077, 0.499, 0.4961, 0.4937, 0.4799, 0.475, 0.477, 0.466, 0.4649, 0.4629, 0.456, 0.4513, 0.4486, 0.4527, 0.4425, 0.4482, 0.451, 0.4448, 0.4485, 0.4489, 0.4441, 0.4453, 0.4485, 0.4473, 0.4401, 0.4453, 0.4452, 0.4403, 0.4407, 0.4481, 0.4425, 0.4461, 0.4412, 0.4483, 0.4477, 0.4446, 0.4397]
training accuracy when lambda=0.75
[0.1411, 0.16064, 0.16862, 0.17836, 0.18434, 0.19188, 0.19926, 0.20946, 0.21744, 0.23112, 0.24312, 0.26058, 0.27796, 0.29942, 0.32032, 0.33994, 0.3628, 0.38344, 0.4083, 0.42896, 0.4451, 0.46594, 0.486, 0.50348, 0.51596, 0.53546, 0.54688, 0.5611, 0.57462, 0.5842, 0.59756, 0.6092, 0.61558, 0.62574, 0.63792, 0.64344, 0.65166, 0.66272, 0.66688, 0.67468, 0.68154, 0.68422, 0.6942, 0.69976, 0.7056, 0.70814, 0.71148, 0.71792, 0.72328, 0.7282]
test accuracy when lambda=0.75
[0.445, 0.4955, 0.5265, 0.5284, 0.5395, 0.5313, 0.5286, 0.5348, 0.5346, 0.525, 0.5132, 0.4955, 0.4893, 0.4865, 0.4578, 0.4681, 0.4554, 0.4561, 0.4469, 0.4347, 0.4336, 0.4328, 0.4279, 0.4236, 0.421, 0.4157, 0.4116, 0.4149, 0.4092, 0.4139, 0.4153, 0.4109, 0.4142, 0.4108, 0.4108, 0.4141, 0.4107, 0.4114, 0.4107, 0.4172, 0.4145, 0.4134, 0.412, 0.4112, 0.4186, 0.4106, 0.4144, 0.4071, 0.4121, 0.4168]
training accuracy when lambda=0.8
[0.13704, 0.15716, 0.1655, 0.1719, 0.18036, 0.18938, 0.1983, 0.20874, 0.21796, 0.2337, 0.249, 0.26482, 0.28696, 0.3058, 0.33134, 0.35248, 0.37856, 0.39982, 0.4232, 0.4461, 0.46968, 0.48764, 0.5108, 0.52594, 0.54676, 0.56332, 0.57778, 0.59418, 0.60384, 0.61632, 0.62782, 0.64098, 0.64792, 0.66022, 0.67252, 0.67566, 0.68794, 0.69166, 0.70088, 0.709, 0.71162, 0.72326, 0.7245, 0.73086, 0.73722, 0.74122, 0.74326, 0.75026, 0.7565, 0.75922]
test accuracy when lambda=0.8
[0.4367, 0.4761, 0.5037, 0.5177, 0.5105, 0.5257, 0.5232, 0.5194, 0.5194, 0.499, 0.4911, 0.491, 0.4713, 0.4673, 0.4515, 0.4412, 0.4268, 0.4214, 0.4236, 0.4138, 0.4073, 0.3994, 0.3961, 0.3871, 0.3888, 0.3856, 0.3865, 0.3871, 0.3852, 0.3814, 0.3849, 0.3832, 0.3762, 0.3816, 0.3845, 0.3851, 0.3818, 0.3861, 0.3894, 0.3858, 0.3797, 0.3807, 0.3828, 0.393, 0.3796, 0.3833, 0.3841, 0.3821, 0.3784, 0.3866]
training accuracy when lambda=0.85
[0.1331, 0.15466, 0.1621, 0.17026, 0.17828, 0.18574, 0.19328, 0.20504, 0.21882, 0.23506, 0.25268, 0.27122, 0.29144, 0.3169, 0.33932, 0.36338, 0.38558, 0.4121, 0.43522, 0.46046, 0.48346, 0.5028, 0.52388, 0.54326, 0.56272, 0.57684, 0.592, 0.6055, 0.62198, 0.63224, 0.64792, 0.65928, 0.66736, 0.67838, 0.68658, 0.69646, 0.7045, 0.71294, 0.719, 0.72758, 0.7345, 0.73912, 0.7463, 0.74734, 0.75842, 0.76164, 0.7663, 0.77128, 0.77432, 0.77964]
test accuracy when lambda=0.85
[0.4206, 0.4464, 0.4692, 0.5023, 0.5125, 0.5173, 0.505, 0.4982, 0.4884, 0.4713, 0.4677, 0.4603, 0.4253, 0.4201, 0.3994, 0.4038, 0.3978, 0.3755, 0.3725, 0.3637, 0.3554, 0.3493, 0.3486, 0.348, 0.3488, 0.3406, 0.3457, 0.3427, 0.3408, 0.339, 0.3341, 0.3353, 0.3338, 0.3374, 0.3378, 0.3339, 0.3353, 0.337, 0.3429, 0.3305, 0.3392, 0.3356, 0.3401, 0.34, 0.344, 0.3423, 0.3414, 0.3472, 0.3403, 0.3426]
training accuracy when lambda=0.9
[0.12714, 0.14964, 0.15928, 0.1664, 0.17664, 0.1856, 0.19564, 0.20884, 0.22606, 0.24422, 0.26352, 0.28872, 0.31436, 0.34026, 0.36458, 0.3895, 0.4171, 0.44264, 0.46942, 0.4942, 0.5156, 0.53484, 0.555, 0.5772, 0.59434, 0.61272, 0.62592, 0.64264, 0.65294, 0.66794, 0.67906, 0.6902, 0.69898, 0.71098, 0.71712, 0.72816, 0.73116, 0.74338, 0.75062, 0.75346, 0.76246, 0.76956, 0.7741, 0.77936, 0.78226, 0.7898, 0.7934, 0.7959, 0.8045, 0.80866]
test accuracy when lambda=0.9
[0.372, 0.4465, 0.4468, 0.4745, 0.4929, 0.4777, 0.4855, 0.4768, 0.4637, 0.4416, 0.4107, 0.3799, 0.3769, 0.3807, 0.3557, 0.3429, 0.3333, 0.3275, 0.3247, 0.317, 0.32, 0.3083, 0.3066, 0.3037, 0.3049, 0.3025, 0.2997, 0.302, 0.2993, 0.2911, 0.2998, 0.3059, 0.2988, 0.2909, 0.2941, 0.3006, 0.2962, 0.3005, 0.3015, 0.3041, 0.297, 0.3037, 0.2987, 0.3068, 0.305, 0.3044, 0.3052, 0.3039, 0.3062, 0.3057]
training accuracy when lambda=0.95
[0.1249, 0.14342, 0.1538, 0.16076, 0.16904, 0.17766, 0.18984, 0.20364, 0.2181, 0.23642, 0.25846, 0.28414, 0.30614, 0.33356, 0.36018, 0.38804, 0.4135, 0.44404, 0.46546, 0.49016, 0.5163, 0.53728, 0.55618, 0.57868, 0.59424, 0.60972, 0.6255, 0.64256, 0.65128, 0.66712, 0.67854, 0.6909, 0.70092, 0.71022, 0.72078, 0.72636, 0.7323, 0.74068, 0.74974, 0.75438, 0.76284, 0.76866, 0.77798, 0.78052, 0.78802, 0.79428, 0.79508, 0.79842, 0.80142, 0.8073]
test accuracy when lambda=0.95
[0.3565, 0.4145, 0.4493, 0.4609, 0.4692, 0.4806, 0.46, 0.4462, 0.417, 0.3972, 0.3846, 0.3571, 0.3411, 0.3241, 0.3099, 0.2998, 0.2848, 0.2827, 0.2773, 0.2676, 0.2689, 0.272, 0.2622, 0.2554, 0.2626, 0.2577, 0.2624, 0.2639, 0.2515, 0.2533, 0.2526, 0.2571, 0.2534, 0.2411, 0.242, 0.2442, 0.2516, 0.2516, 0.2526, 0.2478, 0.2414, 0.2514, 0.2479, 0.2513, 0.2501, 0.2527, 0.2523, 0.2563, 0.2505, 0.2477]
