[array([    6,    41,    74,   108,   123,   152,   190,   193,   231,
         265,   347,   528,   533,   567,   645,   722,   759,   773,
         796,   810,   882,   950,  1010,  1046,  1120,  1159,  1185,
        1197,  1273,  1295,  1330,  1340,  1364,  1413,  1416,  1480,
        1510,  1521,  1593,  1612,  1661,  1766,  1779,  1803,  1824,
        1904,  1907,  1915,  1951,  1952,  1964,  1967,  2015,  2022,
        2042,  2052,  2062,  2065,  2099,  2190,  2302,  2371,  2432,
        2439,  2490,  2501,  2524,  2538,  2661,  2681,  2738,  2784,
        2791,  2802,  2804,  2845,  2847,  2878,  2976,  2979,  2980,
        2994,  3049,  3067,  3136,  3156,  3199,  3266,  3272,  3274,
        3288,  3384,  3390,  3409,  3432,  3445,  3457,  3529,  3540,
        3546,  3553,  3614,  3707,  3783,  3815,  3819,  3855,  3869,
        3924,  4021,  4069,  4072,  4118,  4205,  4212,  4236,  4285,
        4338,  4350,  4383,  4386,  4391,  4463,  4478,  4485,  4575,
        4705,  4728,  4778,  4797,  4862,  4887,  4938,  4954,  5080,
        5122,  5124,  5169,  5171,  5176,  5183,  5231,  5244,  5269,
        5272,  5274,  5275,  5278,  5303,  5320,  5363,  5418,  5455,
        5483,  5525,  5535,  5566,  5588,  5655,  5704,  5706,  5709,
        5710,  5722,  5773,  5792,  5804,  5819,  5837,  5887,  5916,
        5919,  5926,  5942,  5968,  6006,  6048,  6057,  6096,  6128,
        6178,  6205,  6254,  6257,  6259,  6278,  6281,  6331,  6407,
        6444,  6445,  6450,  6489,  6494,  6495,  6521,  6552,  6576,
        6627,  6696,  6741,  6811,  6970,  7058,  7066,  7071,  7076,
        7081,  7095,  7139,  7190,  7205,  7209,  7229,  7240,  7259,
        7291,  7296,  7351,  7372,  7375,  7388,  7392,  7450,  7468,
        7526,  7585,  7590,  7595,  7637,  7689,  7788,  7842,  7893,
        7894,  7972,  7988,  8007,  8017,  8083,  8153,  8175,  8181,
        8213,  8238,  8257,  8259,  8296,  8394,  8407,  8431,  8434,
        8479,  8556,  8663,  8682,  8688,  8718,  8731,  8779,  8786,
        8851,  8873,  8881,  8884,  8920,  8943,  8954,  8955,  9077,
        9085,  9093,  9099,  9180,  9200,  9207,  9301,  9347,  9357,
        9427,  9455,  9463,  9487,  9504,  9538,  9564,  9604,  9605,
        9801,  9825,  9862,  9923,  9979,  9992,  9996, 10054, 10057,
       10088, 10118, 10191, 10206, 10252, 10280, 10282, 10288, 10291,
       10311, 10338, 10353, 10376, 10382, 10431, 10456, 10491, 10529,
       10600, 10636, 10688, 10700, 10715, 10734, 10740, 10766, 10814,
       10831, 10859, 10868, 10899, 10909, 10912, 10958, 10996, 11088,
       11136, 11170, 11173, 11174, 11184, 11199, 11209, 11213, 11220,
       11425, 11436, 11487, 11517, 11545, 11574, 11595, 11601, 11603,
       11648, 11689, 11698, 11704, 11727, 11762, 11774, 11823, 11861,
       11880, 11900, 11932, 12020, 12022, 12103, 12123, 12148, 12152,
       12173, 12243, 12279, 12305, 12313, 12375, 12400, 12415, 12453,
       12458, 12515, 12572, 12589, 12590, 12645, 12673, 12736, 12763,
       12793, 12817, 12844, 12869, 12991, 13018, 13062, 13078, 13099,
       13159, 13176, 13194, 13265, 13286, 13293, 13306, 13388, 13397,
       13430, 13448, 13483, 13492, 13546, 13692, 13694, 13709, 13740,
       13794, 13829, 13874, 13935, 13942, 13951, 14088, 14112, 14119,
       14124, 14150, 14152, 14170, 14184, 14186, 14211, 14219, 14320,
       14324, 14333, 14350, 14384, 14426, 14435, 14446, 14458, 14505,
       14519, 14587, 14644, 14686, 14691, 14715, 14725, 14864, 14885,
       14905, 14929, 14974, 14982, 15017, 15021, 15083, 15108, 15109,
       15220, 15222, 15241, 15324, 15391, 15393, 15428, 15474, 15566,
       15574, 15614, 15674, 15700, 15726, 15728, 15809, 15832, 15905,
       15906, 15937, 15995, 15997, 16024, 16161, 16185, 16191, 16225,
       16270, 16276, 16310, 16316, 16382, 16515, 16544, 16548, 16572,
       16612, 16613, 16633, 16664, 16685, 16695, 16704, 16706, 16708,
       16721, 16844, 16890, 16892, 16916, 16942, 16943, 16991, 17033,
       17063, 17131, 17151, 17155, 17250, 17268, 17310, 17342, 17344,
       17452, 17477, 17554, 17582, 17584, 17588, 17598, 17636, 17651,
       17655, 17661, 17732, 17769, 17793, 17795, 17798, 17870, 17918,
       17961, 18011, 18041, 18102, 18114, 18457, 18552, 18562, 18572,
       18575, 18608, 18613, 18659, 18660, 18668, 18692, 18724, 18847,
       18940, 18956, 18968, 19006, 19021, 19038, 19079, 19093, 19148,
       19160, 19179, 19228, 19237, 19263, 19278, 19324, 19383, 19385,
       19414, 19431, 19436, 19443, 19474, 19487, 19512, 19538, 19568,
       19626, 19660, 19664, 19691, 19754, 19791, 19830, 19832, 19878,
       19933, 20193, 20218, 20280, 20329, 20368, 20374, 20376, 20397,
       20402, 20429, 20436, 20471, 20520, 20583, 20590, 20605, 20631,
       20680, 20778, 20807, 20825, 20827, 20955, 21105, 21117, 21221,
       21358, 21413, 21430, 21431, 21524, 21625, 21688, 21716, 21741,
       21898, 21933, 21968, 21975, 22052, 22058, 22183, 22216, 22303,
       22339, 22384, 22479, 22498, 22506, 22518, 22532, 22642, 22681,
       22717, 22734, 22735, 22738, 22787, 22788, 22833, 22885, 22890,
       22949, 22988, 23034, 23053, 23087, 23090, 23152, 23205, 23273,
       23321, 23373, 23374, 23414, 23416, 23455, 23457, 23475, 23497,
       23575, 23588, 23610, 23668, 23700, 23741, 23760, 23775, 23824,
       23859, 23920, 23943, 23949, 23953, 23955, 24044, 24053, 24154,
       24161, 24179, 24181, 24199, 24320, 24351, 24365, 24387, 24395,
       24427, 24435, 24460, 24470, 24486, 24545, 24616, 24702, 24719,
       24766, 24771, 24782, 24831, 24856, 24878, 24944, 24958, 24988,
       25003, 25027, 25147, 25158, 25183, 25192, 25198, 25210, 25223,
       25254, 25268, 25320, 25368, 25440, 25458, 25465, 25504, 25507,
       25532, 25542, 25587, 25594, 25608, 25696, 25788, 25795, 25853,
       25958, 25974, 26005, 26034, 26057, 26088, 26130, 26147, 26220,
       26234, 26254, 26275, 26297, 26340, 26360, 26386, 26426, 26487,
       26548, 26620, 26630, 26645, 26655, 26773, 26776, 26812, 26821,
       26824, 26864, 26879, 26903, 27019, 27188, 27227, 27272, 27400,
       27419, 27437, 27445, 27459, 27498, 27511, 27517, 27538, 27541,
       27544, 27625, 27627, 27641, 27677, 27746, 27782, 27788, 27814,
       27816, 27824, 27835, 27875, 27936, 27994, 28057, 28060, 28122,
       28134, 28165, 28168, 28179, 28300, 28301, 28318, 28383, 28400,
       28409, 28425, 28434, 28443, 28498, 28547, 28561, 28563, 28572,
       28602, 28630, 28636, 28643, 28653, 28682, 28753, 28763, 28841,
       28857, 28863, 28885, 28923, 28970, 29055, 29083, 29099, 29108,
       29119, 29211, 29213, 29241, 29242, 29248, 29257, 29280, 29349,
       29377, 29430, 29470, 29528, 29594, 29634, 29716, 29744, 29764,
       29765, 29803, 29805, 29808, 29946, 29950, 29990, 30017, 30028,
       30048, 30086, 30111, 30131, 30272, 30351, 30365, 30378, 30393,
       30395, 30439, 30509, 30557, 30592, 30715, 30744, 30784, 30817,
       30876, 30892, 30916, 30929, 30955, 30965, 31013, 31117, 31120,
       31166, 31175, 31183, 31254, 31257, 31273, 31274, 31331, 31394,
       31408, 31505, 31540, 31617, 31625, 31676, 31685, 31726, 31746,
       31768, 31856, 31953, 32052, 32053, 32077, 32182, 32197, 32332,
       32478, 32509, 32525, 32560, 32561, 32597, 32610, 32656, 32732,
       32735, 32758, 32787, 32792, 32822, 32833, 32842, 32843, 32846,
       32851, 32877, 32907, 32920, 32983, 33042, 33119, 33141, 33147,
       33177, 33199, 33251, 33262, 33278, 33345, 33393, 33418, 33423,
       33444, 33479, 33572, 33578, 33581, 33585, 33646, 33647, 33704,
       33730, 33766, 33775, 33778, 33829, 33832, 33838, 33906, 33913,
       34004, 34027, 34082, 34125, 34147, 34213, 34221, 34227, 34247,
       34255, 34267, 34301, 34310, 34334, 34344, 34408, 34441, 34473,
       34531, 34583, 34601, 34645, 34759, 34820, 34884, 34934, 35024,
       35086, 35093, 35114, 35152, 35281, 35309, 35383, 35394, 35397,
       35416, 35434, 35514, 35521, 35609, 35638, 35641, 35648, 35703,
       35710, 35803, 35826, 35830, 35873, 35876, 35963, 35991, 35993,
       36008, 36018, 36079, 36086, 36139, 36162, 36165, 36186, 36190,
       36204, 36210, 36220, 36233, 36248, 36256, 36257, 36264, 36282,
       36312, 36330, 36386, 36409, 36634, 36639, 36648, 36703, 36744,
       36819, 36862, 36886, 37000, 37001, 37016, 37075, 37118, 37365,
       37368, 37375, 37380, 37481, 37483, 37489, 37562, 37608, 37636,
       37680, 37771, 37811, 37835, 37897, 37915, 37942, 37962, 37967,
       37977, 38073, 38112, 38131, 38297, 38298, 38317, 38326, 38407,
       38474, 38504, 38508, 38516, 38530, 38532, 38583, 38600, 38606,
       38607, 38612, 38653, 38679, 38746, 38759, 38773, 38781, 38845,
       38854, 38860, 38881, 38885, 38999, 39000, 39011, 39089, 39101,
       39107, 39122, 39269, 39290, 39295, 39393, 39427, 39486, 39506,
       39533, 39536, 39600, 39757, 39763, 39780, 39800, 39801, 39817,
       39837, 39917, 39920, 39935, 40089, 40114, 40169, 40225, 40250,
       40256, 40289, 40308, 40319, 40388, 40409, 40431, 40436, 40470,
       40541, 40545, 40627, 40658, 40748, 40762, 40778, 40798, 40840,
       40907, 40922, 40950, 41009, 41033, 41075, 41110, 41152, 41181,
       41261, 41290, 41296, 41356, 41381, 41410, 41412, 41424, 41466,
       41471, 41577, 41632, 41701, 41735, 41751, 41764, 41799, 41869,
       41957, 42030, 42090, 42099, 42112, 42147, 42166, 42178, 42183,
       42213, 42292, 42294, 42297, 42313, 42505, 42540, 42557, 42566,
       42578, 42584, 42597, 42611, 42632, 42727, 42730, 42847, 42869,
       42931, 42938, 42958, 42983, 43044, 43076, 43096, 43097, 43114,
       43119, 43157, 43163, 43192, 43211, 43226, 43252, 43305, 43354,
       43409, 43420, 43511, 43550, 43553, 43600, 43632, 43635, 43733,
       43765, 43769, 43820, 43835, 43849, 43897, 43911, 43922, 43937,
       43974, 43993, 44028, 44054, 44084, 44143, 44170, 44192, 44247,
       44297, 44332, 44334, 44363, 44371, 44381, 44384, 44429, 44461,
       44561, 44570, 44576, 44628, 44641, 44660, 44681, 44743, 44771,
       44795, 44853, 44980, 44999, 45011, 45055, 45072, 45108, 45143,
       45181, 45217, 45229, 45348, 45362, 45366, 45419, 45426, 45445,
       45513, 45558, 45626, 45657, 45698, 45781, 45787, 45800, 45835,
       46021, 46058, 46093, 46097, 46132, 46142, 46181, 46288, 46292,
       46323, 46329, 46339, 46412, 46434, 46461, 46473, 46474, 46495,
       46546, 46552, 46580, 46626, 46631, 46660, 46670, 46671, 46709,
       46738, 46740, 46760, 46775, 46795, 46820, 46829, 46963, 46990,
       47012, 47030, 47042, 47078, 47146, 47164, 47178, 47200, 47227,
       47251, 47272, 47295, 47336, 47344, 47362, 47384, 47392, 47474,
       47484, 47560, 47616, 47623, 47714, 47755, 47763, 47789, 47805,
       47818, 47874, 47911, 47917, 47992, 48024, 48079, 48125, 48138,
       48147, 48211, 48331, 48350, 48367, 48395, 48399, 48437, 48459,
       48475, 48482, 48488, 48567, 48665, 48671, 48711, 48725, 48734,
       48760, 48786, 48978, 49061, 49136, 49147, 49172, 49215, 49217,
       49229, 49308, 49309, 49364, 49497]), array([   41,    48,   190,   193,   347,   528,   533,   567,   759,
         810,   882,   921,   950,  1010,  1046,  1120,  1197,  1273,
        1328,  1330,  1340,  1364,  1413,  1416,  1510,  1521,  1661,
        1766,  1779,  1803,  1904,  1907,  1915,  1967,  2022,  2052,
        2065,  2302,  2371,  2432,  2439,  2490,  2501,  2524,  2538,
        2661,  2677,  2681,  2738,  2784,  2791,  2802,  2845,  2847,
        2878,  2976,  2994,  3136,  3199,  3266,  3272,  3274,  3390,
        3409,  3432,  3445,  3457,  3529,  3540,  3614,  3815,  3836,
        3855,  3869,  3924,  4021,  4069,  4072,  4118,  4205,  4338,
        4383,  4386,  4485,  4705,  4723,  4728,  4797,  4887,  4938,
        4954,  5037,  5122,  5124,  5169,  5171,  5176,  5183,  5188,
        5244,  5269,  5272,  5274,  5275,  5278,  5320,  5363,  5418,
        5455,  5483,  5535,  5583,  5588,  5655,  5710,  5792,  5804,
        5819,  5837,  5926,  5968,  6048,  6057,  6096,  6178,  6205,
        6254,  6257,  6281,  6331,  6407,  6489,  6494,  6521,  6686,
        6696,  6741,  6811,  6970,  7020,  7071,  7076,  7081,  7139,
        7190,  7205,  7240,  7291,  7372,  7392,  7467,  7468,  7526,
        7590,  7595,  7689,  7788,  7894,  7976,  7988,  8007,  8017,
        8083,  8153,  8175,  8181,  8213,  8238,  8257,  8259,  8394,
        8407,  8431,  8479,  8556,  8663,  8718,  8731,  8786,  8851,
        8873,  8881,  8920,  8954,  9077,  9200,  9301,  9302,  9347,
        9455,  9463,  9487,  9504,  9538,  9545,  9564,  9604,  9605,
        9801,  9825,  9862, 10057, 10088, 10118, 10206, 10252, 10280,
       10282, 10288, 10291, 10311, 10338, 10376, 10456, 10529, 10600,
       10619, 10636, 10696, 10700, 10734, 10740, 10859, 10868, 10899,
       10909, 10912, 10996, 11170, 11173, 11174, 11184, 11199, 11209,
       11425, 11487, 11595, 11601, 11704, 11727, 11762, 11774, 11823,
       11861, 11880, 11932, 11996, 12020, 12027, 12103, 12123, 12152,
       12243, 12305, 12375, 12453, 12572, 12645, 12673, 12763, 12817,
       12869, 12991, 13018, 13078, 13099, 13194, 13265, 13286, 13293,
       13306, 13388, 13397, 13430, 13448, 13483, 13546, 13692, 13694,
       13740, 13814, 13829, 13935, 13951, 14124, 14152, 14170, 14184,
       14186, 14350, 14384, 14385, 14426, 14435, 14446, 14458, 14505,
       14587, 14653, 14686, 14691, 14725, 14776, 14864, 14885, 14905,
       14918, 14982, 15220, 15222, 15241, 15393, 15474, 15566, 15574,
       15700, 15726, 15728, 15841, 15905, 15906, 15937, 16024, 16161,
       16185, 16191, 16270, 16360, 16382, 16504, 16515, 16544, 16572,
       16633, 16664, 16695, 16706, 16708, 16734, 16844, 16890, 16892,
       16916, 16942, 17063, 17131, 17151, 17155, 17250, 17268, 17310,
       17344, 17477, 17489, 17598, 17636, 17651, 17655, 17661, 17769,
       17793, 17798, 17870, 17961, 18011, 18041, 18102, 18114, 18457,
       18562, 18572, 18575, 18608, 18613, 18659, 18660, 18724, 18847,
       18940, 18956, 18968, 19021, 19038, 19079, 19148, 19160, 19228,
       19263, 19278, 19383, 19414, 19431, 19436, 19443, 19512, 19660,
       19664, 19832, 19878, 20193, 20218, 20280, 20368, 20376, 20397,
       20402, 20429, 20436, 20442, 20583, 20605, 20631, 20680, 20764,
       20778, 20807, 20825, 20955, 21105, 21117, 21221, 21413, 21524,
       21710, 21716, 21898, 21933, 21968, 21975, 22052, 22216, 22303,
       22339, 22384, 22494, 22506, 22518, 22642, 22734, 22735, 22787,
       22788, 22833, 22946, 22949, 23053, 23152, 23213, 23273, 23321,
       23373, 23374, 23414, 23457, 23668, 23700, 23741, 23859, 23920,
       23943, 23949, 24044, 24053, 24154, 24161, 24181, 24199, 24320,
       24351, 24387, 24395, 24427, 24429, 24460, 24470, 24486, 24545,
       24616, 24719, 24766, 24777, 24782, 24944, 24958, 25003, 25027,
       25142, 25158, 25183, 25192, 25210, 25223, 25254, 25368, 25458,
       25465, 25504, 25507, 25542, 25587, 25608, 25788, 25795, 26034,
       26057, 26088, 26220, 26234, 26297, 26359, 26386, 26487, 26512,
       26548, 26620, 26630, 26655, 26773, 26776, 26864, 26879, 26903,
       27272, 27400, 27419, 27445, 27459, 27498, 27511, 27517, 27538,
       27541, 27544, 27625, 27641, 27677, 27782, 27788, 27814, 27936,
       27994, 28060, 28122, 28165, 28168, 28301, 28383, 28400, 28409,
       28434, 28443, 28561, 28563, 28572, 28602, 28630, 28636, 28643,
       28653, 28682, 28796, 28841, 28885, 28923, 28970, 29055, 29083,
       29108, 29119, 29213, 29241, 29242, 29248, 29257, 29349, 29377,
       29430, 29470, 29594, 29744, 29764, 29803, 30028, 30048, 30086,
       30272, 30351, 30365, 30378, 30393, 30395, 30439, 30592, 30666,
       30715, 30744, 30784, 30876, 30916, 30929, 30955, 31117, 31120,
       31166, 31175, 31254, 31257, 31273, 31274, 31394, 31540, 31617,
       31625, 31676, 31726, 31746, 31856, 31953, 32052, 32053, 32077,
       32182, 32197, 32332, 32478, 32509, 32525, 32561, 32610, 32656,
       32748, 32758, 32787, 32792, 32822, 32833, 32842, 32843, 32846,
       32877, 32907, 32920, 33042, 33119, 33141, 33147, 33177, 33199,
       33203, 33251, 33262, 33345, 33418, 33444, 33479, 33572, 33578,
       33581, 33585, 33646, 33704, 33766, 33775, 33778, 33829, 33838,
       33906, 33913, 34004, 34027, 34082, 34147, 34151, 34213, 34221,
       34227, 34247, 34255, 34267, 34310, 34334, 34344, 34473, 34531,
       34601, 34809, 34820, 34884, 35024, 35086, 35114, 35152, 35281,
       35309, 35383, 35394, 35397, 35416, 35514, 35521, 35609, 35638,
       35641, 35648, 35703, 35803, 35830, 35876, 35988, 35991, 36008,
       36079, 36162, 36165, 36190, 36233, 36248, 36257, 36282, 36386,
       36639, 36648, 36703, 36819, 36862, 36886, 37000, 37001, 37118,
       37365, 37368, 37375, 37380, 37636, 37680, 37897, 37915, 37962,
       37967, 37977, 38073, 38112, 38131, 38297, 38298, 38317, 38326,
       38474, 38516, 38532, 38583, 38600, 38606, 38612, 38653, 38759,
       38845, 38854, 38860, 38881, 38885, 38994, 38999, 39011, 39107,
       39269, 39290, 39393, 39427, 39435, 39486, 39533, 39536, 39588,
       39600, 39757, 39763, 39780, 39800, 39801, 39917, 40089, 40169,
       40225, 40250, 40308, 40319, 40388, 40460, 40470, 40541, 40545,
       40627, 40762, 40798, 40950, 41033, 41075, 41152, 41181, 41261,
       41296, 41381, 41410, 41412, 41424, 41466, 41471, 41577, 41632,
       41655, 41701, 41751, 41764, 41869, 41957, 42030, 42090, 42112,
       42147, 42178, 42183, 42213, 42272, 42313, 42540, 42557, 42559,
       42566, 42578, 42611, 42632, 42847, 42869, 42905, 42933, 42938,
       43096, 43097, 43114, 43119, 43157, 43192, 43226, 43305, 43354,
       43409, 43420, 43550, 43553, 43632, 43652, 43765, 43769, 43835,
       43897, 43911, 43922, 43974, 43993, 44054, 44084, 44143, 44247,
       44297, 44332, 44334, 44363, 44371, 44381, 44384, 44429, 44561,
       44570, 44771, 44795, 44853, 44999, 45011, 45072, 45143, 45181,
       45229, 45366, 45419, 45426, 45460, 45513, 45558, 45626, 45657,
       45698, 45787, 45800, 45835, 46058, 46081, 46093, 46288, 46292,
       46323, 46329, 46339, 46412, 46433, 46434, 46441, 46461, 46473,
       46474, 46495, 46580, 46626, 46631, 46670, 46671, 46709, 46740,
       46795, 46829, 46963, 46990, 47012, 47030, 47042, 47078, 47095,
       47146, 47178, 47200, 47227, 47344, 47384, 47392, 47474, 47484,
       47623, 47755, 47789, 47805, 47821, 47911, 47917, 47979, 47992,
       48024, 48079, 48125, 48138, 48211, 48331, 48350, 48367, 48395,
       48399, 48437, 48475, 48482, 48488, 48567, 48665, 48671, 48734,
       48786, 48978, 49061, 49172, 49308, 49309, 49364, 49467]), array([   41,   190,   528,   533,   567,   759,   810,   882,   950,
        1197,  1273,  1328,  1330,  1364,  1416,  1510,  1521,  1661,
        1766,  1779,  1904,  1907,  1967,  2022,  2052,  2065,  2302,
        2371,  2432,  2490,  2524,  2538,  2661,  2738,  2784,  2791,
        2802,  2845,  2878,  2994,  3266,  3272,  3409,  3445,  3457,
        3529,  3540,  3783,  3815,  3836,  3855,  3869,  3924,  4021,
        4069,  4072,  4118,  4205,  4338,  4383,  4386,  4391,  4705,
        4797,  4887,  4938,  4954,  5037,  5122,  5169,  5176,  5183,
        5188,  5244,  5269,  5272,  5274,  5275,  5278,  5320,  5418,
        5455,  5483,  5525,  5535,  5583,  5588,  5655,  5710,  5792,
        5804,  5819,  5837,  5926,  6048,  6057,  6178,  6205,  6254,
        6281,  6331,  6407,  6489,  6494,  6521,  6696,  6741,  6811,
        6970,  7020,  7071,  7076,  7081,  7139,  7190,  7205,  7291,
        7392,  7467,  7526,  7590,  7595,  7689,  7988,  8007,  8017,
        8083,  8153,  8175,  8259,  8394,  8431,  8479,  8556,  8718,
        8786,  8851,  8873,  8881,  8920,  8954,  9077,  9200,  9301,
        9455,  9463,  9487,  9545,  9564,  9604,  9605,  9801,  9825,
        9862, 10057, 10088, 10280, 10288, 10311, 10338, 10376, 10529,
       10600, 10696, 10700, 10734, 10740, 10899, 10909, 10912, 10996,
       11174, 11184, 11199, 11209, 11425, 11487, 11595, 11601, 11704,
       11727, 11762, 11774, 11823, 11861, 11880, 11932, 12103, 12123,
       12152, 12243, 12305, 12375, 12453, 12572, 12645, 12673, 12763,
       12869, 13078, 13099, 13194, 13286, 13293, 13306, 13388, 13397,
       13430, 13483, 13546, 13709, 13740, 13935, 13951, 14124, 14184,
       14186, 14384, 14435, 14446, 14505, 14587, 14653, 14686, 14691,
       14725, 14776, 14864, 14885, 14905, 14918, 15222, 15241, 15393,
       15474, 15574, 15726, 15809, 15841, 15905, 15906, 16024, 16161,
       16185, 16191, 16270, 16382, 16544, 16572, 16664, 16695, 16708,
       16734, 16844, 16890, 16892, 16916, 16942, 17063, 17131, 17151,
       17155, 17250, 17268, 17310, 17477, 17489, 17598, 17636, 17655,
       17769, 17793, 17798, 17870, 17961, 18041, 18114, 18552, 18562,
       18608, 18613, 18659, 18660, 18724, 18847, 18940, 18956, 19021,
       19038, 19079, 19148, 19228, 19263, 19278, 19383, 19414, 19431,
       19436, 19443, 19512, 19664, 19878, 20193, 20218, 20280, 20397,
       20402, 20583, 20605, 20631, 20680, 20764, 20778, 20807, 21045,
       21117, 21221, 21413, 21524, 21688, 21710, 21716, 21898, 21933,
       21968, 21975, 22052, 22216, 22303, 22339, 22384, 22494, 22506,
       22642, 22735, 22787, 22833, 23053, 23131, 23273, 23321, 23373,
       23374, 23457, 23668, 23700, 23859, 23920, 23943, 24044, 24154,
       24161, 24179, 24199, 24320, 24351, 24395, 24427, 24460, 24470,
       24486, 24616, 24766, 24777, 24782, 24944, 24958, 25003, 25027,
       25183, 25192, 25210, 25254, 25368, 25458, 25465, 25504, 25507,
       25532, 25542, 25587, 25608, 25788, 26034, 26057, 26088, 26234,
       26297, 26386, 26487, 26512, 26548, 26620, 26630, 26655, 26773,
       26776, 26864, 26879, 26903, 27272, 27400, 27419, 27445, 27459,
       27498, 27511, 27538, 27541, 27544, 27625, 27627, 27641, 27677,
       27782, 27814, 27936, 27994, 28060, 28165, 28168, 28383, 28409,
       28434, 28561, 28563, 28572, 28602, 28630, 28636, 28643, 28682,
       28841, 28885, 28923, 28970, 29055, 29083, 29119, 29241, 29242,
       29248, 29377, 29430, 29470, 29744, 29764, 30028, 30048, 30365,
       30378, 30393, 30395, 30439, 30592, 30666, 30715, 30744, 30784,
       30876, 30892, 30955, 31120, 31166, 31175, 31254, 31273, 31274,
       31540, 31625, 31676, 31726, 31856, 31953, 32052, 32077, 32182,
       32197, 32332, 32478, 32525, 32561, 32610, 32656, 32758, 32787,
       32822, 32833, 32842, 32846, 32877, 32907, 32920, 33141, 33177,
       33199, 33262, 33444, 33479, 33572, 33578, 33581, 33585, 33704,
       33766, 33775, 33778, 33829, 33838, 33906, 33913, 34004, 34027,
       34082, 34147, 34151, 34213, 34221, 34227, 34255, 34267, 34310,
       34334, 34344, 34473, 34531, 34601, 34820, 34884, 35024, 35086,
       35114, 35152, 35281, 35383, 35394, 35397, 35416, 35514, 35521,
       35641, 35703, 35830, 35876, 35991, 36008, 36079, 36162, 36165,
       36190, 36233, 36248, 36257, 36639, 36648, 36703, 36819, 36862,
       36886, 37001, 37118, 37365, 37368, 37375, 37380, 37636, 37915,
       37962, 37967, 37977, 38073, 38297, 38474, 38583, 38600, 38606,
       38653, 38759, 38854, 38860, 38885, 38994, 38999, 39011, 39107,
       39269, 39290, 39393, 39427, 39486, 39533, 39536, 39600, 39757,
       39780, 39800, 39801, 39917, 40089, 40169, 40319, 40460, 40470,
       40541, 40545, 40627, 40762, 40950, 41033, 41075, 41152, 41181,
       41261, 41296, 41381, 41410, 41412, 41466, 41577, 41632, 41751,
       41764, 41869, 41957, 42030, 42112, 42147, 42183, 42213, 42313,
       42557, 42566, 42578, 42632, 42847, 42869, 42905, 42938, 43114,
       43119, 43157, 43226, 43305, 43420, 43550, 43553, 43632, 43765,
       43769, 43897, 43911, 43974, 43993, 44028, 44054, 44084, 44143,
       44247, 44297, 44332, 44334, 44363, 44371, 44429, 44561, 44771,
       44795, 45011, 45071, 45229, 45366, 45419, 45426, 45513, 45558,
       45657, 45698, 45787, 45835, 46093, 46288, 46306, 46323, 46339,
       46412, 46434, 46441, 46461, 46473, 46495, 46580, 46671, 46709,
       46740, 46795, 46963, 47012, 47030, 47042, 47146, 47178, 47200,
       47227, 47384, 47392, 47474, 47623, 47755, 47789, 47805, 47911,
       47917, 47992, 48024, 48079, 48125, 48138, 48350, 48395, 48399,
       48437, 48475, 48482, 48488, 48567, 48665, 48786, 48978, 49172,
       49308, 49309]), array([    6,    41,    48,   108,   152,   190,   193,   347,   528,
         533,   567,   722,   759,   810,   882,   950,   982,  1046,
        1120,  1175,  1197,  1273,  1328,  1330,  1364,  1413,  1416,
        1510,  1521,  1581,  1661,  1714,  1766,  1779,  1803,  1904,
        1907,  1952,  1967,  2022,  2052,  2062,  2065,  2076,  2232,
        2302,  2371,  2432,  2439,  2490,  2501,  2524,  2538,  2661,
        2677,  2681,  2738,  2784,  2791,  2802,  2804,  2845,  2847,
        2878,  2950,  2994,  3049,  3199,  3266,  3272,  3274,  3390,
        3409,  3445,  3457,  3529,  3540,  3681,  3783,  3815,  3836,
        3855,  3869,  3924,  3982,  4021,  4069,  4072,  4118,  4205,
        4338,  4383,  4386,  4391,  4485,  4575,  4705,  4797,  4887,
        4938,  4954,  5037,  5080,  5124,  5169,  5171,  5176,  5183,
        5188,  5244,  5269,  5272,  5274,  5275,  5278,  5320,  5363,
        5418,  5455,  5483,  5525,  5535,  5583,  5588,  5655,  5710,
        5722,  5784,  5792,  5804,  5819,  5837,  5926,  5968,  6008,
        6048,  6057,  6096,  6178,  6205,  6254,  6259,  6281,  6331,
        6407,  6489,  6494,  6521,  6552,  6686,  6696,  6741,  6811,
        6970,  6979,  7020,  7066,  7071,  7076,  7081,  7139,  7190,
        7205,  7259,  7291,  7372,  7392,  7467,  7468,  7526,  7584,
        7590,  7595,  7689,  7788,  7894,  7988,  7992,  8007,  8017,
        8083,  8153,  8175,  8181,  8213,  8257,  8259,  8272,  8394,
        8407,  8431,  8479,  8556,  8663,  8682,  8718,  8731,  8786,
        8851,  8873,  8881,  8920,  8954,  9077,  9200,  9207,  9301,
        9302,  9347,  9357,  9455,  9463,  9487,  9504,  9538,  9545,
        9564,  9566,  9604,  9605,  9801,  9808,  9825,  9862,  9931,
        9996, 10057, 10061, 10088, 10118, 10280, 10282, 10288, 10291,
       10311, 10338, 10376, 10529, 10600, 10619, 10636, 10688, 10696,
       10700, 10734, 10831, 10859, 10868, 10899, 10909, 10912, 10951,
       10958, 10996, 11001, 11094, 11170, 11173, 11174, 11184, 11199,
       11209, 11425, 11436, 11487, 11595, 11601, 11648, 11704, 11727,
       11762, 11773, 11774, 11823, 11861, 11880, 11932, 11996, 12103,
       12152, 12173, 12243, 12279, 12305, 12313, 12375, 12453, 12572,
       12589, 12645, 12673, 12682, 12763, 12817, 12869, 12991, 13018,
       13078, 13099, 13146, 13194, 13286, 13293, 13306, 13342, 13388,
       13397, 13412, 13430, 13448, 13483, 13546, 13692, 13694, 13740,
       13794, 13814, 13829, 13935, 13951, 14044, 14124, 14152, 14184,
       14186, 14350, 14384, 14385, 14435, 14446, 14458, 14469, 14505,
       14587, 14641, 14644, 14653, 14686, 14691, 14725, 14776, 14789,
       14864, 14885, 14905, 14918, 14952, 14982, 15017, 15035, 15220,
       15222, 15241, 15393, 15474, 15521, 15566, 15574, 15726, 15728,
       15809, 15819, 15841, 15865, 15894, 15905, 15906, 16024, 16161,
       16185, 16191, 16270, 16316, 16360, 16382, 16504, 16515, 16544,
       16572, 16633, 16664, 16695, 16706, 16708, 16734, 16844, 16890,
       16892, 16916, 16942, 17063, 17131, 17151, 17155, 17250, 17268,
       17310, 17344, 17477, 17489, 17533, 17598, 17636, 17651, 17655,
       17661, 17769, 17793, 17798, 17870, 17961, 17968, 18011, 18037,
       18041, 18102, 18114, 18457, 18562, 18608, 18613, 18659, 18660,
       18724, 18847, 18940, 18956, 19021, 19038, 19079, 19148, 19149,
       19160, 19228, 19263, 19278, 19383, 19414, 19431, 19436, 19443,
       19512, 19568, 19660, 19664, 19832, 19878, 19999, 20193, 20218,
       20280, 20354, 20397, 20402, 20429, 20436, 20583, 20605, 20623,
       20631, 20680, 20764, 20778, 20807, 20825, 21045, 21048, 21117,
       21221, 21409, 21413, 21524, 21688, 21710, 21716, 21898, 21933,
       21968, 21975, 22052, 22206, 22216, 22303, 22411, 22494, 22504,
       22506, 22518, 22642, 22734, 22735, 22787, 22788, 22833, 22946,
       22949, 23034, 23053, 23131, 23213, 23273, 23321, 23373, 23374,
       23414, 23457, 23668, 23700, 23741, 23859, 23920, 23943, 23949,
       23967, 24044, 24053, 24112, 24154, 24161, 24179, 24181, 24199,
       24320, 24351, 24387, 24395, 24427, 24429, 24460, 24470, 24486,
       24616, 24766, 24777, 24782, 24831, 24878, 24944, 24958, 24988,
       25003, 25027, 25142, 25147, 25183, 25192, 25210, 25223, 25254,
       25368, 25458, 25465, 25504, 25507, 25532, 25542, 25587, 25608,
       25788, 25795, 26005, 26034, 26057, 26088, 26147, 26234, 26297,
       26359, 26386, 26487, 26512, 26548, 26620, 26630, 26655, 26683,
       26773, 26776, 26864, 26879, 26903, 27113, 27272, 27400, 27419,
       27445, 27459, 27498, 27511, 27538, 27541, 27544, 27625, 27627,
       27677, 27747, 27782, 27788, 27814, 27835, 27936, 27994, 28052,
       28060, 28122, 28134, 28165, 28168, 28301, 28383, 28400, 28409,
       28434, 28443, 28563, 28572, 28576, 28602, 28630, 28636, 28643,
       28653, 28682, 28796, 28841, 28885, 28923, 28970, 29055, 29083,
       29108, 29119, 29213, 29241, 29242, 29248, 29257, 29349, 29377,
       29430, 29470, 29525, 29528, 29594, 29692, 29744, 29764, 30028,
       30048, 30086, 30351, 30365, 30393, 30395, 30439, 30592, 30666,
       30715, 30744, 30784, 30817, 30876, 30892, 30916, 30929, 30955,
       31117, 31120, 31166, 31175, 31254, 31257, 31273, 31274, 31394,
       31505, 31540, 31617, 31625, 31630, 31676, 31726, 31746, 31768,
       31856, 31953, 32052, 32053, 32077, 32182, 32197, 32332, 32478,
       32525, 32560, 32561, 32610, 32656, 32688, 32758, 32787, 32792,
       32822, 32833, 32842, 32843, 32846, 32877, 32907, 32920, 32983,
       33042, 33119, 33141, 33147, 33177, 33199, 33221, 33262, 33278,
       33444, 33479, 33572, 33578, 33581, 33585, 33646, 33704, 33766,
       33775, 33778, 33829, 33838, 33906, 33913, 34004, 34027, 34082,
       34147, 34151, 34213, 34221, 34227, 34255, 34267, 34310, 34334,
       34344, 34473, 34531, 34601, 34809, 34820, 34884, 34934, 35024,
       35086, 35093, 35114, 35152, 35281, 35309, 35383, 35397, 35416,
       35514, 35521, 35638, 35641, 35803, 35830, 35873, 35876, 35988,
       35991, 36008, 36162, 36165, 36190, 36210, 36233, 36248, 36253,
       36257, 36282, 36619, 36639, 36648, 36703, 36773, 36819, 36862,
       36886, 37075, 37080, 37118, 37202, 37365, 37368, 37375, 37380,
       37636, 37680, 37811, 37915, 37967, 37977, 38073, 38112, 38131,
       38259, 38297, 38298, 38326, 38474, 38583, 38600, 38606, 38612,
       38653, 38759, 38854, 38860, 38881, 38885, 38994, 38999, 39000,
       39011, 39107, 39269, 39290, 39372, 39393, 39427, 39435, 39486,
       39533, 39536, 39588, 39600, 39757, 39763, 39780, 39800, 39801,
       39917, 40089, 40114, 40169, 40289, 40319, 40388, 40460, 40470,
       40541, 40545, 40627, 40658, 40748, 40762, 40798, 40840, 40950,
       40999, 41009, 41033, 41075, 41110, 41152, 41181, 41261, 41296,
       41381, 41410, 41412, 41424, 41466, 41471, 41577, 41632, 41701,
       41751, 41764, 41776, 41869, 41957, 42030, 42090, 42112, 42147,
       42178, 42183, 42213, 42237, 42313, 42378, 42557, 42559, 42566,
       42578, 42611, 42632, 42847, 42869, 42905, 42933, 42938, 43044,
       43096, 43114, 43119, 43157, 43211, 43226, 43305, 43420, 43550,
       43553, 43632, 43652, 43765, 43769, 43835, 43897, 43911, 43922,
       43974, 43993, 44028, 44054, 44084, 44143, 44170, 44247, 44297,
       44332, 44334, 44363, 44371, 44381, 44429, 44561, 44570, 44628,
       44771, 44795, 44853, 44999, 45011, 45072, 45108, 45229, 45366,
       45419, 45426, 45445, 45460, 45513, 45558, 45657, 45698, 45781,
       45787, 45800, 45835, 45890, 46021, 46058, 46093, 46102, 46132,
       46288, 46292, 46306, 46323, 46339, 46412, 46433, 46434, 46441,
       46461, 46473, 46495, 46546, 46580, 46626, 46631, 46670, 46671,
       46709, 46740, 46760, 46795, 46827, 46829, 46963, 47012, 47030,
       47042, 47095, 47146, 47178, 47200, 47227, 47272, 47384, 47392,
       47474, 47484, 47616, 47623, 47755, 47763, 47789, 47805, 47821,
       47911, 47917, 47979, 47992, 48024, 48079, 48125, 48138, 48350,
       48367, 48395, 48399, 48437, 48475, 48482, 48488, 48567, 48665,
       48671, 48786, 48978, 49061, 49147, 49172, 49215, 49308, 49309,
       49364]), array([   41,   108,   152,   190,   193,   347,   528,   533,   567,
         759,   810,   882,   921,   950,   982,  1010,  1046,  1120,
        1175,  1197,  1273,  1328,  1330,  1364,  1413,  1416,  1510,
        1581,  1593,  1661,  1766,  1779,  1803,  1904,  1907,  1952,
        1967,  2022,  2052,  2062,  2065,  2076,  2302,  2371,  2432,
        2439,  2490,  2501,  2524,  2538,  2661,  2677,  2681,  2738,
        2784,  2791,  2802,  2804,  2845,  2847,  2878,  2950,  2976,
        2994,  3049,  3067,  3199,  3266,  3272,  3274,  3390,  3409,
        3432,  3445,  3457,  3529,  3540,  3614,  3637,  3681,  3783,
        3815,  3836,  3855,  3869,  3924,  4021,  4069,  4072,  4118,
        4205,  4212,  4338,  4383,  4386,  4391,  4485,  4575,  4705,
        4723,  4797,  4887,  4938,  4954,  5037,  5122,  5124,  5169,
        5171,  5176,  5183,  5188,  5231,  5244,  5269,  5272,  5274,
        5275,  5278,  5283,  5320,  5363,  5418,  5455,  5483,  5525,
        5535,  5583,  5588,  5655,  5710,  5722,  5784,  5792,  5804,
        5819,  5837,  5926,  5968,  6008,  6048,  6057,  6096,  6178,
        6205,  6254,  6259,  6281,  6331,  6407,  6440,  6489,  6494,
        6521,  6686,  6696,  6741,  6811,  6970,  6979,  7020,  7066,
        7071,  7076,  7081,  7139,  7190,  7205,  7259,  7291,  7392,
        7467,  7468,  7526,  7584,  7590,  7595,  7689,  7788,  7894,
        7976,  7988,  7992,  8007,  8017,  8040,  8083,  8153,  8175,
        8181,  8213,  8257,  8259,  8272,  8394,  8407,  8431,  8479,
        8556,  8663,  8682,  8718,  8731,  8786,  8851,  8873,  8881,
        8920,  8954,  9077,  9081,  9200,  9207,  9301,  9302,  9357,
        9455,  9463,  9486,  9487,  9504,  9538,  9545,  9564,  9566,
        9604,  9605,  9801,  9808,  9825,  9862,  9986,  9996, 10057,
       10061, 10088, 10118, 10206, 10280, 10282, 10288, 10291, 10311,
       10338, 10376, 10529, 10600, 10619, 10688, 10696, 10700, 10734,
       10740, 10831, 10868, 10899, 10909, 10912, 10951, 10958, 10996,
       11001, 11094, 11170, 11173, 11174, 11184, 11199, 11209, 11229,
       11425, 11436, 11487, 11517, 11595, 11601, 11648, 11704, 11727,
       11762, 11773, 11774, 11787, 11813, 11823, 11861, 11880, 11932,
       11996, 12103, 12152, 12173, 12243, 12279, 12305, 12313, 12349,
       12375, 12453, 12572, 12589, 12645, 12673, 12682, 12763, 12817,
       12869, 12991, 13018, 13078, 13099, 13146, 13194, 13265, 13286,
       13293, 13306, 13388, 13397, 13412, 13430, 13448, 13483, 13544,
       13546, 13692, 13694, 13740, 13763, 13794, 13814, 13829, 13935,
       13951, 14044, 14124, 14152, 14184, 14186, 14350, 14384, 14385,
       14426, 14435, 14446, 14458, 14469, 14505, 14519, 14587, 14641,
       14644, 14653, 14686, 14691, 14725, 14751, 14776, 14789, 14864,
       14885, 14905, 14918, 14952, 14982, 15220, 15222, 15241, 15391,
       15393, 15474, 15521, 15539, 15566, 15574, 15726, 15728, 15809,
       15819, 15841, 15870, 15894, 15905, 15906, 16024, 16161, 16185,
       16191, 16270, 16316, 16360, 16382, 16504, 16515, 16544, 16572,
       16633, 16664, 16695, 16706, 16707, 16708, 16721, 16734, 16844,
       16890, 16892, 16916, 16942, 17063, 17131, 17151, 17155, 17250,
       17268, 17310, 17344, 17471, 17477, 17489, 17533, 17598, 17626,
       17636, 17651, 17655, 17661, 17676, 17769, 17793, 17798, 17870,
       17918, 17954, 17961, 17968, 18037, 18041, 18114, 18457, 18562,
       18572, 18575, 18608, 18613, 18659, 18660, 18724, 18847, 18940,
       18956, 19021, 19038, 19079, 19148, 19149, 19160, 19228, 19263,
       19278, 19383, 19414, 19431, 19436, 19443, 19512, 19664, 19832,
       19878, 19999, 20193, 20218, 20280, 20288, 20354, 20376, 20397,
       20402, 20429, 20436, 20583, 20605, 20623, 20631, 20680, 20764,
       20778, 20807, 20825, 21045, 21048, 21105, 21117, 21221, 21413,
       21524, 21636, 21688, 21705, 21710, 21716, 21898, 21933, 21975,
       22052, 22183, 22206, 22216, 22303, 22411, 22442, 22494, 22504,
       22506, 22518, 22642, 22734, 22735, 22738, 22787, 22788, 22833,
       22946, 22949, 23034, 23053, 23131, 23213, 23273, 23283, 23321,
       23373, 23374, 23414, 23457, 23668, 23700, 23741, 23859, 23920,
       23943, 23949, 23967, 24044, 24053, 24112, 24154, 24161, 24179,
       24181, 24199, 24320, 24351, 24387, 24395, 24420, 24427, 24429,
       24456, 24460, 24470, 24486, 24545, 24616, 24766, 24777, 24782,
       24831, 24876, 24944, 24958, 24988, 25003, 25027, 25142, 25147,
       25158, 25183, 25192, 25210, 25223, 25254, 25368, 25458, 25465,
       25504, 25507, 25532, 25542, 25587, 25608, 25788, 25795, 25958,
       26005, 26034, 26057, 26088, 26147, 26234, 26297, 26324, 26359,
       26386, 26487, 26512, 26548, 26620, 26630, 26655, 26683, 26773,
       26776, 26864, 26879, 26903, 27049, 27113, 27272, 27400, 27419,
       27445, 27459, 27498, 27511, 27538, 27541, 27544, 27625, 27627,
       27641, 27677, 27747, 27782, 27788, 27814, 27835, 27936, 27994,
       28052, 28060, 28122, 28165, 28168, 28301, 28383, 28400, 28409,
       28434, 28443, 28498, 28561, 28563, 28572, 28576, 28602, 28630,
       28636, 28643, 28653, 28682, 28709, 28796, 28841, 28885, 28923,
       28970, 29055, 29083, 29108, 29119, 29213, 29241, 29242, 29248,
       29257, 29349, 29377, 29430, 29470, 29525, 29528, 29594, 29636,
       29692, 29744, 29764, 29805, 29950, 30017, 30028, 30048, 30086,
       30272, 30292, 30351, 30365, 30393, 30395, 30439, 30592, 30666,
       30715, 30744, 30784, 30817, 30876, 30892, 30916, 30929, 30955,
       30977, 31117, 31120, 31166, 31175, 31217, 31254, 31257, 31273,
       31274, 31394, 31505, 31540, 31617, 31625, 31630, 31676, 31692,
       31726, 31746, 31768, 31856, 31953, 32052, 32053, 32077, 32182,
       32197, 32332, 32478, 32525, 32560, 32561, 32610, 32656, 32688,
       32758, 32792, 32822, 32833, 32842, 32843, 32846, 32877, 32907,
       32920, 32983, 33042, 33119, 33128, 33141, 33147, 33177, 33199,
       33221, 33262, 33278, 33317, 33444, 33479, 33572, 33578, 33581,
       33585, 33646, 33704, 33730, 33766, 33775, 33778, 33829, 33832,
       33838, 33906, 33913, 34004, 34027, 34082, 34147, 34151, 34212,
       34213, 34221, 34227, 34247, 34255, 34267, 34310, 34334, 34344,
       34441, 34473, 34531, 34601, 34809, 34820, 34884, 34934, 34969,
       35024, 35086, 35093, 35104, 35114, 35152, 35281, 35309, 35383,
       35397, 35416, 35514, 35521, 35638, 35641, 35648, 35803, 35830,
       35873, 35876, 35988, 35991, 36008, 36018, 36162, 36165, 36190,
       36233, 36248, 36253, 36257, 36282, 36330, 36619, 36639, 36648,
       36703, 36773, 36819, 36862, 36886, 37001, 37016, 37075, 37080,
       37118, 37202, 37365, 37368, 37375, 37380, 37483, 37636, 37680,
       37811, 37915, 37960, 37967, 37977, 38073, 38112, 38131, 38259,
       38297, 38326, 38474, 38508, 38530, 38532, 38563, 38583, 38600,
       38606, 38653, 38670, 38759, 38845, 38854, 38860, 38863, 38881,
       38885, 38994, 38999, 39000, 39011, 39107, 39141, 39269, 39290,
       39372, 39393, 39427, 39435, 39486, 39533, 39536, 39588, 39600,
       39757, 39780, 39800, 39801, 39917, 40089, 40114, 40169, 40289,
       40319, 40388, 40460, 40470, 40541, 40545, 40627, 40748, 40762,
       40798, 40840, 40950, 40999, 41009, 41033, 41075, 41110, 41152,
       41181, 41261, 41296, 41381, 41410, 41412, 41413, 41424, 41466,
       41471, 41577, 41632, 41735, 41751, 41764, 41776, 41869, 41957,
       42030, 42090, 42112, 42147, 42178, 42183, 42213, 42237, 42313,
       42378, 42557, 42559, 42566, 42578, 42611, 42632, 42651, 42730,
       42847, 42869, 42905, 42933, 42938, 43096, 43114, 43119, 43157,
       43211, 43226, 43305, 43420, 43550, 43553, 43632, 43652, 43765,
       43769, 43820, 43835, 43897, 43911, 43974, 43993, 44028, 44054,
       44084, 44143, 44170, 44247, 44297, 44332, 44334, 44363, 44371,
       44381, 44384, 44429, 44561, 44570, 44628, 44771, 44795, 44853,
       44915, 44999, 45011, 45023, 45071, 45072, 45229, 45366, 45396,
       45419, 45426, 45445, 45460, 45513, 45558, 45626, 45657, 45698,
       45781, 45787, 45800, 45835, 45890, 45991, 45992, 46021, 46058,
       46093, 46102, 46181, 46288, 46292, 46306, 46323, 46329, 46339,
       46412, 46433, 46434, 46441, 46461, 46473, 46495, 46546, 46580,
       46626, 46631, 46670, 46671, 46709, 46740, 46760, 46795, 46827,
       46829, 46963, 47012, 47030, 47042, 47095, 47146, 47163, 47178,
       47200, 47227, 47384, 47392, 47474, 47484, 47616, 47623, 47755,
       47763, 47789, 47805, 47821, 47911, 47917, 47979, 47992, 48024,
       48079, 48116, 48125, 48138, 48220, 48350, 48367, 48395, 48399,
       48437, 48475, 48482, 48488, 48567, 48665, 48671, 48734, 48786,
       48978, 49147, 49172, 49215, 49308, 49309, 49364]), array([    6,    41,    82,   108,   152,   190,   193,   259,   347,
         528,   533,   567,   759,   810,   882,   921,   950,   982,
        1010,  1046,  1120,  1197,  1273,  1328,  1330,  1364,  1413,
        1416,  1510,  1521,  1581,  1593,  1661,  1714,  1766,  1779,
        1803,  1904,  1907,  1951,  1952,  1967,  2022,  2052,  2062,
        2065,  2076,  2190,  2232,  2302,  2311,  2371,  2432,  2439,
        2490,  2501,  2524,  2538,  2661,  2677,  2681,  2738,  2784,
        2791,  2802,  2804,  2845,  2847,  2878,  2950,  2994,  3049,
        3067,  3199,  3266,  3272,  3274,  3390,  3409,  3432,  3445,
        3457,  3529,  3540,  3614,  3637,  3681,  3783,  3815,  3836,
        3855,  3869,  3924,  3982,  4021,  4069,  4072,  4118,  4205,
        4212,  4338,  4383,  4386,  4391,  4485,  4547,  4575,  4705,
        4723,  4728,  4797,  4887,  4938,  4954,  5037,  5122,  5124,
        5169,  5171,  5176,  5183,  5188,  5231,  5244,  5269,  5272,
        5274,  5275,  5278,  5283,  5320,  5363,  5418,  5455,  5483,
        5524,  5525,  5535,  5583,  5588,  5655,  5710,  5722,  5784,
        5792,  5804,  5819,  5837,  5867,  5926,  5968,  6008,  6048,
        6057,  6096,  6178,  6205,  6254,  6259,  6281,  6331,  6407,
        6440,  6489,  6494,  6521,  6552,  6686,  6696,  6741,  6811,
        6970,  6979,  7020,  7066,  7071,  7076,  7081,  7139,  7190,
        7205,  7259,  7291,  7372,  7375,  7392,  7467,  7468,  7526,
        7584,  7590,  7595,  7689,  7788,  7894,  7976,  7988,  8007,
        8017,  8040,  8083,  8153,  8175,  8181,  8213,  8231,  8257,
        8259,  8272,  8334,  8394,  8407,  8431,  8479,  8556,  8663,
        8718,  8731,  8786,  8851,  8873,  8881,  8920,  8954,  9077,
        9081,  9200,  9207,  9214,  9301,  9302,  9357,  9434,  9455,
        9463,  9486,  9487,  9504,  9538,  9545,  9564,  9566,  9604,
        9605,  9801,  9808,  9825,  9862,  9986,  9996, 10057, 10061,
       10088, 10118, 10280, 10282, 10288, 10291, 10311, 10338, 10376,
       10529, 10600, 10619, 10636, 10688, 10696, 10700, 10734, 10740,
       10766, 10799, 10831, 10868, 10899, 10909, 10912, 10951, 10958,
       10996, 11001, 11094, 11170, 11173, 11174, 11184, 11199, 11209,
       11229, 11425, 11436, 11487, 11574, 11595, 11601, 11648, 11704,
       11727, 11762, 11773, 11774, 11787, 11823, 11861, 11880, 11932,
       11996, 12103, 12123, 12152, 12173, 12243, 12279, 12305, 12313,
       12349, 12375, 12453, 12515, 12572, 12589, 12645, 12673, 12682,
       12763, 12817, 12869, 12991, 13018, 13078, 13099, 13146, 13194,
       13286, 13293, 13306, 13342, 13388, 13397, 13412, 13430, 13448,
       13483, 13544, 13546, 13692, 13694, 13709, 13740, 13763, 13794,
       13814, 13829, 13935, 14044, 14124, 14184, 14186, 14350, 14384,
       14385, 14426, 14435, 14446, 14458, 14469, 14505, 14587, 14641,
       14644, 14686, 14691, 14725, 14751, 14776, 14864, 14885, 14918,
       14952, 14974, 14976, 14982, 15035, 15220, 15222, 15241, 15391,
       15393, 15428, 15474, 15521, 15566, 15574, 15726, 15728, 15809,
       15819, 15841, 15865, 15870, 15894, 15905, 15906, 16024, 16161,
       16185, 16191, 16270, 16316, 16360, 16382, 16504, 16515, 16544,
       16572, 16633, 16664, 16695, 16706, 16707, 16708, 16734, 16844,
       16890, 16892, 16916, 16942, 17063, 17131, 17151, 17155, 17250,
       17268, 17310, 17344, 17471, 17477, 17489, 17533, 17576, 17598,
       17626, 17636, 17651, 17655, 17661, 17676, 17769, 17793, 17798,
       17870, 17918, 17961, 17968, 18011, 18037, 18041, 18102, 18114,
       18457, 18552, 18562, 18575, 18608, 18613, 18659, 18660, 18724,
       18847, 18940, 18956, 19021, 19038, 19079, 19148, 19149, 19160,
       19228, 19263, 19278, 19383, 19414, 19431, 19436, 19443, 19512,
       19568, 19660, 19664, 19832, 19878, 19900, 19999, 20193, 20218,
       20280, 20288, 20354, 20376, 20397, 20402, 20429, 20436, 20442,
       20520, 20583, 20605, 20623, 20631, 20680, 20764, 20778, 20807,
       20825, 20827, 21045, 21048, 21105, 21117, 21221, 21267, 21409,
       21413, 21524, 21636, 21688, 21705, 21710, 21716, 21898, 21933,
       21975, 22052, 22183, 22206, 22216, 22303, 22384, 22411, 22442,
       22494, 22504, 22506, 22518, 22642, 22734, 22735, 22738, 22761,
       22787, 22788, 22833, 22946, 22949, 23034, 23053, 23131, 23152,
       23213, 23273, 23283, 23321, 23373, 23374, 23414, 23457, 23497,
       23648, 23668, 23700, 23741, 23859, 23920, 23943, 23949, 23967,
       24044, 24053, 24112, 24154, 24161, 24172, 24179, 24181, 24199,
       24320, 24351, 24387, 24395, 24427, 24429, 24452, 24456, 24460,
       24470, 24486, 24545, 24616, 24702, 24766, 24777, 24782, 24831,
       24876, 24944, 24958, 24988, 25003, 25027, 25142, 25147, 25158,
       25183, 25192, 25210, 25223, 25254, 25280, 25368, 25458, 25465,
       25504, 25507, 25532, 25542, 25587, 25594, 25608, 25788, 25795,
       25958, 26005, 26034, 26057, 26088, 26147, 26234, 26275, 26297,
       26324, 26340, 26359, 26386, 26487, 26512, 26548, 26620, 26630,
       26645, 26655, 26683, 26773, 26776, 26831, 26864, 26879, 26903,
       27113, 27272, 27400, 27419, 27445, 27459, 27498, 27511, 27538,
       27541, 27544, 27625, 27627, 27641, 27677, 27747, 27782, 27788,
       27814, 27835, 27936, 27994, 28011, 28052, 28060, 28122, 28165,
       28168, 28301, 28383, 28400, 28409, 28434, 28443, 28561, 28563,
       28572, 28576, 28602, 28630, 28636, 28643, 28653, 28682, 28709,
       28740, 28796, 28841, 28885, 28923, 28970, 29055, 29083, 29108,
       29119, 29145, 29213, 29241, 29242, 29248, 29257, 29349, 29372,
       29377, 29430, 29470, 29525, 29528, 29636, 29692, 29744, 29750,
       29764, 30017, 30028, 30048, 30086, 30272, 30292, 30351, 30365,
       30393, 30395, 30439, 30509, 30592, 30666, 30715, 30744, 30784,
       30817, 30876, 30892, 30916, 30929, 30955, 30977, 31117, 31120,
       31166, 31175, 31217, 31254, 31257, 31273, 31274, 31394, 31505,
       31540, 31617, 31625, 31630, 31676, 31692, 31726, 31746, 31768,
       31856, 31895, 31953, 32052, 32053, 32077, 32182, 32197, 32332,
       32478, 32525, 32560, 32561, 32610, 32647, 32656, 32688, 32748,
       32758, 32787, 32792, 32822, 32833, 32842, 32843, 32846, 32877,
       32907, 32920, 32927, 32983, 33042, 33119, 33128, 33141, 33147,
       33177, 33199, 33221, 33262, 33278, 33444, 33479, 33572, 33578,
       33581, 33585, 33646, 33704, 33766, 33775, 33778, 33829, 33838,
       33906, 33913, 34004, 34027, 34082, 34147, 34151, 34212, 34213,
       34221, 34227, 34247, 34255, 34267, 34310, 34334, 34344, 34473,
       34531, 34601, 34809, 34820, 34884, 34934, 35024, 35086, 35104,
       35114, 35152, 35281, 35309, 35383, 35397, 35416, 35514, 35521,
       35638, 35641, 35648, 35803, 35830, 35873, 35876, 35988, 35991,
       36008, 36018, 36162, 36165, 36190, 36210, 36233, 36248, 36253,
       36257, 36312, 36639, 36648, 36703, 36773, 36819, 36862, 36886,
       36958, 37001, 37016, 37075, 37080, 37094, 37118, 37199, 37202,
       37270, 37365, 37368, 37375, 37380, 37636, 37680, 37771, 37811,
       37897, 37915, 37960, 37967, 37977, 38073, 38112, 38131, 38148,
       38259, 38297, 38326, 38474, 38508, 38530, 38532, 38563, 38583,
       38600, 38606, 38653, 38670, 38679, 38759, 38845, 38854, 38860,
       38863, 38881, 38884, 38885, 38994, 38999, 39000, 39011, 39107,
       39141, 39269, 39290, 39372, 39393, 39427, 39435, 39486, 39533,
       39536, 39588, 39600, 39615, 39757, 39763, 39780, 39800, 39801,
       39917, 39930, 40001, 40089, 40114, 40169, 40289, 40319, 40388,
       40460, 40470, 40541, 40545, 40580, 40627, 40762, 40798, 40840,
       40888, 40950, 40999, 41009, 41033, 41075, 41110, 41152, 41181,
       41261, 41288, 41290, 41296, 41381, 41410, 41412, 41413, 41424,
       41462, 41466, 41471, 41577, 41632, 41701, 41735, 41751, 41764,
       41776, 41869, 41957, 42030, 42090, 42112, 42147, 42178, 42183,
       42213, 42237, 42313, 42378, 42505, 42557, 42559, 42566, 42578,
       42604, 42611, 42632, 42847, 42869, 42905, 42933, 42938, 42990,
       43096, 43114, 43119, 43157, 43211, 43226, 43305, 43409, 43420,
       43550, 43553, 43632, 43652, 43765, 43769, 43835, 43897, 43911,
       43922, 43974, 43993, 44028, 44054, 44084, 44143, 44170, 44247,
       44297, 44332, 44334, 44363, 44371, 44381, 44384, 44429, 44561,
       44570, 44628, 44771, 44795, 44797, 44853, 44999, 45011, 45023,
       45071, 45072, 45108, 45229, 45362, 45366, 45396, 45419, 45426,
       45445, 45460, 45513, 45558, 45626, 45657, 45698, 45781, 45787,
       45800, 45835, 45890, 45906, 45991, 45992, 46021, 46058, 46093,
       46097, 46102, 46132, 46142, 46288, 46292, 46306, 46323, 46329,
       46339, 46412, 46433, 46434, 46441, 46461, 46473, 46495, 46546,
       46580, 46626, 46631, 46670, 46671, 46709, 46740, 46760, 46795,
       46827, 46829, 46918, 46963, 47012, 47030, 47042, 47078, 47095,
       47146, 47163, 47178, 47200, 47227, 47384, 47392, 47474, 47484,
       47536, 47616, 47623, 47714, 47755, 47763, 47789, 47805, 47821,
       47911, 47917, 47979, 47992, 48024, 48079, 48116, 48125, 48138,
       48220, 48350, 48367, 48395, 48399, 48437, 48459, 48475, 48482,
       48488, 48566, 48567, 48665, 48671, 48725, 48786, 48978, 49147,
       49172, 49215, 49308, 49309, 49364]), array([    6,    41,   108,   152,   190,   193,   259,   347,   528,
         533,   567,   759,   810,   882,   950,   982,  1010,  1046,
        1120,  1197,  1273,  1282,  1328,  1330,  1340,  1364,  1413,
        1416,  1480,  1510,  1521,  1581,  1593,  1661,  1714,  1766,
        1779,  1803,  1904,  1907,  1952,  1967,  2022,  2052,  2062,
        2065,  2076,  2190,  2232,  2302,  2311,  2371,  2432,  2439,
        2490,  2501,  2524,  2538,  2661,  2677,  2681,  2738,  2784,
        2791,  2802,  2845,  2847,  2878,  2950,  2994,  3049,  3067,
        3199,  3266,  3272,  3274,  3390,  3409,  3445,  3457,  3529,
        3540,  3637,  3681,  3783,  3815,  3836,  3855,  3869,  3924,
        3982,  4021,  4069,  4072,  4118,  4205,  4212,  4285,  4338,
        4383,  4386,  4391,  4485,  4705,  4723,  4728,  4797,  4887,
        4938,  4954,  4993,  5037,  5080,  5122,  5124,  5169,  5171,
        5176,  5183,  5188,  5231,  5244,  5269,  5272,  5274,  5275,
        5278,  5283,  5320,  5363,  5418,  5455,  5483,  5525,  5535,
        5583,  5588,  5655,  5709,  5710,  5722,  5784,  5792,  5804,
        5819,  5837,  5867,  5926,  5968,  6008,  6048,  6057,  6096,
        6178,  6184,  6205,  6254,  6281,  6331,  6407,  6440,  6489,
        6494,  6521,  6686,  6696,  6741,  6811,  6970,  6979,  7020,
        7066,  7071,  7076,  7081,  7095,  7139,  7190,  7205,  7259,
        7291,  7372,  7392,  7467,  7468,  7526,  7590,  7595,  7689,
        7788,  7894,  7976,  7988,  7992,  8007,  8017,  8083,  8090,
        8153,  8175,  8181,  8213,  8257,  8259,  8272,  8334,  8394,
        8407,  8431,  8479,  8556,  8663,  8682,  8718,  8786,  8851,
        8873,  8881,  8920,  8954,  8963,  9077,  9200,  9207,  9214,
        9301,  9302,  9347,  9357,  9455,  9463,  9486,  9487,  9504,
        9538,  9545,  9564,  9566,  9604,  9605,  9801,  9808,  9825,
        9862,  9996, 10057, 10061, 10088, 10118, 10206, 10280, 10282,
       10288, 10291, 10311, 10338, 10376, 10529, 10600, 10619, 10636,
       10688, 10696, 10700, 10734, 10740, 10799, 10831, 10859, 10868,
       10899, 10909, 10912, 10951, 10958, 10996, 11001, 11094, 11170,
       11173, 11174, 11184, 11199, 11209, 11229, 11425, 11487, 11561,
       11595, 11601, 11648, 11704, 11727, 11762, 11773, 11774, 11787,
       11813, 11823, 11861, 11880, 11932, 11996, 12020, 12103, 12123,
       12152, 12173, 12243, 12279, 12305, 12349, 12375, 12390, 12453,
       12515, 12572, 12589, 12645, 12673, 12682, 12763, 12817, 12869,
       12991, 13018, 13078, 13099, 13146, 13194, 13265, 13286, 13293,
       13306, 13388, 13397, 13412, 13430, 13448, 13483, 13544, 13546,
       13692, 13694, 13740, 13763, 13794, 13814, 13829, 13935, 13951,
       14044, 14124, 14184, 14186, 14350, 14384, 14385, 14426, 14435,
       14446, 14458, 14469, 14505, 14587, 14641, 14644, 14686, 14691,
       14725, 14751, 14776, 14789, 14864, 14885, 14905, 14918, 14952,
       14974, 14976, 14982, 15035, 15220, 15222, 15241, 15391, 15393,
       15428, 15474, 15521, 15566, 15574, 15674, 15726, 15728, 15809,
       15819, 15841, 15870, 15894, 15905, 15906, 15995, 16024, 16161,
       16185, 16191, 16270, 16316, 16360, 16382, 16504, 16515, 16544,
       16572, 16633, 16664, 16695, 16706, 16708, 16734, 16844, 16890,
       16892, 16916, 16942, 17063, 17131, 17151, 17155, 17250, 17268,
       17310, 17344, 17471, 17477, 17489, 17533, 17576, 17598, 17626,
       17636, 17651, 17655, 17661, 17676, 17769, 17793, 17798, 17870,
       17918, 17954, 17961, 17968, 18037, 18041, 18114, 18457, 18552,
       18562, 18575, 18608, 18613, 18659, 18660, 18724, 18751, 18847,
       18940, 18956, 19021, 19038, 19079, 19148, 19149, 19160, 19228,
       19263, 19278, 19383, 19414, 19431, 19436, 19443, 19512, 19568,
       19660, 19664, 19832, 19878, 19999, 20193, 20218, 20280, 20288,
       20354, 20376, 20397, 20402, 20429, 20436, 20442, 20583, 20605,
       20623, 20631, 20680, 20764, 20778, 20791, 20807, 20825, 21045,
       21048, 21105, 21117, 21221, 21267, 21409, 21413, 21524, 21636,
       21688, 21710, 21716, 21811, 21898, 21933, 21968, 21975, 22052,
       22183, 22206, 22216, 22303, 22384, 22411, 22442, 22494, 22504,
       22506, 22518, 22642, 22734, 22735, 22761, 22787, 22788, 22833,
       22946, 22949, 23034, 23053, 23131, 23213, 23273, 23283, 23321,
       23373, 23374, 23414, 23457, 23475, 23497, 23668, 23700, 23741,
       23859, 23920, 23943, 23949, 23967, 24044, 24053, 24112, 24154,
       24161, 24172, 24173, 24179, 24181, 24199, 24320, 24351, 24387,
       24395, 24427, 24429, 24456, 24460, 24470, 24486, 24545, 24616,
       24702, 24766, 24777, 24782, 24831, 24876, 24944, 24958, 24988,
       25003, 25027, 25142, 25147, 25183, 25192, 25210, 25223, 25254,
       25368, 25440, 25458, 25465, 25504, 25507, 25532, 25542, 25587,
       25594, 25608, 25696, 25752, 25788, 25795, 26005, 26034, 26057,
       26088, 26147, 26234, 26297, 26324, 26359, 26386, 26487, 26512,
       26525, 26548, 26620, 26630, 26645, 26655, 26683, 26773, 26776,
       26821, 26864, 26879, 26903, 27049, 27113, 27272, 27400, 27419,
       27445, 27459, 27498, 27511, 27538, 27541, 27544, 27625, 27627,
       27641, 27677, 27747, 27782, 27788, 27814, 27835, 27879, 27936,
       27994, 28052, 28060, 28165, 28168, 28301, 28383, 28409, 28434,
       28443, 28498, 28561, 28563, 28572, 28576, 28602, 28630, 28636,
       28643, 28653, 28682, 28709, 28740, 28796, 28841, 28885, 28923,
       28970, 29055, 29080, 29083, 29108, 29119, 29145, 29213, 29241,
       29242, 29248, 29257, 29349, 29377, 29430, 29470, 29525, 29528,
       29636, 29692, 29744, 29750, 29764, 29808, 30017, 30048, 30086,
       30272, 30292, 30365, 30393, 30395, 30439, 30592, 30666, 30715,
       30744, 30784, 30817, 30876, 30892, 30916, 30929, 30955, 30977,
       31117, 31120, 31166, 31175, 31217, 31254, 31257, 31273, 31274,
       31394, 31505, 31527, 31540, 31617, 31625, 31676, 31726, 31746,
       31768, 31856, 31953, 32052, 32053, 32077, 32182, 32197, 32332,
       32478, 32525, 32560, 32561, 32610, 32656, 32688, 32748, 32758,
       32787, 32792, 32822, 32833, 32842, 32843, 32846, 32877, 32907,
       32920, 32927, 32983, 33042, 33119, 33141, 33147, 33177, 33199,
       33221, 33262, 33264, 33278, 33317, 33444, 33479, 33572, 33578,
       33581, 33585, 33646, 33704, 33766, 33775, 33778, 33829, 33832,
       33838, 33906, 33913, 34004, 34027, 34082, 34147, 34151, 34212,
       34213, 34221, 34227, 34247, 34255, 34267, 34310, 34334, 34344,
       34473, 34531, 34601, 34809, 34820, 34884, 34934, 34969, 35024,
       35086, 35093, 35114, 35152, 35281, 35309, 35383, 35397, 35416,
       35514, 35521, 35638, 35641, 35803, 35830, 35873, 35876, 35988,
       35991, 36008, 36162, 36165, 36190, 36210, 36233, 36248, 36253,
       36257, 36619, 36639, 36648, 36703, 36773, 36819, 36862, 36886,
       37001, 37016, 37044, 37075, 37118, 37202, 37270, 37365, 37368,
       37375, 37380, 37483, 37636, 37680, 37811, 37915, 37960, 37967,
       37977, 38073, 38112, 38131, 38148, 38259, 38297, 38298, 38326,
       38474, 38508, 38530, 38532, 38563, 38583, 38600, 38606, 38653,
       38670, 38759, 38845, 38854, 38860, 38863, 38881, 38885, 38994,
       38999, 39000, 39011, 39049, 39107, 39141, 39269, 39290, 39372,
       39393, 39427, 39435, 39486, 39533, 39536, 39588, 39600, 39615,
       39757, 39763, 39780, 39800, 39801, 39917, 39930, 40089, 40114,
       40169, 40256, 40289, 40319, 40388, 40460, 40470, 40541, 40545,
       40580, 40627, 40658, 40748, 40762, 40798, 40840, 40950, 40999,
       41009, 41033, 41075, 41110, 41152, 41181, 41261, 41288, 41290,
       41296, 41381, 41410, 41412, 41424, 41462, 41466, 41471, 41577,
       41632, 41701, 41735, 41751, 41764, 41776, 41869, 41957, 42030,
       42090, 42112, 42147, 42178, 42183, 42213, 42237, 42272, 42313,
       42378, 42505, 42557, 42559, 42566, 42578, 42611, 42632, 42730,
       42847, 42869, 42905, 42933, 42938, 43096, 43114, 43119, 43157,
       43211, 43226, 43259, 43305, 43409, 43420, 43550, 43553, 43632,
       43652, 43697, 43765, 43769, 43835, 43897, 43911, 43922, 43974,
       43993, 44028, 44054, 44084, 44143, 44170, 44247, 44297, 44332,
       44334, 44363, 44371, 44381, 44384, 44429, 44561, 44570, 44628,
       44691, 44771, 44795, 44797, 44853, 44999, 45011, 45071, 45072,
       45100, 45108, 45229, 45366, 45396, 45419, 45426, 45445, 45460,
       45513, 45558, 45626, 45657, 45698, 45781, 45787, 45800, 45835,
       45840, 45890, 45906, 45991, 45992, 46021, 46058, 46081, 46093,
       46097, 46102, 46132, 46142, 46181, 46288, 46292, 46306, 46323,
       46329, 46339, 46412, 46418, 46433, 46434, 46441, 46461, 46473,
       46495, 46580, 46626, 46631, 46670, 46671, 46709, 46740, 46760,
       46795, 46827, 46829, 46844, 46960, 46963, 47012, 47030, 47042,
       47078, 47095, 47146, 47163, 47178, 47200, 47227, 47384, 47392,
       47474, 47484, 47536, 47616, 47623, 47755, 47789, 47805, 47821,
       47911, 47917, 47979, 47992, 48024, 48079, 48116, 48125, 48138,
       48220, 48331, 48350, 48367, 48395, 48399, 48437, 48459, 48475,
       48482, 48488, 48567, 48665, 48671, 48786, 48978, 49061, 49147,
       49172, 49215, 49308, 49309, 49364]), array([   41,    82,   108,   129,   152,   190,   193,   259,   347,
         528,   533,   567,   759,   810,   882,   950,   982,  1046,
        1120,  1179,  1197,  1273,  1328,  1330,  1364,  1413,  1416,
        1510,  1521,  1581,  1661,  1714,  1739,  1766,  1779,  1803,
        1904,  1907,  1952,  1967,  2022,  2052,  2062,  2065,  2076,
        2302,  2311,  2371,  2432,  2439,  2490,  2524,  2538,  2661,
        2677,  2681,  2738,  2784,  2791,  2794,  2802,  2804,  2845,
        2847,  2878,  2950,  2994,  3049,  3067,  3199,  3266,  3272,
        3274,  3390,  3409,  3445,  3457,  3529,  3540,  3783,  3815,
        3836,  3855,  3869,  3924,  3982,  4021,  4069,  4072,  4118,
        4205,  4285,  4338,  4383,  4386,  4391,  4485,  4575,  4705,
        4723,  4728,  4797,  4887,  4938,  4954,  4993,  5037,  5080,
        5122,  5124,  5169,  5171,  5176,  5183,  5188,  5231,  5244,
        5272,  5274,  5275,  5278,  5283,  5320,  5363,  5418,  5455,
        5483,  5525,  5535,  5583,  5588,  5655,  5709,  5710,  5722,
        5784,  5792,  5804,  5819,  5837,  5867,  5926,  5968,  6008,
        6048,  6057,  6096,  6178,  6184,  6205,  6254,  6281,  6331,
        6407,  6440,  6489,  6494,  6521,  6686,  6696,  6741,  6811,
        6970,  6979,  7020,  7066,  7071,  7076,  7081,  7139,  7205,
        7259,  7291,  7372,  7392,  7467,  7526,  7590,  7595,  7689,
        7788,  7894,  7976,  7988,  7992,  8007,  8017,  8040,  8083,
        8153,  8175,  8181,  8213,  8231,  8257,  8259,  8334,  8394,
        8431,  8479,  8556,  8663,  8682,  8718,  8786,  8851,  8873,
        8881,  8920,  8954,  9077,  9081,  9200,  9207,  9214,  9301,
        9302,  9347,  9357,  9455,  9463,  9487,  9538,  9545,  9564,
        9566,  9604,  9605,  9801,  9808,  9825,  9862,  9931,  9996,
       10057, 10061, 10088, 10280, 10282, 10288, 10291, 10311, 10338,
       10376, 10484, 10529, 10600, 10636, 10688, 10696, 10700, 10734,
       10831, 10868, 10899, 10909, 10912, 10951, 10958, 10996, 11001,
       11094, 11170, 11173, 11174, 11184, 11199, 11209, 11229, 11425,
       11487, 11595, 11601, 11648, 11704, 11727, 11762, 11773, 11774,
       11787, 11823, 11861, 11880, 11932, 11996, 12103, 12123, 12152,
       12173, 12243, 12279, 12305, 12349, 12375, 12453, 12572, 12589,
       12645, 12673, 12682, 12763, 12817, 12869, 12991, 13018, 13078,
       13099, 13146, 13194, 13286, 13293, 13306, 13388, 13397, 13412,
       13430, 13483, 13544, 13546, 13694, 13740, 13763, 13794, 13814,
       13829, 13935, 13951, 14044, 14124, 14184, 14186, 14350, 14384,
       14385, 14426, 14435, 14446, 14458, 14469, 14505, 14519, 14587,
       14641, 14644, 14653, 14686, 14691, 14725, 14751, 14776, 14789,
       14864, 14885, 14893, 14905, 14918, 14952, 15017, 15035, 15083,
       15220, 15222, 15241, 15391, 15393, 15474, 15521, 15566, 15574,
       15726, 15809, 15819, 15841, 15870, 15894, 15905, 15906, 15937,
       16024, 16161, 16185, 16191, 16270, 16316, 16360, 16382, 16515,
       16544, 16572, 16633, 16664, 16695, 16706, 16708, 16734, 16844,
       16890, 16892, 16916, 16942, 17063, 17131, 17151, 17155, 17250,
       17268, 17310, 17344, 17477, 17489, 17533, 17576, 17598, 17626,
       17636, 17655, 17661, 17769, 17793, 17798, 17870, 17918, 17954,
       17961, 17968, 18037, 18041, 18102, 18114, 18457, 18552, 18562,
       18575, 18608, 18613, 18659, 18660, 18724, 18790, 18847, 18940,
       18956, 19021, 19038, 19079, 19148, 19149, 19160, 19228, 19263,
       19278, 19383, 19414, 19431, 19436, 19443, 19512, 19568, 19660,
       19664, 19878, 19900, 19999, 20193, 20218, 20280, 20288, 20354,
       20397, 20402, 20429, 20436, 20442, 20583, 20605, 20623, 20631,
       20680, 20764, 20778, 20807, 20827, 21045, 21048, 21105, 21117,
       21221, 21267, 21409, 21413, 21524, 21688, 21710, 21716, 21811,
       21898, 21933, 21975, 22052, 22058, 22206, 22216, 22303, 22339,
       22384, 22411, 22442, 22494, 22504, 22506, 22518, 22642, 22734,
       22735, 22738, 22761, 22787, 22788, 22833, 22946, 22949, 23034,
       23053, 23131, 23213, 23273, 23283, 23321, 23373, 23374, 23414,
       23457, 23497, 23648, 23668, 23699, 23700, 23741, 23859, 23920,
       23943, 23949, 23967, 24044, 24053, 24112, 24154, 24161, 24172,
       24179, 24181, 24199, 24320, 24351, 24387, 24395, 24427, 24429,
       24456, 24460, 24470, 24486, 24616, 24766, 24777, 24782, 24831,
       24876, 24958, 24988, 25003, 25027, 25142, 25147, 25183, 25192,
       25210, 25223, 25230, 25254, 25368, 25458, 25465, 25504, 25507,
       25532, 25542, 25587, 25608, 25752, 25788, 25795, 25958, 26005,
       26034, 26057, 26088, 26234, 26297, 26324, 26359, 26386, 26487,
       26512, 26548, 26620, 26630, 26645, 26655, 26683, 26773, 26776,
       26864, 26879, 26903, 27049, 27075, 27113, 27272, 27400, 27419,
       27445, 27459, 27498, 27511, 27538, 27541, 27544, 27625, 27627,
       27677, 27782, 27788, 27814, 27835, 27936, 27994, 28052, 28060,
       28165, 28168, 28301, 28383, 28409, 28434, 28443, 28561, 28563,
       28572, 28630, 28636, 28643, 28653, 28682, 28709, 28796, 28841,
       28885, 28923, 28970, 29055, 29083, 29108, 29119, 29213, 29241,
       29242, 29248, 29257, 29349, 29377, 29430, 29470, 29525, 29528,
       29692, 29744, 29764, 29946, 30017, 30048, 30086, 30292, 30351,
       30365, 30393, 30395, 30439, 30592, 30666, 30715, 30744, 30784,
       30817, 30876, 30892, 30916, 30929, 30955, 30977, 31117, 31120,
       31166, 31175, 31217, 31254, 31257, 31273, 31274, 31394, 31505,
       31527, 31540, 31617, 31625, 31676, 31685, 31726, 31746, 31768,
       31856, 31953, 32052, 32053, 32077, 32182, 32197, 32332, 32478,
       32525, 32560, 32561, 32610, 32656, 32688, 32758, 32787, 32792,
       32822, 32833, 32842, 32843, 32846, 32877, 32907, 32920, 32983,
       33042, 33128, 33141, 33147, 33177, 33199, 33203, 33221, 33262,
       33278, 33317, 33444, 33479, 33572, 33578, 33581, 33585, 33646,
       33704, 33730, 33766, 33775, 33778, 33829, 33832, 33838, 33906,
       33913, 34004, 34027, 34082, 34147, 34151, 34212, 34213, 34221,
       34227, 34255, 34267, 34310, 34334, 34344, 34473, 34531, 34601,
       34809, 34820, 34884, 34934, 34969, 35024, 35086, 35114, 35152,
       35259, 35281, 35309, 35383, 35397, 35416, 35514, 35521, 35638,
       35641, 35803, 35830, 35873, 35876, 35991, 36008, 36018, 36162,
       36165, 36190, 36210, 36233, 36248, 36253, 36257, 36639, 36648,
       36703, 36773, 36780, 36819, 36862, 36886, 36958, 37001, 37118,
       37202, 37270, 37365, 37368, 37375, 37380, 37483, 37636, 37680,
       37811, 37915, 37967, 37977, 38073, 38131, 38297, 38326, 38474,
       38508, 38530, 38532, 38583, 38600, 38606, 38653, 38670, 38759,
       38845, 38854, 38860, 38863, 38881, 38885, 38994, 38999, 39000,
       39011, 39049, 39107, 39141, 39269, 39290, 39372, 39393, 39427,
       39435, 39486, 39533, 39536, 39588, 39600, 39757, 39763, 39780,
       39800, 39801, 39917, 39930, 40089, 40114, 40169, 40319, 40388,
       40460, 40470, 40541, 40545, 40580, 40627, 40658, 40734, 40748,
       40762, 40798, 40840, 40888, 40950, 40999, 41009, 41033, 41075,
       41110, 41152, 41181, 41261, 41288, 41296, 41410, 41412, 41413,
       41424, 41462, 41466, 41471, 41577, 41632, 41751, 41764, 41776,
       41869, 41957, 42030, 42090, 42112, 42147, 42178, 42183, 42213,
       42237, 42313, 42378, 42505, 42557, 42559, 42566, 42578, 42611,
       42632, 42847, 42869, 42905, 42933, 42938, 43036, 43096, 43114,
       43119, 43157, 43211, 43226, 43305, 43420, 43550, 43553, 43632,
       43635, 43652, 43765, 43769, 43835, 43897, 43911, 43922, 43974,
       43993, 44054, 44084, 44143, 44170, 44247, 44297, 44332, 44334,
       44363, 44371, 44381, 44384, 44429, 44561, 44570, 44628, 44691,
       44771, 44795, 44853, 44979, 44999, 45011, 45071, 45072, 45229,
       45366, 45419, 45426, 45445, 45460, 45513, 45558, 45626, 45657,
       45698, 45781, 45787, 45800, 45835, 45890, 45991, 45992, 46021,
       46058, 46081, 46093, 46097, 46102, 46181, 46288, 46292, 46306,
       46323, 46339, 46412, 46433, 46434, 46441, 46461, 46473, 46495,
       46580, 46626, 46670, 46671, 46709, 46740, 46760, 46795, 46827,
       46829, 46918, 46963, 47012, 47030, 47042, 47095, 47146, 47178,
       47200, 47227, 47384, 47392, 47474, 47484, 47616, 47623, 47755,
       47789, 47805, 47821, 47911, 47917, 47979, 47992, 48024, 48079,
       48125, 48138, 48220, 48350, 48367, 48395, 48399, 48437, 48475,
       48482, 48488, 48567, 48665, 48671, 48734, 48786, 48978, 49147,
       49172, 49308, 49309, 49364]), array([    6,    41,    82,   108,   129,   152,   190,   193,   347,
         528,   533,   567,   759,   810,   882,   950,   982,  1010,
        1016,  1046,  1120,  1175,  1179,  1197,  1273,  1282,  1328,
        1330,  1364,  1413,  1416,  1510,  1521,  1581,  1661,  1714,
        1766,  1779,  1803,  1904,  1907,  1951,  1952,  1967,  2022,
        2052,  2062,  2065,  2076,  2190,  2302,  2311,  2371,  2432,
        2439,  2490,  2501,  2524,  2538,  2661,  2677,  2681,  2738,
        2784,  2791,  2794,  2802,  2804,  2845,  2878,  2950,  2994,
        3049,  3067,  3199,  3266,  3272,  3274,  3390,  3409,  3432,
        3445,  3457,  3529,  3540,  3614,  3637,  3783,  3815,  3836,
        3855,  3869,  3924,  3982,  4021,  4069,  4072,  4118,  4205,
        4212,  4241,  4285,  4338,  4383,  4386,  4391,  4485,  4705,
        4710,  4723,  4728,  4797,  4887,  4910,  4938,  4954,  4993,
        5037,  5124,  5169,  5171,  5176,  5183,  5188,  5231,  5244,
        5269,  5272,  5274,  5275,  5278,  5320,  5363,  5418,  5455,
        5483,  5525,  5535,  5583,  5588,  5655,  5709,  5710,  5722,
        5784,  5792,  5804,  5819,  5837,  5867,  5926,  5942,  5968,
        6008,  6048,  6057,  6096,  6178,  6205,  6254,  6281,  6331,
        6407,  6440,  6445,  6489,  6494,  6521,  6552,  6686,  6696,
        6741,  6811,  6970,  6979,  7020,  7066,  7071,  7076,  7081,
        7095,  7139,  7190,  7205,  7259,  7291,  7372,  7392,  7467,
        7468,  7526,  7590,  7595,  7689,  7788,  7894,  7976,  7988,
        7992,  8007,  8017,  8040,  8083,  8153,  8175,  8181,  8213,
        8257,  8259,  8334,  8394,  8407,  8431,  8479,  8556,  8663,
        8682,  8718,  8731,  8786,  8851,  8873,  8881,  8920,  8954,
        9077,  9081,  9200,  9207,  9214,  9301,  9302,  9347,  9357,
        9434,  9455,  9463,  9486,  9487,  9538,  9545,  9564,  9604,
        9605,  9801,  9808,  9825,  9862,  9931,  9996, 10054, 10057,
       10061, 10088, 10118, 10228, 10280, 10282, 10288, 10291, 10311,
       10338, 10376, 10529, 10600, 10619, 10636, 10688, 10696, 10700,
       10734, 10740, 10799, 10831, 10868, 10899, 10909, 10912, 10951,
       10958, 10996, 11001, 11094, 11170, 11173, 11174, 11184, 11199,
       11209, 11229, 11425, 11436, 11445, 11487, 11574, 11595, 11601,
       11648, 11704, 11727, 11762, 11773, 11774, 11787, 11813, 11823,
       11824, 11861, 11880, 11932, 11996, 12020, 12103, 12152, 12173,
       12243, 12279, 12305, 12349, 12375, 12453, 12572, 12589, 12645,
       12673, 12682, 12763, 12817, 12869, 12991, 13018, 13078, 13099,
       13146, 13194, 13265, 13286, 13293, 13306, 13388, 13397, 13412,
       13430, 13448, 13483, 13544, 13546, 13692, 13694, 13709, 13740,
       13763, 13794, 13814, 13829, 13935, 14044, 14124, 14184, 14186,
       14350, 14384, 14385, 14426, 14435, 14446, 14458, 14469, 14505,
       14519, 14587, 14641, 14644, 14653, 14686, 14691, 14715, 14725,
       14751, 14776, 14789, 14858, 14864, 14885, 14893, 14905, 14918,
       14952, 14974, 14982, 15017, 15035, 15083, 15220, 15222, 15241,
       15391, 15393, 15474, 15521, 15566, 15574, 15674, 15726, 15728,
       15809, 15819, 15841, 15870, 15894, 15905, 15906, 15937, 16024,
       16161, 16185, 16191, 16270, 16316, 16360, 16382, 16504, 16515,
       16544, 16572, 16633, 16664, 16695, 16706, 16707, 16708, 16721,
       16734, 16844, 16890, 16892, 16916, 16942, 17063, 17131, 17151,
       17155, 17250, 17268, 17310, 17344, 17477, 17489, 17533, 17576,
       17593, 17598, 17626, 17636, 17651, 17655, 17661, 17676, 17769,
       17793, 17798, 17870, 17918, 17954, 17961, 17968, 18037, 18041,
       18102, 18114, 18457, 18469, 18499, 18552, 18562, 18575, 18608,
       18613, 18659, 18660, 18724, 18751, 18790, 18847, 18940, 18956,
       19021, 19038, 19079, 19148, 19149, 19160, 19228, 19263, 19278,
       19383, 19414, 19431, 19436, 19443, 19512, 19660, 19664, 19832,
       19878, 19900, 19999, 20193, 20218, 20280, 20288, 20354, 20376,
       20397, 20402, 20429, 20436, 20442, 20583, 20605, 20623, 20631,
       20680, 20764, 20778, 20807, 20825, 20862, 20955, 21045, 21048,
       21105, 21117, 21221, 21409, 21413, 21524, 21636, 21688, 21705,
       21710, 21716, 21811, 21898, 21933, 21975, 22052, 22200, 22206,
       22216, 22303, 22339, 22384, 22411, 22442, 22494, 22504, 22506,
       22518, 22642, 22734, 22735, 22738, 22761, 22787, 22788, 22833,
       22946, 22949, 23034, 23053, 23131, 23213, 23273, 23321, 23373,
       23374, 23414, 23457, 23497, 23668, 23700, 23741, 23859, 23920,
       23943, 23949, 23967, 24044, 24053, 24112, 24154, 24161, 24179,
       24181, 24199, 24320, 24351, 24387, 24395, 24427, 24429, 24452,
       24460, 24470, 24486, 24545, 24616, 24702, 24766, 24772, 24777,
       24782, 24831, 24876, 24910, 24944, 24958, 24988, 25003, 25027,
       25142, 25147, 25183, 25192, 25210, 25223, 25254, 25368, 25440,
       25458, 25465, 25504, 25507, 25532, 25542, 25587, 25608, 25788,
       25795, 25958, 25974, 26005, 26034, 26057, 26088, 26147, 26234,
       26297, 26324, 26359, 26386, 26487, 26512, 26525, 26548, 26620,
       26630, 26645, 26655, 26683, 26773, 26776, 26864, 26879, 26903,
       27049, 27075, 27113, 27272, 27400, 27419, 27445, 27459, 27498,
       27511, 27517, 27538, 27541, 27544, 27625, 27627, 27641, 27677,
       27782, 27788, 27814, 27835, 27879, 27936, 27994, 28052, 28060,
       28122, 28165, 28168, 28301, 28383, 28400, 28409, 28434, 28443,
       28498, 28561, 28563, 28572, 28602, 28630, 28636, 28643, 28653,
       28682, 28709, 28796, 28841, 28885, 28923, 28952, 28970, 29055,
       29083, 29108, 29119, 29145, 29213, 29217, 29241, 29242, 29248,
       29257, 29349, 29377, 29430, 29470, 29525, 29528, 29636, 29692,
       29744, 29764, 29808, 29919, 29946, 29950, 30017, 30028, 30048,
       30086, 30272, 30292, 30351, 30365, 30393, 30395, 30439, 30509,
       30592, 30666, 30715, 30744, 30784, 30876, 30892, 30916, 30929,
       30955, 30977, 31117, 31120, 31166, 31175, 31217, 31254, 31257,
       31273, 31274, 31367, 31394, 31505, 31527, 31540, 31617, 31625,
       31676, 31685, 31692, 31726, 31746, 31768, 31856, 31953, 32052,
       32053, 32077, 32182, 32197, 32332, 32478, 32525, 32560, 32561,
       32610, 32647, 32656, 32688, 32758, 32787, 32792, 32822, 32833,
       32842, 32843, 32846, 32877, 32907, 32920, 32983, 33042, 33128,
       33141, 33147, 33177, 33199, 33221, 33262, 33278, 33317, 33393,
       33444, 33479, 33532, 33572, 33578, 33581, 33585, 33646, 33704,
       33730, 33766, 33775, 33778, 33829, 33838, 33906, 33913, 33917,
       34004, 34027, 34082, 34147, 34151, 34213, 34221, 34227, 34247,
       34255, 34267, 34310, 34334, 34344, 34473, 34531, 34601, 34759,
       34809, 34820, 34884, 34934, 35024, 35086, 35114, 35139, 35152,
       35259, 35281, 35309, 35383, 35397, 35416, 35514, 35521, 35638,
       35641, 35803, 35826, 35830, 35873, 35876, 35988, 35991, 36008,
       36018, 36083, 36162, 36165, 36190, 36210, 36220, 36233, 36248,
       36253, 36257, 36282, 36619, 36639, 36648, 36703, 36773, 36819,
       36862, 36886, 36958, 37001, 37016, 37075, 37094, 37118, 37202,
       37270, 37365, 37368, 37375, 37380, 37483, 37636, 37680, 37811,
       37915, 37942, 37960, 37967, 37977, 38073, 38112, 38131, 38259,
       38297, 38298, 38326, 38343, 38474, 38508, 38530, 38532, 38583,
       38600, 38606, 38653, 38670, 38759, 38845, 38854, 38860, 38863,
       38881, 38884, 38885, 38994, 38999, 39000, 39011, 39049, 39107,
       39141, 39269, 39290, 39372, 39393, 39427, 39435, 39486, 39533,
       39536, 39588, 39600, 39615, 39757, 39763, 39780, 39800, 39801,
       39917, 39930, 40089, 40114, 40169, 40289, 40319, 40388, 40460,
       40470, 40541, 40545, 40580, 40627, 40658, 40734, 40748, 40762,
       40798, 40840, 40950, 40999, 41009, 41033, 41075, 41110, 41152,
       41181, 41261, 41288, 41296, 41410, 41412, 41424, 41466, 41471,
       41577, 41595, 41632, 41735, 41751, 41764, 41776, 41869, 41957,
       41995, 42030, 42090, 42112, 42147, 42178, 42183, 42213, 42237,
       42313, 42378, 42505, 42557, 42559, 42566, 42578, 42604, 42611,
       42632, 42847, 42869, 42905, 42933, 42938, 43011, 43036, 43096,
       43114, 43119, 43157, 43211, 43226, 43259, 43305, 43409, 43420,
       43550, 43553, 43632, 43652, 43674, 43765, 43769, 43835, 43897,
       43911, 43922, 43974, 43993, 44028, 44054, 44084, 44143, 44170,
       44247, 44297, 44332, 44334, 44363, 44371, 44381, 44384, 44429,
       44561, 44570, 44628, 44691, 44771, 44795, 44797, 44853, 44999,
       45011, 45071, 45072, 45100, 45108, 45121, 45229, 45366, 45396,
       45419, 45426, 45445, 45460, 45513, 45558, 45626, 45657, 45698,
       45781, 45787, 45800, 45835, 45890, 45992, 46021, 46058, 46081,
       46093, 46097, 46102, 46132, 46142, 46181, 46288, 46292, 46306,
       46323, 46329, 46339, 46412, 46433, 46434, 46441, 46461, 46473,
       46495, 46580, 46626, 46670, 46671, 46709, 46740, 46760, 46795,
       46827, 46829, 46918, 46963, 47012, 47030, 47042, 47078, 47095,
       47110, 47146, 47163, 47178, 47200, 47227, 47251, 47272, 47384,
       47392, 47474, 47484, 47536, 47616, 47623, 47755, 47789, 47805,
       47821, 47911, 47917, 47947, 47979, 47992, 48024, 48079, 48116,
       48125, 48138, 48350, 48367, 48395, 48399, 48437, 48475, 48482,
       48488, 48567, 48665, 48671, 48734, 48736, 48786, 48978, 49061,
       49147, 49172, 49215, 49308, 49309, 49364]), array([    6,    41,    82,   108,   129,   152,   190,   193,   259,
         347,   478,   528,   533,   567,   722,   759,   810,   882,
         950,   982,  1010,  1046,  1120,  1175,  1197,  1273,  1328,
        1330,  1364,  1413,  1416,  1480,  1510,  1521,  1581,  1593,
        1661,  1714,  1766,  1779,  1803,  1904,  1907,  1952,  1967,
        2022,  2052,  2062,  2065,  2076,  2190,  2302,  2311,  2371,
        2432,  2439,  2490,  2501,  2524,  2538,  2661,  2677,  2681,
        2738,  2784,  2791,  2794,  2802,  2804,  2845,  2878,  2994,
        3049,  3067,  3199,  3266,  3272,  3274,  3390,  3409,  3432,
        3445,  3457,  3529,  3540,  3614,  3637,  3681,  3783,  3815,
        3836,  3855,  3869,  3924,  3982,  4021,  4029,  4069,  4072,
        4118,  4205,  4285,  4338,  4383,  4386,  4391,  4485,  4705,
        4710,  4723,  4797,  4887,  4910,  4938,  4954,  4993,  5037,
        5122,  5124,  5169,  5171,  5176,  5183,  5188,  5231,  5244,
        5269,  5272,  5274,  5275,  5278,  5283,  5320,  5363,  5418,
        5455,  5483,  5525,  5535,  5583,  5588,  5655,  5709,  5710,
        5722,  5784,  5792,  5804,  5819,  5837,  5867,  5926,  5968,
        6008,  6048,  6057,  6096,  6178,  6205,  6254,  6281,  6331,
        6407,  6440,  6489,  6494,  6521,  6686,  6696,  6741,  6811,
        6970,  6979,  7020,  7066,  7071,  7076,  7081,  7139,  7190,
        7205,  7259,  7291,  7372,  7392,  7467,  7468,  7526,  7590,
        7595,  7689,  7788,  7894,  7976,  7988,  7992,  8007,  8017,
        8040,  8083,  8153,  8175,  8181,  8213,  8231,  8257,  8259,
        8272,  8334,  8394,  8407,  8431,  8479,  8556,  8663,  8682,
        8718,  8731,  8786,  8851,  8873,  8881,  8920,  8943,  8954,
        9077,  9200,  9207,  9214,  9301,  9302,  9357,  9455,  9463,
        9486,  9487,  9538,  9545,  9564,  9566,  9604,  9605,  9801,
        9808,  9825,  9862,  9986,  9996, 10057, 10061, 10088, 10118,
       10280, 10282, 10288, 10291, 10311, 10338, 10376, 10484, 10491,
       10529, 10600, 10619, 10636, 10688, 10696, 10700, 10734, 10740,
       10799, 10831, 10868, 10899, 10909, 10912, 10951, 10958, 10996,
       11001, 11094, 11170, 11173, 11174, 11184, 11199, 11209, 11229,
       11425, 11439, 11487, 11574, 11581, 11595, 11601, 11648, 11704,
       11727, 11762, 11773, 11774, 11787, 11813, 11823, 11824, 11861,
       11880, 11900, 11932, 11996, 12103, 12123, 12152, 12173, 12243,
       12279, 12305, 12313, 12349, 12375, 12453, 12572, 12589, 12645,
       12673, 12682, 12763, 12793, 12817, 12844, 12869, 12991, 13018,
       13078, 13099, 13146, 13194, 13286, 13293, 13306, 13388, 13397,
       13412, 13430, 13448, 13483, 13544, 13546, 13692, 13694, 13740,
       13794, 13814, 13829, 13935, 14044, 14124, 14184, 14186, 14350,
       14384, 14385, 14426, 14435, 14446, 14458, 14469, 14505, 14519,
       14587, 14641, 14644, 14653, 14686, 14691, 14715, 14725, 14751,
       14776, 14789, 14864, 14885, 14893, 14918, 14952, 14974, 14976,
       15017, 15035, 15083, 15220, 15222, 15241, 15391, 15393, 15428,
       15474, 15521, 15539, 15566, 15574, 15674, 15718, 15726, 15728,
       15809, 15819, 15841, 15870, 15894, 15905, 15906, 15995, 16024,
       16161, 16185, 16191, 16270, 16316, 16360, 16382, 16515, 16544,
       16572, 16633, 16664, 16695, 16706, 16707, 16708, 16734, 16844,
       16890, 16892, 16916, 16942, 17063, 17131, 17151, 17155, 17250,
       17268, 17310, 17344, 17471, 17477, 17489, 17533, 17576, 17593,
       17598, 17626, 17636, 17651, 17655, 17661, 17676, 17769, 17793,
       17798, 17870, 17918, 17954, 17961, 17968, 18011, 18037, 18041,
       18079, 18102, 18114, 18457, 18552, 18562, 18575, 18608, 18613,
       18659, 18660, 18724, 18751, 18790, 18847, 18940, 18956, 19021,
       19038, 19079, 19148, 19149, 19160, 19228, 19263, 19278, 19383,
       19414, 19431, 19436, 19443, 19512, 19568, 19660, 19664, 19712,
       19832, 19878, 19999, 20052, 20193, 20218, 20280, 20288, 20354,
       20397, 20402, 20429, 20436, 20583, 20605, 20623, 20631, 20680,
       20764, 20778, 20807, 20825, 20827, 20862, 20955, 21045, 21048,
       21105, 21117, 21221, 21409, 21413, 21463, 21524, 21636, 21688,
       21710, 21716, 21811, 21898, 21933, 21968, 21975, 22052, 22183,
       22200, 22206, 22216, 22303, 22384, 22411, 22442, 22494, 22504,
       22506, 22518, 22642, 22681, 22734, 22735, 22761, 22787, 22788,
       22833, 22946, 22949, 23034, 23053, 23131, 23213, 23273, 23283,
       23321, 23373, 23374, 23414, 23457, 23497, 23668, 23700, 23741,
       23859, 23920, 23943, 23949, 23967, 24044, 24053, 24112, 24154,
       24161, 24179, 24181, 24199, 24320, 24351, 24387, 24395, 24427,
       24429, 24452, 24456, 24460, 24470, 24486, 24545, 24616, 24702,
       24766, 24777, 24782, 24831, 24856, 24876, 24910, 24944, 24958,
       24988, 25003, 25027, 25142, 25147, 25183, 25192, 25210, 25223,
       25230, 25254, 25368, 25386, 25440, 25458, 25465, 25504, 25507,
       25532, 25542, 25587, 25608, 25788, 25958, 25974, 26005, 26034,
       26057, 26088, 26147, 26180, 26234, 26297, 26324, 26359, 26386,
       26487, 26512, 26548, 26620, 26630, 26645, 26655, 26683, 26773,
       26776, 26864, 26879, 26903, 27049, 27113, 27272, 27400, 27419,
       27445, 27459, 27498, 27511, 27538, 27541, 27544, 27613, 27625,
       27627, 27641, 27677, 27747, 27782, 27788, 27814, 27835, 27879,
       27936, 27994, 28052, 28060, 28165, 28168, 28383, 28409, 28434,
       28443, 28498, 28561, 28563, 28572, 28602, 28630, 28636, 28643,
       28653, 28682, 28709, 28796, 28841, 28885, 28923, 28970, 29055,
       29080, 29083, 29108, 29119, 29213, 29241, 29242, 29248, 29257,
       29349, 29377, 29430, 29470, 29525, 29528, 29636, 29692, 29744,
       29764, 29808, 29824, 29946, 29950, 30017, 30028, 30048, 30086,
       30290, 30292, 30351, 30365, 30393, 30395, 30439, 30509, 30592,
       30666, 30715, 30744, 30784, 30817, 30876, 30892, 30916, 30929,
       30955, 30977, 31117, 31120, 31166, 31175, 31183, 31217, 31254,
       31257, 31273, 31274, 31367, 31394, 31505, 31527, 31540, 31617,
       31625, 31676, 31685, 31692, 31726, 31746, 31768, 31856, 31953,
       32052, 32053, 32077, 32182, 32197, 32332, 32478, 32525, 32560,
       32561, 32610, 32647, 32656, 32688, 32748, 32758, 32792, 32822,
       32833, 32842, 32843, 32846, 32877, 32907, 32920, 32927, 32983,
       33042, 33128, 33141, 33147, 33177, 33199, 33221, 33262, 33278,
       33317, 33444, 33479, 33532, 33572, 33578, 33581, 33585, 33646,
       33704, 33730, 33766, 33775, 33778, 33829, 33838, 33906, 33913,
       34004, 34027, 34082, 34147, 34151, 34212, 34213, 34221, 34227,
       34247, 34255, 34267, 34310, 34334, 34344, 34407, 34441, 34473,
       34531, 34601, 34759, 34809, 34820, 34884, 34934, 34969, 35024,
       35086, 35114, 35139, 35152, 35259, 35281, 35309, 35383, 35397,
       35416, 35514, 35521, 35638, 35641, 35803, 35826, 35830, 35873,
       35876, 35988, 35991, 36008, 36018, 36162, 36165, 36190, 36210,
       36220, 36233, 36248, 36253, 36257, 36316, 36386, 36619, 36639,
       36648, 36703, 36773, 36819, 36862, 36886, 37001, 37016, 37094,
       37118, 37199, 37202, 37270, 37365, 37368, 37375, 37380, 37483,
       37636, 37649, 37680, 37811, 37915, 37942, 37960, 37967, 37977,
       38073, 38112, 38131, 38148, 38297, 38326, 38474, 38508, 38530,
       38532, 38583, 38600, 38606, 38653, 38670, 38759, 38845, 38854,
       38860, 38863, 38881, 38885, 38994, 38999, 39000, 39011, 39107,
       39141, 39269, 39290, 39372, 39393, 39427, 39435, 39486, 39533,
       39536, 39588, 39600, 39615, 39757, 39763, 39780, 39800, 39801,
       39917, 39930, 40089, 40114, 40169, 40289, 40319, 40388, 40460,
       40470, 40541, 40545, 40580, 40627, 40658, 40748, 40762, 40798,
       40840, 40950, 40999, 41009, 41033, 41075, 41110, 41152, 41181,
       41261, 41288, 41296, 41410, 41412, 41413, 41424, 41466, 41471,
       41577, 41632, 41701, 41735, 41751, 41764, 41776, 41869, 41957,
       41995, 42030, 42090, 42112, 42147, 42178, 42183, 42213, 42237,
       42313, 42378, 42505, 42557, 42559, 42566, 42578, 42604, 42611,
       42632, 42730, 42847, 42869, 42905, 42933, 42938, 43011, 43036,
       43096, 43110, 43114, 43119, 43157, 43211, 43226, 43305, 43409,
       43420, 43550, 43553, 43632, 43652, 43697, 43765, 43769, 43780,
       43835, 43897, 43911, 43922, 43974, 43993, 44028, 44054, 44084,
       44143, 44170, 44247, 44297, 44332, 44334, 44363, 44371, 44381,
       44384, 44429, 44561, 44570, 44628, 44691, 44771, 44795, 44797,
       44853, 44999, 45011, 45071, 45072, 45100, 45108, 45121, 45229,
       45366, 45419, 45426, 45445, 45460, 45513, 45558, 45626, 45657,
       45698, 45781, 45787, 45835, 45840, 45890, 45992, 46021, 46058,
       46081, 46093, 46097, 46102, 46132, 46181, 46288, 46292, 46306,
       46323, 46329, 46339, 46412, 46433, 46434, 46441, 46461, 46473,
       46474, 46495, 46580, 46626, 46670, 46709, 46738, 46740, 46760,
       46795, 46827, 46829, 46844, 46918, 46960, 46963, 47012, 47030,
       47042, 47078, 47095, 47146, 47163, 47178, 47200, 47227, 47251,
       47384, 47392, 47474, 47484, 47536, 47616, 47623, 47755, 47789,
       47805, 47821, 47911, 47917, 47979, 47992, 48024, 48079, 48116,
       48125, 48138, 48220, 48350, 48367, 48395, 48399, 48437, 48459,
       48475, 48482, 48488, 48567, 48665, 48671, 48711, 48734, 48736,
       48786, 48978, 49061, 49147, 49172, 49215, 49308, 49309, 49364])]
