[  111   115   212   263   316   328   340   404   414   433   438   508
   593   645   653   658   666   682   736   742   745   816   864   898
   904   931   976  1135  1159  1196  1205  1317  1422  1465  1502  1650
  1652  1726  1946  1967  1980  2095  2194  2249  2380  2386  2406  2417
  2436  2442  2445  2455  2642  2650  2696  2698  2839  3159  3180  3238
  3287  3304  3326  3363  3467  3487  3490  3535  3541  3557  3693  3699
  3759  3799  3800  3810  3819  4026  4212  4234  4250  4259  4266  4311
  4350  4364  4391  4556  4558  4575  4576  4604  4648  4675  4722  4731
  4754  4913  4971  4986  5048  5104  5112  5157  5272  5277  5341  5407
  5418  5478  5713  5721  5751  5812  5900  5904  5916  5954  5961  6020
  6057  6163  6183  6312  6317  6323  6337  6382  6501  6508  6570  6588
  6603  6634  6853  6905  6906  7049  7074  7113  7126  7142  7167  7179
  7370  7405  7430  7447  7453  7520  7579  7650  7681  7705  7716  7756
  7793  7805  7811  7883  7999  8017  8134  8135  8159  8185  8195  8213
  8214  8238  8276  8282  8342  8415  8431  8447  8450  8464  8610  8617
  8666  8924  8943  8972  9049  9090  9165  9200  9337  9403  9429  9434
  9449  9525  9546  9564  9581  9604  9620  9686  9696  9719  9836  9843
  9925  9964 10043 10050 10053 10114 10130 10177 10228 10242 10265 10303
 10339 10382 10391 10400 10401 10432 10480 10513 10529 10554 10575 10741
 10754 10794 10813 10852 10905 11001 11029 11072 11073 11104 11109 11112
 11144 11158 11160 11170 11174 11317 11367 11406 11457 11524 11545 11551
 11611 11682 11727 11745 11846 11975 11983 11993 12079 12182 12211 12247
 12248 12261 12361 12396 12687 12713 12844 12862 12907 12963 12967 12983
 13103 13136 13257 13332 13388 13562 13612 13680 13725 13741 13825 13833
 13916 14025 14026 14040 14060 14067 14070 14124 14184 14217 14239 14242
 14251 14301 14314 14380 14417 14630 14644 14791 14804 14900 14958 14980
 14997 15238 15256 15277 15294 15382 15448 15468 15703 15704 15738 15784
 15807 15864 15865 16042 16048 16126 16147 16175 16202 16220 16254 16290
 16327 16394 16402 16411 16423 16505 16621 16653 16664 16793 16832 16920
 16929 17005 17010 17034 17063 17072 17153 17246 17279 17288 17305 17333
 17336 17347 17389 17394 17562 17655 17659 17682 17793 17862 17864 17952
 18026 18085 18110 18114 18169 18176 18200 18419 18499 18573 18602 18613
 18643 18668 18697 18756 18817 18830 18869 18887 18897 19034 19039 19084
 19093 19191 19196 19263 19329 19429 19454 19538 19648 19655 19723 19732
 19808 19878 19961 20067 20079 20141 20151 20190 20265 20330 20361 20397
 20402 20405 20453 20459 20476 20491 20516 20520 20613 20680 20713 20738
 20930 21053 21091 21117 21248 21282 21317 21351 21355 21372 21382 21415
 21421 21519 21553 21574 21579 21632 21706 21752 21759 21810 21855 21897
 21962 21973 22022 22177 22178 22200 22356 22417 22440 22446 22459 22465
 22479 22526 22689 22703 22734 22780 22936 23004 23116 23135 23183 23189
 23505 23540 23612 23924 23966 23998 24038 24053 24101 24117 24253 24266
 24295 24311 24337 24343 24363 24411 24485 24506 24552 24553 24568 24587
 24628 24637 24778 24817 24844 24913 24936 24937 24944 25035 25071 25183
 25198 25200 25280 25313 25357 25359 25438 25454 25520 25547 25550 25573
 25593 25696 25745 25788 25792 25881 25937 25979 26022 26074 26122 26144
 26225 26301 26374 26386 26390 26437 26473 26575 26664 26860 26878 27146
 27179 27200 27237 27474 27593 27650 27656 27670 27679 27702 27778 27924
 27950 27985 27994 28014 28021 28027 28052 28147 28161 28276 28310 28346
 28391 28460 28527 28536 28538 28574 28602 28633 28748 28805 28840 28878
 28896 28924 29009 29040 29045 29046 29199 29241 29340 29354 29364 29484
 29526 29590 29621 29641 29642 29888 29926 30023 30027 30071 30097 30130
 30168 30185 30227 30300 30642 30650 30654 30657 30715 30752 30761 30783
 30853 30892 30934 30970 30973 31125 31141 31170 31227 31275 31344 31557
 31559 31691 31693 31699 31746 31747 31808 31809 31871 31920 31924 31995
 32108 32137 32245 32251 32273 32275 32634 32677 32791 32810 32812 32891
 32929 32937 32954 32983 32999 33101 33244 33255 33277 33297 33345 33394
 33432 33467 33516 33563 33585 33669 33683 33687 33693 33776 33824 33852
 33901 34030 34062 34066 34130 34143 34196 34412 34429 34460 34480 34575
 34646 34685 34720 34762 34773 34837 34897 34922 34923 34940 35005 35015
 35019 35044 35056 35099 35161 35199 35333 35397 35434 35493 35517 35561
 35568 35593 35638 35733 35796 35808 35834 35864 35944 35970 36007 36022
 36028 36102 36254 36334 36402 36523 36531 36589 36623 36671 36717 36909
 36954 36956 37110 37147 37162 37188 37235 37270 37497 37505 37509 37573
 37629 37649 37709 37724 37780 37811 37824 37831 37848 37933 37960 38402
 38466 38474 38502 38516 38579 38857 38872 38898 38920 38924 38996 39069
 39158 39345 39348 39387 39455 39532 39551 39552 39571 39713 39728 39739
 39890 39931 39935 39946 40013 40079 40088 40192 40256 40305 40420 40443
 40461 40464 40472 40510 40525 40602 40610 40703 40762 40856 40922 41061
 41207 41245 41276 41334 41344 41364 41366 41383 41412 41519 41558 41596
 41606 41611 41626 41657 41687 41847 42056 42190 42254 42286 42295 42334
 42378 42452 42571 42578 42649 42698 42711 42766 42791 42816 42824 42871
 42986 43001 43044 43056 43077 43094 43111 43176 43196 43207 43272 43276
 43395 43410 43467 43473 43599 43703 43750 43840 43846 43855 43859 43930
 44028 44057 44153 44170 44206 44244 44304 44323 44327 44364 44381 44423
 44441 44495 44516 44525 44565 44590 44642 44654 44675 44709 44795 44817
 44890 44895 44899 44900 44909 44941 44974 45008 45106 45114 45170 45215
 45263 45448 45463 45545 45590 45656 45659 45681 45791 45940 45998 46020
 46093 46115 46132 46152 46212 46225 46289 46412 46472 46519 46530 46561
 46580 46621 46652 46655 46681 46723 46763 46800 46852 46888 46933 46963
 47003 47054 47113 47217 47223 47272 47298 47333 47384 47395 47412 47580
 47592 47598 47620 47671 47682 47703 47720 47811 47812 47886 47936 47965
 48033 48067 48104 48152 48160 48185 48208 48245 48268 48304 48445 48494
 48528 48642 48666 48819 48932 48947 48978 49054 49059 49136 49259 49263
 49353 49364]
[23069 35841 48677 21276 10478   268 20343  2134 40121 42806 21298 46447
 41329 37904 28735 48662 26094  3047 19887 24468   955 37596 21153 19094
 24818 21161 34477 41174 35042 35249 44526 25324 48698  5461 22852 10348
 29847 28271 19143 12057 36078 13343 24202 28696 45026 38590 21562 13379
 31524  3747  3072 41707 38085 33828 25287 21490   201 21371 45098 45872
 27020 19911  4607 17407   225 19522 47895 29027 37892 15006 12039 44021
 46055 10738 13986 23799 20662 11593 18935 33938 27932 11349  4947 18275
 39376 28004 40351 40611 18646 43214  4970 31645 44433 20645 37282 47630
 24718 27956  2904  4883  8049 14397 20618 12779 24736 11568 40410 47610
 49093 27446 12770 16405 33358 43979 39262  5153 13026 29671 27518 10889
  5207 16836 11804 45384 28800  3987 37017 19634 41065 28095 30851 37013
 40258 12732 19050 14051 19850 15900  7008  6405 40753 31719 48944  6805
 28074 48920 38405 35261 11005 23892 14276 23694  9299 34941 21830 19284
 14210 45942 16502  1547 20160  1856  2705  7465 31996 42449 17482  9660
 34347 42301  6900  9309 45947 18947 22928 33779 19206  3509 31506 44811
 13597 38656 13619 28973  9177 39961 13629  7784 36510 34322  5918 19305
  3629 26597    96 45961  4524  1546 32411  9755  7454 23595 41886 42328
 38732 47053 46716 28568 23954 18559 44638 22163 35761 42087 18331 25827
 37548 35423  9272 35145 32333 44218 26045  8515 33491 27163 14650  5306
 41260  2608 28163 28930 28779 22247 25665 27410 13396  7078 44794 39870
 40478 34775 21215 24008 12236  2998 33400 16068 16045 49096 17373 42486
 38492 42202 24045 24793  6308  1070 48307 36009 29196 36890 29798 31338
 26123  4793  4969 46244 11292  6442 17135 33539 10101 32142 24091   580
 45036 15649  9680  7663  3790 11711 26534 35661 24517  3702 20267 17297
 47939 35871  7011 29289  7628  2773 32350 22272 26569  1731 47496   233
 33714 48416 30785 44575 44095 20173  3358 34366  1807 33899 46925 34638
 18557 12876 26662 24769 47029  1734  2437 22056 36033 12726 20082 39788
 13712 34509  3106 20542  9314 12402 29683 44312   827 35613 32986  3037
 34431  1565 47547 12162  9491 23337 21242 38104 34694  6211 16015 36984
 42815  7185 19112 24222 16424 11942  3050 44653 24302 18730 32640 34133
 11974 13827 42942 24256 10227 35039 47192 20303 37058 31400 33813  8721
 21919 43499 45279 42887 18471 42082 10649 32503 44952 30811 32545 27757
 45261 31886 16956  9005 42359 23725  4595 34343 18805 16373  5614 37054
 49173  2551 49472 28881 47458 12894 23146 41703 39411  1331  4581 41587
 20663  9152 18266   458 22120 46537 20688 49165 46912 24082 48129 14097
 25394  2536 20684 29649 29489 39545   817 24955 36272 12718 34859  4065
 41990 23167 40667  9559 19588 47066 17886 39810 37861 43803 13116 35170
   235 14389 23012 19002 40990 32714 45388 42964 17673 10861 45540 10257
 12221 32272  8953 45235  3361 36613  2169 13383 36182 13638 10867 41126
 28619 10254 40533 47816 28297 16574 32693 18017 38460 23865 42282 13924
 18648 41513 30180 46801 44551 20704 32348 41982 30198 32403 11024 22624
  5833  3456 12914 15652 39861 43202 44210  4711  7744 20386  4759 44284
  7934 27525    65 40233 27836 23530 12596 30938  7697  6734 26137 38746
 27168 43022  2212 12976 33929  9431   393 17994 11959 30213 13369 11365
 30995 24686 14493  1887 46674  3477 28500 35324 25811 44566 25051 22336
 39651 43596  9759 27988 39424 12909  3804 18764 18103 18165 18615 48557
 19880 10104 28455 38190 39895   866 46825 19257  4519 14376 30241 37965
 14643 46539 31929 40485 25020 26258 23869  5782 20103 23794 23876 26991
 21785 16657  6354 34889 24193 33338  6267 22267  3054   112 41450 19126
  3817 48576 21538 17493 27752 33845 42742 15016 46568 28038 16628 35713
 11092  8046 21289  3260 37409 29137  2002 27063 29010  7495 13434 32138
  1398   929 24836 45051 34181  2747 30695   159 28558 37226 30472  3360
  1377  7978 20056 14684  9903 46601 16850 45547 39517 28640 48082 45332
 38816 38997  3712  2138 19871  5983 15400 44186    46 33947 20096 32504
 40759 29341 24463 38279 14621 44520  9124  4692 21819    32 22284  8796
  9273 16730 39605 43222  6364  3000 36850 48984 20042 11118 22106  8614
 47512 41257 37577 15825 38258 43153   542 24355 39513 19286   463 42494
 27304  4370   726 42425 32335  8098 48857 29720 48927 44630  6671 35264
 24152 20936 38889 34177 14473 32388  3854 16813 32163 32035 30792 48060
 38436   439 39687 33720 32305 44282 48847 28608 45785 37073 19363 22144
 15302  1561 20629 44515 42434 29463     4 33724 30552  9897 45191 14158
 20882 18565 17132  8719 36654 19028   362 29376  9502 23622 47878  4550
 43485 36365 34187 44411 14231 43382 28494 32727 33110 30134 19734 43224
 30610 22977 38804 44580 39592  5383 24897 18065 12593 26230  2933  3977
 16814  7900 11928  2236  2803 28778 48432 23314  9580 13853 15772 42498
 41862 28907  4921 42232 44051 17565 40535 22647 16446 11470  9216 28828
 26365 46792 49024 24973   870 28635 25814 27734  4168  1559 34478 21405
 29197 15494 49002 34276  2805 45151 16023  8093 11592 25338 37600 36344
 28592 22974 16794 42429  5886 22219  2104 47634  9354 47862 34665 13649
 21461 22427 38115 26523 34437 33058 46779 32522  2291  5753 25024 48989
  6192 17298 13441 31741 39997  5930 38511 14995  8162 46900 29001 22915
 24883 19556 24810 31789 15693 46626 43539  6011 28617 30343 39608 37673
 29758 29132 46564  3289 42451 44098  1128 10697 21647 32981 25959 43080
 20021 14363 39882 28964 49291 27774 30589 29548 39028 34701  8240 45443
 21336 25704 23626 34994 23409 18464 30823 29608  2505 16817  6329 18821
 23102 42491 43962 47831 41119 37106  8478 36145 10289 12691 18344  7273
 37635 47305 38659  2377 38562 49204 33102  6104 29447 23823 15387 42273
 21204 12455   303 42355  4901 47560   501 32861  3208 47715  5008 30036
 20967 28106  7858 37052 37578 22396 49250  8144 36831 38880 23192 13406
 24674 11772 48624 21079 30065 33769 32919 21990 35992 28683 43090  5639
 38163 12933 27007 48644 25962 34353 49478  6563 34558 11660  3495 37246
 24985 20861 26763 48879 41006 30322 39343 12010 21429 20172   305 33633
 28515 43353 23850 45900 10296 19151    93  1898  4326 32473 18984 38363
 35243 32176 15053 48552 10540 18663 20526  6586 25946 15280 39410 20911
 16301 43116 33952 12796 35058 17812 46137 25928 11842 14367 13222 41922
 16277 15640 44702 24475  7266  8345 21407 41211 31023   352 23759 34964
 41810 13750 20123 29475  2341  6005 31633  9561 40324 23590 43708  5416
 49435 29931 22042  1681 46464 23360 19183 47675 16919 27227 39795 22784
 19290 24462 47117 24911 20721 40587 35967 15338 34501 22845 36014  1539
 11125 28750  8966  5603  3442 49366  5739 42704 12841 23965 11535 11507
  1777 45322  6837 22529 28961 22770 24816 11310 17036 12501 18279 33897
 31781 46182  4582  7368 45670 41133 16109 26223 34367  2385 30379 33622
 20498 32879 22493 48569 48578 25265 14726 23089 20219 13377 16935 31607
 37341 31798 10322 12581 15798 45704 35497 17511 11066 13768 29160 22645
 48336 22422 33403 44427  1177 24236 15532 12733  1443 27022 48890  5097
 32568 40877 24198 36700 29256 23659  7235 36925 14269  8128  5931 30366
 32042 27426  9383 33914 23983 24898   867  8465 15287 14039 18273 40790
 24330 27290 31662  3232 27743  8267   918 41048 37590 17804 12271 20803
 23077 34863   482 39417 34803 47147  2482 49348 28326 15927 41430  6838
 37712 17617  2010 44491  4900  7163  9171 42871 25153 21243  3589  5517
 27218 47174 17767 22824 12291 34132 45126 41873 40705 47587  6139  4647
 44417 36210 48597 44563 27190 43792 10173 18201  5182 20733 14443 40421
 24838 20868 20340  7473 28471 13715 38272 40196 21066 22595 46168 13120
 10698  5232 46210 39996 43049 18399 49088 32776 34815 38673   755 39769
  5915 23566 42214 24583 31030 24050  6755  1991  1586 45497 11423 28412
  5717 12097 27908 23340 21959 47738 36813 38981 20726 37883 18507  4571
 40807 16681 24296 29602 31568 39178 14370 11973   311 28250 30431 48768
 48874 13124 20421  4185 42850 40056  8595 20564 16598 49086 21589 45715
 38109  5770 13631 27200 23608 26737  2581 36122 18115  6668    60  8482
 49471 47063 27087 30588 48660 44212 48094  6098 48108 30375 19840  1529
 19062 23942 40672 41180 48332 25975 20510 10009 38447 44583 30174 24177
 31222  5808 22242 43679  8007 26885 30816 31286 15271 20411 40826 47833
 27156 42612 25312 29520 27877 29367 25557 25119 15968 40189 33857 33442
  7809 28875  6168 34568 39012 14926 22822  4005 32477  5981 30270 42314
  9565 18858  9088 19246 29437 44868 16427 10390  6456 30760 15359 20537
 15333 17569 31165  2015 28802  7460 35475 13673 29461 10470 10221 16235
 12014 48150 44034 45351 36401 31971 21671 20838 11723 28064 14518 34245
 25367 25577 17101 19439 28845 20345 41088 45454 35302   218 26626   324
 13382 23880 14396 34448 37222 16349 12056 15399 46449 26471  4337 34204
 48016 39102 10192 18928 36865  8475 33759 27957 29661 23242  9737 24389
 41173 39342 25917 20006 29759 16508 13170 10729  8641 33771 36225  8831
 43976  7597 20506 16810 46039 14061  6998 29402 10877 36405 10304   373
  3766  2451 38308  1308 31912  1382 29246 29069  2646  3311 37090  7519
  8054 41476 48721  9175 13971 47570 24140 19520  6882 30497   939 13974
 25427 15508 33770 33097 47310 38086  3640 15550 16259 47098 36348 27761
  2069 45518 41304 17950  8543 48967 21885 13563 17337  7886 29051 17446
 14352 16288  1090 31221 30759 32276 44132 36363 29409 22085 34180 35205
 45763 13925 18372 43251 29859 28264  7926 29265 43518 18658   429 10126
 41437 31646 21056 49057 14631 26382 12791 10318  9339 44976 30533  8145
 35762 37033 48659 12120 46646 28528 46613 25460 48198  1464   998 17361
 44978  2025 30737 27411 18595 30782 46988  3378 46325 34696 24229 13755
 27699 34376  9416 38242 40344 48925 23721 12618 22816 23764 29252  2288
 12119   154 16880   828  1684  4949 28713 28938 38545 31281  2513 31007
 19478 35962 30981 28234 49161  1693 44622 20065 30671 44763 23635 25328
   849 19784 11013 24750 22996  3741 19861 12327 35391 22410  4597 44821
 35272 41332 29544 13759  1290 13724   229  5055 25137 19725 48846 10204
 44109 48742  8782 14040 25990 23917 23512 11462  6103 45088 17136 24293
 29392 29731  9174 33340 16584 46863 21210 42309 23480 39927 15289 19957
  5619 28813 22583 22414 26028 14570  2706 19766  2780 18454 42867  2640
 42671 41733 17724 32739  5741 29813 38265 17883  8995  8952 34547 36675
 47406  7154 37742 34681 16099  6179 27792 36688 25578 43902 39639 29299
 43254 18533 16356  2635 17032 22551 42974 18445   674  6770 32556 45839
 28047 35195  8885 20307  3092 34455 25796 46899  6019 42514 16052 16165
 45986 17702 22484 12226  8956 47171 14738 25066 21139 49420   490 43235
 32405 44600  3248 31509 40417 24077 47696  7027 36303 20236  7801  1093
  8611 27231    19 30491 44340 12859   187 28291  7529 20232 34550 44860
 47719 30275 20875 46743 21353 24803 45521  5841  1482 37938 12151 37330
 35304 38974 42029  4815 31428 15913 16513 47283 44686  6488 35870 17865
  7651 19269 39174  7301 35363 42982 30258 21068 22723 18367  5845 29209
  5039 31715 34372 40751 21237 12145 31549 32241 16540 11026 28911 22240
 27005 27125  2100 15450 42068 22190 42339 18967 20016 30926 17758 38580
 42544  8882 43200 28862 30742 47783 47507 44283  8366 26627 44174 45642
 38170 34179 10066 11553 35937 34960 37459 35040 28350 26814  5224 27017
  3617 10821  5598 15526 46410 11913 36246 45836 39497   766 33999 48635
 29985 17401 45829 18385 49145 23481 34656 22528 48840 22582  4314  1943
  8990 46326  8913 21596  6767 20703 44699 47701 29054 12549 12879 27091
 21629 17381 35567  7323 17725 10428 44166 18018 46363 16310 29220 34284
 41096  1603 48943 37237  9993 33920   661 31083 39433 26266  6540  8753
 38983 20799 39032 37485  3251 12883 36449 20783 11237 39447 44617 35906
 25045  6621 37381  6295 45898 38536 24292 10415  8485 30786 48634  2155
 36305 21363 15377 26067 40434 24524 13006 37830 20183  8066 29133 12590
  9007  5105 45937 33788  1094 25852 16120 12264 22476 14377  2860 12435
 44754 35994  8367 18797 16234 13516 34715  5899  2235 33465 35518 25025
 43496 34419 37566 21016 34691  6978 16547 40715 16751 37492 44740 45834
 40651  5063 30540 24780 16495 32260 15686 18314 38346 25351 49268  2364
 16244 19672 15873 19392 39085 17785 27140 33859 36456  4353 19281 14911
   568 36825 28876  4374 16743 47409 21296 24488]
[   41    48   108   190   338   528   645   722   950  1416  1510  2022
  2065  2076  2432  2439  2490  2524  3136  3266  3272  3274  3445  3468
  3783  3855  3924  3955  4072  4205  4338  4705  4797  4938  5080  5124
  5183  5244  5269  5274  5320  5390  5525  5535  5804  6006  6045  6096
  6205  6254  6259  6489  6494  6549  6552  6590  6970  7058  7190  7205
  7240  7391  7464  7468  7526  7595  7893  7894  7988  8175  8204  8257
  8688  8718  8786  8851  8881  9093  9264  9487  9604  9825 10088 10288
 10291 10700 10859 10868 10899 10909 11173 11174 11425 11487 11581 11698
 11704 11727 11823 11861 11880 11932 12123 12279 12375 12515 12572 12673
 12761 12763 12817 12822 13018 13078 13397 13483 13520 13546 13692 13723
 13994 14124 14184 14384 14435 14864 14885 15108 15109 15241 15566 15728
 15906 15995 16185 16191 16270 16515 16633 16695 16704 16844 16890 16892
 16916 16942 17131 17151 17268 17278 17310 17477 17598 17651 17769 17798
 17870 18041 18114 18499 18608 18613 18659 18660 18724 18956 19278 19292
 19414 19431 19436 19512 19830 19832 20058 20193 20218 20276 20280 20397
 20436 20514 20590 20631 20807 21413 21716 21733 21811 21937 21968 22052
 22216 22303 22518 23213 23273 23278 23416 23497 23700 23949 24164 24320
 24348 24387 24435 24486 24616 24782 24831 24929 24958 25003 25147 25183
 25192 25210 25230 25254 25440 25465 25594 25608 25974 26005 26034 26057
 26130 26254 26275 26360 26423 26620 26655 26821 26864 26879 26903 27217
 27272 27363 27400 27419 27445 27498 27541 27544 27627 27677 27782 27814
 28121 28165 28383 28409 28434 28563 28572 28653 28763 28970 29108 29213
 29241 29377 29950 30086 30365 30393 30916 30956 31120 31145 31175 31274
 31394 31540 31625 31676 31856 32052 32525 32561 32610 32833 32843 32846
 32851 33119 33141 33147 33509 33581 33704 33775 33838 33906 34004 34027
 34082 34221 34255 34334 34441 34473 34531 35024 35514 35648 36008 36086
 36162 36220 36233 36253 36312 36648 36703 36886 37075 37365 37375 37483
 37489 37608 37636 37811 37897 38073 38298 38504 38530 38607 38759 38773
 38854 38881 38885 38999 39011 39533 39588 39800 39801 39917 40024 40319
 40409 40658 40762 40888 40999 41181 41410 41577 41632 41751 41809 41869
 41910 41957 42147 42292 42313 42330 42578 42617 43076 43114 43305 43308
 43550 43632 43820 43922 43974 43993 44371 44570 45055 45072 45217 45366
 45460 45558 45626 46093 46097 46132 46323 46412 46433 46434 46461 46473
 46484 46495 46546 46738 46760 46829 46963 47012 47042 47146 47178 47200
 47207 47227 47384 47474 47755 47911 48079 48125 48138 48331 48367 48665
 49308 49309 49364]
[  228   238   257   471   529   602   625   628   911   994  1007  1072
  1089  1195  1351  1475  1491  1499  1534  1541  1543  1648  1706  1792
  1828  1829  1836  1850  1897  1965  2034  2035  2094  2159  2225  2227
  2290  2353  2395  2452  2542  2585  2752  2762  2821  2883  2909  2959
  2961  2978  2990  3023  3035  3044  3057  3127  3146  3261  3275  3313
  3339  3359  3424  3536  3542  3565  3635  3643  3724  3740  3796  3823
  3884  3932  4030  4083  4125  4167  4231  4294  4393  4401  4427  4446
  4477  4488  4491  4508  4539  4565  4653  4657  4677  4694  4744  4756
  4770  4876  4877  5002  5100  5108  5158  5322  5326  5443  5547  5594
  5618  5632  5756  5780  5807  5868  5890  6143  6162  6285  6294  6318
  6326  6329  6417  6424  6460  6519  6635  6679  6748  6783  6808  6810
  6864  6915  6981  6999  7031  7056  7080  7089  7090  7182  7190  7248
  7389  7470  7476  7487  7604  7635  7694  7726  7767  7820  7823  7867
  7907  7942  7945  7952  8018  8025  8079  8096  8182  8270  8425  8427
  8436  8571  8589  8590  8598  8628  8711  8759  8859  8903  9010  9059
  9076  9087  9151  9244  9392  9398  9399  9495  9520  9536  9744  9875
  9893 10284 10312 10315 10326 10329 10342 10356 10486 10491 10569 10668
 10719 10736 10756 10777 10878 10916 10929 10959 11011 11056 11091 11107
 11129 11147 11151 11168 11211 11253 11298 11333 11370 11414 11421 11558
 11565 11604 11625 11673 11684 11714 11742 11777 11793 11821 11871 11895
 11947 11970 12207 12224 12324 12352 12357 12369 12444 12462 12477 12491
 12497 12510 12656 12730 12820 12864 12941 12968 13108 13121 13128 13204
 13227 13322 13331 13367 13371 13376 13656 13746 13767 13801 13819 13839
 13906 13933 13979 14018 14023 14080 14094 14103 14198 14212 14260 14300
 14329 14394 14429 14455 14500 14545 14582 14609 14683 14723 14778 14865
 14901 14925 14979 15076 15078 15290 15330 15525 15547 15600 15658 15692
 15737 15777 15999 16081 16103 16125 16148 16233 16250 16410 16577 16586
 16635 16642 16759 16761 16783 16785 16815 16913 17062 17103 17116 17120
 17138 17199 17236 17244 17323 17369 17431 17480 17525 17527 17540 17597
 17657 17706 17900 17925 17962 18167 18209 18217 18271 18336 18413 18434
 18448 18468 18470 18489 18492 18526 18569 18649 18662 18670 18815 18883
 18886 18888 18904 18908 18972 19137 19182 19222 19255 19299 19409 19481
 19506 19596 19605 19671 19825 19852 19868 19986 20018 20063 20174 20189
 20214 20256 20291 20315 20406 20417 20475 20482 20727 20728 20804 20847
 20850 20980 21052 21194 21244 21269 21321 21431 21488 21510 21513 21515
 21573 21586 21610 21611 21634 21640 21665 21698 21733 21836 21874 21877
 21917 21998 22001 22109 22586 22616 22635 22758 23049 23113 23132 23201
 23207 23449 23474 23492 23501 23536 23565 23761 23803 23992 23996 24036
 24040 24070 24167 24192 24204 24241 24255 24326 24479 24483 24507 24513
 24539 24565 24621 24709 24800 24809 24821 24824 24830 24939 25006 25029
 25041 25103 25251 25270 25303 25325 25349 25400 25486 25643 25691 25766
 25767 25810 25824 25910 25911 25918 25990 26013 26095 26102 26142 26320
 26434 26457 26465 26480 26520 26604 26632 26676 26681 26739 26779 26969
 27000 27027 27039 27054 27083 27196 27306 27310 27350 27381 27383 27394
 27505 27549 27601 27617 27622 27659 27707 27773 27784 27793 27805 27808
 27953 27965 28023 28145 28191 28321 28370 28371 28379 28415 28451 28468
 28523 28564 28609 28661 28679 28684 28712 28767 28768 28790 28801 28859
 28971 29100 29161 29162 29249 29275 29282 29302 29314 29355 29400 29472
 29473 29531 29693 29712 29802 29943 29980 30011 30149 30161 30172 30194
 30356 30408 30409 30414 30453 30461 30465 30518 30675 30717 30736 30776
 30819 30840 30986 30993 31019 31038 31144 31226 31247 31277 31368 31409
 31420 31445 31470 31512 31672 31723 31724 31801 31811 31909 31951 31983
 32055 32062 32097 32128 32229 32267 32351 32392 32455 32463 32472 32499
 32557 32574 32582 32644 32673 32715 32721 32764 32802 32906 32947 33053
 33070 33134 33224 33263 33284 33315 33362 33462 33487 33570 33592 33604
 33609 33625 33648 33763 33797 33806 33854 33905 33953 34006 34047 34073
 34086 34100 34158 34208 34252 34297 34350 34447 34483 34485 34612 34616
 34651 34676 34692 34696 34753 34761 34769 34770 34807 34831 34886 34887
 35076 35184 35674 35736 35772 35804 35807 35829 35835 35863 36010 36138
 36236 36300 36488 36525 36529 36584 36585 36594 36729 36786 36805 36828
 36865 36921 36947 36990 36994 37005 37075 37115 37216 37242 37252 37310
 37327 37336 37352 37379 37442 37513 37542 37609 37613 37693 37773 37898
 37989 38039 38062 38064 38174 38255 38301 38360 38381 38493 38503 38506
 38521 38572 38613 38637 38684 38687 38696 38706 38738 38764 38766 38772
 38959 38984 39021 39033 39065 39087 39098 39166 39232 39456 39594 39607
 39781 39817 39909 39938 39945 39981 40033 40106 40222 40290 40381 40439
 40457 40487 40514 40517 40522 40737 40867 40941 41105 41122 41134 41148
 41163 41274 41281 41319 41336 41442 41649 41661 41753 41770 41824 41834
 41944 41985 41989 42059 42083 42088 42108 42173 42198 42207 42263 42312
 42356 42392 42399 42427 42440 42562 42592 42625 42638 42661 42726 42883
 42922 42978 43014 43041 43120 43166 43183 43195 43293 43297 43325 43412
 43479 43682 43723 43726 43737 43784 43793 43795 43798 43826 43829 43837
 43907 43927 43960 44020 44071 44263 44330 44410 44498 44512 44629 44679
 44682 44731 44746 44762 44769 44777 44824 44828 44904 44973 45024 45055
 45059 45246 45304 45440 45441 45492 45500 45507 45536 45627 45639 45664
 45743 45757 45831 45902 45919 46100 46110 46160 46172 46319 46375 46408
 46457 46535 46575 46581 46633 46649 46711 46892 46959 46975 46987 47002
 47179 47448 47464 47480 47588 47601 47636 47638 47778 47824 47867 47918
 47994 48026 48055 48062 48102 48142 48238 48291 48313 48429 48564 48623
 48727 48770 48778 48782 48799 48889 48895 48970 48998 49053 49058 49135
 49228 49368 49465 49480]
[]
[   85   123   142   228   238   247   257   304   317   320   338   372
   423   473   486   489   495   499   517   529   533   628   670   676
   684   708   721   725   744   803   848   855   869   901   906   911
   915   962  1032  1087  1089  1101  1102  1124  1180  1193  1195  1281
  1298  1304  1330  1334  1343  1475  1491  1499  1510  1515  1543  1554
  1645  1648  1706  1741  1760  1770  1790  1828  1829  1880  1885  1897
  1937  1962  1965  1987  2012  2034  2040  2090  2100  2106  2179  2256
  2290  2356  2395  2399  2408  2423  2452  2530  2542  2560  2628  2636
  2665  2680  2688  2762  2821  2879  2907  2938  2961  2978  2990  2997
  3011  3030  3035  3044  3068  3082  3084  3127  3128  3138  3146  3163
  3165  3167  3305  3313  3329  3339  3359  3368  3424  3468  3469  3471
  3489  3542  3549  3565  3586  3620  3635  3643  3724  3746  3755  3796
  3823  3834  3861  3884  3932  4010  4030  4038  4049  4206  4231  4325
  4335  4341  4352  4427  4488  4490  4491  4494  4507  4565  4600  4653
  4657  4677  4678  4744  4756  4770  4773  4805  4849  4862  4978  4991
  5002  5009  5071  5100  5102  5103  5108  5113  5158  5217  5264  5319
  5322  5336  5339  5458  5548  5550  5618  5748  5750  5772  5780  5807
  5890  5909  5910  5953  5974  6143  6150  6157  6190  6198  6226  6282
  6294  6326  6349  6410  6417  6424  6452  6460  6519  6553  6559  6635
  6651  6689  6728  6743  6808  6810  6864  6879  6915  6981  6982  6989
  6999  7056  7059  7087  7090  7092  7160  7166  7190  7247  7248  7252
  7386  7389  7414  7435  7470  7476  7530  7590  7649  7652  7665  7694
  7707  7708  7726  7792  7795  7820  7823  7907  7936  7971  8020  8023
  8071  8079  8097  8106  8140  8169  8182  8236  8245  8270  8294  8303
  8416  8418  8589  8590  8598  8643  8658  8668  8705  8711  8736  8759
  8778  8804  8850  8859  8903  8962  8983  9021  9072  9073  9076  9082
  9087  9092  9095  9181  9264  9398  9399  9419  9495  9516  9520  9619
  9652  9721  9742  9797  9834  9838  9872  9963  9969 10027 10039 10088
 10221 10226 10284 10312 10319 10329 10342 10416 10451 10469 10475 10486
 10529 10532 10568 10622 10624 10660 10706 10762 10777 10779 10854 10896
 10916 10959 10994 11011 11038 11056 11061 11085 11126 11147 11168 11172
 11211 11235 11241 11253 11298 11350 11359 11382 11414 11419 11421 11491
 11565 11570 11602 11604 11612 11625 11684 11707 11714 11743 11753 11756
 11816 11821 11868 11870 11871 11895 11939 11947 11970 12000 12022 12044
 12122 12124 12208 12323 12324 12338 12346 12357 12369 12372 12388 12413
 12427 12444 12449 12460 12462 12491 12497 12504 12518 12538 12569 12606
 12646 12710 12730 12747 12769 12865 12941 12968 13050 13064 13108 13128
 13179 13204 13225 13227 13322 13331 13335 13336 13467 13530 13656 13819
 13842 13877 13889 13892 13893 13933 13950 13975 14012 14018 14023 14029
 14041 14080 14094 14103 14129 14154 14160 14212 14229 14243 14246 14257
 14260 14300 14324 14347 14465 14500 14507 14511 14513 14540 14545 14599
 14606 14648 14660 14683 14744 14778 14865 14878 14882 14893 14901 14972
 14975 14979 14991 15020 15078 15109 15144 15169 15204 15237 15250 15274
 15290 15291 15292 15341 15358 15404 15427 15492 15525 15547 15600 15658
 15687 15696 15699 15729 15737 15817 15822 15826 15836 15880 15928 16038
 16081 16103 16119 16125 16140 16145 16148 16167 16172 16178 16184 16250
 16276 16300 16374 16380 16396 16401 16410 16586 16596 16600 16609 16615
 16623 16624 16634 16635 16663 16696 16785 16811 16815 16879 16904 16913
 16931 16969 16975 17062 17076 17084 17103 17120 17138 17156 17199 17236
 17281 17323 17327 17342 17349 17369 17403 17431 17439 17476 17525 17536
 17540 17552 17597 17599 17605 17614 17622 17629 17650 17672 17706 17729
 17751 17755 17806 17889 17900 17918 17925 17933 17937 17991 18001 18128
 18167 18209 18248 18271 18374 18405 18413 18434 18441 18468 18489 18526
 18537 18569 18575 18577 18637 18649 18662 18667 18670 18769 18774 18815
 18824 18883 18888 18957 18990 19008 19009 19130 19137 19163 19169 19222
 19233 19234 19247 19266 19287 19314 19338 19343 19382 19409 19471 19481
 19524 19531 19552 19671 19758 19806 19825 19852 19868 19869 19874 19988
 20044 20063 20174 20189 20214 20269 20287 20315 20317 20325 20406 20416
 20417 20422 20475 20482 20523 20547 20650 20727 20780 20798 20804 20847
 20850 20887 20890 20903 21072 21178 21217 21244 21259 21329 21418 21510
 21513 21516 21529 21573 21585 21611 21634 21640 21655 21665 21733 21784
 21854 21917 21999 22001 22004 22094 22109 22146 22204 22254 22273 22310
 22317 22358 22432 22445 22473 22497 22514 22560 22606 22635 22725 22743
 22758 22819 22827 22832 22846 22882 22991 22999 23034 23057 23059 23078
 23079 23082 23112 23113 23124 23132 23140 23207 23249 23260 23281 23319
 23421 23425 23449 23492 23501 23733 23761 23762 23772 23781 23803 23815
 23825 23853 23883 23915 23964 23996 24007 24040 24109 24115 24121 24132
 24163 24167 24183 24192 24204 24251 24255 24298 24316 24398 24453 24458
 24470 24483 24513 24522 24617 24709 24730 24800 24804 24826 24887 24903
 24916 24992 25006 25029 25041 25059 25062 25100 25103 25116 25159 25208
 25251 25325 25339 25580 25594 25643 25691 25719 25767 25771 25810 25910
 25918 25974 26013 26064 26069 26082 26089 26095 26102 26104 26142 26259
 26265 26289 26318 26320 26418 26434 26460 26464 26480 26520 26602 26604
 26632 26671 26681 26779 26815 26818 26849 26864 26969 27000 27028 27039
 27054 27070 27177 27183 27196 27234 27276 27306 27310 27350 27381 27383
 27415 27431 27448 27487 27492 27549 27596 27601 27649 27707 27777 27784
 27793 27805 27806 27808 27809 27849 27953 28070 28098 28115 28131 28191
 28195 28210 28231 28248 28263 28362 28370 28371 28403 28441 28484 28524
 28541 28564 28609 28657 28661 28679 28684 28706 28712 28718 28732 28737
 28767 28790 28793 28801 28939 28958 28978 28984 29005 29072 29075 29095
 29100 29161 29162 29186 29249 29277 29282 29302 29314 29321 29384 29408
 29430 29472 29473 29498 29531 29569 29690 29693 29719 29724 29757 29793
 29799 29848 30011 30041 30063 30077 30085 30149 30207 30231 30356 30406
 30409 30430 30453 30461 30464 30465 30518 30576 30717 30736 30776 30778
 30819 30864 30882 30965 30986 30993 31038 31050 31120 31122 31144 31156
 31207 31217 31230 31247 31264 31323 31356 31368 31409 31411 31419 31420
 31445 31470 31472 31476 31504 31512 31526 31543 31565 31655 31672 31722
 31723 31724 31783 31811 31842 31861 31916 31949 31951 31963 31970 32051
 32055 32062 32099 32101 32143 32155 32194 32246 32291 32351 32440 32446
 32455 32472 32499 32535 32557 32565 32574 32608 32609 32644 32667 32721
 32731 32765 32802 32806 32906 32921 32944 32947 32956 33053 33085 33087
 33088 33124 33134 33136 33183 33224 33233 33263 33266 33279 33284 33308
 33315 33440 33472 33487 33489 33525 33597 33609 33625 33648 33659 33722
 33763 33806 33854 33872 33877 33903 33905 33953 34047 34065 34073 34086
 34100 34134 34160 34183 34248 34252 34253 34297 34335 34349 34350 34400
 34447 34483 34505 34580 34582 34616 34641 34651 34692 34709 34753 34770
 34807 34813 34831 34857 34887 34911 34932 34967 35027 35076 35083 35147
 35184 35232 35275 35385 35386 35416 35420 35458 35476 35565 35594 35598
 35663 35669 35674 35681 35699 35765 35772 35790 35835 35860 35863 35977
 35995 36041 36073 36081 36237 36238 36248 36260 36291 36300 36403 36410
 36413 36427 36488 36525 36529 36546 36582 36584 36585 36594 36599 36600
 36633 36676 36686 36715 36716 36805 36814 36828 36884 36947 36990 37075
 37089 37097 37111 37115 37157 37198 37242 37252 37267 37285 37310 37327
 37336 37352 37379 37390 37442 37496 37513 37592 37609 37613 37639 37648
 37674 37825 37898 37916 37943 37962 38039 38111 38129 38135 38174 38255
 38270 38301 38338 38360 38385 38479 38493 38503 38505 38506 38572 38637
 38684 38706 38738 38764 38766 38772 38774 38792 38895 38933 38984 39033
 39065 39087 39088 39091 39133 39187 39202 39211 39380 39456 39473 39490
 39591 39607 39615 39658 39671 39730 39731 39808 39817 39872 39909 39929
 39938 39945 39956 39963 40022 40027 40029 40033 40131 40180 40222 40248
 40259 40272 40284 40290 40358 40381 40439 40457 40476 40477 40487 40507
 40514 40517 40522 40534 40565 40592 40625 40680 40681 40684 40704 40718
 40737 40788 40867 40931 40941 40956 40974 41022 41055 41095 41134 41145
 41148 41158 41163 41274 41281 41291 41319 41322 41337 41375 41455 41461
 41472 41525 41646 41649 41661 41699 41735 41753 41769 41799 41834 41855
 41867 41898 41937 41944 41985 41989 41992 42083 42088 42108 42162 42166
 42173 42198 42207 42212 42263 42292 42350 42356 42392 42399 42419 42427
 42440 42562 42584 42592 42613 42625 42661 42680 42688 42745 42883 42888
 42910 42922 42957 42978 42980 43014 43033 43041 43069 43105 43158 43183
 43201 43365 43396 43404 43405 43406 43415 43454 43479 43484 43523 43615
 43680 43726 43790 43829 43837 43861 43915 43960 43964 43996 44000 44020
 44067 44092 44263 44292 44381 44405 44410 44412 44431 44482 44493 44512
 44573 44629 44671 44679 44705 44731 44734 44762 44777 44824 44828 44972
 44973 45000 45024 45050 45052 45069 45095 45123 45137 45304 45311 45359
 45372 45427 45440 45441 45457 45469 45477 45492 45507 45524 45527 45566
 45567 45624 45626 45627 45639 45673 45804 45827 45830 45833 45871 45888
 45902 45926 45934 45943 45954 45980 46033 46144 46222 46239 46268 46284
 46324 46364 46375 46394 46438 46466 46479 46518 46535 46575 46581 46649
 46711 46721 46747 46757 46770 46869 46894 46921 46959 46974 46975 46982
 46987 46990 46995 47000 47002 47007 47024 47068 47179 47206 47234 47246
 47398 47429 47448 47464 47480 47515 47529 47541 47548 47563 47588 47601
 47636 47638 47641 47681 47704 47709 47712 47730 47819 47824 47850 47915
 47918 47924 47929 47994 48026 48055 48059 48084 48090 48142 48258 48270
 48277 48283 48291 48344 48349 48368 48382 48429 48500 48513 48527 48564
 48727 48778 48782 48799 48834 48889 48895 48913 48928 48975 49027 49106
 49135 49171 49172 49192 49211 49228 49293 49302 49344 49346 49423 49465
 49480 49481 49491]
[  913  2086  2340  5330  8008  8269  8403  9428 14191 14311 17271 21329
 22244 24793 25312 29707 29842 31365 33149 36962 39078 40106 41284 44806
 45667 46452 46631 46729 47125]
[    7     9    12    35    37    43   114   133   140   151   171   207
   255   295   317   360   419   491   511   546   618   655   676   740
   765   788   799   809   836   837   838   927   941   947   959  1038
  1116  1126  1144  1209  1216  1284  1300  1357  1374  1447  1486  1526
  1568  1570  1632  1716  1725  1793  1805  1841  1857  1865  1877  1886
  1888  1901  1916  2060  2074  2084  2105  2126  2186  2229  2260  2320
  2323  2342  2382  2427  2431  2462  2522  2541  2544  2549  2592  2702
  2751  2761  2785  2807  2811  2812  2818  2952  2956  2975  2982  3008
  3046  3058  3079  3113  3183  3231  3236  3247  3254  3282  3291  3320
  3341  3368  3389  3446  3551  3581  3616  3620  3622  3667  3672  3679
  3699  3750  3752  3766  3767  3805  3903  3914  3947  3985  3990  4003
  4016  4041  4042  4044  4076  4142  4151  4180  4199  4207  4211  4216
  4217  4221  4248  4320  4323  4349  4402  4465  4513  4520  4530  4541
  4548  4609  4645  4670  4733  4739  4778  4821  4839  4854  4859  5000
  5014  5032  5035  5110  5119  5139  5181  5219  5226  5267  5270  5278
  5333  5335  5346  5357  5386  5399  5426  5447  5476  5485  5513  5516
  5546  5557  5569  5608  5685  5719  5730  5732  5769  5790  5838  5853
  5882  5891  5936  5938  5979  6004  6024  6092  6113  6197  6221  6225
  6229  6241  6248  6251  6271  6299  6305  6327  6342  6401  6422  6428
  6454  6476  6506  6523  6539  6571  6618  6633  6676  6695  6700  6710
  6729  6733  6757  6758  6763  6772  6899  6925  6931  6962  7010  7032
  7048  7097  7112  7119  7131  7176  7203  7215  7260  7285  7395  7484
  7487  7489  7490  7493  7507  7521  7537  7605  7616  7649  7657  7727
  7732  7752  7861  7876  7972  7984  8048  8060  8155  8185  8193  8228
  8229  8232  8233  8262  8275  8277  8300  8326  8414  8415  8420  8448
  8495  8523  8535  8568  8574  8595  8613  8630  8632  8639  8658  8669
  8730  8790  8797  8807  8819  8845  8858  8878  8884  8950  8975  8981
  8992  9006  9116  9143  9179  9187  9193  9217  9281  9307  9316  9350
  9353  9379  9393  9455  9497  9547  9596  9651  9695  9711  9792  9811
  9814  9825  9862  9863  9943  9980 10017 10029 10048 10134 10171 10207
 10230 10273 10293 10324 10334 10384 10440 10444 10518 10522 10524 10568
 10630 10631 10654 10656 10695 10715 10722 10731 10778 10827 10891 10895
 10936 11040 11075 11110 11165 11175 11202 11232 11244 11302 11306 11320
 11328 11337 11340 11352 11361 11380 11461 11465 11496 11560 11590 11594
 11667 11726 11735 11769 11862 11924 11964 12035 12089 12107 12296 12316
 12348 12403 12408 12410 12436 12452 12492 12512 12537 12562 12600 12616
 12621 12640 12719 12722 12725 12742 12766 12839 12858 12861 12862 12868
 12886 12890 12903 12924 12969 12977 13031 13048 13051 13077 13113 13242
 13248 13251 13305 13310 13317 13357 13366 13390 13400 13492 13501 13507
 13514 13573 13753 13807 13820 13833 13943 13954 13992 14000 14053 14059
 14075 14086 14111 14140 14174 14208 14222 14226 14252 14255 14268 14282
 14283 14296 14303 14337 14355 14400 14427 14486 14513 14521 14535 14541
 14589 14606 14611 14619 14631 14758 14773 14774 14785 14826 14829 14834
 14917 14921 14949 14965 14981 15026 15052 15113 15117 15139 15160 15167
 15170 15175 15179 15209 15233 15301 15323 15420 15451 15466 15486 15571
 15645 15660 15662 15663 15697 15699 15716 15771 15791 15837 15939 15946
 16006 16031 16032 16042 16063 16133 16167 16181 16239 16297 16298 16314
 16334 16359 16387 16418 16419 16425 16455 16494 16496 16554 16612 16643
 16673 16682 16709 16758 16769 16772 16833 16878 16889 16896 16897 17004
 17009 17025 17026 17086 17102 17147 17179 17187 17200 17231 17234 17262
 17296 17321 17325 17343 17396 17441 17442 17468 17491 17573 17623 17624
 17635 17641 17646 17648 17654 17689 17713 17728 17760 17796 17814 17827
 17834 17848 17868 17912 18019 18055 18104 18109 18150 18231 18256 18384
 18395 18406 18472 18500 18561 18580 18587 18639 18651 18715 18718 18741
 18780 18811 18827 18865 18892 18922 18924 19001 19003 19049 19065 19102
 19106 19190 19217 19225 19231 19236 19243 19317 19319 19381 19398 19446
 19450 19455 19460 19464 19469 19569 19576 19587 19598 19612 19617 19644
 19675 19679 19685 19691 19726 19855 19856 19886 19893 19971 19978 19983
 20027 20028 20040 20053 20165 20209 20269 20372 20393 20438 20534 20548
 20570 20581 20639 20668 20707 20746 20755 20760 20768 20895 20972 20984
 21010 21030 21054 21055 21062 21088 21120 21172 21183 21192 21211 21261
 21264 21286 21376 21377 21378 21394 21417 21433 21464 21491 21502 21518
 21527 21528 21560 21619 21650 21667 21694 21743 21771 21812 21822 21846
 21889 21890 21902 21958 21977 21995 22039 22047 22092 22095 22112 22211
 22253 22288 22342 22367 22379 22382 22435 22444 22493 22496 22523 22538
 22546 22549 22558 22692 22706 22722 22729 22817 22898 22900 22904 22931
 22950 22968 23010 23023 23029 23062 23066 23068 23072 23094 23095 23108
 23179 23220 23248 23270 23306 23317 23324 23339 23347 23353 23386 23388
 23435 23436 23480 23486 23503 23552 23602 23647 23652 23661 23677 23726
 23749 23770 23782 23808 23810 23841 23889 23914 24014 24098 24120 24123
 24124 24288 24360 24363 24372 24448 24534 24544 24570 24665 24666 24667
 24690 24691 24699 24720 24729 24731 24827 24838 24888 24935 25016 25078
 25082 25087 25093 25113 25114 25120 25134 25154 25155 25197 25225 25264
 25269 25295 25334 25376 25388 25527 25531 25540 25588 25626 25636 25667
 25686 25695 25722 25770 25822 25823 25844 25851 25870 25885 25930 25933
 25940 25945 25986 25999 26000 26011 26052 26078 26120 26129 26196 26235
 26345 26363 26380 26399 26403 26412 26417 26427 26461 26496 26508 26550
 26580 26606 26622 26637 26643 26647 26659 26699 26701 26710 26772 26789
 26795 26823 26872 26880 26905 26910 26940 26949 26962 26978 27019 27043
 27050 27118 27122 27153 27249 27307 27374 27392 27423 27479 27485 27491
 27543 27552 27589 27616 27619 27626 27652 27662 27746 27764 27859 27864
 27909 27923 27972 27974 27976 28062 28076 28097 28176 28177 28185 28236
 28262 28278 28289 28298 28345 28347 28351 28405 28423 28429 28445 28474
 28511 28522 28546 28561 28593 28603 28604 28629 28660 28723 28788 28843
 28883 28890 28915 28919 29006 29007 29025 29072 29098 29146 29155 29163
 29193 29198 29201 29234 29258 29312 29313 29315 29318 29328 29370 29482
 29491 29498 29537 29570 29597 29613 29654 29672 29687 29690 29703 29760
 29777 29787 29843 29846 29849 29877 29883 29884 29896 29916 29939 29945
 29956 30057 30120 30124 30170 30244 30250 30259 30291 30305 30367 30437
 30447 30459 30468 30512 30521 30551 30563 30612 30615 30658 30673 30677
 30703 30735 30767 30828 30855 30921 30932 30988 31004 31039 31046 31150
 31155 31173 31195 31200 31201 31203 31229 31291 31340 31398 31399 31445
 31468 31479 31501 31528 31530 31599 31622 31686 31705 31709 31793 31831
 31915 31959 31973 32026 32069 32093 32109 32144 32162 32181 32194 32211
 32258 32268 32303 32330 32372 32398 32417 32447 32449 32526 32541 32673
 32743 32766 32799 32818 32852 32864 32916 32926 32991 33000 33001 33003
 33009 33041 33056 33129 33131 33142 33153 33179 33242 33248 33342 33344
 33363 33388 33425 33477 33495 33512 33529 33554 33584 33587 33601 33634
 33670 33674 33694 33798 33802 33812 33842 33855 33879 33904 33908 33911
 33924 33926 33933 33959 34050 34117 34168 34230 34231 34239 34305 34355
 34402 34428 34434 34457 34490 34514 34540 34545 34560 34575 34640 34646
 34650 34652 34673 34704 34709 34739 34751 34774 34799 34805 34817 34855
 34874 34875 34894 34896 34907 34915 34955 35023 35095 35100 35221 35407
 35427 35433 35449 35450 35614 35679 35681 35683 35710 35725 35759 35817
 35823 35838 35877 35914 35939 35959 35985 35989 36026 36040 36050 36062
 36066 36085 36167 36206 36209 36221 36224 36285 36291 36292 36404 36406
 36446 36460 36465 36470 36534 36555 36606 36617 36631 36646 36657 36687
 36747 36788 36816 36830 36835 36841 36874 36892 36897 36912 36932 36936
 36937 37019 37053 37074 37089 37102 37104 37127 37159 37186 37224 37247
 37290 37292 37300 37307 37316 37325 37346 37397 37416 37470 37520 37521
 37532 37567 37585 37612 37613 37614 37645 37657 37683 37768 37769 37804
 37822 37827 37829 37862 37891 37910 37951 37983 37987 38001 38018 38038
 38076 38114 38122 38127 38134 38140 38143 38196 38306 38309 38324 38341
 38350 38370 38400 38418 38423 38446 38468 38509 38571 38577 38667 38695
 38702 38731 38750 38769 38778 38821 38823 38834 38863 38874 38878 38915
 38926 39008 39016 39042 39067 39301 39333 39334 39365 39402 39404 39407
 39409 39413 39416 39418 39574 39610 39619 39626 39630 39631 39670 39748
 39802 39854 39869 39908 39911 39921 40046 40057 40142 40170 40188 40206
 40228 40232 40294 40311 40313 40348 40370 40402 40418 40435 40472 40501
 40504 40516 40533 40555 40581 40592 40618 40639 40687 40774 40874 40910
 40942 40944 40989 40991 41015 41034 41073 41086 41100 41198 41228 41249
 41254 41273 41280 41311 41326 41328 41348 41372 41387 41428 41486 41528
 41605 41660 41672 41681 41830 41850 41903 41919 41936 41947 41949 41970
 42003 42065 42094 42176 42204 42211 42257 42291 42294 42341 42386 42390
 42430 42509 42512 42524 42535 42558 42597 42609 42654 42701 42703 42789
 42817 42841 42875 42886 42892 42913 42940 43016 43018 43101 43137 43155
 43193 43215 43238 43284 43290 43339 43387 43397 43454 43456 43460 43495
 43504 43525 43563 43569 43636 43641 43643 43653 43663 43667 43692 43713
 43728 43789 43840 43847 43866 43908 43909 43917 43939 43947 43974 44001
 44014 44066 44082 44094 44168 44171 44173 44178 44180 44203 44224 44253
 44261 44280 44320 44356 44402 44415 44464 44480 44547 44555 44589 44619
 44657 44724 44833 44894 44931 45027 45028 45084 45104 45113 45192 45255
 45272 45349 45377 45378 45392 45431 45432 45473 45494 45555 45562 45666
 45672 45674 45709 45710 45711 45714 45753 45770 45776 45782 45841 45894
 45905 45911 45932 45934 45952 46020 46059 46095 46122 46140 46250 46265
 46322 46331 46349 46357 46373 46386 46392 46399 46406 46422 46458 46492
 46551 46571 46579 46584 46589 46607 46623 46639 46655 46745 46769 46802
 46820 46821 46836 46891 47001 47082 47124 47127 47133 47139 47142 47170
 47175 47263 47285 47351 47355 47359 47405 47449 47452 47469 47480 47523
 47576 47623 47727 47745 47759 47780 47806 47865 47877 47888 47943 47956
 47971 47976 47984 48007 48010 48042 48046 48085 48113 48196 48267 48289
 48294 48342 48348 48374 48418 48531 48559 48570 48583 48615 48651 48658
 48674 48711 48715 48741 48743 48773 48775 48783 48797 48806 48833 48838
 48899 48906 48933 48958 48961 48979 49051 49109 49115 49143 49192 49203
 49230 49239 49274 49276 49295 49302 49310 49347 49351 49452]
[   62   139   184   189   191   220   221   309   327   390   465   481
   569   626   667   730   771   787   863   933   936   964  1003  1006
  1036  1047  1071  1097  1121  1132  1153  1172  1245  1251  1363  1370
  1371  1380  1385  1386  1387  1417  1467  1496  1545  1660  1784  1849
  1900  1989  2017  2051  2082  2096  2114  2146  2151  2157  2174  2177
  2250  2257  2327  2329  2374  2444  2555  2558  2573  2594  2637  2686
  2775  2797  2856  2899  2905  2984  3014  3096  3105  3144  3279  3298
  3309  3327  3366  3392  3452  3490  3501  3522  3535  3610  3665  3708
  3800  3848  3871  3938  4002  4119  4196  4235  4237  4244  4255  4263
  4336  4343  4346  4360  4392  4429  4534  4554  4669  4714  4715  4763
  4807  4808  4816  4914  4923  4931  4935  4944  5044  5047  5053  5083
  5134  5148  5196  5228  5233  5251  5298  5328  5345  5366  5378  5415
  5431  5465  5472  5495  5549  5742  5754  5755  5803  5817  5877  5880
  5921  6000  6009  6074  6108  6109  6131  6206  6279  6312  6359  6455
  6555  6640  6655  6711  6724  6732  6742  6766  6771  6797  6833  6888
  6889  6907  6910  6922  6971  6998  7040  7086  7113  7161  7178  7273
  7302  7315  7357  7373  7422  7459  7513  7534  7563  7667  7779  7836
  7946  8016  8057  8108  8118  8152  8165  8201  8246  8385  8428  8442
  8646  8654  8722  8743  8761  8766  8804  8892  8946  8965  8973  9019
  9032  9063  9069  9102  9170  9253  9334  9376  9381  9395  9429  9440
  9462  9552  9573  9603  9636  9653  9702  9771  9788  9827  9877  9921
  9945  9971  9990 10005 10022 10041 10056 10170 10215 10219 10236 10239
 10242 10283 10358 10377 10426 10540 10573 10588 10621 10704 10816 10826
 10863 10871 10877 10884 10910 10927 10939 10983 11054 11055 11068 11073
 11139 11143 11221 11381 11392 11450 11463 11468 11489 11518 11555 11557
 11559 11563 11564 11682 11719 11752 11788 11794 11795 11836 11981 11983
 12007 12093 12181 12261 12286 12287 12289 12307 12365 12374 12386 12421
 12433 12464 12484 12505 12553 12564 12624 12639 12648 12649 12662 12683
 12711 12712 12738 12743 12768 12782 12784 12918 12956 12972 12999 13005
 13034 13052 13150 13230 13324 13365 13433 13444 13446 13452 13453 13457
 13484 13486 13490 13498 13541 13543 13553 13564 13584 13588 13609 13747
 13813 13838 13840 13875 13896 13916 13963 14015 14040 14064 14137 14183
 14239 14293 14307 14431 14441 14498 14601 14674 14718 14720 14739 14760
 14780 14851 15081 15082 15093 15161 15172 15180 15193 15195 15196 15210
 15256 15297 15469 15470 15515 15520 15555 15560 15634 15673 15686 15698
 15709 15722 15802 15866 15879 15881 15888 15907 16059 16163 16175 16220
 16253 16266 16303 16339 16350 16397 16479 16486 16526 16558 16674 16746
 16780 16821 16841 16856 16910 16948 16970 16994 17007 17028 17077 17082
 17139 17150 17178 17217 17305 17413 17422 17444 17445 17524 17553 17555
 17608 17645 17667 17853 17893 17924 17928 17960 17983 17986 18033 18078
 18160 18178 18191 18199 18269 18366 18414 18479 18480 18514 18518 18531
 18533 18579 18588 18611 18701 18721 18737 18762 18776 18869 18875 18900
 18918 18927 18974 18998 19053 19055 19068 19071 19138 19159 19203 19213
 19303 19340 19386 19402 19404 19406 19447 19462 19511 19518 19530 19545
 19565 19625 19730 19749 19764 19770 19774 19835 19873 19942 19974 20119
 20162 20253 20259 20266 20294 20299 20363 20441 20443 20492 20506 20546
 20601 20630 20698 20731 20743 20765 20773 20815 20816 20859 20898 20921
 20927 20956 21039 21043 21053 21080 21082 21145 21167 21256 21317 21323
 21374 21411 21422 21546 21561 21588 21677 21681 21729 21761 21786 21798
 21906 21921 22159 22192 22194 22208 22223 22282 22306 22352 22357 22381
 22394 22427 22448 22550 22557 22627 22669 22683 22709 22718 22775 22807
 22881 22889 22935 22947 22983 23018 23036 23065 23071 23138 23172 23218
 23297 23301 23334 23452 23524 23576 23597 23613 23629 23665 23807 23840
 23857 23894 23916 23933 23956 23970 24022 24068 24091 24126 24166 24187
 24203 24207 24208 24279 24339 24358 24359 24381 24438 24510 24512 24515
 24516 24655 24739 24760 24778 24790 24801 24819 24829 24835 24870 24934
 25023 25092 25136 25213 25215 25229 25260 25275 25282 25299 25308 25360
 25433 25459 25470 25595 25628 25663 25682 25753 25773 25776 25783 25846
 25893 25907 25921 25925 25951 25962 25987 25991 26065 26084 26113 26186
 26219 26269 26314 26321 26334 26394 26402 26408 26414 26424 26432 26433
 26596 26650 26678 26792 26894 26964 26975 26984 27159 27168 27179 27218
 27333 27355 27360 27372 27391 27403 27427 27570 27580 27676 27697 27698
 27749 27753 27827 27829 27842 27848 27867 27917 27979 27991 28059 28124
 28130 28143 28148 28203 28219 28258 28274 28392 28397 28417 28475 28478
 28501 28539 28551 28627 28631 28687 28791 28840 28858 28879 28880 28903
 28965 29030 29035 29042 29082 29109 29123 29157 29177 29189 29202 29244
 29245 29259 29283 29316 29373 29446 29460 29509 29518 29547 29592 29626
 29631 29651 29675 29681 29714 29722 29766 29782 29800 29817 29835 29840
 29853 29903 29904 29995 30005 30049 30113 30128 30160 30171 30289 30328
 30374 30405 30433 30475 30494 30531 30586 30617 30624 30648 30704 30738
 30780 30788 30789 30893 30935 30951 30952 30963 31001 31015 31052 31074
 31107 31138 31208 31235 31247 31287 31317 31326 31342 31354 31360 31410
 31495 31608 31623 31624 31673 31715 31728 31763 31769 31786 31791 31855
 31913 31986 31990 32008 32033 32117 32139 32154 32186 32196 32250 32297
 32382 32434 32542 32553 32599 32643 32736 32757 32761 32783 32809 32828
 32887 32977 33064 33110 33178 33187 33296 33348 33353 33412 33432 33471
 33538 33570 33598 33687 33721 33734 33740 33744 33751 33755 33784 33788
 33822 33826 33863 33935 33971 34053 34054 34097 34116 34131 34174 34193
 34257 34262 34266 34283 34288 34311 34389 34395 34529 34555 34657 34659
 34679 34726 34773 34783 34935 34942 34999 35002 35011 35074 35128 35133
 35142 35255 35257 35262 35309 35321 35323 35331 35361 35400 35442 35460
 35469 35519 35657 35779 35895 35932 35957 35996 36023 36057 36060 36076
 36084 36111 36114 36130 36177 36183 36205 36211 36301 36353 36364 36377
 36389 36396 36401 36411 36429 36434 36524 36569 36572 36583 36615 36674
 36694 36702 36708 36774 36795 36809 36906 36938 36948 37046 37082 37122
 37123 37180 37191 37213 37217 37289 37304 37311 37432 37501 37511 37620
 37691 37704 37731 37737 37746 37863 37880 37886 37927 37941 37964 38006
 38043 38058 38079 38082 38099 38128 38165 38188 38208 38220 38345 38347
 38416 38481 38518 38543 38565 38654 38720 38822 38848 38866 38875 38879
 38970 38982 38995 39047 39057 39069 39071 39110 39153 39198 39200 39229
 39235 39236 39315 39377 39399 39465 39501 39519 39561 39575 39586 39613
 39655 39675 39696 39712 39735 39786 39874 39879 39923 39946 39948 39950
 39958 39994 40015 40115 40128 40181 40194 40211 40247 40257 40273 40285
 40302 40340 40363 40380 40382 40583 40588 40619 40628 40668 40763 40823
 40831 40879 40886 40890 40973 41000 41021 41029 41032 41054 41164 41166
 41179 41209 41221 41258 41268 41308 41350 41365 41425 41438 41447 41467
 41500 41522 41637 41651 41654 41718 41745 41765 41790 41797 41818 41827
 41848 41897 41901 41905 41979 42047 42086 42163 42185 42253 42270 42288
 42310 42525 42580 42619 42620 42623 42659 42669 42722 42726 42861 42912
 42920 42953 42992 43074 43077 43173 43178 43187 43212 43242 43272 43296
 43378 43391 43406 43419 43431 43447 43453 43543 43622 43654 43676 43718
 43752 43936 43943 43975 43976 43991 43999 44019 44038 44062 44088 44113
 44130 44138 44182 44222 44232 44249 44250 44260 44329 44336 44345 44369
 44370 44393 44444 44446 44492 44714 44715 44785 44876 44949 45087 45157
 45164 45169 45175 45184 45208 45274 45280 45333 45416 45451 45481 45498
 45510 45528 45552 45559 45623 45629 45680 45752 45754 45839 45855 45884
 45928 45953 45959 45975 45982 46004 46028 46125 46176 46207 46209 46249
 46297 46307 46361 46427 46432 46436 46437 46449 46483 46525 46538 46555
 46561 46643 46647 46702 46719 46824 46876 46885 46944 46983 47054 47065
 47130 47148 47184 47190 47211 47226 47290 47302 47320 47333 47345 47349
 47360 47385 47401 47416 47473 47505 47518 47520 47558 47605 47649 47660
 47691 47697 47748 47772 47776 47794 47804 47846 47857 47879 47977 47981
 48009 48039 48097 48100 48114 48164 48208 48241 48242 48271 48309 48353
 48365 48387 48389 48392 48420 48426 48474 48503 48512 48596 48597 48598
 48612 48672 48676 48679 48692 48696 48706 48707 48713 48747 48846 48854
 48881 48902 48937 48942 48972 49128 49159 49163 49236 49246 49254 49259
 49266 49269 49280 49406 49437 49456 49469 49496]
[28395  1094 30183 37852 27922   294  8433 31835  5280  8502 42662  1539
 17911 23993 17888 45358 42612  8605  8667 33729 24026 39725 30094  5186
 17837 17981 37903 39433 39445 42845 23595 39482  8311 23715 45026 14210
   318 19392 21928 19333 19349 19363  5411 34892 21901 27504 42767 12221
 21882 19323 31929 30060   268 24330 49008  4608 42279 45811 17579 31223
 14920  4545 39894 42301 17565 48198 24468   218 21461 21451 37367 24488
  4396 33552 26720  9007 29868 45715  8857  5026 12070 17804  8674 17792
 17785 42494 39752  4929  4928  8752 21647 35153 17692  1608 31978 35168
  8820 45616 39804 32014 11973 45674 14097 28393 30458  5886 12791  1221
  6904 49119 22875 22906 22920  7616 13349 22977 13222  7628 44159 48436
 43352 39186 12705 12704 44212 18530  6563 12699 23006  6517 31018 43902
  7266 22621  1267 22649 34155 43730  7103 26546  7075 12929 22837 43832
 34133   440 13068 31325 13085 34109  7000 43465 22792 43872 34219 38536
 22250 30792 12508 44519  8227 44524  6173 12487 18261 23363 18247 19206
 27022  8240  6028 44680 13969 38182 34738 30537 44747  5915 18168 38115
 30588 31652 13779 22119 27557 48414 34005 48879 31494 22243 18445 43159
 27553 34550 44317 30753 19126 13655 44376 23208 12610 38398  1177 31517
  6307 22144 48577 30472 33545 35246 29660  2982 36596 25450  2933 28897
 47192 20897 15929  2863 41513 11026 41484 41450 20784 40753  2778 10131
 25579 47311 16023 48914 20722 10934 27308  2995 15879  3206 20021 17055
 20042 32513 36718 20065 40480 41587   105  3020 11125 20105 21391 15813
 47043 11080 40558 41553 15854 33143   876 48795 20985 40775  1898  2331
 25864  2305 10527 27340 20391 16373 36014 47719  1961 41016  2155 20411
 28471  2115 10577 20426 20452 40961 16554 28404  2002 20469 40779 20386
 20503 10797 10758 40842  2553 16092 25729 28668  2459 16775 41186 28591
 10355 35910 36365 20378 26843 32808 25802  2405 36328 16242 47969 41102
 15712 15798  3251 48150 32235 37120 42018 28244 33435 32280 40167  3825
   970 29367 41922 15337 46493 17293 37037 37030  9559 46516 11480 27412
  9265 17375 24750  9159 42140 46054   201 42136 42134  1684 15053 29598
 46138 27449 21370 46162 11660  9210 21333  4076 46237 15145 48723 29503
  3705 27843 21224 40336 17194 11413 11377 11374 21066 17159 46692 21031
 40383 41665 35612 46715 25119 36831  3397  3360  3337 15669 11267  3571
 29271  7287  3703  3649 41756 15407 11440  3634 15450 39125 43457 19396
   589 20803 21489 42911 39300 39099  7900 10862 33591 32857 12135 32507
 42064 43613 33491 20957 10648  9794 40017 42777 10623 19687 39329 40408
   458 40959 19290 22460 39703 21496 41257  8733 12039 19094 32276 43222
 10304  7784 43240 10305 21075 12435 41118  8798 19459 22311  8670 31823
 11485 22101  1208 11624 20551 32845  7576 27988 10148  1093 20920 21993
 11981 31633 10617  5511  5097 45392  1573 45365 26366 24008 37817 37082
  3244 37833 27169  5338 30213 25324 18021  2313 49409 28528 35673 36725
  5791 35686  5832 38206 13940 38265 28708 23314  3104  4970 35709 17799
 29955 17184 37230 25794 46149  4254 46651   204 16192 17511 29653 15550
 17520 35913 14959 29230  4467  4525 14860 15438 46697  4649 37453 35205
 37477 29903 14800  1609 15598 35167  4873 44504 36384 13090 13138 15843
  3072 15332 23231 38788    72 44241 22954 44208 28862 47817 44309  1378
 13043 28853   362 31007 16869  3734 15376 36613 16528 31366  7253 16790
 11935 47895 23296   612 31370 44065 29939 25540  9612 39788  8808 44167
 17713 12732 48675 27889 10277 38770 20618  4007   674 46257 48165  3566
 37013 28820 35312  9177 43506 31300   139 15016 13077 22783 34102 41723
  4321 12825  6942 19002 24404  7663 43928 39868 26918 24050 14651 36637
 14216 44368 26421  6361 22215 23564 21959 28297  8267   701 16608  7896
 36189  1162 26771 39371 18372  8207 39321 28259 19178 44507 41248 38331
 40426  2428 42042  8345 26350 47316 25819  7719  2857 46700 10821 19439
 48077 45351  5261 45279 42803 41916  6511  9887 39645 23912 30180 23109
 30798 37888 25315 37006 25854  2616 37830 41762  2578 43717 11292 10792
  3112 36681 28719 15883  2864    76 48030 32628 41339 41707  3158 16210
 16127 23318 13821 12516 39350 42929 23292 27545  6354 49099 19101 30774
  2571 13534   403  7763  6597 26027 26039 38642 44129  1293 43560 43833
 12933 38545 33897 10669 39481  3964    45 46280 15123 21386 29662  4303
 24481 14914 39870  4624 39447 35185 19563 35039  5154 42704  5380 16310
  2287 33830  5775  8738 28333 47833 40976  1932 20501 25796  2051  8946
 25650 45222 23844 45142  5460 45037  5619 44610  8246 23337 30678 44411
 23153 26603  7704 44125 22947 22824  8445  4989 21683 24137 41497 25389
   879   881 29001 46899 41713 46544  2649  3849  3943 46313 29482 48724
 46193 24572 27873  4334 24818  6464 36091 39635 13447 11783 27082 34218
 27587 10705 20404 49024 12586   289 37697 39760 34662 36469 17044 39657
 15477 23646 41371 11606  4581 11053 16766 16427 19887 45694 35662  3186
  8482 42004 34611 21115  4921 42785 22690 34141 28118 12532 30001  7460
 24755 43772 25994 41427  1814 31096  6974 43806 30335 38109 20663 44647
 25887 14512 12677 28932  4353 36565  4314 13377 45720 44575 44571 33274
 40936 22324 40946 48878 47864 10435 38824 15328  7926 15695 29352 28779
 28797 31383  3645 46372 21407 43362 17257  4784 28802 20571 45647 11395
 29871 16136  9565 24770  9615 42797  5245 34276 26328 49433 42455 42470
 15912 26972  6664 28973  3102 35695  1910 33550 33518 40075 21308 22773
 36745  3176  8396 34585  4643 19425 16319 31969 48086 23904 37589 44751
 22462 38105 26635 20383 18988 23412 41309 20938 47866 15308  8138 12797
 41533 45373 34058 41386 46464 30334 35529   277  8115 43026 14236 32912
 26874 20799   490 33436 31798 23089 19157 48693  4602 43850 47290 43184
 37070 27426 20690 48718 16838 24673 26103 16025 45503 15987 44841 40882
 23226 36250 14987 24574 45254 23311 16493 33856  7222 23917 17101 31453
  1042 48883 44076 32410 31853 25955  6829 34035 16109  8719 45731 20255
 35916 25276  6595 33622  8559 26856 40874 18589 30807 13282 36509 26983
  9104 30847 40994 45245 42177 21438 12947 23757 43474 15531 49207 35376
 45078 41876 33947   928 12914 37565 16180 25807 30641  1128  2335 21994
 15623 11557  4965 26557   536 19028  5741  4516 25674  2640 14228 19748
 28381 18782 20303 18993 14941 33747  3436  6944 37090 49361 27063 35447
 17449 42902 17482 24927 19478 13170 28936  3007 31295 39684 46632 12533
 37131 49498 11723 15349 41986  4719 17541 13538 30379 10066 16385 44638
  6210 20882 13631 13646 35254   225 33442 20101 45540 24355 20914 42258
 42343 28592 17852 18605 44433 30630  5116 30106   940 26836 30307 23332
 16816 19211  9774 30619 35441 36348  8212 25131  2177 11023 34985 39193
 26045 46482 40865 37725  7618  5554  7925  5586  7955  5633 34072 16595
 22137 16598  8130  6023 11424 23325 11483  9001 12178   958 13255  1013
 21242 25713 32114 28848 25726 11923 40038  4284 23051  3130 21408 49291
  9126 40724 30667 39156 44859    67 43933  6582 30440 41165 36144 24919
 17291 38657 10540 22289 36088 41289  9236 23123  8471 38405 47653 44386
 34680  9366 15165 22941 29876  9452 25740 47587 37124 31754  1106 21121
 15106 42021 35856 25105 29961  9294 40611 24063 34800 24875  6457  5194
 23622 34937  6654 13386 13869 23122 13652 48432 23682 17810 46387 22455
 38755 31269 38461 30546 34488 29656 26492 10100 42032   955  2884 15526
 19495 36837 10070 12120 27714  3479 35635 41493 42806 12165 33785 20161
 11106 42328 41223 36006 35849  3745 33446 11662 48903 10523  3853 43679
 42946 37264  7367  7915  9138 41357 22581 15305  9789 12440 24807  4807
 10031  7218 10860 22811   563  7497 38932 18184 45014 48119 41967 10716
 43768  6082 44251 47318 26411  5302 21208  1277 22683  9580   747 19419
  6095 26167 36514 38868  8454 13398 20037 47222 30859  9289  4590 35792
 29671 17611 26753 39784   206 21315 40321  4187 47705 22323 45975 32477
 26677  6168 41590 14835 22163  8070  1589  7379 46437 35046  7404 12549
 41199 43459 46842  5720  5448 43464  1467  7825 20905 20714 39634 33001
 32292 23235 39090  3572 21301 17836  7552  7932 22409 40848 41113 33477
 40005 36138 32910 30145 42355 46195 22751 15015 44670 21876 26215 23535
 14812 45573    16  4948 46333 27514 22588 48016 21007 40771 31639 27713
 44977  7363 10267  2512  5225 34743 30661 37455 26871 14476 11550 21243
 23186 41260  5620 17778 26913 47630 45913 37606 12717 30781 39748 21700
 18718 43876 21845 13371  8852 24793 44136 17528  6640 47238 48025  3458
 25030 33999  7646 22347 43345  9897 44748 48355   269 33245 47605 27494
 38308 10649 10593 16628 37492 46491 40876  2072 14127 23614  3788 36632
 31266 42972  7981  7412 33011 29212 29374 21919 33358  2773 44726 42407
 48189 47174 44150 35261 16825 34618  4252 32531 18837 20683  5616 41265
 13644 42048 45761 28463 26665 47799 39844 10051 25248   866 10041  2215
  5747  7341   398 38023 21837 18486 12743 21618 34284 31910 45224 28914
 28816 14296 31451  7622 33615 29308 29288 34615 24033 23290 35721   213
 46790 14448 30325 26365 32945 15988 43512 28253 30253  3817 23765 30150
 42311 41446 12429 19305 34387 40521 16320 36438 46932  5952 20911 43893
 21866 30671 24210  2274 34175 32260 41494 36580 37605  6882 17631 25814
 45388 47861 11201 43900  9824 34874   506 36696  8582  6186  6117 28049
  2053 31926 24462 23069 20465 18533 48547 26756 23375 43413 39855 48145
 33874 29821 48343 25249  8812 26419  1103  4868 37448 27761 12579  5039
 27447  3207 28095 46186 15900  7991 24443 46713 17265 36700 27268  2634
  1953 47676  4495 16441  2080  3596  9118 39282  7271  8758  7408 19472
 13139 27992 20577  5500 31742 42962 22069 40179 23788 14284 34969 38452
 13957 20881 13378 12584 13956 41635 20390 42246 34898 39331 32522 40531
 25390 24282 15891 45701 19486 24662 42504 25517 47171 19530 16232 39816
 25790 22928 41765 13712  9098  9137 23117 25647 47148 20872 14046 30349
 14363 35512 19135 12758 36833 38003 39344 29195 42580  5662 35615  8215
 39376 31191 40121 14133  2191 46290 38440  9978 17427 12271  8480 31761
 22074 47287  4404 31611  7923 24952 17142 36518 39893 34372 31327 15881
  1085 15193 17499 33938 48634 22889 35661 46270 15124   772 28749 32603
 10092  4958 34808 38042 25815  2533  6371 40787 40177 16195  4953 49285
 16710 23190 20525  2189 37950 26854 34722 25967 31107 39673  7170 40599
 38095 30457 39014 16603 34701  5677 22517  8208 48848  5479  5425  2049
 34039 20448  2006 15705 28568 33488 40653 13526 14946 13770 15003 19676
 47293 24390  2451  6581  2590 42285 13662 40497 48171 13184 41629 32115
  5610 41135 41066 40843 14498 22085 34901 48729  8018 35010 23174 21363
 12661 17275 31393 19634 49427 47831  9865 14760 44707 27311 47617 29505
  7097 43936 20999  6322 41492  9716  9995 15048  8968  7219 31718 35423
 13343 39605 47202 47458  3575 39821 28617 31866 41593  9590 29252 34561
 29629 35306 13006 44146 24520  4510 14873 29447  1242 18936  5865  5831
 34287 37673 28491 30725  1694  2835 21970   224 18038 36458 38462  2646
 12270  9016  4433 19081 31821 44457  5182 48431 29577 40367     2 23298
 25827 43422   102 13296 12753 15842  3526  9860 16927  6642 44034 43955
 22905 37788 49023 14937 27877 48340 44599 13907 40410 16304 20998  5829
 24000 27468 41887 47862 24440 37596  1892 13571 32166 20258  3741 39964
 48576 15429 49405  3747  7206 46235  3319 19242 39037  1172  7632 36855
 26327 46947 40989 12740 31792 37487 34190 18501 16318 25852 39996 39001
 33461 30880 23187  8109 29875 44426 13730 20350 39195 32370 46545  7055
 39733 24688 37283 12003 24630 32032 15930 36548 36540 34172 43207  8476
 12233 43572 21081 23690 37073 49083  4699 36305 42274 18303 41300  6192
  2805  3503 19156 24267 20940 16365 44889 42714 30417 24134  1604 27957
 29970 14436 24710  8611 28826 48971 33997 29602   572 32252  2643 23759
  5560 17990 19667  9279  3425  8944 38028 10524 11755 29164 24294 38954
 22174 46175 14817 28256 30599 28750 40053  8691 31089 12132 32369 17519
 17409 22511 14853 40315 12955 17075 46443 17872 30732 36449 28911 47136
  1693 20995 18344 30344 10731 10828 23731 34026 42522  2202 47049 32056
 13015 21492 44108 17535  2771 46294 38549 22632 31760 33071 21934  2523
 33391 19882 21076 23268 16676 39164 30621  7630 34716 44703 41873  5265
 31725 27231  1492 49418  1591  1367 49145 28394]
[0.6503006012024048, 0.571, 0.36879432624113473, 0.30186721991701243, 0, 0.4776758409785933, 0.5862068965517241, 0.6616800920598389, 0.735, 0.52]
[998, 2000, 423, 964, 0, 1635, 29, 1738, 1400, 2000]
