training accuracy when lambda=0.2
[0.6267272727272727, 0.7579595959499629, 0.7859191919336416, 0.8008686868831365, 0.8141616161519831, 0.8207070707070707, 0.8257979797883467, 0.8311313131457627, 0.8372525252428922, 0.8414141414093249, 0.8455757575902072, 0.8478383838432004, 0.8503434343338012, 0.8548484848340352, 0.8568484848484849, 0.859535353530537, 0.8632323232275066, 0.8633535353439022, 0.8688080808128974, 0.8688484848629344, 0.8721414141462307, 0.8725252525156194, 0.8763232323328654, 0.878525252520436, 0.8776969696969696, 0.879474747479564, 0.8806262626310791, 0.882626262611813, 0.8849696969552474, 0.8872323232178736, 0.8883434343482509, 0.8892323232467728, 0.8886666666762998, 0.8898989898845403, 0.8935959595959596, 0.8943030302982138, 0.893474747479564, 0.895535353520904, 0.8966868686916852, 0.8972525252380756, 0.8982424242376077, 0.9011717171765337, 0.899494949490133, 0.9013333333285168, 0.9028484848340352, 0.9033737373881869, 0.9021212121067625, 0.9036969697114193, 0.9041414141510472, 0.9031313131264966]
test accuracy when lambda=0.2
[0.3717, 0.3737, 0.3807, 0.3848, 0.3881, 0.3871, 0.3841, 0.386, 0.384, 0.3899, 0.3892, 0.392, 0.389, 0.388, 0.3898, 0.3935, 0.3883, 0.3935, 0.3901, 0.3859, 0.3923, 0.3915, 0.3898, 0.3877, 0.3902, 0.392, 0.3924, 0.3936, 0.3911, 0.3927, 0.389, 0.3908, 0.3877, 0.3926, 0.3877, 0.3894, 0.3938, 0.3891, 0.3907, 0.3901, 0.389, 0.3933, 0.3863, 0.3901, 0.3906, 0.3918, 0.3925, 0.392, 0.3884, 0.387]
training accuracy when lambda=0.3
[0.6137979797883467, 0.7497373737229241, 0.7771717171669006, 0.7880808080856246, 0.7972525252621583, 0.8041212121212121, 0.8116363636508133, 0.8151717171572676, 0.822464646469463, 0.827979797989431, 0.8292121212073047, 0.8346666666570336, 0.8369292929148433, 0.8371717171669006, 0.8420606060750556, 0.8436565656613821, 0.8473535353631684, 0.8493535353535353, 0.8513131312986817, 0.8535959596007762, 0.8542626262674428, 0.8554141414141414, 0.8592525252428922, 0.8604848484992981, 0.8632323232467728, 0.8624848484752154, 0.8645252525108029, 0.8666868687013183, 0.8680606060750556, 0.8682020201972037, 0.8691313131457628, 0.8719191919240085, 0.8701818181770017, 0.8704040403944073, 0.8722828282876448, 0.8723232323087827, 0.8740606060606061, 0.873373737378554, 0.875414141428591, 0.8762424242472407, 0.8767474747619244, 0.8747676767773098, 0.8769696969841466, 0.8779191919240085, 0.878383838388655, 0.8776969696825201, 0.8773535353535353, 0.8777171717316213, 0.8782828282683787, 0.8765656565801062]
test accuracy when lambda=0.3
[0.3654, 0.3801, 0.3833, 0.3827, 0.3903, 0.3868, 0.3836, 0.3908, 0.3878, 0.3935, 0.393, 0.3901, 0.3898, 0.3868, 0.3925, 0.3929, 0.3918, 0.3926, 0.3938, 0.391, 0.3938, 0.3939, 0.3935, 0.3943, 0.3903, 0.3928, 0.3898, 0.3983, 0.3912, 0.3957, 0.393, 0.3927, 0.3915, 0.3906, 0.3931, 0.391, 0.3945, 0.3928, 0.3931, 0.3936, 0.3888, 0.388, 0.3939, 0.3903, 0.3957, 0.3916, 0.3917, 0.389, 0.39, 0.3917]
training accuracy when lambda=0.4
[0.5513939393891228, 0.672101010091377, 0.6992727272582777, 0.7108686868614621, 0.7185858586003082, 0.7249696969745135, 0.7320000000096331, 0.7343030303030303, 0.7379191919095588, 0.7418989898893569, 0.7450303030351195, 0.7472525252525253, 0.7497777777922274, 0.7551515151563317, 0.7539999999951834, 0.7584040403944073, 0.7598585858730355, 0.7598585858730355, 0.7637575757575757, 0.7657373737373737, 0.7650303030399361, 0.7675757575757576, 0.7671515151611482, 0.7685656565752896, 0.7683838383982879, 0.7700404040548536, 0.7725656565656566, 0.7715555555651886, 0.7732323232275067, 0.7743434343530674, 0.7744848484992981, 0.7732323232371398, 0.7753737373689208, 0.7735757575805741, 0.7755555555700052, 0.7727676767773098, 0.7774141414045084, 0.776525252510803, 0.7733737373641043, 0.7763434343338013, 0.7755555555459225, 0.7741818181962677, 0.7754141413996918, 0.7742424242376077, 0.771999999990367, 0.7727474747474747, 0.7731313131313131, 0.7721010101058267, 0.7716565656710153, 0.7732323232323233]
test accuracy when lambda=0.4
[0.37, 0.3799, 0.3823, 0.3919, 0.3854, 0.3902, 0.3908, 0.3906, 0.3936, 0.3927, 0.3932, 0.3933, 0.3921, 0.3945, 0.3976, 0.3945, 0.3911, 0.3934, 0.3964, 0.3894, 0.3939, 0.3944, 0.3946, 0.389, 0.3992, 0.3859, 0.3935, 0.3962, 0.3953, 0.3924, 0.3877, 0.3895, 0.3941, 0.3892, 0.3952, 0.3968, 0.3938, 0.3929, 0.3955, 0.3886, 0.3919, 0.3931, 0.3921, 0.3902, 0.3887, 0.3891, 0.3925, 0.3882, 0.3896, 0.389]
training accuracy when lambda=0.5
[0.12583838383958798, 0.13256565656565655, 0.13410101010221423, 0.13511111111231525, 0.13593939394661875, 0.13854545454726075, 0.1404242424266507, 0.14143434343494551, 0.14216161616221823, 0.14347474747474748, 0.1449898989917052, 0.14696969697150317, 0.14800000000240826, 0.15016161616402443, 0.15204040404401645, 0.1525454545478628, 0.15509090909151116, 0.15628282828523654, 0.15800000000060208, 0.16026262626322832, 0.16212121212301833, 0.162989898989899, 0.16472727272847687, 0.16870707070767277, 0.1717171717177738, 0.17454545454665868, 0.174727272729681, 0.17973737373978202, 0.17953535354257835, 0.18355555555796382, 0.18779797979918395, 0.18862626262144608, 0.1940202020274268, 0.19652525252525252, 0.1992929292947355, 0.20406060606783086, 0.20688888889129717, 0.20870707070767278, 0.21363636363756777, 0.21696969697330937, 0.2218181818205901, 0.22351515151876392, 0.22551515151996807, 0.2286868686880728, 0.23262626262746677, 0.23662626262626263, 0.2391111111111111, 0.24436363636724875, 0.2456565656541574, 0.24723232322991495]
test accuracy when lambda=0.5
[0.3641, 0.3845, 0.3844, 0.3893, 0.3851, 0.3935, 0.3974, 0.3951, 0.3961, 0.3901, 0.3957, 0.3944, 0.3996, 0.4005, 0.3984, 0.3984, 0.399, 0.404, 0.4015, 0.3948, 0.4, 0.3983, 0.399, 0.3958, 0.3975, 0.3961, 0.3948, 0.3953, 0.4003, 0.3972, 0.3989, 0.3967, 0.3945, 0.3956, 0.3968, 0.3993, 0.3957, 0.393, 0.3891, 0.4021, 0.396, 0.3917, 0.3881, 0.391, 0.3898, 0.3912, 0.3905, 0.3902, 0.385, 0.3928]
training accuracy when lambda=0.6
[0.12222222222312533, 0.12864646464706672, 0.13161616161977402, 0.13561616161736575, 0.1362222222240284, 0.13747474747565058, 0.13927272727272727, 0.140868686869891, 0.14450505050565257, 0.14626262626623868, 0.1473131313137334, 0.1512323232347315, 0.15222222222583462, 0.15583838384199625, 0.15808080808321634, 0.16315151515392343, 0.16371717171837585, 0.1685050505074588, 0.17224242424603664, 0.17517171717412544, 0.18260606060967302, 0.18686868687229927, 0.19131313131373337, 0.19583838384199623, 0.20301010101130515, 0.20654545454665868, 0.21357575757816585, 0.21850505050986704, 0.2237979797979798, 0.23006060605819778, 0.23496969697692177, 0.2446060606132854, 0.2511717171693089, 0.25581818182299837, 0.26086868686868686, 0.2672121212145295, 0.2722828282864407, 0.2788282828282828, 0.2834949494985619, 0.29002020201779377, 0.2949292929304971, 0.30070707070225416, 0.3076767676743594, 0.3116969697041945, 0.31444444444564856, 0.32072727272727275, 0.3260808080783998, 0.3284848484824402, 0.3341414141390059, 0.3392727272751355]
test accuracy when lambda=0.6
[0.3702, 0.3749, 0.3893, 0.3903, 0.385, 0.3728, 0.3925, 0.4009, 0.399, 0.3963, 0.3929, 0.4025, 0.398, 0.3981, 0.3994, 0.395, 0.3985, 0.3994, 0.3997, 0.3969, 0.4009, 0.3961, 0.3989, 0.3913, 0.3937, 0.3994, 0.3897, 0.394, 0.3897, 0.3925, 0.3848, 0.3903, 0.3878, 0.3839, 0.3885, 0.385, 0.3815, 0.3825, 0.3792, 0.3801, 0.3752, 0.3807, 0.3761, 0.3793, 0.3767, 0.375, 0.3749, 0.3803, 0.3747, 0.3728]
training accuracy when lambda=0.7
[0.12169696969937796, 0.12969696969817382, 0.13406060606421846, 0.1361010101028163, 0.13705050505291333, 0.1403232323238344, 0.14353535353535354, 0.14628282828523656, 0.14680808080868288, 0.1510505050517092, 0.15402020202080408, 0.15927272727272726, 0.16298989899050106, 0.16856565656565656, 0.17191919192160018, 0.17991919191919192, 0.18622222222583462, 0.19357575758298237, 0.20129292929413342, 0.2082222222228243, 0.2147676767652685, 0.22537373737614563, 0.23652525253247733, 0.24337373737614565, 0.2553737373749415, 0.2637777777825943, 0.2702424242376077, 0.2794747474723392, 0.2904444444456486, 0.29874747474506647, 0.30795959596200423, 0.3175151515223763, 0.3256767676767677, 0.33131313131433543, 0.34256565656084004, 0.34947474747956403, 0.3538989899062147, 0.36452525251561946, 0.36901010101732584, 0.37735353536076016, 0.38545454544732066, 0.3921616161592079, 0.39652525252043597, 0.401474747479564, 0.41022222221258914, 0.41703030303511957, 0.4184848484800319, 0.42563636363395535, 0.4348484848508931, 0.43513131313131315]
test accuracy when lambda=0.7
[0.3534, 0.3768, 0.3888, 0.3976, 0.3916, 0.3993, 0.402, 0.3987, 0.406, 0.4017, 0.4026, 0.4075, 0.4095, 0.412, 0.4027, 0.4041, 0.4098, 0.4059, 0.4023, 0.3941, 0.3988, 0.3942, 0.391, 0.3943, 0.3856, 0.387, 0.3813, 0.3834, 0.3784, 0.3739, 0.3791, 0.3717, 0.3709, 0.3705, 0.3586, 0.3644, 0.3651, 0.3641, 0.3627, 0.3604, 0.3601, 0.3576, 0.3569, 0.355, 0.358, 0.3609, 0.3458, 0.3523, 0.3491, 0.3507]
training accuracy when lambda=0.8
[0.1194949494985619, 0.12852525252705874, 0.1324646464658506, 0.13624242424362837, 0.14022222222583464, 0.14349494949735778, 0.14646464646825888, 0.1509494949506991, 0.15355555555736175, 0.1583838383874508, 0.16311111111111112, 0.17161616161977403, 0.17917171717532956, 0.18896969697210525, 0.19763636363756776, 0.20688888889129717, 0.21630303030423445, 0.22941414141534555, 0.24076767676767677, 0.2522626262632283, 0.26462626262746675, 0.2778787878787879, 0.2880404040476289, 0.2989898989971238, 0.3134545454521372, 0.32309090909572563, 0.3330707070682988, 0.34381818182540663, 0.35616161615679964, 0.3701818181745934, 0.3791313131337214, 0.3892727272630942, 0.3951515151491069, 0.40232323232082406, 0.41797979798220625, 0.4245656565704731, 0.43080808080326427, 0.4391313131240883, 0.4491515151491069, 0.45533333333814985, 0.462363636378086, 0.4697575757527592, 0.47977777777296127, 0.4836565656565657, 0.4882424242448325, 0.49785858586099413, 0.5027878787926954, 0.5075555555555555, 0.5103030303078468, 0.5214343434343435]
test accuracy when lambda=0.8
[0.3444, 0.3614, 0.383, 0.3832, 0.4043, 0.3884, 0.4086, 0.4035, 0.4119, 0.4137, 0.4096, 0.4079, 0.4045, 0.3984, 0.403, 0.3978, 0.3875, 0.3866, 0.3877, 0.3798, 0.3684, 0.3813, 0.3632, 0.3634, 0.3579, 0.3587, 0.3527, 0.3491, 0.35, 0.3453, 0.3361, 0.3375, 0.3392, 0.3324, 0.3347, 0.3341, 0.3284, 0.3354, 0.3298, 0.328, 0.328, 0.332, 0.3238, 0.3239, 0.3154, 0.321, 0.32, 0.3252, 0.3209, 0.3226]
