training accuracy when lambda=0.8
[0.12056565656746276, 0.13488888889250128, 0.13961616161977403, 0.14747474747835987, 0.15082828282888489, 0.15874747475108714, 0.16684848484968898, 0.17684848485570964, 0.18862626263348742, 0.20353535353896593, 0.2217777777825943, 0.24076767677490157, 0.2604040404076528, 0.28216161616161617, 0.30521212121332536, 0.33090909090668263, 0.35147474748197227, 0.3749696969709011, 0.3975151515079267, 0.41905050505050506, 0.44208080807599154, 0.46096969697692175, 0.47987878787397137, 0.4952727272655025, 0.5164646464598299, 0.5353131313059065, 0.550727272720048, 0.5652121212169378, 0.585939393939394, 0.596020202020202, 0.6101616161640244, 0.6232727272630942, 0.6385454545358215, 0.6475757575805741, 0.6582020202068367, 0.6700404040548537, 0.6798383838480169, 0.6853737373689208, 0.6995959596007761, 0.70753535354017, 0.716383838398288, 0.7239999999903669, 0.7304848484848485, 0.7384848484752154, 0.7452929292881127, 0.7477979797835302, 0.7570303030351195, 0.7622222222125892, 0.7662020201923871, 0.7709090909235405]
test accuracy when lambda=0.8
[0.3644, 0.4023, 0.4202, 0.4211, 0.4312, 0.4342, 0.4278, 0.4299, 0.4137, 0.4017, 0.3989, 0.3861, 0.377, 0.369, 0.354, 0.3437, 0.323, 0.3108, 0.3081, 0.3032, 0.2981, 0.2927, 0.2723, 0.2774, 0.2748, 0.2684, 0.2717, 0.2675, 0.2575, 0.2548, 0.2644, 0.2544, 0.2605, 0.2565, 0.2513, 0.2505, 0.2578, 0.2553, 0.2448, 0.2558, 0.2574, 0.2554, 0.2501, 0.248, 0.2492, 0.2535, 0.2516, 0.2458, 0.2528, 0.2545]
training accuracy when lambda=0.85
[0.11709090909271529, 0.13074747474837783, 0.13814141414863895, 0.14339393939634767, 0.14783838384199624, 0.1551111111147235, 0.16416161616402444, 0.172727272729681, 0.18490909091149918, 0.20133333334055814, 0.22016161616161617, 0.2394141414141414, 0.2617777777850026, 0.284727272729681, 0.3113131313083148, 0.33472727273208924, 0.3550303030327113, 0.37943434343916, 0.4055959595911431, 0.42486868687109514, 0.4448484848484848, 0.465030303030303, 0.48395959595237115, 0.5089494949494949, 0.5262424242351994, 0.5388080808128973, 0.5581414141414142, 0.5749696969745135, 0.5902020202164698, 0.6062020202164699, 0.6181818181962678, 0.6346868686772356, 0.6422828282780118, 0.6557373737470068, 0.6698787878932375, 0.678969696969697, 0.6891919191871027, 0.6994343434439765, 0.7073333333477829, 0.7129494949591281, 0.72543434343916, 0.7335555555555555, 0.7410101010149176, 0.7468080808128973, 0.752626262621446, 0.7592323232371397, 0.7640404040548536, 0.768626262611813, 0.7743434343530674, 0.782080808071175]
test accuracy when lambda=0.85
[0.3416, 0.4058, 0.4289, 0.4355, 0.4306, 0.4281, 0.43, 0.431, 0.4112, 0.4039, 0.3906, 0.3699, 0.3537, 0.3398, 0.3291, 0.299, 0.29, 0.2825, 0.2717, 0.2753, 0.2629, 0.2641, 0.2634, 0.2557, 0.2411, 0.2451, 0.2497, 0.2422, 0.2432, 0.237, 0.2373, 0.2401, 0.2306, 0.2343, 0.2393, 0.2375, 0.2415, 0.231, 0.229, 0.2276, 0.2299, 0.2301, 0.2329, 0.2325, 0.2354, 0.2343, 0.2345, 0.2369, 0.2409, 0.2377]
training accuracy when lambda=0.9
[0.1115353535359556, 0.12418181818242024, 0.13123232323412942, 0.13834343434584262, 0.14539393939514353, 0.15191919192280431, 0.15905050505050505, 0.1704848484920733, 0.18145454545695372, 0.19850505050565256, 0.21826262626262627, 0.2398383838389859, 0.2626464646488729, 0.28553535354017007, 0.31074747474024994, 0.33226262626262626, 0.35799999999518345, 0.3805656565632483, 0.4047272727248645, 0.423535353530537, 0.4464444444420362, 0.46571717172439653, 0.48731313130349824, 0.5079191919216002, 0.5273333333333333, 0.540444444449261, 0.5588080808032643, 0.5768282828186497, 0.5930101010052845, 0.6080808080759915, 0.6224242424290589, 0.6373535353390858, 0.6474747474602979, 0.6599797979749814, 0.6720404040500371, 0.6850707070803401, 0.6956363636315471, 0.7038585858441363, 0.7116969697066028, 0.7231717171861668, 0.732585858571409, 0.740464646469463, 0.7451111111255607, 0.7510101009956514, 0.7640202020250185, 0.7696363636508132, 0.7715151515007019, 0.7803232323135992, 0.7891919192063688, 0.7924444444299948]
test accuracy when lambda=0.9
[0.2622, 0.3722, 0.4023, 0.4125, 0.423, 0.4229, 0.4228, 0.4175, 0.4116, 0.3866, 0.3741, 0.3414, 0.3275, 0.3035, 0.2876, 0.2915, 0.277, 0.2567, 0.2452, 0.25, 0.2299, 0.2234, 0.2263, 0.2209, 0.2128, 0.21, 0.2253, 0.2118, 0.2146, 0.2141, 0.2049, 0.207, 0.2078, 0.2093, 0.2109, 0.2066, 0.2038, 0.2019, 0.1927, 0.1979, 0.2037, 0.2004, 0.199, 0.2086, 0.2001, 0.1983, 0.1972, 0.199, 0.2019, 0.2064]
training accuracy when lambda=0.95
[0.10789898990139817, 0.11842424242665069, 0.1292121212157336, 0.13353535353896595, 0.13866666666907493, 0.1440202020226103, 0.1513333333339354, 0.16121212121212122, 0.16953535353896593, 0.1840202020226103, 0.2024040404040404, 0.22351515151515153, 0.24690909091631572, 0.26733333334055814, 0.28991919192039606, 0.31414141414141417, 0.3392323232323232, 0.36220202019720366, 0.3792323232275067, 0.405454545459362, 0.4286464646512812, 0.44630303029339724, 0.46456565655843174, 0.48672727271763966, 0.502363636378086, 0.5212525252453004, 0.5391515151466986, 0.5539999999855504, 0.5692727272679108, 0.5844242424146093, 0.598464646479096, 0.6128282828379159, 0.624545454540638, 0.6389090909114992, 0.6499191919336416, 0.6619595959451463, 0.6715353535209039, 0.6832121212121212, 0.6919797979846145, 0.7036161616306112, 0.7114343434343434, 0.7165454545550877, 0.7261414141462307, 0.7326666666762998, 0.7410303030399361, 0.745575757561308, 0.7544646464790961, 0.7579191919095588, 0.7667272727272727, 0.7709494949446785]
test accuracy when lambda=0.95
[0.2758, 0.3261, 0.3384, 0.3795, 0.3905, 0.3961, 0.4101, 0.4124, 0.3896, 0.3749, 0.3527, 0.3332, 0.2924, 0.2695, 0.2553, 0.2564, 0.2363, 0.2373, 0.2276, 0.2299, 0.219, 0.2115, 0.2017, 0.1955, 0.1986, 0.1997, 0.189, 0.1928, 0.196, 0.1814, 0.1848, 0.1955, 0.1901, 0.1867, 0.1801, 0.1888, 0.1792, 0.1844, 0.184, 0.1802, 0.1714, 0.1817, 0.1792, 0.18, 0.1818, 0.1775, 0.1802, 0.1845, 0.1822, 0.1806]
