training accuracy when lambda=0.2
[0.60668, 0.75004, 0.7767, 0.7925, 0.80158, 0.81134, 0.81992, 0.82614, 0.82828, 0.83198, 0.83536, 0.8411, 0.84218, 0.8465, 0.84706, 0.84846, 0.85174, 0.85406, 0.8524, 0.85658, 0.8547, 0.85904, 0.8614, 0.86058, 0.86108, 0.8631, 0.86466, 0.8649, 0.86266, 0.86596, 0.8648, 0.86476, 0.86618, 0.86662, 0.86616, 0.86602, 0.86654, 0.8674, 0.86536, 0.8664, 0.86716, 0.8643, 0.86522, 0.86622, 0.8648, 0.8647, 0.86444, 0.8645, 0.86614, 0.86558]
test accuracy when lambda=0.2
[0.5089, 0.5259, 0.5397, 0.5383, 0.5346, 0.5394, 0.5465, 0.5422, 0.5436, 0.5479, 0.5436, 0.5422, 0.5424, 0.5491, 0.5438, 0.5448, 0.5419, 0.5453, 0.5439, 0.5474, 0.5493, 0.5435, 0.5441, 0.5464, 0.5458, 0.5441, 0.5454, 0.5445, 0.5432, 0.5439, 0.5452, 0.5407, 0.5458, 0.5423, 0.5415, 0.5402, 0.5416, 0.5415, 0.5439, 0.5418, 0.5415, 0.5463, 0.5428, 0.5417, 0.5416, 0.5413, 0.5454, 0.5413, 0.5404, 0.5413]
training accuracy when lambda=0.25
[0.5988, 0.72538, 0.7568, 0.7741, 0.78282, 0.78868, 0.79598, 0.80418, 0.80812, 0.81206, 0.81436, 0.81896, 0.81832, 0.8243, 0.82616, 0.82796, 0.83196, 0.8308, 0.83308, 0.83644, 0.8343, 0.8377, 0.83686, 0.83818, 0.8394, 0.8383, 0.83752, 0.8395, 0.84046, 0.84066, 0.8429, 0.841, 0.84114, 0.83848, 0.8411, 0.84022, 0.84068, 0.84078, 0.84056, 0.84034, 0.83902, 0.83824, 0.83852, 0.83782, 0.84064, 0.83806, 0.8338, 0.83614, 0.83548, 0.83756]
test accuracy when lambda=0.25
[0.5109, 0.5289, 0.5402, 0.5446, 0.5441, 0.5396, 0.5476, 0.5468, 0.5465, 0.5478, 0.5445, 0.5468, 0.5536, 0.5476, 0.5505, 0.5518, 0.5511, 0.5493, 0.5484, 0.5521, 0.5445, 0.5461, 0.5486, 0.5488, 0.5481, 0.5467, 0.5456, 0.5496, 0.5508, 0.5495, 0.5447, 0.5449, 0.5454, 0.5466, 0.5483, 0.5463, 0.5447, 0.5425, 0.5443, 0.5479, 0.5417, 0.5409, 0.5404, 0.5419, 0.5435, 0.5447, 0.5467, 0.5379, 0.5426, 0.5403]
training accuracy when lambda=0.3
[0.56124, 0.68806, 0.71732, 0.73192, 0.74134, 0.74776, 0.75648, 0.76004, 0.76294, 0.76606, 0.77092, 0.77428, 0.77644, 0.78022, 0.78084, 0.78258, 0.78694, 0.78626, 0.788, 0.78998, 0.79, 0.79162, 0.79444, 0.79278, 0.79336, 0.79022, 0.79348, 0.7934, 0.79382, 0.79494, 0.79324, 0.79428, 0.7947, 0.7941, 0.79572, 0.79408, 0.7932, 0.79278, 0.79466, 0.79126, 0.7919, 0.79298, 0.78994, 0.78896, 0.78988, 0.79112, 0.79142, 0.78964, 0.7883, 0.78716]
test accuracy when lambda=0.3
[0.4999, 0.5258, 0.5342, 0.5388, 0.5395, 0.538, 0.5469, 0.5444, 0.5417, 0.5452, 0.5458, 0.5486, 0.5482, 0.5489, 0.5468, 0.5492, 0.55, 0.5458, 0.544, 0.543, 0.5422, 0.5441, 0.5449, 0.547, 0.5458, 0.5433, 0.5435, 0.5438, 0.5409, 0.5446, 0.5371, 0.5409, 0.5388, 0.5418, 0.5405, 0.5411, 0.5381, 0.5414, 0.5349, 0.5332, 0.5376, 0.5316, 0.537, 0.5369, 0.5317, 0.5285, 0.5306, 0.5327, 0.531, 0.5301]
training accuracy when lambda=0.35
[0.51014, 0.62068, 0.6461, 0.65868, 0.66794, 0.6744, 0.67958, 0.68464, 0.68888, 0.69162, 0.69598, 0.69812, 0.70256, 0.70496, 0.70606, 0.70706, 0.71056, 0.71242, 0.71366, 0.7156, 0.71722, 0.71942, 0.7196, 0.72116, 0.72216, 0.72078, 0.72346, 0.72298, 0.7253, 0.72572, 0.72258, 0.7234, 0.72468, 0.72604, 0.72406, 0.72462, 0.72448, 0.72568, 0.72138, 0.72302, 0.7235, 0.72348, 0.72456, 0.72298, 0.72516, 0.72252, 0.7227, 0.7224, 0.72306, 0.721]
test accuracy when lambda=0.35
[0.5011, 0.521, 0.5255, 0.5338, 0.537, 0.5313, 0.539, 0.5438, 0.5375, 0.5403, 0.5322, 0.541, 0.5383, 0.5381, 0.541, 0.5362, 0.541, 0.5403, 0.5388, 0.5397, 0.5368, 0.5402, 0.5404, 0.5355, 0.536, 0.535, 0.5341, 0.5351, 0.5274, 0.533, 0.5324, 0.5298, 0.5311, 0.5312, 0.5323, 0.5283, 0.5273, 0.5271, 0.5295, 0.5272, 0.5299, 0.5287, 0.526, 0.5271, 0.5257, 0.5265, 0.524, 0.5241, 0.5254, 0.5256]
training accuracy when lambda=0.4
[0.4387, 0.53528, 0.55228, 0.563, 0.57, 0.57758, 0.5819, 0.5881, 0.5884, 0.5925, 0.59676, 0.60062, 0.60176, 0.60756, 0.6106, 0.61216, 0.61434, 0.61618, 0.62114, 0.62228, 0.62498, 0.62826, 0.62978, 0.63228, 0.63374, 0.63828, 0.6374, 0.63974, 0.6387, 0.64288, 0.64346, 0.64242, 0.64552, 0.64656, 0.64854, 0.64972, 0.64906, 0.65184, 0.64962, 0.65036, 0.65352, 0.65638, 0.653, 0.65228, 0.65308, 0.65502, 0.6539, 0.65602, 0.65462, 0.65418]
test accuracy when lambda=0.4
[0.4945, 0.5226, 0.5354, 0.5275, 0.5385, 0.539, 0.5414, 0.5446, 0.549, 0.5403, 0.5408, 0.5468, 0.5396, 0.5389, 0.5413, 0.5363, 0.5394, 0.5331, 0.5385, 0.5359, 0.5356, 0.5367, 0.5275, 0.5311, 0.5335, 0.5257, 0.5288, 0.5232, 0.5265, 0.5233, 0.5252, 0.5239, 0.5229, 0.5255, 0.528, 0.5219, 0.5224, 0.5167, 0.5198, 0.5193, 0.5232, 0.5192, 0.523, 0.5209, 0.5183, 0.5151, 0.512, 0.5142, 0.5145, 0.516]
training accuracy when lambda=0.45
[0.3575, 0.42212, 0.43648, 0.4445, 0.44778, 0.45146, 0.45706, 0.45946, 0.46484, 0.46916, 0.47172, 0.4765, 0.47846, 0.48488, 0.48878, 0.49348, 0.496, 0.49968, 0.50838, 0.5106, 0.51534, 0.52124, 0.52558, 0.5292, 0.53162, 0.53732, 0.5418, 0.54722, 0.54732, 0.55354, 0.55376, 0.55972, 0.56018, 0.56548, 0.56698, 0.56694, 0.57004, 0.57216, 0.57324, 0.5797, 0.58044, 0.58324, 0.58146, 0.58634, 0.58298, 0.58768, 0.58962, 0.59182, 0.59076, 0.5906]
test accuracy when lambda=0.45
[0.4878, 0.51, 0.5275, 0.5245, 0.5372, 0.5307, 0.5421, 0.5385, 0.5396, 0.5384, 0.5328, 0.5322, 0.5333, 0.5358, 0.5325, 0.5316, 0.5312, 0.5251, 0.5248, 0.5226, 0.5175, 0.5209, 0.5192, 0.5163, 0.5169, 0.517, 0.5117, 0.5136, 0.5105, 0.5144, 0.5096, 0.5109, 0.5075, 0.5043, 0.5067, 0.5044, 0.5034, 0.5069, 0.5039, 0.5053, 0.5086, 0.5042, 0.5031, 0.5084, 0.5022, 0.4981, 0.4989, 0.4983, 0.5018, 0.4991]
training accuracy when lambda=0.5
[0.11774, 0.12572, 0.13126, 0.1351, 0.1399, 0.14412, 0.1468, 0.1513, 0.15576, 0.16022, 0.16418, 0.1706, 0.17642, 0.18292, 0.19008, 0.19816, 0.2058, 0.21446, 0.22414, 0.23512, 0.2438, 0.25308, 0.26296, 0.27486, 0.28742, 0.29476, 0.30384, 0.3128, 0.3251, 0.3305, 0.34194, 0.3482, 0.35194, 0.36242, 0.37074, 0.37594, 0.38156, 0.38962, 0.39504, 0.39704, 0.406, 0.4083, 0.41504, 0.4205, 0.4243, 0.43446, 0.43272, 0.43844, 0.44182, 0.4468]
test accuracy when lambda=0.5
[0.492, 0.5146, 0.5161, 0.5323, 0.53, 0.5358, 0.5385, 0.5286, 0.5355, 0.5291, 0.5375, 0.5322, 0.5289, 0.526, 0.5276, 0.5197, 0.523, 0.5201, 0.5183, 0.5148, 0.517, 0.513, 0.5074, 0.5058, 0.5039, 0.5017, 0.499, 0.5026, 0.5004, 0.4961, 0.4966, 0.5, 0.4965, 0.4944, 0.4954, 0.4928, 0.4915, 0.4889, 0.4941, 0.4898, 0.4928, 0.4911, 0.4873, 0.4894, 0.4864, 0.4845, 0.4894, 0.4878, 0.4836, 0.4876]
training accuracy when lambda=0.55
[0.11446, 0.12592, 0.12944, 0.13422, 0.13724, 0.14218, 0.14658, 0.15132, 0.15558, 0.16176, 0.16854, 0.17488, 0.18454, 0.19124, 0.20122, 0.21178, 0.22272, 0.23764, 0.24804, 0.26396, 0.27494, 0.28826, 0.30478, 0.31746, 0.3292, 0.33936, 0.34876, 0.363, 0.37358, 0.38024, 0.3926, 0.4002, 0.41074, 0.41726, 0.42472, 0.4331, 0.43992, 0.44558, 0.4511, 0.46022, 0.46618, 0.4706, 0.47604, 0.48256, 0.48654, 0.48604, 0.49398, 0.4964, 0.50654, 0.5065]
test accuracy when lambda=0.55
[0.4797, 0.5034, 0.5184, 0.5145, 0.532, 0.5329, 0.5274, 0.5346, 0.5356, 0.5319, 0.5308, 0.5316, 0.5226, 0.5184, 0.5146, 0.5151, 0.5057, 0.4998, 0.5064, 0.4986, 0.4925, 0.4963, 0.4892, 0.484, 0.4879, 0.4823, 0.4779, 0.4841, 0.4773, 0.4845, 0.4748, 0.4787, 0.4772, 0.4748, 0.4816, 0.4738, 0.4765, 0.4753, 0.4745, 0.4739, 0.4717, 0.4703, 0.4734, 0.4728, 0.4749, 0.4699, 0.4705, 0.4729, 0.4733, 0.4689]
training accuracy when lambda=0.6
[0.1164, 0.12312, 0.12886, 0.13448, 0.1385, 0.14338, 0.1465, 0.15256, 0.15986, 0.16714, 0.17306, 0.18526, 0.19488, 0.20622, 0.22216, 0.2343, 0.25054, 0.26748, 0.28496, 0.30036, 0.3167, 0.33226, 0.34616, 0.36146, 0.37788, 0.3878, 0.4021, 0.41408, 0.4248, 0.4389, 0.44772, 0.45468, 0.46424, 0.48038, 0.4851, 0.49026, 0.49934, 0.50744, 0.51578, 0.52258, 0.52672, 0.53286, 0.53596, 0.54644, 0.54892, 0.55208, 0.55426, 0.55724, 0.57094, 0.5681]
test accuracy when lambda=0.6
[0.4572, 0.4963, 0.5137, 0.5178, 0.5277, 0.5263, 0.5217, 0.528, 0.5297, 0.5214, 0.5174, 0.5232, 0.5061, 0.508, 0.5028, 0.5024, 0.4983, 0.4946, 0.4861, 0.4791, 0.4765, 0.4697, 0.4728, 0.4696, 0.4646, 0.4669, 0.4581, 0.4568, 0.4551, 0.4502, 0.4562, 0.4604, 0.4535, 0.4452, 0.4508, 0.4539, 0.4512, 0.4469, 0.4483, 0.4485, 0.4414, 0.4553, 0.4446, 0.4457, 0.4456, 0.4495, 0.4533, 0.4486, 0.4487, 0.4499]
training accuracy when lambda=0.65
[0.11354, 0.12236, 0.12708, 0.1343, 0.13848, 0.1451, 0.14938, 0.15572, 0.16324, 0.17414, 0.18484, 0.19926, 0.21226, 0.23164, 0.2492, 0.26622, 0.28558, 0.3065, 0.32198, 0.3427, 0.35982, 0.37948, 0.39678, 0.41328, 0.42544, 0.44246, 0.45464, 0.46728, 0.48148, 0.48812, 0.50038, 0.5109, 0.52504, 0.52908, 0.53576, 0.54996, 0.55404, 0.56104, 0.56874, 0.57336, 0.58018, 0.5831, 0.59028, 0.59794, 0.60108, 0.60398, 0.61182, 0.61406, 0.62062, 0.62754]
test accuracy when lambda=0.65
[0.4519, 0.4926, 0.5088, 0.5138, 0.5123, 0.5196, 0.5172, 0.5097, 0.5109, 0.5114, 0.5075, 0.5003, 0.4892, 0.4909, 0.4731, 0.4724, 0.4709, 0.4652, 0.4505, 0.4518, 0.4507, 0.447, 0.445, 0.4416, 0.4393, 0.4357, 0.4311, 0.434, 0.4297, 0.4259, 0.4306, 0.4253, 0.4236, 0.425, 0.4254, 0.425, 0.4309, 0.4291, 0.4324, 0.4282, 0.4265, 0.4369, 0.4257, 0.4301, 0.4281, 0.4272, 0.426, 0.4284, 0.4327, 0.4308]
training accuracy when lambda=0.7
[0.11338, 0.12178, 0.12642, 0.13124, 0.1358, 0.14468, 0.14964, 0.15682, 0.16568, 0.1771, 0.19188, 0.20614, 0.22308, 0.24586, 0.26758, 0.28912, 0.31246, 0.33544, 0.35598, 0.37814, 0.39704, 0.41564, 0.43528, 0.45246, 0.4699, 0.48412, 0.49944, 0.51196, 0.52144, 0.53774, 0.5462, 0.55572, 0.5667, 0.57612, 0.58604, 0.59392, 0.6033, 0.6084, 0.61474, 0.62402, 0.62834, 0.63524, 0.64024, 0.64798, 0.65244, 0.65488, 0.6653, 0.66586, 0.66974, 0.67558]
test accuracy when lambda=0.7
[0.4353, 0.4879, 0.5, 0.5033, 0.5102, 0.5157, 0.5076, 0.5067, 0.5024, 0.4892, 0.4913, 0.4771, 0.4723, 0.4601, 0.4542, 0.4408, 0.4306, 0.4285, 0.4239, 0.4153, 0.4117, 0.4133, 0.4042, 0.4059, 0.3984, 0.4027, 0.3941, 0.4001, 0.3971, 0.3914, 0.3867, 0.3915, 0.3843, 0.385, 0.3918, 0.3934, 0.3934, 0.3918, 0.3913, 0.398, 0.3912, 0.3879, 0.3966, 0.385, 0.391, 0.3958, 0.3918, 0.3946, 0.3948, 0.393]
training accuracy when lambda=0.75
[0.11094, 0.12174, 0.12606, 0.13166, 0.13808, 0.1435, 0.15202, 0.16276, 0.17634, 0.19276, 0.21336, 0.2321, 0.25772, 0.27996, 0.30594, 0.33208, 0.35954, 0.38304, 0.40494, 0.42586, 0.44844, 0.46762, 0.49178, 0.502, 0.51918, 0.53342, 0.54748, 0.55978, 0.5727, 0.58162, 0.59452, 0.6025, 0.61674, 0.62304, 0.63302, 0.63934, 0.64674, 0.65272, 0.66046, 0.66748, 0.67362, 0.67994, 0.68598, 0.69058, 0.69568, 0.69786, 0.70488, 0.7077, 0.7125, 0.71634]
test accuracy when lambda=0.75
[0.4283, 0.4661, 0.4785, 0.4817, 0.4947, 0.4852, 0.4889, 0.488, 0.4706, 0.4615, 0.4537, 0.4362, 0.4342, 0.4128, 0.408, 0.4095, 0.3965, 0.3931, 0.3779, 0.3802, 0.3683, 0.3717, 0.3661, 0.3635, 0.3655, 0.3687, 0.3576, 0.3551, 0.3595, 0.3586, 0.3607, 0.3598, 0.3569, 0.3527, 0.3639, 0.3646, 0.3599, 0.3587, 0.3612, 0.3581, 0.355, 0.363, 0.3606, 0.3565, 0.3625, 0.3584, 0.3629, 0.361, 0.3561, 0.3657]
training accuracy when lambda=0.8
[0.11052, 0.11806, 0.12286, 0.12868, 0.1334, 0.14208, 0.15038, 0.16114, 0.1768, 0.19634, 0.21646, 0.2396, 0.26442, 0.29276, 0.31872, 0.34304, 0.37362, 0.39764, 0.42264, 0.4472, 0.46702, 0.4916, 0.5108, 0.52776, 0.54438, 0.5645, 0.57628, 0.58804, 0.60234, 0.61098, 0.62366, 0.63358, 0.64822, 0.65646, 0.6639, 0.67422, 0.67714, 0.68684, 0.69348, 0.69472, 0.70534, 0.70964, 0.72036, 0.72376, 0.72908, 0.73544, 0.7361, 0.74076, 0.74728, 0.7484]
test accuracy when lambda=0.8
[0.3882, 0.4441, 0.4656, 0.4733, 0.4881, 0.4726, 0.4699, 0.4698, 0.4513, 0.4301, 0.4209, 0.4043, 0.3973, 0.3851, 0.3716, 0.373, 0.349, 0.3433, 0.3457, 0.3333, 0.3261, 0.3251, 0.3185, 0.3098, 0.3142, 0.3144, 0.3166, 0.3219, 0.3103, 0.3187, 0.3105, 0.3213, 0.3052, 0.3202, 0.314, 0.3211, 0.3153, 0.315, 0.3252, 0.3239, 0.318, 0.3234, 0.3164, 0.3216, 0.3195, 0.3219, 0.3224, 0.3203, 0.3247, 0.3275]
training accuracy when lambda=0.85
[0.10954, 0.1167, 0.12186, 0.12768, 0.13368, 0.1422, 0.15056, 0.1676, 0.18224, 0.20122, 0.22768, 0.2532, 0.2804, 0.3074, 0.33668, 0.36432, 0.39568, 0.42014, 0.44736, 0.46996, 0.49492, 0.5214, 0.53742, 0.55636, 0.57128, 0.58814, 0.601, 0.61766, 0.6302, 0.63936, 0.65224, 0.66626, 0.67254, 0.68348, 0.69064, 0.69962, 0.70966, 0.71492, 0.72276, 0.72906, 0.73374, 0.7414, 0.74614, 0.75054, 0.75394, 0.76118, 0.76416, 0.76974, 0.77372, 0.77856]
test accuracy when lambda=0.85
[0.3482, 0.3938, 0.4283, 0.4491, 0.4565, 0.4529, 0.4229, 0.425, 0.4043, 0.3843, 0.3625, 0.3568, 0.3327, 0.3165, 0.2975, 0.2945, 0.2918, 0.2779, 0.2812, 0.2727, 0.2684, 0.2617, 0.2707, 0.2623, 0.2563, 0.2582, 0.2578, 0.264, 0.2578, 0.2644, 0.2647, 0.2693, 0.269, 0.2622, 0.2607, 0.2688, 0.272, 0.2784, 0.2713, 0.2671, 0.2714, 0.2671, 0.2699, 0.2716, 0.2742, 0.2748, 0.2737, 0.2738, 0.2761, 0.2775]
training accuracy when lambda=0.9
[0.10422, 0.1124, 0.11818, 0.12304, 0.12622, 0.13534, 0.14548, 0.15968, 0.17784, 0.19836, 0.22164, 0.24576, 0.2747, 0.30062, 0.32718, 0.35904, 0.3883, 0.41572, 0.44004, 0.46904, 0.49162, 0.51118, 0.53648, 0.55376, 0.57102, 0.58994, 0.60596, 0.62082, 0.63402, 0.64808, 0.65786, 0.6695, 0.68178, 0.69246, 0.70096, 0.7105, 0.71794, 0.728, 0.73294, 0.74058, 0.7483, 0.75478, 0.76166, 0.76496, 0.77086, 0.7769, 0.77934, 0.78348, 0.79072, 0.796]
test accuracy when lambda=0.9
[0.2917, 0.3576, 0.4013, 0.4083, 0.4307, 0.4272, 0.4177, 0.3844, 0.3779, 0.3484, 0.3087, 0.2955, 0.2742, 0.2689, 0.2531, 0.2481, 0.245, 0.2398, 0.2209, 0.2209, 0.2198, 0.2218, 0.2216, 0.2207, 0.2141, 0.2127, 0.2134, 0.2094, 0.216, 0.2133, 0.2168, 0.2192, 0.2159, 0.2122, 0.2174, 0.22, 0.2206, 0.2225, 0.2128, 0.2167, 0.2227, 0.2193, 0.2289, 0.222, 0.2176, 0.2289, 0.2237, 0.2263, 0.229, 0.2287]
training accuracy when lambda=0.95
[0.1029, 0.1088, 0.1128, 0.11764, 0.1211, 0.12812, 0.13494, 0.1469, 0.16172, 0.17878, 0.19884, 0.22354, 0.24908, 0.27652, 0.3053, 0.33562, 0.36568, 0.39562, 0.42186, 0.4471, 0.47398, 0.49362, 0.5209, 0.54094, 0.55834, 0.5761, 0.59604, 0.61366, 0.62148, 0.63816, 0.64914, 0.66318, 0.67404, 0.68684, 0.6941, 0.70378, 0.71164, 0.72224, 0.72886, 0.73386, 0.74238, 0.74956, 0.75566, 0.76322, 0.76862, 0.77316, 0.78068, 0.7846, 0.78488, 0.79516]
test accuracy when lambda=0.95
[0.212, 0.3089, 0.3125, 0.3317, 0.359, 0.3648, 0.3559, 0.3456, 0.2941, 0.2775, 0.2452, 0.2341, 0.231, 0.2039, 0.2106, 0.1939, 0.192, 0.1847, 0.1887, 0.1845, 0.1791, 0.1703, 0.1677, 0.174, 0.1759, 0.1764, 0.1631, 0.1736, 0.1758, 0.1708, 0.1662, 0.1661, 0.1672, 0.1692, 0.169, 0.1696, 0.1723, 0.1761, 0.1676, 0.1756, 0.1734, 0.1727, 0.1719, 0.1713, 0.1809, 0.1715, 0.1688, 0.1657, 0.1674, 0.1665]
