training accuracy when lambda=0.2
[0.59848, 0.74082, 0.77496, 0.79156, 0.79932, 0.81172, 0.8177, 0.82304, 0.82872, 0.83172, 0.8375, 0.8408, 0.84052, 0.84452, 0.84852, 0.8506, 0.85136, 0.85552, 0.85782, 0.85702, 0.85816, 0.86008, 0.86246, 0.86084, 0.86334, 0.86352, 0.86552, 0.8651, 0.865, 0.8656, 0.86626, 0.86552, 0.86852, 0.86552, 0.8663, 0.86524, 0.86722, 0.86816, 0.86696, 0.86604, 0.86656, 0.86872, 0.86682, 0.86764, 0.86768, 0.86824, 0.8659, 0.86528, 0.86512, 0.8678]
test accuracy when lambda=0.2
[0.5074, 0.5285, 0.5341, 0.5349, 0.5434, 0.5451, 0.5484, 0.5432, 0.5466, 0.5537, 0.5464, 0.5453, 0.548, 0.5439, 0.5457, 0.5437, 0.5471, 0.5492, 0.5442, 0.5462, 0.5437, 0.5466, 0.5446, 0.5482, 0.5414, 0.5457, 0.5461, 0.5438, 0.5429, 0.542, 0.544, 0.5443, 0.5449, 0.5468, 0.5399, 0.542, 0.5493, 0.5463, 0.5411, 0.5413, 0.5402, 0.5434, 0.5458, 0.5414, 0.5438, 0.5427, 0.5396, 0.5438, 0.5454, 0.5442]
training accuracy when lambda=0.25
[0.59186, 0.72388, 0.75316, 0.7696, 0.77962, 0.78662, 0.79634, 0.8013, 0.8056, 0.81094, 0.81326, 0.81672, 0.8186, 0.82398, 0.82266, 0.82724, 0.82928, 0.83058, 0.8341, 0.83428, 0.83558, 0.83626, 0.83842, 0.83762, 0.8379, 0.83778, 0.83978, 0.83846, 0.84078, 0.83958, 0.84054, 0.8403, 0.8391, 0.84112, 0.83948, 0.84032, 0.83934, 0.83938, 0.83666, 0.84042, 0.83776, 0.83786, 0.83764, 0.8373, 0.83828, 0.83588, 0.83704, 0.83646, 0.83322, 0.83582]
test accuracy when lambda=0.25
[0.5129, 0.5317, 0.5393, 0.542, 0.5464, 0.5449, 0.5445, 0.5476, 0.5473, 0.5441, 0.5455, 0.5482, 0.5409, 0.5521, 0.5475, 0.5444, 0.5473, 0.5454, 0.545, 0.5509, 0.5406, 0.5464, 0.544, 0.5439, 0.5491, 0.5422, 0.5481, 0.5429, 0.5413, 0.5411, 0.5466, 0.542, 0.5433, 0.5433, 0.5407, 0.5373, 0.5386, 0.5383, 0.5387, 0.5418, 0.5394, 0.5401, 0.5397, 0.5364, 0.5407, 0.5411, 0.541, 0.5377, 0.5409, 0.5413]
training accuracy when lambda=0.3
[0.55842, 0.6889, 0.71588, 0.73124, 0.73982, 0.7506, 0.7556, 0.75878, 0.76526, 0.76862, 0.7731, 0.77526, 0.77742, 0.7795, 0.7806, 0.78486, 0.78544, 0.78852, 0.78856, 0.7901, 0.79102, 0.7919, 0.79336, 0.79356, 0.79316, 0.79336, 0.79438, 0.7944, 0.79606, 0.79292, 0.79432, 0.79586, 0.79322, 0.79632, 0.79432, 0.79414, 0.79236, 0.79288, 0.79272, 0.79264, 0.79092, 0.79032, 0.7911, 0.79138, 0.7905, 0.78802, 0.78802, 0.78646, 0.78934, 0.78576]
test accuracy when lambda=0.3
[0.5053, 0.5207, 0.5342, 0.5389, 0.5371, 0.5391, 0.546, 0.5407, 0.5424, 0.5488, 0.5421, 0.5452, 0.5478, 0.5469, 0.5437, 0.5434, 0.5396, 0.541, 0.5456, 0.5438, 0.5387, 0.5444, 0.5403, 0.5428, 0.5429, 0.5451, 0.5338, 0.5411, 0.5417, 0.5377, 0.54, 0.5398, 0.5359, 0.5368, 0.5339, 0.54, 0.5346, 0.5354, 0.5312, 0.5339, 0.5334, 0.5375, 0.5337, 0.5334, 0.5312, 0.5334, 0.5361, 0.5326, 0.5366, 0.5323]
training accuracy when lambda=0.35
[0.51954, 0.62382, 0.64766, 0.65862, 0.66986, 0.6754, 0.67986, 0.68768, 0.68786, 0.6941, 0.69736, 0.6992, 0.70214, 0.7049, 0.70682, 0.7098, 0.7111, 0.71414, 0.71522, 0.71654, 0.72008, 0.71964, 0.7205, 0.72376, 0.72264, 0.72602, 0.72406, 0.72348, 0.72392, 0.72554, 0.724, 0.72756, 0.72428, 0.72444, 0.72788, 0.72652, 0.72316, 0.72454, 0.72758, 0.72526, 0.72266, 0.72346, 0.72118, 0.72428, 0.72162, 0.72064, 0.72288, 0.72054, 0.7209, 0.72298]
test accuracy when lambda=0.35
[0.5028, 0.5238, 0.529, 0.5324, 0.5376, 0.5331, 0.5372, 0.5421, 0.5404, 0.5361, 0.5373, 0.5383, 0.536, 0.543, 0.5389, 0.5392, 0.5399, 0.5421, 0.54, 0.5397, 0.5389, 0.5405, 0.5395, 0.5378, 0.5325, 0.5329, 0.5346, 0.5358, 0.5301, 0.5273, 0.5309, 0.5298, 0.5299, 0.5258, 0.5262, 0.5235, 0.5217, 0.5231, 0.5239, 0.5264, 0.518, 0.5227, 0.5222, 0.5232, 0.5236, 0.5246, 0.5199, 0.5152, 0.5218, 0.5191]
training accuracy when lambda=0.4
[0.44294, 0.53346, 0.55314, 0.56196, 0.56966, 0.57574, 0.58108, 0.58328, 0.59056, 0.59286, 0.59446, 0.59822, 0.60158, 0.60554, 0.60958, 0.60996, 0.61202, 0.6139, 0.61912, 0.62102, 0.6219, 0.62522, 0.62594, 0.62888, 0.631, 0.63588, 0.63588, 0.63694, 0.63556, 0.6383, 0.64196, 0.64044, 0.64398, 0.64396, 0.6451, 0.64604, 0.64648, 0.6457, 0.64834, 0.64958, 0.65298, 0.65014, 0.65332, 0.65184, 0.65226, 0.65438, 0.65304, 0.65174, 0.65234, 0.65224]
test accuracy when lambda=0.4
[0.4974, 0.5179, 0.5345, 0.5368, 0.5404, 0.5377, 0.5436, 0.5435, 0.544, 0.5442, 0.5401, 0.5447, 0.5439, 0.5437, 0.5372, 0.5401, 0.5359, 0.5411, 0.537, 0.5349, 0.5344, 0.5312, 0.5303, 0.5292, 0.5271, 0.5276, 0.5277, 0.529, 0.5231, 0.5256, 0.523, 0.5258, 0.519, 0.518, 0.5246, 0.5195, 0.5209, 0.5211, 0.5167, 0.5158, 0.5147, 0.5158, 0.5138, 0.5159, 0.5135, 0.5075, 0.5113, 0.5086, 0.5142, 0.5118]
training accuracy when lambda=0.45
[0.35374, 0.42424, 0.43734, 0.44564, 0.4503, 0.4544, 0.45988, 0.46176, 0.46404, 0.47016, 0.47216, 0.4754, 0.47914, 0.48498, 0.48726, 0.4954, 0.49718, 0.50282, 0.50578, 0.50944, 0.5139, 0.52024, 0.52548, 0.52782, 0.53124, 0.53674, 0.53802, 0.54258, 0.54808, 0.54852, 0.55302, 0.55254, 0.55754, 0.56208, 0.5637, 0.56732, 0.56812, 0.5675, 0.57686, 0.57652, 0.57778, 0.58002, 0.58184, 0.5815, 0.5838, 0.58554, 0.5882, 0.58928, 0.58914, 0.58868]
test accuracy when lambda=0.45
[0.4876, 0.5134, 0.5295, 0.5291, 0.5325, 0.5346, 0.543, 0.5363, 0.5474, 0.5383, 0.5435, 0.5419, 0.5354, 0.5385, 0.5336, 0.53, 0.5286, 0.5355, 0.5269, 0.5263, 0.5277, 0.5225, 0.5223, 0.5225, 0.5176, 0.5175, 0.5195, 0.5188, 0.5183, 0.5169, 0.5185, 0.512, 0.5141, 0.5082, 0.5098, 0.5038, 0.5111, 0.5088, 0.5056, 0.5084, 0.5062, 0.5062, 0.5042, 0.5046, 0.5045, 0.505, 0.4999, 0.5071, 0.4995, 0.5031]
training accuracy when lambda=0.5
[0.11994, 0.12668, 0.13094, 0.1348, 0.13942, 0.14316, 0.14668, 0.15082, 0.15534, 0.15888, 0.16504, 0.16928, 0.1763, 0.18, 0.1893, 0.19702, 0.2041, 0.2123, 0.22274, 0.23216, 0.24182, 0.2502, 0.26062, 0.27286, 0.27988, 0.29274, 0.3021, 0.31006, 0.32122, 0.3303, 0.33614, 0.34884, 0.3525, 0.35886, 0.36588, 0.37468, 0.3809, 0.38656, 0.391, 0.40096, 0.40368, 0.40644, 0.41358, 0.41642, 0.42172, 0.4279, 0.4292, 0.43606, 0.43966, 0.44264]
test accuracy when lambda=0.5
[0.4866, 0.5141, 0.5282, 0.5334, 0.535, 0.5388, 0.534, 0.5322, 0.53, 0.5308, 0.5314, 0.5291, 0.529, 0.5278, 0.5234, 0.5252, 0.5172, 0.5185, 0.5205, 0.516, 0.5086, 0.5124, 0.5094, 0.5096, 0.504, 0.5071, 0.5011, 0.5051, 0.5, 0.5035, 0.4951, 0.4952, 0.494, 0.4977, 0.4908, 0.4965, 0.4942, 0.4937, 0.489, 0.491, 0.4947, 0.4885, 0.485, 0.4857, 0.4879, 0.4908, 0.4874, 0.4898, 0.494, 0.4877]
training accuracy when lambda=0.55
[0.11514, 0.12388, 0.12904, 0.13224, 0.13778, 0.14082, 0.14504, 0.15078, 0.1558, 0.16118, 0.16708, 0.1728, 0.18062, 0.18948, 0.19794, 0.20876, 0.21966, 0.2316, 0.24398, 0.2576, 0.27046, 0.28332, 0.29718, 0.30882, 0.32314, 0.33512, 0.34554, 0.35558, 0.36758, 0.37726, 0.38716, 0.39426, 0.4044, 0.41222, 0.42008, 0.4274, 0.43866, 0.4427, 0.45094, 0.4583, 0.46138, 0.46754, 0.47514, 0.47434, 0.4831, 0.48646, 0.49648, 0.49704, 0.50312, 0.50568]
test accuracy when lambda=0.55
[0.4792, 0.5086, 0.5194, 0.5309, 0.5284, 0.5336, 0.5347, 0.5305, 0.5329, 0.5329, 0.5246, 0.5195, 0.5238, 0.5274, 0.5164, 0.5161, 0.5107, 0.5092, 0.5064, 0.5049, 0.5014, 0.4986, 0.492, 0.4971, 0.4964, 0.4893, 0.4882, 0.4848, 0.4835, 0.4861, 0.4833, 0.4793, 0.4827, 0.4837, 0.4776, 0.4795, 0.4775, 0.4748, 0.4781, 0.4738, 0.4775, 0.4778, 0.4785, 0.4753, 0.4752, 0.4743, 0.4761, 0.4762, 0.4751, 0.4748]
training accuracy when lambda=0.6
[0.11374, 0.1227, 0.1299, 0.13342, 0.13756, 0.14114, 0.14584, 0.15184, 0.1585, 0.16406, 0.1734, 0.18522, 0.19276, 0.20708, 0.2202, 0.23334, 0.24714, 0.26494, 0.28082, 0.29754, 0.31286, 0.32642, 0.34382, 0.35778, 0.3718, 0.38576, 0.39906, 0.40952, 0.42308, 0.4327, 0.44082, 0.45234, 0.4605, 0.4705, 0.4781, 0.48738, 0.49642, 0.50274, 0.506, 0.51532, 0.5205, 0.52542, 0.53032, 0.53966, 0.54202, 0.55036, 0.55336, 0.55784, 0.5617, 0.56642]
test accuracy when lambda=0.6
[0.4708, 0.4923, 0.5088, 0.5241, 0.5208, 0.5317, 0.5196, 0.5184, 0.5221, 0.521, 0.522, 0.513, 0.5123, 0.5046, 0.5012, 0.5033, 0.5007, 0.486, 0.4901, 0.4858, 0.4788, 0.4789, 0.4798, 0.4695, 0.4649, 0.471, 0.4692, 0.4636, 0.4618, 0.4677, 0.4591, 0.4626, 0.4581, 0.4626, 0.4545, 0.4605, 0.4571, 0.4544, 0.4501, 0.4573, 0.4556, 0.4601, 0.4503, 0.4601, 0.4592, 0.4525, 0.453, 0.4554, 0.461, 0.4505]
training accuracy when lambda=0.65
[0.11308, 0.12226, 0.12714, 0.13198, 0.1368, 0.14158, 0.14718, 0.1529, 0.1589, 0.16896, 0.1786, 0.191, 0.20078, 0.21658, 0.23248, 0.249, 0.26836, 0.2872, 0.30684, 0.32196, 0.34058, 0.35998, 0.37644, 0.3967, 0.4107, 0.42416, 0.43918, 0.45482, 0.46914, 0.47806, 0.48598, 0.49892, 0.50966, 0.52102, 0.52658, 0.53844, 0.54604, 0.55644, 0.56482, 0.56852, 0.5727, 0.58006, 0.58792, 0.5922, 0.59886, 0.60162, 0.60648, 0.61172, 0.62022, 0.62184]
test accuracy when lambda=0.65
[0.4537, 0.4934, 0.5015, 0.5089, 0.5125, 0.5196, 0.5171, 0.5247, 0.5136, 0.5144, 0.5092, 0.5083, 0.4952, 0.4888, 0.4844, 0.4781, 0.4647, 0.4655, 0.4626, 0.4541, 0.4488, 0.4543, 0.4427, 0.4464, 0.4422, 0.4373, 0.4385, 0.4349, 0.4349, 0.4282, 0.4284, 0.4332, 0.4272, 0.4311, 0.4274, 0.4281, 0.4289, 0.4362, 0.4268, 0.4247, 0.4317, 0.426, 0.4264, 0.4262, 0.4257, 0.4226, 0.4307, 0.431, 0.4283, 0.4304]
training accuracy when lambda=0.7
[0.11414, 0.12414, 0.12834, 0.13262, 0.137, 0.14514, 0.15056, 0.15816, 0.16696, 0.1788, 0.18878, 0.20752, 0.22426, 0.24484, 0.26602, 0.2886, 0.30638, 0.32886, 0.35258, 0.37044, 0.39186, 0.40888, 0.4295, 0.4444, 0.45904, 0.47894, 0.49222, 0.50772, 0.51874, 0.52758, 0.5403, 0.55304, 0.56132, 0.5721, 0.58026, 0.5916, 0.59528, 0.60052, 0.60788, 0.6147, 0.6217, 0.6292, 0.63526, 0.64036, 0.64662, 0.6504, 0.65818, 0.66028, 0.66512, 0.6697]
test accuracy when lambda=0.7
[0.4408, 0.4754, 0.4907, 0.4956, 0.5023, 0.4985, 0.5045, 0.501, 0.5035, 0.4947, 0.4747, 0.474, 0.4709, 0.4543, 0.4441, 0.4308, 0.4201, 0.4157, 0.4125, 0.421, 0.41, 0.3999, 0.4048, 0.405, 0.4054, 0.4057, 0.3963, 0.394, 0.3939, 0.3941, 0.3883, 0.3882, 0.3938, 0.3921, 0.4002, 0.3859, 0.3944, 0.3886, 0.3899, 0.3923, 0.3938, 0.3899, 0.3943, 0.3907, 0.3925, 0.3888, 0.3916, 0.3918, 0.4002, 0.3992]
training accuracy when lambda=0.75
[0.11168, 0.1215, 0.12522, 0.13092, 0.13648, 0.14164, 0.1507, 0.16078, 0.17162, 0.18714, 0.20444, 0.2257, 0.24836, 0.26896, 0.29246, 0.31804, 0.34366, 0.36936, 0.39254, 0.41352, 0.43618, 0.45462, 0.47394, 0.49468, 0.50656, 0.528, 0.5389, 0.55326, 0.56318, 0.57448, 0.58878, 0.59824, 0.60666, 0.61982, 0.62672, 0.63502, 0.64418, 0.64922, 0.65926, 0.66244, 0.66672, 0.67684, 0.68158, 0.68684, 0.69052, 0.69598, 0.69964, 0.70706, 0.71064, 0.71542]
test accuracy when lambda=0.75
[0.4005, 0.4551, 0.4818, 0.5005, 0.495, 0.5043, 0.4964, 0.4934, 0.4792, 0.4765, 0.4533, 0.4462, 0.4389, 0.4201, 0.413, 0.4056, 0.3962, 0.3864, 0.3856, 0.3822, 0.3761, 0.3793, 0.3699, 0.3622, 0.3723, 0.3567, 0.3641, 0.3663, 0.3565, 0.3624, 0.3583, 0.3588, 0.3555, 0.3582, 0.3585, 0.3571, 0.3606, 0.3666, 0.3609, 0.3574, 0.3624, 0.3603, 0.3641, 0.3606, 0.3627, 0.3687, 0.3633, 0.3528, 0.3647, 0.3634]
training accuracy when lambda=0.8
[0.11066, 0.11862, 0.12446, 0.13016, 0.1368, 0.14344, 0.15452, 0.1654, 0.18002, 0.1995, 0.2205, 0.24642, 0.27126, 0.2983, 0.32702, 0.35118, 0.38284, 0.40848, 0.43306, 0.45478, 0.48062, 0.49758, 0.5198, 0.53728, 0.5583, 0.57046, 0.58348, 0.59702, 0.60998, 0.6227, 0.63294, 0.6458, 0.65324, 0.66252, 0.67172, 0.68114, 0.68244, 0.69394, 0.70374, 0.7059, 0.71602, 0.71602, 0.72466, 0.72944, 0.73454, 0.73762, 0.7441, 0.74734, 0.75122, 0.75306]
test accuracy when lambda=0.8
[0.3816, 0.4281, 0.4685, 0.4732, 0.4783, 0.4845, 0.46, 0.4622, 0.4536, 0.4382, 0.4203, 0.4026, 0.3788, 0.377, 0.3639, 0.3579, 0.3317, 0.3362, 0.3312, 0.3305, 0.3195, 0.3197, 0.3148, 0.3152, 0.3221, 0.3176, 0.3131, 0.3072, 0.3184, 0.3067, 0.3052, 0.3182, 0.3129, 0.3172, 0.3221, 0.3187, 0.3044, 0.313, 0.3125, 0.3138, 0.3191, 0.3181, 0.3185, 0.3233, 0.3207, 0.3262, 0.3302, 0.325, 0.3258, 0.3274]
training accuracy when lambda=0.85
[0.11056, 0.11786, 0.12278, 0.12802, 0.13652, 0.14326, 0.15304, 0.16858, 0.18706, 0.20814, 0.23188, 0.2604, 0.28864, 0.31796, 0.34784, 0.37202, 0.4005, 0.4287, 0.45146, 0.47406, 0.49882, 0.52338, 0.54302, 0.5591, 0.57706, 0.59028, 0.60508, 0.61782, 0.63074, 0.64226, 0.65304, 0.66836, 0.67426, 0.68344, 0.69416, 0.70024, 0.71158, 0.71414, 0.7261, 0.73096, 0.73786, 0.74168, 0.74712, 0.75212, 0.7562, 0.76242, 0.76666, 0.7718, 0.77632, 0.78194]
test accuracy when lambda=0.85
[0.3725, 0.406, 0.4421, 0.4455, 0.4469, 0.4541, 0.4203, 0.4085, 0.3926, 0.3824, 0.3545, 0.3495, 0.327, 0.3108, 0.2983, 0.296, 0.2834, 0.2778, 0.271, 0.2728, 0.2736, 0.2719, 0.2755, 0.2621, 0.2617, 0.2592, 0.2637, 0.2649, 0.2586, 0.2672, 0.2676, 0.2625, 0.2702, 0.2664, 0.2612, 0.2755, 0.2631, 0.2641, 0.2714, 0.2719, 0.2667, 0.2729, 0.2765, 0.2796, 0.28, 0.2764, 0.2695, 0.2767, 0.2713, 0.2825]
training accuracy when lambda=0.9
[0.10876, 0.11364, 0.11826, 0.12606, 0.12954, 0.13774, 0.14598, 0.15978, 0.17366, 0.19728, 0.22156, 0.24554, 0.27206, 0.29998, 0.32482, 0.3517, 0.38094, 0.40714, 0.43338, 0.45978, 0.48342, 0.50418, 0.5254, 0.54688, 0.56524, 0.58002, 0.59542, 0.609, 0.62332, 0.63568, 0.64666, 0.66218, 0.66934, 0.68032, 0.69358, 0.69752, 0.70956, 0.71368, 0.72346, 0.73076, 0.73774, 0.74592, 0.74774, 0.7515, 0.75906, 0.76494, 0.7693, 0.77498, 0.77968, 0.78544]
test accuracy when lambda=0.9
[0.3082, 0.3633, 0.3886, 0.4137, 0.422, 0.4235, 0.4125, 0.4004, 0.3839, 0.3771, 0.3314, 0.3126, 0.2932, 0.2961, 0.2725, 0.2614, 0.253, 0.243, 0.236, 0.2349, 0.2376, 0.2286, 0.2397, 0.2249, 0.2326, 0.2264, 0.2211, 0.2213, 0.2238, 0.2261, 0.2291, 0.2348, 0.223, 0.2256, 0.2231, 0.2235, 0.2221, 0.2305, 0.2343, 0.2266, 0.2218, 0.2273, 0.2345, 0.2279, 0.2338, 0.2368, 0.2318, 0.2355, 0.2323, 0.237]
training accuracy when lambda=0.95
[0.10394, 0.11168, 0.1119, 0.1166, 0.12282, 0.12872, 0.1387, 0.15062, 0.16834, 0.1885, 0.21458, 0.23804, 0.26692, 0.29626, 0.32208, 0.35158, 0.38378, 0.41134, 0.43774, 0.4657, 0.48988, 0.51424, 0.53512, 0.55638, 0.57588, 0.59596, 0.61012, 0.629, 0.63866, 0.6514, 0.66462, 0.67916, 0.69176, 0.69818, 0.70848, 0.71632, 0.72446, 0.73268, 0.74022, 0.74852, 0.75556, 0.7616, 0.76876, 0.77282, 0.77722, 0.78074, 0.78744, 0.79128, 0.79498, 0.80242]
test accuracy when lambda=0.95
[0.1634, 0.2884, 0.3298, 0.3505, 0.3555, 0.351, 0.3141, 0.3185, 0.2875, 0.2672, 0.2447, 0.2188, 0.2282, 0.2011, 0.1859, 0.1931, 0.1867, 0.1753, 0.173, 0.1804, 0.1738, 0.1692, 0.1758, 0.1676, 0.1752, 0.1678, 0.1644, 0.1684, 0.1667, 0.1689, 0.1638, 0.1704, 0.1671, 0.1616, 0.168, 0.1717, 0.1702, 0.1641, 0.1616, 0.1691, 0.1749, 0.1714, 0.1686, 0.173, 0.1702, 0.1738, 0.1763, 0.1701, 0.1658, 0.173]
