training accuracy when lambda=0.2
[0.6126464646368316, 0.7621212121212121, 0.7881414141558638, 0.802464646469463, 0.8083030302982138, 0.8185858585762256, 0.8203232323184158, 0.8306060606108772, 0.8337171717219882, 0.8374747474699309, 0.8433939393843063, 0.8441616161567996, 0.8480202020153855, 0.8501010100865605, 0.853555555541106, 0.8573737373785539, 0.8588282828234662, 0.8606464646368316, 0.8633333333285168, 0.8647878787734292, 0.8673939393843063, 0.870343434357884, 0.871333333347783, 0.8726262626166296, 0.8728484848388518, 0.8755151515247845, 0.8769494949446784, 0.877979797989431, 0.8802626262674428, 0.8812121212217543, 0.8831515151466987, 0.8840808080759915, 0.8850909090860926, 0.8842424242376077, 0.887494949490133, 0.8867878787975119, 0.888363636368453, 0.8888686868638703, 0.8907272727224562, 0.8883838383790218, 0.8919595959547795, 0.8929090909235405, 0.8920606060461564, 0.8942626262770759, 0.893616161611345, 0.8954545454400958, 0.896444444449261, 0.8967676767773098, 0.8962020201923871, 0.8967272727224562]
test accuracy when lambda=0.2
[0.3631, 0.3742, 0.3809, 0.3845, 0.3818, 0.3861, 0.3874, 0.3878, 0.3859, 0.3852, 0.3884, 0.3883, 0.3888, 0.3899, 0.3872, 0.3894, 0.3877, 0.3891, 0.3913, 0.3873, 0.3874, 0.3883, 0.3877, 0.386, 0.3856, 0.3868, 0.3886, 0.3845, 0.3855, 0.385, 0.3878, 0.3868, 0.3851, 0.3854, 0.3873, 0.3882, 0.3867, 0.3829, 0.3849, 0.3866, 0.3866, 0.3848, 0.392, 0.3911, 0.3887, 0.3874, 0.3879, 0.3866, 0.3904, 0.392]
training accuracy when lambda=0.3
[0.5933939393843063, 0.7354343434198938, 0.7615757575805742, 0.777111111101478, 0.7856565656421161, 0.7920404040500371, 0.7997979798027963, 0.8029494949398619, 0.808101010091377, 0.8116767676912173, 0.8148686868686869, 0.819111111101478, 0.8214747474747475, 0.8239999999903669, 0.8258181818278149, 0.8289494949639445, 0.8321616161567996, 0.8331515151418821, 0.8362828282972778, 0.837919191928825, 0.8391111111159276, 0.8406666666618501, 0.843575757570941, 0.84543434343916, 0.8471313131361297, 0.8466464646368316, 0.84840404041849, 0.849656565642116, 0.8478585858682189, 0.8516161616065285, 0.853515151510335, 0.8536969697017862, 0.8545252525156195, 0.8577979797835302, 0.8556969697017862, 0.85503030302067, 0.8559191919047423, 0.8575353535353535, 0.8581212121356617, 0.8592929292977458, 0.8593535353631684, 0.8610101009956515, 0.8596969697066028, 0.8613131313227644, 0.8599595959644125, 0.8609090909042744, 0.8612121212073047, 0.8625252525397021, 0.8619393939297608, 0.8614343434391599]
test accuracy when lambda=0.3
[0.3737, 0.383, 0.3821, 0.3817, 0.3862, 0.3855, 0.3852, 0.3889, 0.3913, 0.3839, 0.3907, 0.3901, 0.3886, 0.3918, 0.3914, 0.3886, 0.3941, 0.3938, 0.3931, 0.3921, 0.391, 0.3935, 0.3928, 0.3957, 0.3943, 0.3975, 0.3912, 0.3933, 0.3916, 0.3928, 0.3912, 0.393, 0.3951, 0.3963, 0.3918, 0.3968, 0.3955, 0.3909, 0.3971, 0.3963, 0.3952, 0.3925, 0.3938, 0.3968, 0.399, 0.3943, 0.3933, 0.3959, 0.3993, 0.3954]
training accuracy when lambda=0.4
[0.5196565656710153, 0.6492727272871769, 0.6723636363540033, 0.6844040403992239, 0.6908282828330994, 0.6974343434247103, 0.7031111111038864, 0.7071313131264966, 0.7103838383742053, 0.713474747489197, 0.7157979797979798, 0.7203636363491868, 0.72096969697933, 0.7239999999855504, 0.7253131313034983, 0.7268686868638703, 0.728929292929293, 0.7303838383934714, 0.7313737373833704, 0.7340606060750556, 0.7353535353631684, 0.7346868687013183, 0.7379999999855504, 0.7358989898893569, 0.7377575757575757, 0.7387878787878788, 0.7409898989947156, 0.7417777777633282, 0.7416565656710152, 0.7415959595863265, 0.7434949494949495, 0.7441616161760658, 0.744505050509867, 0.7441616161664327, 0.7457373737373737, 0.7469696969841466, 0.7459191919047423, 0.74589898989899, 0.7468282828330993, 0.7457373737277406, 0.7478989899134395, 0.7462020201923871, 0.7435353535401701, 0.7456767676815842, 0.7481414141558638, 0.746404040408857, 0.7437171717171717, 0.7451515151659648, 0.7441010101058266, 0.7442222222077726]
test accuracy when lambda=0.4
[0.3708, 0.3793, 0.3854, 0.3767, 0.3792, 0.3872, 0.3896, 0.3877, 0.3919, 0.3881, 0.3918, 0.3915, 0.3913, 0.3956, 0.3867, 0.3955, 0.3877, 0.3893, 0.3917, 0.3913, 0.3959, 0.3945, 0.3957, 0.3969, 0.3951, 0.3942, 0.39, 0.3919, 0.3914, 0.3879, 0.3916, 0.387, 0.3913, 0.3937, 0.3917, 0.3908, 0.3891, 0.3944, 0.3924, 0.3887, 0.3863, 0.3897, 0.3927, 0.3915, 0.3889, 0.3874, 0.3903, 0.389, 0.3878, 0.3877]
training accuracy when lambda=0.5
[0.12515151515211723, 0.13208080808261427, 0.13490909091089712, 0.13593939394029703, 0.13725252525613765, 0.13755555555645865, 0.13937373737433945, 0.13949494949735777, 0.1428282828288849, 0.1445454545460566, 0.14626262626322833, 0.1453939393957456, 0.14785858585918793, 0.1496161616185699, 0.15109090909151116, 0.15494949495130114, 0.15585858586219825, 0.15735353535353536, 0.16022222222282428, 0.1615353535359556, 0.16448484848665468, 0.1674949494985619, 0.1682828282837314, 0.17141414141775382, 0.17383838383958797, 0.17777777777777778, 0.1786868686868687, 0.1824444444450465, 0.18559595959776579, 0.18775757576480057, 0.1904242424248445, 0.19381818181908492, 0.19682828282948697, 0.20147474747595162, 0.2052525252549335, 0.2082222222258346, 0.21125252525433144, 0.21614141414502655, 0.2197777777753695, 0.22129292929533756, 0.22634343434584261, 0.2285858585858586, 0.23371717171957998, 0.236181818189043, 0.23979797979918394, 0.24016161616402443, 0.24333333333453747, 0.24933333334055813, 0.2493737373809622, 0.2538989899062147]
test accuracy when lambda=0.5
[0.3784, 0.3811, 0.3857, 0.3945, 0.3938, 0.3958, 0.3898, 0.3992, 0.3989, 0.3985, 0.3965, 0.3978, 0.4007, 0.3967, 0.3984, 0.3966, 0.3979, 0.396, 0.4044, 0.3988, 0.3991, 0.4, 0.4038, 0.4017, 0.3915, 0.4009, 0.3949, 0.4012, 0.4001, 0.3963, 0.3954, 0.3909, 0.3951, 0.3946, 0.3944, 0.3914, 0.3928, 0.3943, 0.3883, 0.3919, 0.388, 0.3923, 0.39, 0.392, 0.3909, 0.3907, 0.3906, 0.3891, 0.3879, 0.3888]
training accuracy when lambda=0.6
[0.12393939394029704, 0.1327070707088769, 0.13371717171777378, 0.13690909090969297, 0.13795959596200422, 0.1400202020220082, 0.1424242424278548, 0.1442626262638304, 0.14773737373917994, 0.14735353535534154, 0.1508282828306911, 0.15430303030363238, 0.15672727273449752, 0.15856565656926896, 0.16254545454906694, 0.1647272727278748, 0.16850505051227532, 0.17367676767676768, 0.17745454545454545, 0.1811111111129173, 0.18624242424603665, 0.19119191919312334, 0.19698989899351138, 0.2007474747450665, 0.2069292929244764, 0.21440404040765282, 0.220868686869891, 0.2247878787914912, 0.2331919191955316, 0.23862626262626263, 0.2441818181818182, 0.2529090909127033, 0.2581414141438224, 0.2648888888888889, 0.26955555555796384, 0.2754949494925412, 0.2831717171741254, 0.2885656565668607, 0.29422222222703875, 0.297535353530537, 0.3060606060654226, 0.3109292929317012, 0.3134343434295269, 0.32119191919914397, 0.3260808080783998, 0.33327272726791074, 0.3375757575757576, 0.33979797980279636, 0.3468484848557096, 0.3509494949519032]
test accuracy when lambda=0.6
[0.3698, 0.3895, 0.3824, 0.3872, 0.3904, 0.3924, 0.3951, 0.4035, 0.3987, 0.3955, 0.4052, 0.4033, 0.4044, 0.4015, 0.4118, 0.4015, 0.4061, 0.4034, 0.3969, 0.3973, 0.4006, 0.403, 0.3999, 0.3958, 0.3936, 0.3959, 0.3932, 0.3943, 0.3878, 0.3888, 0.3921, 0.3879, 0.3891, 0.3877, 0.3924, 0.387, 0.3874, 0.3864, 0.3856, 0.3771, 0.384, 0.383, 0.3833, 0.3745, 0.3784, 0.3764, 0.3816, 0.3777, 0.3775, 0.3746]
training accuracy when lambda=0.7
[0.12218181818272128, 0.13113131313251727, 0.13397979798040005, 0.137595959599572, 0.14024242424423045, 0.14145454545213718, 0.1455555555567597, 0.1466060606060606, 0.15026262626352938, 0.154585858589471, 0.15587878787938994, 0.16195959596019802, 0.1667676767688809, 0.17177777778018605, 0.17767676767767077, 0.18262626262987502, 0.19028282828343035, 0.19836363636604462, 0.20759595959836785, 0.2145050505122753, 0.22208080808321634, 0.2322222222246305, 0.24062626263348744, 0.24971717171837585, 0.2605050505122753, 0.269414141418958, 0.27678787879028705, 0.28862626263107916, 0.29870707070827485, 0.3069898989971238, 0.3166060606132854, 0.3233737373809622, 0.33474747475469957, 0.3397979798052046, 0.3523030303078468, 0.3596161616161616, 0.367232323239548, 0.3719191919264167, 0.38143434343434346, 0.39103030302548647, 0.39270707070947897, 0.40078787879028704, 0.4084848484920733, 0.4125454545526793, 0.4217373737421903, 0.4256767676743594, 0.433454545459362, 0.4357171717099469, 0.4440404040428123, 0.4506868686916852]
test accuracy when lambda=0.7
[0.3561, 0.3815, 0.3945, 0.3967, 0.3915, 0.4072, 0.4049, 0.4122, 0.4089, 0.4065, 0.4133, 0.4092, 0.4134, 0.404, 0.4085, 0.411, 0.4103, 0.4085, 0.3973, 0.3961, 0.3927, 0.3972, 0.3925, 0.3903, 0.3902, 0.3887, 0.3793, 0.3769, 0.3757, 0.3814, 0.3753, 0.368, 0.3628, 0.3685, 0.3627, 0.3648, 0.3636, 0.3592, 0.3571, 0.3587, 0.3561, 0.3563, 0.3541, 0.3513, 0.3541, 0.3493, 0.3503, 0.3516, 0.3466, 0.35]
training accuracy when lambda=0.8
[0.11935353535714775, 0.13006060606150915, 0.13361616161796783, 0.13638383838745077, 0.13858585858766478, 0.14468686868446043, 0.14824242424362838, 0.15135353535714777, 0.15527272727332933, 0.16173737373827685, 0.1688282828306911, 0.17672727272847685, 0.1842828282864407, 0.19545454545454546, 0.2045656565668607, 0.21632323232684472, 0.22694949495310734, 0.2390909090909091, 0.25240404040524456, 0.26602020202020205, 0.27812121211880386, 0.2884040404112652, 0.30585858586581066, 0.31505050505532156, 0.32646464646825885, 0.33907070707793185, 0.34919191919191916, 0.3636969696969697, 0.3696767676743594, 0.3840606060557895, 0.39000000000481655, 0.4017979797979798, 0.4126060606108771, 0.4200606060654226, 0.4277575757623923, 0.43832323232082404, 0.44634343434825086, 0.45597979797257315, 0.457818181810957, 0.46626262626262627, 0.4773131312986817, 0.48282828282828283, 0.4881616161760658, 0.49684848484366834, 0.4996363636315471, 0.507636363638772, 0.5097171717099469, 0.518787878780654, 0.5229090909090909, 0.5258585858609941]
test accuracy when lambda=0.8
[0.3589, 0.3469, 0.3922, 0.4083, 0.4041, 0.4098, 0.4152, 0.411, 0.4073, 0.4124, 0.4123, 0.4088, 0.4049, 0.4033, 0.3956, 0.3796, 0.3847, 0.3751, 0.3709, 0.3714, 0.361, 0.3558, 0.3478, 0.342, 0.3358, 0.3415, 0.3384, 0.3335, 0.3292, 0.3321, 0.3317, 0.3243, 0.3248, 0.3243, 0.3208, 0.3229, 0.3203, 0.3155, 0.3211, 0.3171, 0.3176, 0.313, 0.316, 0.3095, 0.3096, 0.3124, 0.3132, 0.3145, 0.313, 0.3091]
