training accuracy when lambda=0.2
[0.6186060606060606, 0.75313131312168, 0.7795959596007761, 0.7962222222366718, 0.8063636363540033, 0.8146464646609143, 0.8194343434343434, 0.8253333333237003, 0.8311313131313132, 0.8359595959499628, 0.8394949494949495, 0.844666666652217, 0.846545454540638, 0.8502626262578097, 0.8522222222270388, 0.8551919191822861, 0.858343434357884, 0.8607070707215203, 0.8637171717219883, 0.8649898989850825, 0.8674949494853165, 0.8711515151563317, 0.871979797989431, 0.871393939398756, 0.8731717171572676, 0.8763232323184158, 0.8750101010149175, 0.8776767676912173, 0.8787474747571078, 0.8807878787926954, 0.8843030302885807, 0.8819797979749815, 0.8854343434198938, 0.8869292929437426, 0.8887474747378417, 0.8889696969552474, 0.888484848480032, 0.8909292929244764, 0.8915151515007019, 0.8934141414141414, 0.891919191928825, 0.8942222222125892, 0.8921616161471666, 0.8955353535449866, 0.8957777777825943, 0.8962424242568738, 0.8975151515007019, 0.898020202010569, 0.8973737373833705, 0.8987272727224562]
test accuracy when lambda=0.2
[0.3686, 0.3838, 0.3797, 0.3872, 0.3856, 0.3812, 0.3829, 0.3833, 0.383, 0.3878, 0.3848, 0.3835, 0.3809, 0.3817, 0.3821, 0.388, 0.3862, 0.3877, 0.3849, 0.3788, 0.3862, 0.3849, 0.3871, 0.3851, 0.3837, 0.383, 0.3858, 0.3859, 0.3876, 0.3866, 0.3876, 0.3851, 0.3843, 0.3863, 0.3898, 0.3876, 0.3839, 0.3856, 0.3865, 0.3886, 0.3885, 0.3827, 0.3912, 0.384, 0.3827, 0.3877, 0.3841, 0.3873, 0.383, 0.3864]
training accuracy when lambda=0.3
[0.6024040403895908, 0.7401616161471666, 0.7704646464646465, 0.7819595959499629, 0.7914545454545454, 0.798606060591611, 0.8043232323376819, 0.8093535353631685, 0.8142222222366718, 0.8180606060654226, 0.8222020201923871, 0.825535353530537, 0.8310707070562574, 0.8317777777777777, 0.8320000000144496, 0.8359797979701649, 0.8386262626310792, 0.8382020201923871, 0.8418181818037322, 0.8442424242568739, 0.8472323232226902, 0.8472525252621583, 0.8520808080904412, 0.8506868686916852, 0.8531111111159276, 0.8552323232371398, 0.8552929292832963, 0.8561212121067625, 0.8592525252428922, 0.8592929293025624, 0.8594343434343434, 0.8617373737373737, 0.8602828282828283, 0.8654747474843806, 0.8623636363588199, 0.8636969697017862, 0.8681212121260287, 0.8682828282683787, 0.8653535353439022, 0.866404040408857, 0.8651919191967358, 0.8691515151611482, 0.8664646464598299, 0.8677373737373737, 0.869515151519968, 0.8684242424338755, 0.8690909090812761, 0.8686262626358957, 0.870464646469463, 0.8676767676912173]
test accuracy when lambda=0.3
[0.3719, 0.3773, 0.3855, 0.3889, 0.3924, 0.3908, 0.382, 0.3845, 0.3906, 0.3908, 0.3918, 0.3912, 0.3902, 0.3921, 0.3943, 0.3983, 0.3852, 0.3905, 0.3884, 0.3921, 0.3894, 0.3898, 0.3885, 0.3944, 0.3902, 0.3951, 0.3858, 0.3901, 0.3906, 0.3921, 0.3888, 0.3891, 0.3956, 0.3911, 0.3954, 0.3916, 0.3902, 0.3896, 0.391, 0.3908, 0.3904, 0.3908, 0.3899, 0.3904, 0.3911, 0.3924, 0.3915, 0.3918, 0.3895, 0.3895]
training accuracy when lambda=0.4
[0.5386464646368315, 0.6610707070562575, 0.6843030303126634, 0.697575757561308, 0.7056161616209782, 0.7125454545358215, 0.7178787878932374, 0.7216363636219141, 0.7276161616065285, 0.7279595959595959, 0.7318989899038064, 0.7332323232467728, 0.7367272727176396, 0.7377777777922274, 0.7414141414141414, 0.7430707070707071, 0.745474747479564, 0.7460000000144497, 0.747858585868219, 0.7496161616257947, 0.7521818181721851, 0.750606060591611, 0.753393939398756, 0.7527474747474747, 0.7556565656517491, 0.755030303030303, 0.7565858586003082, 0.7569090909187239, 0.7585252525397022, 0.7577979797979798, 0.7615353535449866, 0.7583636363636364, 0.759959595959596, 0.7611313131313131, 0.7603030303174799, 0.7594141414141414, 0.7599595959740456, 0.7587676767676768, 0.7593737373737374, 0.757939393949027, 0.7607878787975119, 0.7590707070803402, 0.7621818181914513, 0.7596161616065286, 0.7599595959499629, 0.7599595959451464, 0.7576565656661988, 0.7586666666570336, 0.7565252525252525, 0.7555959596007761]
test accuracy when lambda=0.4
[0.3685, 0.3767, 0.3869, 0.3768, 0.3838, 0.3869, 0.3898, 0.3927, 0.3881, 0.3916, 0.3904, 0.3968, 0.3939, 0.3952, 0.3932, 0.3915, 0.3874, 0.3915, 0.3954, 0.3943, 0.3933, 0.3943, 0.3964, 0.3908, 0.3967, 0.3922, 0.3909, 0.3909, 0.393, 0.3957, 0.3929, 0.39, 0.3911, 0.3908, 0.3912, 0.3884, 0.3942, 0.3929, 0.3933, 0.3897, 0.3894, 0.3924, 0.3895, 0.3885, 0.3866, 0.389, 0.3896, 0.3914, 0.3865, 0.3863]
training accuracy when lambda=0.5
[0.1250909090945215, 0.1320000000036124, 0.13428282828523655, 0.13521212120971293, 0.13557575757937, 0.13858585858826686, 0.13911111111472352, 0.14080808080988702, 0.14266666667027908, 0.14327272727633966, 0.1457171717177738, 0.14747474747534955, 0.149595959599572, 0.15040404040464248, 0.1514949494967557, 0.1526464646476688, 0.15666666667027906, 0.1574343434367517, 0.15975757576118815, 0.16254545454605662, 0.16468686868867488, 0.16640404040163215, 0.16860606060846886, 0.17024242424242425, 0.172606060609673, 0.17525252525613766, 0.17862626262987502, 0.17993939393939393, 0.18414141414141413, 0.18842424242544656, 0.1913939393939394, 0.19426262626503454, 0.19577777778500258, 0.2007878787878788, 0.204787878789685, 0.20660606060967301, 0.21141414141654968, 0.21327272727633967, 0.21690909091029503, 0.220202020209245, 0.22381818182540664, 0.22733333333513953, 0.23018181818904299, 0.23496969697330938, 0.235191919199144, 0.24024242424362838, 0.24367676767676769, 0.24743434343193516, 0.2505050505050505, 0.25173737373737376]
test accuracy when lambda=0.5
[0.3746, 0.3874, 0.383, 0.3905, 0.3874, 0.3945, 0.3985, 0.3965, 0.3916, 0.3902, 0.3886, 0.3978, 0.3998, 0.3985, 0.3988, 0.3919, 0.397, 0.4001, 0.4003, 0.3993, 0.399, 0.3981, 0.4001, 0.4005, 0.3973, 0.3948, 0.3978, 0.3984, 0.3937, 0.3965, 0.3934, 0.3947, 0.3894, 0.3903, 0.3901, 0.3919, 0.3934, 0.3914, 0.3933, 0.3901, 0.3849, 0.392, 0.3885, 0.3915, 0.39, 0.3856, 0.3838, 0.3841, 0.3867, 0.39]
training accuracy when lambda=0.6
[0.12353535353896594, 0.13119191919553158, 0.1340808080844205, 0.13553535353896592, 0.13791919192160018, 0.13947474747715574, 0.14111111111351937, 0.14383838384199624, 0.1455757575769617, 0.1477171717177738, 0.1490909090927153, 0.1537373737379758, 0.15470707070767278, 0.1567070707106831, 0.15929292929353137, 0.16240404041126522, 0.16571717171837586, 0.16876767676857987, 0.17410101010221424, 0.17896969696969697, 0.1825252525276608, 0.18836363636604464, 0.1932727272739314, 0.19733333333694575, 0.2039797979810021, 0.21177777778018606, 0.21545454545695372, 0.22197979798100212, 0.22692929293049707, 0.232727272729681, 0.24062626262987502, 0.24658585859308338, 0.25404040404401645, 0.25973737373857786, 0.2671515151527193, 0.27266666666666667, 0.2753333333333333, 0.284727272729681, 0.29145454545213717, 0.29470707071188723, 0.29763636363636364, 0.30783838384560863, 0.3114747474819723, 0.31919191919914397, 0.3220808080856246, 0.32686868687229925, 0.3309494949446784, 0.33543434343915995, 0.33854545455267937, 0.3435757575805741]
test accuracy when lambda=0.6
[0.3782, 0.3795, 0.3935, 0.3916, 0.3974, 0.3958, 0.3943, 0.4113, 0.4115, 0.4034, 0.4041, 0.4074, 0.4046, 0.4003, 0.406, 0.4047, 0.4055, 0.4006, 0.4051, 0.3975, 0.3988, 0.3983, 0.397, 0.4, 0.3899, 0.3944, 0.4005, 0.3961, 0.393, 0.392, 0.3868, 0.3882, 0.3871, 0.388, 0.3839, 0.3869, 0.3838, 0.3859, 0.3739, 0.379, 0.3762, 0.3757, 0.3757, 0.3733, 0.3738, 0.3802, 0.3739, 0.3758, 0.3737, 0.3682]
training accuracy when lambda=0.7
[0.12246464646464647, 0.1332323232347315, 0.13517171717532958, 0.13571717171777378, 0.1381212121218142, 0.141797979799786, 0.1430505050511071, 0.1473939393975518, 0.1492929292947355, 0.15367676767917596, 0.15662626262806884, 0.16244444444685271, 0.16391919192160018, 0.17084848485029105, 0.17848484848725676, 0.1830707070682988, 0.19024242424423043, 0.19759595959656168, 0.20628282828644068, 0.21595959596320835, 0.2234343434367517, 0.23212121212121212, 0.2435959596031844, 0.253010101010101, 0.2609696969709011, 0.2716363636339554, 0.27894949495310734, 0.2900606060581978, 0.29822222222944705, 0.3077777777753695, 0.31824242424362836, 0.32741414141414144, 0.33686868686387034, 0.3433939393915311, 0.35030303029821375, 0.3585858585930834, 0.3694747474723392, 0.3750505050553216, 0.3839595959644125, 0.3876363636363636, 0.3971717171741254, 0.4027474747450665, 0.41048484847521544, 0.41698989898989897, 0.4200606060630143, 0.4282626262638304, 0.4350505050553216, 0.4411111111062946, 0.44389898990380644, 0.44729292929774583]
test accuracy when lambda=0.7
[0.3736, 0.3892, 0.3981, 0.3994, 0.4019, 0.3976, 0.4079, 0.4151, 0.4059, 0.403, 0.4134, 0.4057, 0.4148, 0.4099, 0.4025, 0.406, 0.3975, 0.4006, 0.4017, 0.3991, 0.3903, 0.3869, 0.3884, 0.3891, 0.3811, 0.3809, 0.3746, 0.3766, 0.3693, 0.3701, 0.3678, 0.3702, 0.3713, 0.3654, 0.3605, 0.3595, 0.3584, 0.3562, 0.3602, 0.3554, 0.3563, 0.3562, 0.3535, 0.3488, 0.3503, 0.354, 0.3531, 0.3478, 0.3509, 0.3503]
training accuracy when lambda=0.8
[0.1170303030327113, 0.12945454545454546, 0.13486868687229928, 0.13832323232503851, 0.14141414141654968, 0.1435353535359556, 0.147939393939996, 0.14941414142136622, 0.1531313131319152, 0.16060606060846888, 0.1658989898989899, 0.16850505050565256, 0.17759595959716373, 0.18676767677008504, 0.1962020202056326, 0.204727272729681, 0.21424242424242423, 0.22785858586219826, 0.23858585858826686, 0.25173737374459854, 0.26276767677128915, 0.27488888889129715, 0.2886464646488729, 0.29981818181938596, 0.3133737373749415, 0.3274545454497289, 0.3376565656577698, 0.34781818182540664, 0.3599595959620042, 0.3692323232275067, 0.3803030302982138, 0.39155555555796384, 0.4032525252597501, 0.4112323232323232, 0.41626262625780974, 0.4310707070719112, 0.4391313131337214, 0.4478383838359756, 0.45234343433380125, 0.46226262627707587, 0.4672323232323232, 0.47381818181577356, 0.4836767676912173, 0.49012121212602866, 0.4952929293073789, 0.4972323232371398, 0.5046666666690749, 0.5124848484752154, 0.5175959596007761, 0.5238383838239342]
test accuracy when lambda=0.8
[0.3291, 0.3891, 0.3996, 0.3975, 0.4008, 0.4135, 0.4106, 0.416, 0.4183, 0.4063, 0.4092, 0.4101, 0.4108, 0.4086, 0.3998, 0.4055, 0.4073, 0.3952, 0.3887, 0.3715, 0.3782, 0.3654, 0.3713, 0.3548, 0.3564, 0.3577, 0.3439, 0.3416, 0.3371, 0.3476, 0.3323, 0.3314, 0.328, 0.3268, 0.3292, 0.3268, 0.3251, 0.3218, 0.3204, 0.3166, 0.3222, 0.3129, 0.3125, 0.3084, 0.3125, 0.3135, 0.3135, 0.3044, 0.3033, 0.3045]
